1575250 1939
1575260 1943
1575270 1943
1575280 1949
1575290 1954
1575300 1960
1575310 1960
1575320 1967
1575330 1973
1575340 1973
1575350 1980
1575360 1986
1575370 1986
1575380 1992
1575390 1997
1575400 1997
1575410 2000
1575420 2002
1575430 2003
1575440 2003
1575450 2004
1575460 2005
1575470 2005
1575480 2007
1575490 2009
1575500 2009
1575510 2011
1575520 2013
1575530 2013
1575540 2015
1575550 2016
1575560 2016
1575570 2016
1575580 2016
1575590 2015
1575600 2015
1575610 2014
1575620 2012
1575630 2012
1575640 2008
1575650 2001
1575660 2001
1575670 1993
1575680 1985
1575690 1985
1575700 1977
1575710 1970
1575720 1961
1575730 1961
1575740 1952
1575750 1944
1575760 1944
1575770 1935
1575780 1926
1575790 1926
1575800 1917
1575810 1895
1575820 1895
1575830 1872
1575840 1858
1575850 1850
1575860 1850
1575870 1837
1575880 1841
1575890 1841
1575900 1840
1575910 1831
1575920 1831
1575930 1828
1575940 1835
1575950 1835
1575960 1836
1575970 1834
1575980 1834
1575990 1828
1576000 1821
1576010 1814
1576020 1814
1576030 1806
1576040 1799
1576050 1799
1576060 1795
1576070 1791
1576080 1791
1576090 1787
1576100 1784
1576110 1784
1576120 1782
1576130 1781
1576140 1779
1576150 1779
1576160 1778
1576170 1778
1576180 1778
1576190 1774
1576200 1770
1576210 1770
1576220 1771
1576230 1771
1576240 1771
1576250 1775
1576260 1781
1576270 1781
1576280 1782
1576290 1778
1576300 1770
1576310 1770
1576320 1758
1576330 1749
1576340 1749
1576350 1737
1576360 1729
1576370 1729
1576380 1724
1576390 1720
1576400 1720
1576410 1717
1576420 1713
1576430 1710
1576440 1710
1576450 1707
1576460 1705
1576470 1705
1576480 1703
1576490 1700
1576500 1700
1576510 1698
1576520 1697
1576530 1697
1576540 1695
1576550 1694
1576560 1694
1576570 1694
1576580 1693
1576590 1692
1576600 1692
1576610 1691
1576620 1691
1576630 1691
1576640 1691
1576650 1690
1576660 1690
1576670 1691
1576680 1692
1576690 1692
1576700 1691
1576710 1691
1576720 1691
1576730 1691
1576740 1692
1576750 1695
1576760 1695
1576770 1699
1576780 1704
1576790 1704
1576800 1704
1576810 1702
1576820 1702
1576830 1699
1576840 1698
1576850 1698
1576860 1698
1576870 1700
1576880 1703
1576890 1703
1576900 1706
1576910 1708
1576920 1708
1576930 1711
1576940 1714
1576950 1714
1576960 1718
1576970 1722
1576980 1722
1576990 1726
1577000 1729
1577010 1732
1577020 1732
1577030 1735
1577040 1738
1577050 1738
1577060 1740
1577070 1742
1577080 1742
1577090 1743
1577100 1745
1577110 1745
1577120 1747
1577130 1749
1577140 1751
1577150 1751
1577160 1753
1577170 1758
1577180 1758
1577190 1763
1577200 1769
1577210 1769
1577220 1775
1577230 1774
1577240 1774
1577250 1780
1577260 1795
1577270 1804
1577280 1804
1577290 1805
1577300 1811
1577310 1811
1577320 1827
1577330 1841
1577340 1841
1577350 1851
1577360 1864
1577370 1864
1577380 1876
1577390 1887
1577400 1887
1577410 1900
1577420 1912
1577430 1921
1577440 1921
1577450 1930
1577460 1937
1577470 1937
1577480 1939
1577490 1931
1577500 1931
1577510 1922
1577520 1912
1577530 1912
1577540 1903
1577550 1895
1577560 1885
1577570 1885
1577580 1874
1577590 1871
1577600 1871
1577610 1871
1577620 1870
1577630 1870
1577640 1868
1577650 1871
1577660 1871
1577670 1873
1577680 1873
1577690 1875
1577700 1875
1577710 1874
1577720 1873
1577730 1873
1577740 1872
1577750 1873
1577760 1873
1577770 1874
1577780 1878
1577790 1878
1577800 1885
1577810 1884
1577820 1884
1577830 1881
1577840 1892
1577850 1910
1577860 1910
1577870 1922
1577880 1932
1577890 1932
1577900 1942
1577910 1950
1577920 1950
1577930 1963
1577940 1977
1577950 1977
1577960 1978
1577970 1964
1577980 1950
1577990 1950
1578000 1947
1578010 1942
1578020 1942
1578030 1934
1578040 1931
1578050 1931
1578060 1930
1578070 1932
1578080 1932
1578090 1927
1578100 1927
1578110 1927
1578120 1929
1578130 1935
1578140 1941
1578150 1941
1578160 1949
1578170 1962
1578180 1962
1578190 1986
1578200 2011
1578210 2011
1578220 2029
1578230 2044
1578240 2044
1578250 2047
1578260 2045
1578270 2041
1578280 2041
1578290 2043
1578300 2057
1578310 2057
1578320 2073
1578330 2090
1578340 2090
1578350 2100
1578360 2098
1578370 2098
1578380 2096
1578390 2097
1578400 2093
1578410 2093
1578420 2082
1578430 2070
1578440 2070
1578450 2053
1578460 2036
1578470 2036
1578480 2031
1578490 2033
1578500 2033
1578510 2021
1578520 2002
1578530 2002
1578540 1989
1578550 1973
1578560 1963
1578570 1966
1578580 1960
1578590 1954
1578600 1954
1578610 1950
1578620 1946
1578630 1946
1578640 1941
1578650 1937
1578660 1937
1578670 1931
1578770 1895
1578780 1895
1578790 1895
1578800 1888
1578810 1884
1578820 1884
1578830 1883
1578840 1882
1578850 1882
1578860 1882
