1572600 1806
1572610 1806
1572620 1806
1572630 1804
1572640 1804
1572650 1804
1572660 1803
1572670 1800
1572680 1800
1572690 1798
1572700 1797
1572710 1797
1572720 1798
1572730 1799
1572740 1799
1572750 1800
1572760 1804
1572770 1807
1572780 1807
1572790 1811
1572800 1814
1572810 1814
1572820 1817
1572830 1819
1572840 1819
1572850 1821
1572860 1819
1572870 1819
1572880 1814
1572890 1807
1572900 1800
1572910 1800
1572920 1793
1572930 1785
1572940 1785
1572950 1778
1572960 1771
1572970 1771
1572980 1764
1572990 1758
1573000 1758
1573010 1751
1573020 1745
1573030 1745
1573040 1739
1573050 1733
1573060 1727
1573070 1727
1573080 1721
1573090 1715
1573100 1715
1573110 1710
1573120 1705
1573130 1705
1573140 1700
1573150 1695
1573160 1695
1573170 1690
1573180 1685
1573190 1679
1573200 1679
1573210 1673
1573220 1667
1573230 1667
1573240 1660
1573250 1651
1573260 1651
1573270 1643
1573280 1634
1573290 1634
1573300 1624
1573310 1616
1573320 1616
1573330 1610
1573340 1605
1573350 1593
1573360 1593
1573370 1585
1573380 1578
1573390 1578
1573400 1572
1573410 1563
1573420 1563
1573430 1553
1573440 1545
1573450 1545
1573460 1539
1573470 1533
1573480 1528
1573490 1528
1573500 1524
1573510 1520
1573520 1520
1573530 1515
1573540 1509
1573550 1509
1573560 1503
1573570 1498
1573580 1498
1573590 1492
1573600 1486
1573610 1486
1573620 1481
1573630 1475
1573640 1470
1573650 1470
1573660 1464
1573670 1459
1573680 1459
1573690 1454
1573700 1450
1573710 1450
1573720 1445
1573730 1440
1573740 1445
1573750 1440
1573760 1436
1573770 1431
1573780 1431
1573790 1427
1573800 1422
1573810 1422
1573820 1418
1573830 1414
1573840 1414
1573850 1410
1573860 1405
1573870 1405
1573880 1401
1573890 1397
1573900 1397
1573910 1393
1573920 1389
1573930 1385
1573940 1385
1573950 1381
1573960 1378
1573970 1378
1573980 1375
1573990 1371
1574000 1371
1574010 1368
1574020 1365
1574030 1365
1574040 1363
1574050 1360
1574060 1356
1574070 1356
1574080 1354
1574090 1351
1574100 1351
1574110 1346
1574120 1340
1574130 1340
1574140 1334
1574150 1328
1574160 1328
1574170 1324
1574180 1322
1574190 1322
1574200 1321
1574210 1319
1574220 1317
1574230 1317
1574240 1316
1574250 1312
1574260 1312
1574270 1308
1574280 1306
1574290 1306
1574300 1304
1574310 1303
1574320 1303
1574330 1302
1574340 1301
1574350 1299
1574360 1299
1574370 1297
1574380 1296
1574390 1296
1574400 1293
1574410 1291
1574420 1291
1574430 1288
1574440 1285
1574450 1285
1574460 1281
1574470 1277
1574480 1277
1574490 1273
1574500 1270
1574510 1266
1574520 1266
1574530 1263
1574540 1261
1574550 1261
1574560 1258
1574570 1255
1574580 1255
1574590 1252
1574600 1249
1574610 1249
1574620 1246
1574630 1244
1574640 1241
1574650 1241
1574660 1238
1574670 1234
1574680 1234
1574690 1229
1574700 1226
1574710 1226
1574720 1223
1574730 1219
1574740 1219
1574750 1216
1574760 1213
1574770 1211
1574780 1211
1574790 1208
1574800 1205
1574810 1205
1574820 1201
1574830 1198
1574840 1198
1574850 1195
1574860 1192
1574870 1192
1574880 1189
1574890 1187
1574900 1187
1574910 1184
1574920 1181
1574930 1179
1574940 1179
1574950 1177
1574960 1175
1574970 1175
1574980 1175
1574990 1174
1575000 1174
1575010 1171
1575020 1166
1575030 1166
1575040 1161
1575050 1157
1575060 1153
1575070 1153
1575080 1148
1575090 1143
1575100 1143
1575110 1139
1575120 1135
1575130 1136
1575140 1131
1575150 1126
1575160 1126
1575170 1121
1575180 1116
1575190 1116
1575200 1112
1575210 1109
1575220 1107
1575230 1107
1575240 1104
1575250 1101
1575260 1101
1575270 1100
1575280 1097
1575290 1097
1575300 1092
1575310 1085
1575320 1085
1575330 1079
1575340 1073
1575350 1070
1575360 1070
1575370 1069
1575380 1070
1575390 1070
1575400 1070
1575410 1070
1575420 1070
1575430 1070
1575440 1067
1575450 1067
1575460 1066
1575470 1066
1575480 1066
1575490 1063
1575500 1058
1575510 1051
1575520 1051
1575530 1044
1575540 1038
1575550 1038
1575560 1032
1575570 1027
1575580 1027
1575590 1024
1575600 1021
1575610 1021
1575620 1018
1575630 1015
1575640 1012
1575650 1012
1575660 1012
1575670 1011
1575680 1011
1575690 1010
1575700 1009
1575710 1009
1575720 1008
1575730 1008
1575740 1008
1575750 1008
1575760 1006
1575770 1006
1575780 1004
1575790 1000
1575800 995
1575810 995
1575820 994
1575830 998
1575840 998
1575850 1004
1575860 1007
1575870 1007
1575880 1009
1575890 1011
1575900 1011
1575910 1012
1575920 1015
1575930 1017
1575940 1017
1575950 1018
1575960 1019
1575970 1019
1575980 1021
1575990 1022
1576000 1022
1576010 1023
1576020 1024
1576030 1024
1576040 1025
1576050 1027
1576060 1027
1576070 1028
1576080 1028
1576090 1029
1576100 1029
1576110 1031
1576120 1033
1576130 1033
1576140 1035
1576150 1037
1576160 1037
1576170 1040
1576180 1043
1576190 1043
1576200 1047
1576210 1052
1576220 1055
1576230 1055
1576240 1058
1576250 1063
1576260 1063
1576270 1069
1576280 1074
1576290 1074
1576300 1080
1576310 1085
1576320 1085
1576330 1088
1576340 1088
1576350 1088
1576360 1089
1576370 1093
1576380 1098
1576390 1098
1576400 1103
1576410 1109
1576420 1109
1576430 1115
1576440 1118
1576450 1118
1576460 1120
1576470 1121
1576480 1121
1576490 1120
1576500 1119
1576510 1123
1576520 1123
1576530 1124
1576540 1127
1576550 1127
1576560 1131
1576570 1134
1576580 1134
1576590 1136
1576600 1137
1576610 1137
1576620 1138
1576630 1140
1576640 1140
1576650 1141
1576660 1143
1576670 1145
1576680 1145
1576690 1145
1576700 1146
1576710 1146
1576720 1149
1576730 1153
1576740 1153
1576750 1156
1576760 1160
1576770 1160
1576780 1164
1576790 1167
1576800 1172
1576810 1172
1576820 1178
1576830 1183
1576840 1183
1576850 1188
1576860 1192
1576870 1192
1576880 1198
1576890 1203
1576900 1203
1576910 1209
1576920 1215
1576930 1221
1576940 1221
1576950 1226
1576960 1231
1576970 1231
1576980 1237
1576990 1243
1577000 1243
1577010 1250
1577020 1258
1577030 1258
1577040 1265
1577050 1273
1577060 1273
1577070 1280
1577080 1286
1577090 1290
1577100 1290
1577110 1292
1577120 1294
1577130 1294
1577140 1297
1577150 1300
1577160 1300
1577170 1302
1577180 1305
1577190 1305
1577200 1310
1577210 1313
1577220 1317
1577230 1317
1577240 1321
1577250 1326
1577260 1326
1577270 1331
1577280 1336
1577290 1336
1577300 1341
1577310 1346
1577320 1346
1577330 1350
1577340 1353
1577350 1353
1577360 1353
1577370 1353
1577380 1353
1577390 1353
1577400 1352
1577410 1351
1577420 1351
1577430 1350
1577440 1349
1577450 1349
1577460 1346
1577470 1341
1577480 1341
1577490 1334
1577500 1327
1577510 1320
1577520 1320
1577530 1316
1577540 1313
1577550 1313
1577560 1306
1577570 1299
1577580 1299
1577590 1293
1577600 1287
1577610 1287
1577620 1284
1577630 1284
1577640 1284
1577650 1286
1577660 1286
1577670 1285
1577680 1285
1577690 1288
1577700 1289
1577710 1289
1577720 1292
1577730 1293
1577740 1293
1577750 1293
1577760 1291
1577770 1291
1577780 1287
1577790 1283
1577800 1284
1577810 1284
1577820 1286
1577830 1288
1577840 1288
1577850 1283
1577860 1287
1577870 1287
1577880 1290
1577890 1292
1577900 1292
1577910 1297
1577920 1303
1577930 1303
1577940 1308
1577950 1310
1577960 1311
1577970 1311
1577980 1311
1577990 1308
1578000 1308
1578010 1304
1578020 1302
1578030 1302
1578040 1301
1578050 1300
1578060 1300
1578070 1302
1578080 1306
1578090 1310
1578100 1310
1578110 1315
1578120 1318
1578130 1318
1578140 1322
1578150 1323
1578160 1323
1578170 1323
1578180 1322
1578190 1322
1578200 1323
1578210 1324
1578220 1324
1578230 1324
1578240 1324
1578250 1324
1578260 1324
1578270 1324
1578280 1324
1578290 1324
1578300 1324
1578310 1325
1578320 1325
1578330 1325
1578340 1325
1578350 1325
1578360 1325
1578370 1327
1578380 1329
1578390 1329
1578400 1332
1578410 1334
1578420 1334
1578430 1336
1578440 1337
1578450 1337
1578460 1337
1578470 1337
1578480 1337
1578490 1338
1578500 1339
1578510 1339
1578520 1341
1578530 1345
1578540 1350
1578550 1350
1578560 1355
1578570 1360
1578580 1360
1578590 1366
1578600 1373
1578610 1373
1578620 1380
1578630 1387
1578640 1387
1578650 1393
1578660 1401
1578670 1409
1578680 1409
1578690 1416
1578700 1422
1578710 1422
1578720 1428
1578730 1435
1578740 1435
1578750 1442
1578760 1446
1578770 1446
1578780 1448
1578790 1449
1578800 1450
1578810 1450
1578820 1450
1578830 1450
1578840 1450
1578850 1449
1578860 1449
1578870 1449
1578880 1447
1578890 1444
1578900 1444
1578910 1437
1578920 1428
1578930 1428
1578940 1419
1578950 1412
1578960 1404
1578970 1404
1578980 1396
1578990 1388
1579000 1388
1579010 1383
1579020 1376
1579030 1376
1579040 1369
1579050 1363
1579060 1363
1579070 1359
1579080 1355
1579090 1349
1579100 1349
1579110 1342
1579120 1338
1579130 1338
1579140 1336
1579150 1330
1579160 1330
1579170 1326
1579180 1316
1579190 1316
1579200 1315
1579210 1316
1579220 1316
1579230 1313
1579240 1308
1579250 1301
1579260 1301
1579270 1294
1579280 1286
1579290 1286
1579300 1278
1579310 1269
1579320 1269
1579330 1259
1579340 1251
1579350 1251
1579360 1243
1579370 1236
1579380 1230
1579390 1230
1579400 1226
1579410 1223
1579420 1223
1579430 1219
1579440 1216
1579450 1216
1579460 1212
1579470 1208
1579480 1208
1579490 1204
1579500 1201
1579510 1201
1579520 1198
1579530 1196
1579540 1193
1579550 1193
1579560 1191
1579570 1189
1579580 1189
1579590 1187
1579600 1185
1579610 1185
1579620 1183
1579630 1181
1579640 1181
1579650 1180
1579660 1180
1579670 1179
1579680 1179
1579690 1177
1579700 1176
1579710 1176
1579720 1175
1579730 1175
1579740 1175
1579750 1175
1579760 1176
1579770 1176
1579780 1178
1579790 1178
1579800 1178
1579810 1175
1579820 1170
1579830 1165
1579840 1165
1579850 1168
1579860 1172
1579870 1172
1579880 1174
1579890 1176
1579900 1176
1579910 1179
1579920 1182
1579930 1182
1579940 1185
1579950 1188
1579960 1191
1579970 1191
1579980 1194
1579990 1200
