1572270 1875
1572280 1875
1572290 1876
1572300 1877
1572310 1877
1572320 1878
1572330 1879
1572340 1880
1572350 1880
1572360 1882
1572370 1884
1572380 1884
1572390 1885
1572400 1886
1572410 1886
1572420 1887
1572430 1888
1572440 1888
1572450 1891
1572460 1894
1572470 1894
1572480 1898
1572490 1900
1572500 1902
1572510 1902
1572520 1902
1572530 1901
1572540 1901
1572550 1896
1572560 1888
1572570 1888
1572580 1880
1572590 1873
1572600 1873
1572610 1866
1572620 1859
1572630 1852
1572640 1852
1572650 1844
1572660 1838
1572670 1838
1572680 1830
1572690 1823
1572700 1823
1572710 1816
1572720 1809
1572730 1809
1572740 1801
1572750 1792
1572760 1792
1572770 1784
1572780 1777
1572790 1770
1572800 1770
1572810 1765
1572820 1761
1572830 1761
1572840 1754
1572850 1749
1572860 1749
1572870 1743
1572880 1734
1572890 1734
1572900 1719
1572910 1704
1572920 1691
1572930 1691
1572940 1677
1572950 1670
1572960 1670
1572970 1665
1572980 1660
1572990 1660
1573000 1655
1573010 1652
1573020 1652
1573030 1648
1573040 1645
1573050 1645
1573060 1641
1573070 1638
1573080 1635
1573090 1635
1573100 1633
1573110 1625
1573120 1625
1573130 1623
1573140 1621
1573150 1621
1573160 1615
1573170 1610
1573180 1610
1573190 1602
1573200 1595
1573210 1594
1573220 1594
1573230 1600
1573240 1601
1573250 1601
1573260 1594
1573270 1584
1573280 1584
1573290 1577
1573300 1573
1573310 1573
1573320 1569
1573330 1566
1573340 1566
1573350 1563
1573360 1562
1573370 1561
1573380 1561
1573390 1558
1573400 1556
1573410 1556
1573420 1555
1573430 1554
1573440 1554
1573450 1550
1573460 1545
1573470 1545
1573480 1543
1573490 1545
1573500 1543
1573510 1543
1573520 1540
1573530 1535
1573540 1535
1573550 1531
1573560 1526
1573570 1526
1573580 1522
1573590 1517
1573600 1517
1573610 1512
1573620 1506
1573630 1506
1573640 1500
1573650 1495
1573660 1489
1573670 1489
1573680 1482
1573690 1475
1573700 1475
1573710 1470
1573720 1465
1573730 1465
1573740 1459
1573750 1453
1573760 1453
1573770 1447
1573780 1444
1573790 1441
1573800 1441
1573810 1437
1573820 1432
1573830 1432
1573840 1428
1573850 1424
1573860 1424
1573870 1418
1573880 1413
1573890 1413
1573900 1406
1573910 1400
1573920 1400
1573930 1393
1573940 1388
1573950 1383
1573960 1383
1573970 1378
1573980 1373
1573990 1373
1574000 1368
1574010 1362
1574020 1362
1574030 1356
1574040 1351
1574050 1351
1574060 1346
1574070 1340
1574080 1335
1574090 1335
1574100 1331
1574110 1326
1574120 1326
1574130 1321
1574140 1317
1574150 1317
1574160 1313
1574170 1309
1574180 1309
1574190 1306
1574200 1303
1574210 1303
1574220 1300
1574230 1298
1574240 1295
1574250 1295
1574260 1291
1574270 1285
1574280 1285
1574290 1277
1574300 1269
1574310 1269
1574320 1264
1574330 1259
1574340 1259
1574350 1253
1574360 1249
1574370 1246
1574380 1246
1574390 1244
1574400 1244
1574410 1244
1574420 1245
1574430 1245
1574440 1245
1574450 1244
1574460 1241
1574470 1241
1574480 1237
1574490 1233
1574500 1233
1574510 1233
1574520 1228
1574530 1223
1574540 1223
1574550 1218
1574560 1214
1574570 1214
1574580 1210
1574590 1207
1574600 1207
1574610 1207
1574620 1206
1574630 1206
1574640 1203
1574650 1201
1574660 1199
1574670 1199
1574680 1193
1574690 1184
1574700 1184
1574710 1175
1574720 1169
1574730 1169
1574740 1167
1574750 1167
1574760 1167
1574770 1166
1574780 1165
1574790 1165
1574800 1163
1574810 1159
1574820 1157
1574830 1157
1574840 1155
1574850 1154
1574860 1154
1574870 1151
1574880 1147
1574890 1147
1574900 1141
1574910 1133
1574920 1133
1574930 1124
1574940 1121
1574950 1118
1574960 1118
1574970 1114
1574980 1114
1574990 1114
1575000 1112
1575010 1110
1575020 1110
1575030 1109
1575040 1107
1575050 1107
1575060 1106
1575070 1105
1575080 1105
1575090 1105
1575100 1106
1575110 1107
1575120 1107
1575130 1105
1575140 1103
1575150 1103
1575160 1100
1575170 1096
1575180 1096
1575190 1093
1575200 1090
1575210 1090
1575220 1087
1575230 1086
1575240 1083
1575250 1083
1575260 1080
1575270 1077
1575280 1077
1575290 1074
1575300 1071
1575310 1071
1575320 1067
1575330 1063
1575340 1063
1575350 1058
1575360 1053
1575370 1048
1575380 1048
1575390 1041
1575400 1034
1575410 1034
1575420 1028
1575430 1023
1575440 1023
1575450 1018
1575460 1014
1575470 1014
1575480 1010
1575490 1006
1575500 1006
1575510 1002
1575520 1000
1575530 997
1575540 997
1575550 995
1575560 993
1575570 993
1575580 991
1575590 988
1575600 988
1575610 987
1575620 985
1575630 985
1575640 983
1575650 980
1575660 976
1575670 976
1575680 974
1575690 971
1575700 971
1575710 968
1575720 966
1575730 966
1575740 965
1575750 965
1575760 965
1575770 965
1575780 963
1575790 963
1575800 960
1575810 959
1575820 959
1575830 959
1575840 957
1575850 953
1575860 953
1575870 952
1575880 950
1575890 950
1575900 948
1575910 947
1575920 947
1575930 950
1575940 954
1575950 957
1575960 957
1575970 963
1575980 964
1575990 964
1576000 965
1576010 968
1576020 968
1576030 970
1576040 970
1576050 970
1576060 969
1576070 969
1576080 969
1576090 967
1576100 965
1576110 968
1576120 968
1576130 976
1576140 979
1576150 979
1576160 980
1576170 982
1576180 982
1576190 983
1576200 984
1576210 984
1576220 985
1576230 985
1576240 986
1576250 986
1576260 988
1576270 989
1576280 989
1576290 991
1576300 995
1576310 995
1576320 1000
1576330 1006
1576340 1006
1576350 1012
1576360 1018
1576370 1018
1576380 1023
1576390 1029
1576400 1034
1576410 1034
1576420 1040
1576430 1046
1576440 1046
1576450 1053
1576460 1059
1576470 1059
1576480 1065
1576490 1070
1576500 1070
1576510 1076
1576520 1085
1576530 1094
1576540 1094
1576550 1103
1576560 1114
1576570 1114
1576580 1123
1576590 1132
1576600 1132
1576610 1140
1576620 1147
1576630 1147
1576640 1154
1576650 1162
1576660 1162
1576670 1169
1576680 1173
1576690 1175
1576700 1175
1576710 1176
1576720 1175
1576730 1175
1576740 1175
1576750 1175
1576760 1175
1576770 1174
1576780 1173
1576790 1173
1576800 1172
1576810 1172
1576820 1172
1576830 1172
1576840 1172
1576850 1170
1576860 1170
1576870 1169
1576880 1168
1576890 1168
1576900 1170
1576910 1174
1576920 1174
1576930 1178
1576940 1184
1576950 1184
1576960 1190
1576970 1197
1576980 1204
1576990 1204
1577000 1210
1577010 1215
1577020 1215
1577030 1218
1577040 1221
1577050 1221
1577060 1225
1577070 1230
1577080 1230
1577090 1235
1577100 1241
1577110 1244
1577120 1244
1577130 1249
1577140 1255
1577150 1255
1577160 1261
1577170 1266
1577180 1266
1577190 1271
1577200 1274
1577210 1274
1577220 1277
1577230 1279
1577240 1279
1577250 1280
1577260 1278
1577270 1275
1577280 1275
1577290 1271
1577300 1267
1577310 1267
1577320 1265
1577330 1263
1577340 1263
1577350 1262
1577360 1259
1577370 1259
1577380 1256
1577390 1254
1577400 1254
1577410 1254
1577420 1254
1577430 1255
1577440 1255
1577450 1255
1577460 1255
1577470 1255
1577480 1256
1577490 1257
1577500 1257
1577510 1254
1577520 1250
1577530 1245
1577540 1245
1577550 1242
1577560 1243
1577570 1243
1577580 1245
1577590 1246
1577600 1246
1577610 1244
1577620 1239
1577630 1239
1577640 1234
1577650 1231
1577660 1231
1577670 1230
1577680 1226
1577690 1223
1577700 1223
1577710 1222
1577720 1222
1577730 1222
1577740 1222
1577750 1221
1577760 1221
1577770 1220
1577780 1221
1577790 1221
1577800 1221
1577810 1220
1577820 1219
1577830 1219
1577840 1219
1577850 1220
1577860 1220
1577870 1222
1577880 1224
1577890 1224
1577900 1224
1577910 1226
1577920 1226
1577930 1227
1577940 1228
1577950 1228
1577960 1229
1577970 1231
1577980 1232
1577990 1232
1578000 1234
1578010 1236
1578020 1236
1578030 1237
1578040 1237
1578050 1237
1578060 1233
1578070 1236
1578080 1236
1578090 1240
1578100 1243
1578110 1247
1578120 1247
1578130 1251
1578140 1257
1578150 1257
1578160 1262
1578170 1267
1578180 1267
1578190 1272
1578200 1276
1578210 1276
1578220 1280
1578230 1283
1578240 1283
1578250 1287
1578260 1292
1578270 1295
1578280 1295
1578290 1299
1578300 1301
1578310 1301
1578320 1303
1578330 1304
1578340 1304
1578350 1304
1578360 1304
1578370 1304
1578380 1306
1578390 1309
1578400 1310
1578410 1310
1578420 1310
1578430 1310
1578440 1310
1578450 1312
1578460 1314
1578470 1314
1578480 1317
1578490 1320
1578500 1320
1578510 1324
1578520 1328
1578530 1328
1578540 1331
1578550 1334
1578560 1337
1578570 1337
1578580 1339
1578590 1342
1578600 1345
1578610 1347
1578620 1350
1578630 1350
1578640 1354
1578650 1357
1578660 1357
1578670 1360
1578680 1363
1578690 1365
1578700 1365
1578710 1367
1578720 1368
1578730 1368
1578740 1368
1578750 1368
1578760 1368
1578770 1368
1578780 1368
1578790 1368
1578800 1369
1578810 1369
1578820 1369
1578830 1370
1578840 1370
1578850 1369
1578860 1369
1578870 1365
1578880 1363
1578890 1363
1578900 1360
1578910 1356
1578920 1356
1578930 1351
1578940 1346
1578950 1346
1578960 1341
1578970 1336
1578980 1332
1578990 1332
1579000 1327
1579010 1323
1579020 1323
1579030 1319
1579040 1314
1579050 1314
1579060 1307
1579070 1299
1579080 1299
1579090 1291
1579100 1283
1579110 1283
1579120 1275
1579130 1268
1579140 1262
1579150 1262
1579160 1257
1579170 1251
1579180 1251
1579190 1245
1579200 1238
1579210 1238
1579220 1231
1579230 1224
1579240 1224
1579250 1218
1579260 1212
1579270 1207
1579280 1207
1579290 1201
1579300 1196
1579310 1196
1579320 1192
1579330 1191
1579340 1191
1579350 1191
1579360 1191
1579370 1191
1579380 1186
1579390 1179
1579400 1179
1579410 1173
1579420 1166
1579430 1160
1579440 1160
1579450 1154
1579460 1148
1579470 1148
1579480 1144
1579490 1138
1579500 1138
1579510 1135
1579520 1133
1579530 1133
1579540 1131
1579550 1126
1579560 1120
1579570 1120
1579580 1121
1579590 1124
1579600 1124
1579610 1122
1579620 1119
1579630 1119
1579640 1114
1579650 1111
1579660 1111
1579670 1107
1579680 1100
1579690 1100
1579700 1095
1579710 1093
1579720 1092
1579730 1092
1579740 1092
1579750 1098
1579760 1098
1579770 1106
1579780 1112
1579790 1112
1579800 1118
1579810 1125
1579820 1125
1579830 1129
1579840 1133
1579850 1135
1579860 1135
1579870 1138
1579880 1141
1579890 1141
1579900 1144
1579910 1146
1579920 1145
1579930 1148
1579940 1151
1579950 1151
1579960 1154
1579970 1158
1579980 1161
1579990 1161
