1571830 1906
1571840 1907
1571850 1907
1571860 1909
1571870 1910
1571880 1910
1571890 1911
1571900 1912
1571910 1914
1571920 1914
1571930 1916
1571940 1917
1571950 1917
1571960 1920
1571970 1923
1571980 1923
1571990 1924
1572000 1925
1572010 1925
1572020 1926
1572030 1927
1572040 1928
1572050 1928
1572060 1929
1572070 1930
1572080 1930
1572090 1932
1572100 1933
1572110 1933
1572120 1934
1572130 1936
1572140 1936
1572150 1937
1572160 1938
1572170 1938
1572180 1939
1572190 1940
1572200 1940
1572210 1940
1572220 1939
1572230 1939
1572240 1939
1572250 1939
1572260 1939
1572270 1939
1572280 1939
1572290 1938
1572300 1938
1572310 1935
1572320 1933
1572330 1929
1572340 1929
1572350 1925
1572360 1918
1572370 1918
1572380 1909
1572390 1898
1572400 1898
1572410 1892
1572420 1886
1572430 1886
1572440 1876
1572450 1863
1572460 1863
1572470 1854
1572480 1846
1572490 1838
1572500 1838
1572510 1830
1572520 1823
1572530 1823
1572540 1815
1572550 1807
1572560 1807
1572570 1800
1572580 1794
1572590 1794
1572600 1788
1572610 1782
1572620 1778
1572630 1778
1572640 1773
1572650 1766
1572660 1766
1572670 1758
1572680 1753
1572690 1753
1572700 1746
1572710 1739
1572720 1739
1572730 1732
1572740 1725
1572750 1717
1572760 1717
1572770 1712
1572780 1705
1572790 1705
1572800 1691
1572810 1673
1572820 1673
1572830 1661
1572840 1653
1572850 1653
1572860 1647
1572870 1641
1572880 1641
1572890 1635
1572900 1630
1572910 1626
1572920 1626
1572930 1621
1572940 1616
1572950 1616
1572960 1611
1572970 1605
1572980 1605
1572990 1598
1573000 1592
1573010 1592
1573020 1588
1573030 1586
1573040 1582
1573050 1582
1573060 1572
1573070 1562
1573080 1562
1573090 1554
1573100 1546
1573110 1546
1573120 1539
1573130 1532
1573140 1532
1573150 1525
1573160 1519
1573170 1519
1573180 1514
1573190 1509
1573200 1503
1573210 1503
1573220 1499
1573230 1494
1573240 1494
1573250 1490
1573260 1486
1573270 1486
1573280 1482
1573290 1479
1573300 1479
1573310 1476
1573320 1474
1573330 1472
1573340 1472
1573350 1469
1573360 1466
1573370 1466
1573380 1462
1573390 1458
1573400 1458
1573410 1456
1573420 1452
1573430 1452
1573440 1447
1573450 1445
1573460 1445
1573470 1443
1573480 1442
1573490 1441
1573500 1441
1573510 1438
1573520 1435
1573530 1435
1573540 1432
1573550 1429
1573560 1429
1573570 1426
1573580 1425
1573590 1425
1573600 1423
1573610 1423
1573620 1422
1573630 1422
1573640 1421
1573650 1420
1573660 1420
1573670 1418
1573680 1415
1573690 1415
1573700 1412
1573710 1408
1573720 1408
1573730 1404
1573740 1399
1573750 1399
1573760 1394
1573770 1390
1573780 1385
1573790 1385
1573800 1380
1573810 1375
1573820 1375
1573830 1371
1573840 1367
1573850 1367
1573860 1363
1573870 1360
1573880 1360
1573890 1356
1573900 1352
1573910 1349
1573920 1349
1573930 1345
1573940 1341
1573950 1341
1573960 1337
1573970 1333
1573980 1333
1573990 1329
1574000 1326
1574010 1326
1574020 1322
1574030 1319
1574040 1319
1574050 1316
1574060 1312
1574070 1309
1574080 1309
1574090 1306
1574100 1303
1574110 1303
1574120 1299
1574130 1296
1574140 1296
1574150 1293
1574160 1290
1574170 1290
1574180 1288
1574190 1284
1574200 1279
1574210 1279
1574220 1274
1574230 1270
1574240 1270
1574250 1265
1574260 1261
1574270 1261
1574280 1258
1574290 1255
1574300 1255
1574310 1252
1574320 1249
1574330 1249
1574340 1245
1574350 1242
1574360 1238
1574370 1238
1574380 1235
1574390 1233
1574400 1233
1574410 1232
1574420 1230
1574430 1230
1574440 1228
1574450 1226
1574460 1226
1574470 1223
1574480 1222
1574490 1219
1574500 1219
1574510 1217
1574520 1215
1574530 1215
1574540 1213
1574550 1211
1574560 1211
1574570 1209
1574580 1206
1574590 1206
1574600 1204
1574610 1203
1574620 1203
1574630 1202
1574640 1202
1574650 1202
1574660 1202
1574670 1201
1574680 1200
1574690 1200
1574700 1198
1574710 1195
1574720 1195
1574730 1193
1574740 1189
1574750 1189
1574760 1185
1574770 1179
1574780 1172
1574790 1172
1574800 1167
1574810 1162
1574820 1162
1574830 1159
1574840 1157
1574850 1157
1574860 1154
1574870 1150
1574880 1150
1574890 1147
1574900 1143
1574910 1143
1574920 1140
1574930 1136
1574940 1131
1574950 1131
1574960 1128
1574970 1124
1574980 1124
1574990 1121
1575000 1118
1575010 1118
1575020 1115
1575030 1110
1575040 1110
1575050 1106
1575060 1101
1575070 1097
1575080 1097
1575090 1094
1575100 1091
1575110 1091
1575120 1089
1575130 1086
1575140 1086
1575150 1084
1575160 1081
1575170 1081
1575180 1078
1575190 1075
1575200 1078
1575210 1075
1575220 1071
1575230 1067
1575240 1067
1575250 1064
1575260 1061
1575270 1061
1575280 1057
1575290 1053
1575300 1053
1575310 1049
1575320 1045
1575330 1045
1575340 1041
1575350 1038
1575360 1035
1575370 1035
1575380 1032
1575390 1028
1575400 1028
1575410 1026
1575420 1023
1575430 1023
1575440 1021
1575450 1019
1575460 1019
1575470 1017
1575480 1014
1575490 1014
1575500 1012
1575510 1011
1575520 1009
1575530 1009
1575540 1007
1575550 1006
1575560 1006
1575570 1005
1575580 1006
1575590 1006
1575600 1007
1575610 1007
1575620 1007
1575630 1006
1575640 1003
1575650 998
1575660 998
1575670 992
1575680 987
1575690 987
1575700 982
1575710 976
1575720 976
1575730 971
1575740 966
1575750 966
1575760 960
1575770 954
1575780 954
1575790 949
1575800 946
1575810 942
1575820 942
1575830 940
1575840 937
1575850 937
1575860 935
1575870 933
1575880 933
1575890 930
1575900 926
1575910 926
1575920 922
1575930 919
1575940 918
1575950 918
1575960 917
1575970 915
1575980 915
1575990 915
1576000 912
1576010 912
1576020 908
1576030 907
1576040 907
1576050 906
1576060 907
1576070 906
1576080 906
1576090 907
1576100 909
1576110 909
1576120 913
1576130 918
1576140 918
1576150 922
1576160 922
1576170 922
1576180 922
1576190 925
1576200 925
1576210 925
1576220 927
1576230 929
1576240 929
1576250 931
1576260 933
1576270 933
1576280 936
1576290 939
1576300 939
1576310 942
1576320 946
1576330 946
1576340 949
1576350 953
1576360 956
1576370 956
1576380 959
1576390 962
1576400 962
1576410 965
1576420 967
1576430 967
1576440 970
1576450 975
1576460 975
1576470 982
1576480 989
1576490 989
1576500 995
1576510 1001
1576520 1009
1576530 1009
1576540 1016
1576550 1024
1576560 1024
1576570 1031
1576580 1037
1576590 1037
1576600 1044
1576610 1050
1576620 1050
1576630 1055
1576640 1061
1576650 1066
1576660 1066
1576670 1071
1576680 1076
1576690 1076
1576700 1081
1576710 1086
1576720 1086
1576730 1091
1576740 1096
1576750 1096
1576760 1100
1576770 1105
1576780 1105
1576790 1111
1576800 1117
1576810 1122
1576820 1122
1576830 1125
1576840 1126
1576850 1126
1576860 1126
1576870 1127
1576880 1127
1576890 1128
1576900 1129
1576910 1129
1576920 1132
1576930 1134
1576940 1137
1576950 1137
1576960 1140
1576970 1144
1576980 1144
1576990 1148
1577000 1151
1577010 1151
1577020 1155
1577030 1159
1577040 1159
1577050 1164
1577060 1170
1577070 1170
1577080 1173
1577090 1178
1577100 1180
1577110 1180
1577120 1181
1577130 1181
1577140 1181
1577150 1181
1577160 1182
1577170 1182
1577180 1185
1577190 1187
1577200 1187
1577210 1186
1577220 1185
1577230 1185
1577240 1185
1577250 1180
1577260 1174
1577270 1174
1577280 1168
1577290 1165
1577300 1165
1577310 1161
1577320 1156
1577330 1156
1577340 1152
1577350 1149
1577360 1149
1577370 1146
1577380 1144
1577390 1142
1577400 1142
1577410 1142
1577420 1139
1577430 1139
1577440 1134
1577450 1128
1577460 1128
1577470 1123
1577480 1120
1577490 1120
1577500 1117
1577510 1113
1577520 1107
1577530 1107
1577540 1103
1577550 1101
1577560 1101
1577570 1099
1577580 1101
1577590 1101
1577600 1106
1577610 1111
1577620 1111
1577630 1116
1577640 1122
1577650 1122
1577660 1128
1577670 1134
1577680 1139
1577690 1139
1577700 1141
1577710 1142
1577720 1142
1577730 1142
1577740 1141
1577750 1141
1577760 1143
1577770 1146
1577780 1146
1577790 1146
1577800 1146
1577810 1151
1577820 1151
1577830 1156
1577840 1158
1577850 1158
1577860 1157
1577870 1155
1577880 1155
1577890 1152
1577900 1151
1577910 1151
1577920 1155
1577930 1160
1577940 1160
1577950 1164
1577960 1168
1577970 1170
1577980 1170
1577990 1172
1578000 1176
1578010 1176
1578020 1180
1578030 1183
1578040 1183
1578050 1186
1578060 1188
1578070 1188
1578080 1189
1578090 1191
1578100 1193
1578110 1193
1578120 1196
1578130 1199
1578140 1199
1578150 1204
1578160 1206
1578170 1206
1578180 1208
1578190 1211
1578200 1211
1578210 1213
1578220 1217
1578230 1217
1578240 1220
1578250 1224
1578260 1229
1578270 1229
1578280 1233
1578290 1237
1578300 1237
1578310 1241
1578320 1243
1578330 1243
1578340 1244
1578350 1244
1578360 1244
1578370 1245
1578380 1248
1578390 1250
1578400 1250
1578410 1254
1578420 1258
1578430 1258
1578440 1261
1578450 1265
1578460 1265
1578470 1270
1578480 1274
1578490 1274
1578500 1279
1578510 1284
1578520 1284
1578530 1288
1578540 1291
1578550 1295
1578560 1295
1578570 1299
1578580 1304
1578590 1304
1578600 1308
1578610 1310
1578620 1310
1578630 1310
1578640 1309
1578650 1309
1578660 1309
1578670 1308
1578680 1308
1578690 1308
1578700 1307
1578710 1306
1578720 1306
1578730 1305
1578740 1303
1578750 1303
1578760 1301
1578770 1299
1578780 1299
1578790 1297
1578800 1294
1578810 1294
1578820 1289
1578830 1284
1578840 1277
1578850 1277
1578860 1271
1578870 1266
1578880 1266
1578890 1259
1578900 1252
1578910 1252
1578920 1247
1578930 1243
1578940 1243
1578950 1238
1578960 1235
1578970 1231
1578980 1231
1578990 1227
1579000 1222
1579010 1222
1579020 1220
1579030 1218
1579040 1218
1579050 1216
1579060 1214
1579070 1214
1579080 1212
1579090 1208
1579100 1208
1579110 1205
1579120 1201
1579130 1195
1579140 1195
1579150 1190
1579160 1185
1579170 1185
1579180 1181
1579190 1176
1579200 1176
1579210 1172
1579220 1169
1579230 1169
1579240 1162
1579250 1159
1579260 1156
1579270 1156
1579280 1154
1579290 1150
1579300 1150
1579310 1146
1579320 1143
1579330 1143
1579340 1140
1579350 1138
1579360 1138
1579370 1138
1579380 1138
1579390 1136
1579400 1136
1579410 1133
1579420 1129
1579430 1129
1579440 1125
1579450 1121
1579460 1121
1579470 1116
1579480 1110
1579490 1110
1579500 1105
1579510 1101
1579520 1101
1579530 1097
1579540 1093
1579550 1089
1579560 1089
1579570 1085
1579580 1080
1579590 1080
1579600 1078
1579610 1077
1579620 1077
1579630 1072
1579640 1064
1579650 1064
1579660 1058
1579670 1058
1579680 1061
1579690 1061
1579700 1065
1579710 1069
1579720 1069
1579730 1075
1579740 1080
1579750 1080
1579760 1083
1579770 1087
1579780 1087
1579790 1092
1579800 1098
1579810 1098
1579820 1103
1579830 1107
1579840 1113
1579850 1113
1579860 1121
1579870 1128
1579880 1128
1579890 1132
1579900 1135
1579910 1135
1579920 1139
1579930 1144
1579940 1144
1579950 1150
1579960 1155
1579970 1161
1579980 1161
1579990 1167
