1569500 1546
1569510 1546
1569520 1551
1569530 1557
1569540 1563
1569550 1563
1569560 1569
1569570 1574
1569580 1574
1569590 1579
1569600 1584
1569610 1584
1569620 1589
1569630 1594
1569640 1594
1569650 1599
1569660 1604
1569670 1604
1569680 1608
1569690 1614
1569700 1619
1569710 1619
1569720 1624
1569730 1630
1569740 1630
1569750 1637
1569760 1644
1569770 1644
1569780 1651
1569790 1658
1569800 1658
1569810 1665
1569820 1672
1569830 1679
1569840 1679
1569850 1686
1569860 1693
1569870 1693
1569880 1700
1569890 1708
1569900 1708
1569910 1716
1569920 1724
1569930 1724
1569940 1732
1569950 1739
1569960 1739
1569970 1746
1569980 1752
1569990 1758
1570000 1758
1570010 1762
1570020 1761
1570030 1761
1570040 1759
1570050 1757
1570060 1757
1570070 1757
1570080 1758
1570090 1758
1570100 1756
1570110 1754
1570120 1753
1570130 1753
1570140 1752
1570150 1750
1570160 1750
1570170 1748
1570180 1745
1570190 1745
1570200 1743
1570210 1740
1570220 1740
1570230 1738
1570240 1737
1570250 1737
1570260 1736
1570270 1735
1570280 1733
1570290 1733
1570300 1731
1570310 1730
1570320 1730
1570330 1729
1570340 1730
1570350 1730
1570360 1731
1570370 1731
1570380 1731
1570390 1730
1570400 1730
1570410 1729
1570420 1729
1570430 1729
1570440 1730
1570450 1730
1570460 1729
1570470 1729
1570480 1729
1570490 1729
1570500 1729
1570510 1729
1570520 1730
1570530 1731
1570540 1731
1570550 1730
1570560 1728
1570570 1725
1570580 1725
1570590 1723
1570600 1722
1570610 1722
1570620 1721
1570630 1718
1570640 1718
1570650 1720
1570660 1726
1570670 1726
1570680 1730
1570690 1734
1570700 1736
1570710 1736
1570720 1737
1570730 1738
1570740 1738
1570750 1739
1570760 1741
1570770 1741
1570780 1742
1570790 1742
1570800 1742
1570810 1744
1570820 1747
1570830 1747
1570840 1750
1570850 1753
1570860 1754
1570870 1754
1570880 1755
1570890 1757
1570900 1757
1570910 1759
1570920 1762
1570930 1762
1570940 1764
1570950 1766
1570960 1766
1570970 1768
1570980 1769
1570990 1769
1571000 1769
1571010 1770
1571020 1772
1571030 1772
1571040 1773
1571050 1772
1571060 1772
1571070 1774
1571080 1776
1571090 1776
1571100 1777
1571110 1779
1571120 1779
1571130 1779
1571140 1780
1571150 1782
1571160 1782
1571170 1783
1571180 1785
1571190 1785
1571200 1785
1571210 1786
1571220 1786
1571230 1786
1571240 1786
1571250 1786
1571260 1786
1571270 1786
1571280 1784
1571290 1784
1571300 1782
1571310 1778
1571320 1778
1571330 1774
1571340 1770
1571350 1770
1571360 1767
1571370 1764
1571380 1764
1571390 1761
1571400 1762
1571410 1762
1571420 1762
1571430 1761
1571440 1763
1571450 1763
1571460 1769
1571470 1778
1571480 1778
1571490 1783
1571500 1788
1571510 1788
1571520 1793
1571530 1793
1571540 1793
1571550 1794
1571560 1795
1571570 1794
1571580 1794
1571590 1792
1571600 1777
1571610 1777
1571620 1769
1571630 1762
1571640 1762
1571650 1758
1571660 1757
1571670 1757
1571680 1753
1571690 1741
1571700 1741
1571710 1729
1571720 1716
1571730 1716
1571740 1716
1571750 1736
1571760 1740
1571770 1740
1571780 1734
1571790 1724
1571800 1724
1571810 1724
1571820 1727
1571830 1727
1571840 1727
1571850 1727
1571860 1726
1571870 1726
1571880 1725
1571890 1727
1571900 1727
1571910 1735
1571920 1741
1571930 1741
1571940 1736
1571950 1727
1571960 1727
1571970 1719
1571980 1708
1571990 1700
1572000 1700
1572010 1691
1572020 1674
1572030 1674
1572040 1662
1572050 1655
1572060 1655
1572070 1656
1572080 1655
1572090 1655
1572100 1647
1572110 1647
1572120 1647
1572130 1650
1572140 1642
1572150 1640
1572160 1640
1572170 1640
1572180 1633
1572190 1633
1572200 1626
1572210 1626
1572220 1626
1572230 1625
1572240 1623
1572250 1623
1572260 1621
1572270 1619
1572280 1619
1572290 1619
1572300 1623
1572310 1621
1572320 1621
1572330 1616
1572340 1611
1572350 1611
1572360 1605
1572370 1599
1572380 1599
1572390 1598
1572400 1600
1572410 1600
1572420 1601
1572430 1602
1572440 1602
1572450 1602
1572460 1600
1572470 1597
1572480 1597
1572490 1592
1572500 1586
1572510 1586
1572520 1581
1572530 1576
1572540 1576
1572550 1570
1572560 1566
1572570 1565
1572580 1565
1572590 1564
1572600 1562
1572610 1562
1572620 1561
1572630 1560
1572640 1560
1572650 1559
1572660 1558
1572670 1558
1572680 1558
1572690 1559
1572700 1559
1572710 1561
1572720 1563
1572730 1563
1572740 1563
1572750 1561
1572760 1558
1572770 1558
1572780 1558
1572790 1559
1572800 1559
1572810 1560
1572820 1560
1572830 1560
1572840 1557
1572850 1555
1572860 1556
1572870 1556
1572880 1557
1572890 1558
1572900 1558
1572910 1557
1572920 1555
1572930 1555
1572940 1549
1572950 1541
1572960 1541
1572970 1532
1572980 1526
1572990 1526
1573000 1522
1573010 1518
1573020 1513
1573030 1513
1573040 1508
1573050 1506
1573060 1506
1573070 1508
1573080 1512
1573090 1512
1573100 1517
1573110 1523
1573120 1523
1573130 1528
1573140 1531
1573150 1529
1573160 1529
1573170 1518
1573180 1503
1573190 1503
1573200 1483
1573210 1466
1573220 1466
1573230 1456
1573240 1448
1573250 1448
1573260 1441
1573270 1435
1573280 1435
1573290 1429
1573300 1425
1573310 1422
1573320 1422
1573330 1420
1573340 1417
1573350 1417
1573360 1415
1573370 1413
1573380 1413
1573390 1410
1573400 1408
1573410 1408
1573420 1406
1573430 1403
1573440 1400
1573450 1400
1573460 1399
1573470 1398
1573480 1398
1573490 1397
1573500 1395
1573510 1395
1573520 1395
1573530 1394
1573540 1394
1573550 1394
1573560 1394
1573570 1394
1573580 1394
1573590 1394
1573600 1393
1573610 1393
1573620 1393
1573630 1392
1573640 1392
1573650 1391
1573660 1391
1573670 1391
1573680 1390
1573690 1388
1573700 1388
1573710 1386
1573720 1382
1573730 1379
1573740 1379
1573750 1376
1573760 1373
1573770 1373
1573780 1370
1573790 1367
1573800 1367
1573810 1364
1573820 1361
1573830 1361
1573840 1358
1573850 1355
1573860 1355
1573870 1350
1573880 1347
1573890 1344
1573900 1344
1573910 1341
1573920 1338
1573930 1338
1573940 1335
1573950 1332
1573960 1332
1573970 1327
1573980 1322
1573990 1322
1574000 1317
1574010 1312
1574020 1307
1574030 1307
1574040 1302
1574050 1298
1574060 1298
1574070 1293
1574080 1289
1574090 1289
1574100 1284
1574110 1279
1574120 1279
1574130 1274
1574140 1269
1574150 1269
1574160 1265
1574170 1261
1574180 1258
1574190 1258
1574200 1255
1574210 1254
1574220 1254
1574230 1252
1574240 1251
1574250 1251
1574260 1249
1574270 1247
1574280 1247
1574290 1245
1574300 1242
1574310 1240
1574320 1240
1574330 1239
1574340 1239
1574350 1239
1574360 1239
1574370 1238
1574380 1238
1574390 1237
1574400 1236
1574410 1236
1574420 1235
1574430 1235
1574440 1235
1574450 1234
1574460 1234
1574470 1233
1574480 1233
1574490 1230
1574500 1227
1574510 1227
1574520 1224
1574530 1222
1574540 1222
1574550 1218
1574560 1212
1574570 1212
1574580 1204
1574590 1197
1574600 1192
1574610 1192
1574620 1188
1574630 1184
1574640 1184
1574650 1181
1574660 1178
1574670 1178
1574680 1174
1574690 1168
1574700 1168
1574710 1163
1574720 1160
1574730 1160
1574740 1157
1574750 1153
1574760 1147
1574770 1147
1574780 1144
1574790 1140
1574800 1140
1574810 1135
1574820 1131
1574830 1131
1574840 1125
1574850 1122
1574860 1122
1574870 1122
1574880 1120
1574890 1115
1574900 1115
1574910 1111
1574920 1107
1574930 1107
1574940 1103
1574950 1099
1574960 1099
1574970 1097
1574980 1095
1574990 1095
1575000 1094
1575010 1092
1575020 1092
1575030 1090
1575040 1087
1575050 1085
1575060 1085
1575070 1081
1575080 1078
1575090 1078
1575100 1074
1575110 1076
1575120 1076
1575130 1073
1575140 1069
1575150 1069
1575160 1065
1575170 1064
1575180 1062
1575190 1062
1575200 1060
1575210 1058
1575220 1058
1575230 1055
1575240 1053
1575250 1053
1575260 1051
1575270 1051
1575280 1051
1575290 1050
1575300 1048
1575310 1048
1575320 1047
1575330 1046
1575340 1043
1575350 1043
1575360 1040
1575370 1038
1575380 1038
1575390 1038
1575400 1038
1575410 1038
1575420 1038
1575430 1038
1575440 1038
1575450 1038
1575460 1037
1575470 1035
1575480 1035
1575490 1029
1575500 1022
1575510 1022
1575520 1015
1575530 1010
1575540 1010
1575550 1006
1575560 1003
1575570 1003
1575580 998
1575590 998
1575600 998
1575610 1004
1575620 1009
1575630 1015
1575640 1015
1575650 1020
1575660 1026
1575670 1026
1575680 1033
1575690 1037
1575700 1037
1575710 1035
1575720 1030
1575730 1030
1575740 1023
1575750 1017
1575760 1011
1575770 1011
1575780 1004
1575790 997
1575800 997
1575810 992
1575820 985
1575830 985
1575840 979
1575850 975
1575860 975
1575870 971
1575880 969
1575890 969
1575900 971
1575910 971
1575920 971
1575930 971
1575940 969
1575950 966
1575960 966
1575970 960
1575980 955
1575990 955
1576000 952
1576010 946
1576020 946
1576030 939
1576040 932
1576050 930
1576060 930
1576070 931
1576080 933
1576090 933
1576100 933
1576110 933
1576120 933
1576130 931
1576140 929
1576150 929
1576160 925
1576170 922
1576180 922
1576190 919
1576200 914
1576210 908
1576220 908
1576230 902
1576240 896
1576250 896
1576260 891
1576270 888
1576280 888
1576290 885
1576300 882
1576310 882
1576320 880
1576330 879
1576340 878
1576350 878
1576360 877
1576370 876
1576380 876
1576390 875
1576400 874
1576410 874
1576420 872
1576430 871
1576440 871
1576450 870
1576460 869
1576470 869
1576480 871
1576490 870
1576500 869
1576510 869
1576520 867
1576530 866
1576540 866
1576550 865
1576560 863
1576570 863
1576580 862
1576590 860
1576600 860
1576610 857
1576620 853
1576630 850
1576640 850
1576650 843
1576660 838
1576670 838
1576680 836
1576690 836
1576700 836
1576710 836
1576720 838
1576730 838
1576740 843
1576750 847
1576760 847
1576770 850
1576780 854
1576790 858
1576800 858
1576810 862
1576820 864
1576830 864
1576840 866
1576850 870
1576860 870
1576870 875
1576880 880
1576890 880
1576900 884
1576910 887
1576920 885
1576930 885
1576940 882
1576950 879
1576960 879
1576970 877
1576980 878
1576990 878
1577000 878
1577010 877
1577020 877
1577030 878
1577040 878
1577050 878
1577060 878
1577070 877
1577080 877
1577090 877
1577100 879
1577110 881
1577120 881
1577130 883
1577140 885
1577150 885
1577160 886
1577170 887
1577180 887
1577190 890
1577200 892
1577210 894
1577220 894
1577230 895
1577240 898
1577250 898
1577260 902
1577270 908
1577280 908
1577290 914
1577300 920
1577310 920
1577320 927
1577330 931
1577340 931
1577350 932
1577360 933
1577370 934
1577380 934
1577390 937
1577400 941
1577410 941
1577420 944
1577430 946
1577440 946
1577450 948
1577460 951
1577470 951
1577480 954
1577490 956
1577500 957
1577510 957
1577520 961
1577530 964
1577540 964
1577550 964
1577560 963
1577570 963
1577580 962
1577590 962
1577600 962
1577610 967
1577620 973
1577630 973
1577640 978
1577650 982
1577660 986
1577670 986
1577680 992
1577690 994
1577700 994
1577710 994
1577720 995
1577730 995
1577740 997
1577750 1003
1577760 1003
1577770 1011
1577780 1018
1577790 1025
1577800 1025
1577810 1032
1577820 1039
1577830 1039
1577840 1047
1577850 1053
1577860 1053
1577870 1059
1577880 1064
1577890 1064
1577900 1069
1577910 1075
1577920 1075
1577930 1082
1577940 1089
1577950 1096
1577960 1096
1577970 1103
1577980 1110
1577990 1110
1578000 1118
1578010 1126
1578020 1126
1578030 1134
1578040 1143
1578050 1143
1578060 1151
1578070 1155
1578080 1156
1578090 1156
1578100 1155
1578110 1155
1578120 1155
1578130 1154
1578140 1155
1578150 1155
1578160 1155
1578170 1156
1578180 1156
1578190 1158
1578200 1159
1578210 1159
1578220 1160
1578230 1161
1578240 1158
1578250 1158
1578260 1153
1578270 1149
1578280 1149
1578290 1145
1578300 1141
1578310 1141
1578320 1136
1578330 1132
1578340 1132
1578350 1129
1578360 1126
1578370 1121
1578380 1121
1578390 1117
1578400 1111
1578410 1111
1578420 1104
1578430 1100
1578440 1100
1578450 1094
1578460 1088
1578470 1088
1578480 1084
1578490 1078
1578500 1078
1578510 1070
1578520 1063
1578530 1056
1578540 1056
1578550 1059
1578560 1059
1578570 1059
1578580 1055
1578590 1049
1578600 1049
1578610 1046
1578620 1045
1578630 1045
1578640 1045
1578650 1047
1578660 1047
1578670 1047
1578680 1044
1578690 1039
1578700 1039
1578710 1031
1578720 1024
1578730 1024
1578740 1017
1578750 1008
1578760 1008
1578770 1002
1578780 1003
1578790 1003
1578800 1004
1578810 1006
1578820 1011
1578830 1011
1578840 1008
1578850 1002
1578860 1002
1578870 1000
1578880 999
1578890 999
1578900 993
1578910 990
1578920 990
1578930 993
1578940 996
1578950 994
1578960 994
1578970 991
1578980 989
1578990 989
1579000 991
1579010 991
1579020 991
1579030 986
1579040 983
1579050 983
1579060 982
1579070 982
1579080 982
1579090 984
1579100 980
1579110 977
1579120 977
1579130 976
1579140 973
1579150 973
1579160 974
1579170 970
1579180 970
1579190 967
1579200 963
1579210 963
1579220 961
1579230 963
1579240 966
1579250 966
1579260 969
1579270 972
1579280 972
1579290 976
1579300 978
1579310 978
1579320 983
1579330 988
1579340 988
1579350 993
1579360 999
1579370 999
1579380 1004
1579390 1012
1579400 1016
1579410 1016
1579420 1019
1579430 1024
1579440 1024
1579450 1031
1579460 1037
1579470 1037
1579480 1044
1579490 1051
1579500 1051
1579510 1057
1579520 1063
1579530 1070
1579540 1070
1579550 1077
1579560 1083
1579570 1083
1579580 1090
1579590 1098
1579600 1098
1579610 1105
1579620 1113
1579630 1113
1579640 1121
1579650 1130
1579660 1130
1579670 1138
1579680 1146
1579690 1155
1579700 1155
1579710 1164
1579720 1172
1579730 1172
1579740 1180
1579750 1186
1579760 1186
1579770 1190
1579780 1195
1579790 1195
1579800 1199
1579810 1203
1579820 1207
1579830 1207
1579840 1211
1579850 1216
1579860 1216
1579870 1221
1579880 1225
1579890 1225
1579900 1227
1579910 1229
1579920 1229
1579930 1230
1579940 1230
1579950 1230
1579960 1232
1579970 1233
1579980 1234
1579990 1234
