1560000 1488
1560010 1487
1560020 1487
1560030 1486
1560040 1485
1560050 1485
1560060 1483
1560070 1480
1560080 1480
1560090 1478
1560100 1476
1560110 1476
1560120 1475
1560130 1472
1560140 1472
1560150 1470
1560160 1467
1560170 1467
1560180 1467
1560190 1465
1560200 1462
1560210 1462
1560220 1461
1560230 1462
1560240 1462
1560250 1462
1560260 1460
1560270 1460
1560280 1458
1560290 1455
1560300 1452
1560310 1452
1560320 1449
1560330 1447
1560340 1447
1560350 1445
1560360 1441
1560370 1441
1560380 1439
1560390 1439
1560400 1439
1560410 1437
1560420 1437
1560430 1437
1560440 1436
1560450 1436
1560460 1437
1560470 1437
1560480 1440
1560490 1440
1560500 1440
1560510 1438
1560520 1439
1560530 1439
1560540 1441
1560550 1440
1560560 1440
1560570 1439
1560580 1437
1560590 1435
1560600 1435
1560610 1432
1560620 1434
1560630 1434
1560640 1435
1560650 1437
1560660 1437
1560670 1440
1560680 1444
1560690 1444
1560700 1448
1560710 1451
1560720 1451
1560730 1456
1560740 1460
1560750 1465
1560760 1465
1560770 1470
1560780 1476
1560790 1476
1560800 1483
1560810 1489
1560820 1489
1560830 1496
1560840 1499
1560850 1499
1560860 1505
1560870 1512
1560880 1518
1560890 1518
1560900 1524
1560910 1530
1560920 1530
1560930 1536
1560940 1542
1560950 1542
1560960 1548
1560970 1554
1560980 1554
1560990 1561
1561000 1567
1561010 1567
1561020 1574
1561030 1581
1561040 1589
1561050 1589
1561060 1601
1561070 1624
1561080 1624
1561090 1657
1561100 1675
1561110 1675
1561120 1703
1561130 1717
1561140 1717
1561150 1730
1561160 1734
1561170 1738
1561180 1738
1561190 1739
1561200 1739
1561210 1739
1561220 1742
1561230 1746
1561240 1746
1561250 1748
1561260 1748
1561270 1748
1561280 1748
1561290 1748
1561300 1748
1561310 1748
1561320 1745
1561330 1742
1561340 1742
1561350 1737
1561360 1733
1561370 1733
1561380 1729
1561390 1725
1561400 1725
1561410 1720
1561420 1716
1561430 1716
1561440 1711
1561450 1706
1561460 1706
1561470 1702
1561480 1697
1561490 1692
1561500 1692
1561510 1689
1561520 1685
1561530 1685
1561540 1681
1561550 1677
1561560 1677
1561570 1672
1561580 1669
1561590 1669
1561600 1669
1561610 1669
1561620 1669
1561630 1669
1561640 1669
1561650 1669
1561660 1669
1561670 1668
1561680 1666
1561690 1666
1561700 1665
1561710 1664
1561720 1664
1561730 1662
1561740 1661
1561750 1661
1561760 1659
1561770 1657
1561780 1655
1561790 1655
1561800 1653
1561810 1650
1561820 1650
1561830 1645
1561840 1641
1561850 1641
1561860 1637
1561870 1632
1561880 1632
1561890 1628
1561900 1624
1561910 1619
1561920 1619
1561930 1614
1561940 1608
1561950 1608
1561960 1602
1561970 1596
1561980 1596
1561990 1590
1562000 1584
1562010 1584
1562020 1577
1562030 1571
1562040 1571
1562050 1565
1562060 1559
1562070 1554
1562080 1554
1562090 1547
1562100 1541
1562110 1541
1562120 1534
1562130 1528
1562140 1528
1562150 1523
1562160 1516
1562170 1516
1562180 1511
1562190 1506
1566250 1473
1566260 1470
1566270 1470
1566280 1468
1566290 1466
1566300 1466
1566310 1465
1566320 1470
1566330 1470
1566340 1472
1566350 1472
1566360 1472
1566370 1474
1566380 1476
1566390 1476
1566400 1479
1566410 1478
1566420 1478
1566430 1478
1566440 1476
1566450 1476
1566460 1476
1566470 1480
1566480 1487
1566490 1487
1566500 1493
1566510 1497
1566520 1497
1566530 1498
1566540 1497
1566550 1495
1566560 1495
1566570 1493
1566580 1493
1566590 1493
1566600 1494
1566610 1495
1566620 1495
1566630 1498
1566640 1503
1566650 1503
1566660 1508
1566670 1513
1566680 1513
1566690 1518
1566700 1520
1566710 1519
1566720 1519
1566730 1516
1566740 1511
1566750 1511
1566760 1507
1566770 1503
1566780 1503
1566790 1499
1566800 1494
1566810 1494
1566820 1489
1566830 1485
1566840 1481
1566850 1481
1566860 1476
1566870 1472
1566880 1472
1566890 1469
1566900 1467
1566910 1467
1566920 1465
1566930 1462
1566940 1462
1566950 1458
1566960 1453
1566970 1453
1566980 1449
1566990 1445
1567000 1441
1567010 1441
1567020 1437
1567030 1433
1567040 1433
1567050 1429
1567060 1426
1567070 1426
1567080 1421
1567090 1417
1567100 1417
1567110 1413
1567120 1410
1567130 1407
1567140 1407
1567150 1408
1567160 1405
1567170 1405
1567180 1402
1567190 1399
1567200 1399
1567210 1396
1567220 1393
1567230 1393
1567240 1390
1567250 1387
1567260 1387
1567270 1385
1567280 1382
1567290 1378
1567300 1378
1567310 1375
1567320 1370
1567330 1370
1567340 1368
1567350 1364
1567360 1364
1567370 1360
1567380 1359
1567390 1359
1567400 1358
1567410 1356
1567420 1356
1567430 1356
1567440 1358
1567450 1360
1567460 1360
1567470 1363
1567480 1365
1567490 1365
1567500 1367
1567510 1369
1567520 1369
1567530 1373
1567540 1376
1567550 1376
1567560 1379
1567570 1383
1567580 1386
1567590 1386
1567600 1390
1567610 1393
1567620 1393
1567630 1396
1567640 1400
1567650 1400
1567660 1402
1567670 1405
1567680 1405
1567690 1407
1567700 1411
1567710 1414
1567720 1414
1567730 1419
1567740 1423
1567750 1423
1567760 1426
1567770 1430
1567780 1430
1567790 1433
1567800 1434
1567810 1434
1567820 1433
1567830 1432
1567840 1432
1567850 1431
1567860 1428
1567870 1425
1567880 1425
1567890 1423
1567900 1419
1567910 1419
1567920 1417
1567930 1415
1567940 1415
1567950 1417
1567960 1425
1567970 1425
1567980 1432
1567990 1439
1568000 1445
1568010 1445
1568020 1452
1568030 1457
1568040 1457
1568050 1463
1568060 1469
1568070 1469
1568080 1475
1568090 1481
1568100 1481
1568110 1487
1568120 1493
1568130 1493
1568140 1499
1568150 1504
1568160 1510
1568170 1510
1568180 1516
1568190 1522
1568200 1522
1568210 1527
1568220 1531
1568230 1531
1568240 1533
1568250 1535
1568260 1535
1568270 1536
1568280 1535
1568290 1534
1568300 1534
1568310 1533
1568320 1531
1568330 1531
1568340 1529
1568350 1526
1568360 1526
1568370 1523
1568380 1521
1568390 1521
1568400 1518
1568410 1516
1568420 1516
1568430 1514
1568440 1512
1568450 1511
1568460 1511
1568470 1510
1568480 1508
1568490 1508
1568500 1506
1568510 1503
1568520 1503
1568530 1501
1568540 1498
1568550 1498
1568560 1496
1568570 1494
1568580 1492
1568590 1492
1568600 1490
1568610 1488
1568620 1488
1568630 1487
1568640 1486
1568650 1486
1568660 1488
1568670 1487
1568680 1487
1568690 1487
1568700 1487
1568710 1487
1568720 1487
1568730 1487
1568740 1487
1568750 1487
1568760 1487
1568770 1487
1568780 1487
1568790 1488
1568800 1488
1568810 1488
1568820 1488
1568830 1488
1568840 1488
1568850 1488
1568860 1488
1568870 1487
1568880 1487
1568890 1486
1568900 1485
1568910 1485
1568920 1483
1568930 1482
1568940 1482
1568950 1481
1568960 1475
1568970 1475
1568980 1467
1568990 1463
1569000 1463
1569010 1464
1569020 1457
1569030 1443
1569040 1443
1569050 1430
1569060 1418
1569070 1418
1569080 1398
1569090 1379
1569100 1379
1569110 1368
1569120 1335
1569130 1335
1569140 1318
1569150 1298
1569160 1295
1569170 1295
1569180 1309
1569190 1324
1569200 1324
1569210 1332
1569220 1318
1569230 1318
1569240 1310
1569250 1312
1569260 1312
1569270 1299
1569280 1279
1569290 1279
1569300 1283
1569310 1286
1569320 1280
1569330 1280
1569340 1269
1569350 1259
1569360 1259
1569370 1248
1569380 1242
1569390 1242
1569400 1240
1569410 1241
1569420 1241
1569430 1243
1569440 1240
1569450 1240
1569460 1240
1569470 1241
1569480 1238
1569490 1238
1569500 1250
1569510 1253
1569520 1253
1569530 1249
1569540 1246
1569550 1246
1569560 1248
1569570 1249
1569580 1249
1569590 1247
1569600 1247
1569610 1249
1569620 1249
1569630 1250
1569640 1255
1569650 1255
1569660 1262
1569670 1270
1569680 1270
1569690 1279
1569700 1288
1569710 1288
1569720 1297
1569730 1305
1569740 1314
1569750 1314
1569760 1321
1569770 1335
1569780 1335
1569790 1349
1569800 1360
1569810 1360
1569820 1371
1569830 1385
1569840 1385
1569850 1399
1569860 1417
1569870 1417
1569880 1441
1569890 1459
1569900 1457
1569910 1457
1569920 1452
1569930 1447
1569940 1447
1569950 1442
1569960 1436
1569970 1436
1569980 1430
1569990 1422
1570000 1422
1570010 1415
1570020 1409
1570030 1403
1570040 1403
1570050 1397
1570060 1391
1570070 1391
1570080 1387
1570090 1383
1570100 1383
1570110 1380
1570120 1375
1570130 1369
1570140 1363
1570150 1355
1570160 1355
1570170 1349
1570180 1343
1570190 1335
1570200 1335
1570210 1330
1570220 1324
1570230 1324
1570240 1317
1570250 1311
1570260 1311
1570270 1302
1570280 1294
1570290 1294
1570300 1288
1570310 1284
1570320 1280
1570330 1280
1570340 1277
1570350 1270
1570360 1270
1570370 1261
1570380 1260
1570390 1260
1570400 1260
1570410 1259
1570420 1259
1570430 1256
1570440 1255
1570450 1255
1570460 1254
1570470 1252
1570480 1251
1570490 1251
1570500 1249
1570510 1247
1570520 1247
1570530 1244
1570540 1244
1570550 1244
1570560 1245
1570570 1245
1570580 1245
1570590 1245
1570600 1244
1570610 1244
1570620 1242
1570630 1238
1570640 1234
1570650 1234
1570660 1232
1570670 1231
1570680 1231
1570690 1230
1570700 1229
1570710 1229
1570720 1228
1570730 1230
1570740 1230
1570750 1235
1570760 1235
1570770 1234
1570780 1234
1570790 1234
1570800 1233
1570810 1233
1570820 1233
1570830 1232
1570840 1232
1570850 1231
1570860 1231
1570870 1231
1570880 1230
1570890 1229
1570900 1229
1570910 1226
1570920 1223
1570930 1221
1570940 1221
1570950 1219
1570960 1216
1570970 1216
1570980 1212
1570990 1208
1571000 1208
1571010 1204
1571020 1198
1571030 1198
1571040 1192
1571050 1185
1571060 1178
1571070 1178
1571080 1173
1571090 1171
1571100 1171
1571110 1167
1571120 1163
1571130 1163
1571140 1159
1571150 1155
1571160 1155
1571170 1151
1571180 1147
1571190 1147
1571200 1141
1571210 1137
1571220 1134
1571230 1134
1571240 1135
1571250 1136
1571260 1136
1571270 1137
1571280 1136
1571290 1136
1571300 1135
1571310 1132
1571320 1132
1571330 1133
1571340 1140
1571350 1147
1571360 1147
1571370 1153
1571380 1159
1571390 1159
1571400 1165
1571410 1172
1571420 1172
1571430 1180
1571440 1183
1571450 1183
1571460 1177
1571470 1169
1571480 1169
1571490 1160
1571500 1151
1571510 1146
1571520 1146
1571530 1143
1571540 1142
1571550 1142
1571560 1141
1571570 1140
1571580 1140
1571590 1136
1571600 1136
1571610 1136
1571620 1137
1571630 1138
1571640 1137
1571650 1137
1571660 1137
1571670 1137
1571680 1137
1571690 1135
1571700 1133
1571710 1133
1571720 1132
1571730 1134
1571740 1134
1571750 1137
1571760 1139
1571770 1139
1571780 1139
1571790 1140
1571800 1139
1571810 1139
1571820 1141
1571830 1143
1571840 1143
1571850 1145
1571860 1146
1571870 1146
1571880 1146
1571890 1148
1571900 1148
1571910 1153
1571920 1160
1571930 1167
1571940 1167
1571950 1176
1571960 1184
1571970 1184
1571980 1192
1571990 1201
1572000 1201
1572010 1210
1572020 1219
1572030 1219
1572040 1229
1572050 1238
1572060 1238
1572070 1236
1572080 1234
1572090 1234
1572100 1234
1572110 1240
1572120 1247
1572130 1247
1572140 1249
1572150 1249
1572160 1249
1572170 1253
1572180 1259
1572190 1259
1572200 1273
1572210 1275
1572220 1272
1572230 1272
1572240 1273
1572250 1277
1572260 1277
1572270 1284
1572280 1280
1572290 1280
1572300 1281
1572310 1286
1572320 1286
1572330 1292
1572340 1289
1572350 1289
1572360 1288
1572370 1291
1572380 1280
1572390 1280
1572400 1277
1572410 1276
1572420 1276
1572430 1275
1572440 1276
1572450 1276
1572460 1287
1572470 1300
1572480 1300
1572490 1314
1572500 1327
1572510 1335
1572520 1335
1572530 1349
1572540 1353
1572550 1353
1572560 1358
1572570 1356
1572580 1356
1572590 1352
1572600 1351
1572610 1351
1572620 1351
1572630 1358
1572640 1358
1572650 1368
1572660 1384
1572670 1390
1572680 1390
1572690 1389
1572700 1387
1572710 1387
1572720 1385
1572730 1385
1572740 1385
1572750 1385
1572760 1383
1572770 1383
1572780 1382
1572790 1382
1572800 1381
1572810 1381
1572820 1378
1572830 1379
1572840 1379
1572850 1379
1572860 1376
1572870 1376
1572880 1375
1572890 1376
1572900 1376
1572910 1375
1572920 1371
1572930 1371
1572940 1371
1572950 1374
1572960 1377
1572970 1377
1572980 1376
1572990 1376
1573000 1376
1573010 1374
1573020 1372
1573030 1372
1573040 1373
1573050 1374
1573060 1374
1573070 1374
1573080 1375
1573090 1375
1573100 1375
1573110 1375
1573120 1375
1573130 1375
1573140 1375
1573150 1375
1573160 1375
1573170 1376
1573180 1379
1573190 1379
1573200 1382
1573210 1388
1573220 1388
1573230 1394
1573240 1402
1573250 1408
1573260 1408
1573270 1412
1573280 1413
1573290 1413
1573300 1413
1573310 1415
1573320 1415
1573330 1417
1573340 1419
1573350 1419
1573360 1420
1573370 1422
1573380 1424
1573390 1424
1573400 1427
1573410 1429
1573420 1429
1573430 1433
1573440 1436
1573450 1436
1573460 1441
1573470 1447
1573480 1447
1573490 1452
1573500 1460
1573510 1460
1573520 1465
1573530 1463
1573540 1459
1573550 1459
1573560 1457
1573570 1454
1573580 1454
1573590 1449
1573600 1445
1573610 1445
1573620 1443
1573630 1441
1573640 1441
1573650 1439
1573660 1438
1573670 1436
1573680 1436
1573690 1433
1573700 1431
1573710 1431
1573720 1430
1573730 1429
1573740 1429
1573750 1428
1573760 1426
1573770 1426
1573780 1426
1573790 1427
1573800 1427
1573810 1428
1573820 1429
1573830 1430
1573840 1430
1573850 1432
1573860 1433
1573870 1433
1573880 1434
1573890 1436
1573900 1436
1573910 1436
1573920 1435
1573930 1435
1573940 1430
1573950 1422
1573960 1416
1573970 1416
1573980 1409
1573990 1403
1574000 1403
1574010 1398
1574020 1391
1574030 1391
1574040 1385
1574050 1379
1574060 1379
1574070 1374
1574080 1371
1574090 1371
1574100 1368
1574110 1364
1574120 1360
1574130 1360
1574140 1356
1574150 1352
1574160 1352
1574170 1345
1574180 1338
1574190 1338
1574200 1332
1574210 1330
1574220 1330
1574230 1330
1574240 1331
1574250 1329
1574260 1329
1574270 1323
1574280 1320
1574290 1320
1574300 1317
1574310 1316
1574320 1316
1574330 1314
1574340 1311
1574350 1311
1574360 1310
1574370 1307
1574380 1307
1574390 1305
1574400 1302
1574410 1300
1574420 1306
1574430 1303
1574440 1301
1574450 1301
1574460 1299
1574470 1296
1574480 1296
1574490 1293
1574500 1291
1574510 1291
1574520 1289
1574530 1286
1574540 1282
1574550 1282
1574560 1281
1574570 1279
1574580 1279
1574590 1276
1574600 1273
1574610 1273
1574620 1270
1574630 1268
1574640 1268
1574650 1266
1574660 1263
1574670 1263
1574680 1260
1574690 1257
1574700 1254
1574710 1254
1574720 1250
1574730 1247
1574740 1247
1574750 1245
1574760 1243
1574770 1243
1574780 1241
1574790 1239
1574800 1239
1574810 1238
1574820 1237
1574830 1237
1574840 1237
1574850 1238
1574860 1238
1574870 1238
1574880 1238
1574890 1238
1574900 1238
1574910 1238
1574920 1238
1574930 1238
1574940 1239
1574950 1238
1574960 1238
1574970 1238
1574980 1238
1574990 1239
1575000 1239
1575010 1239
1575020 1240
1575030 1240
1575040 1241
1575050 1242
1575060 1242
1575070 1242
1575080 1242
1575090 1242
1575100 1243
1575110 1244
1575120 1245
1575130 1245
1575140 1246
1575150 1247
1575160 1247
1575170 1249
1575180 1251
1575190 1251
1575200 1255
1575210 1258
1575220 1258
1575230 1260
1575240 1262
1575250 1262
1575260 1265
1575270 1267
1575280 1269
1575290 1269
1575300 1273
1575310 1276
1575320 1276
1575330 1278
1575340 1282
1575350 1282
1575360 1286
1575370 1289
1575380 1289
1575390 1291
1575400 1295
1575410 1300
1575420 1300
1575430 1301
1575440 1303
1575450 1303
1575460 1308
1575470 1315
1575480 1315
1575490 1321
1575500 1324
1575510 1324
1575520 1327
1575530 1329
1575540 1329
1575550 1333
1575560 1334
1575570 1333
1575580 1333
1575590 1330
1575600 1326
1575610 1326
1575620 1324
1575630 1324
1575640 1324
1575650 1322
1575660 1319
1575670 1319
1575680 1316
1575690 1314
1575700 1308
1575710 1308
1575720 1301
1575730 1296
1575740 1296
1575750 1293
1575760 1294
1575770 1294
1575780 1294
1575790 1292
1575800 1292
1575810 1295
1575820 1292
1575830 1292
1575840 1288
1575850 1284
1575860 1280
1575870 1280
1575880 1276
1575890 1271
1575900 1271
1575910 1263
1575920 1256
1575930 1256
1575940 1252
1575950 1251
1575960 1251
1575970 1246
1575980 1235
1575990 1227
1576000 1227
1576010 1219
1576020 1211
1576030 1211
1576040 1204
1576050 1196
1576060 1196
1576070 1185
1576080 1177
1576090 1177
1576100 1167
1576110 1159
1576120 1159
1576130 1151
1576140 1145
1576150 1138
1576160 1138
1576170 1127
1576180 1114
1576190 1114
1576200 1107
1576210 1100
1576220 1100
1576230 1089
1576240 1080
1576250 1080
1576260 1072
1576270 1065
1576280 1059
1576290 1059
1576300 1054
1576310 1049
1576320 1049
1576330 1044
1576340 1040
1576350 1040
1576360 1036
1576370 1030
1576380 1030
1576390 1023
1576400 1017
1576410 1017
1576420 1010
1576430 1004
1576440 999
1576450 999
1576460 995
1576470 990
1576480 990
1576490 986
1576500 982
1576510 982
1576520 978
1576530 975
1576540 975
1576550 974
1576560 973
1576570 971
1576580 971
1576590 968
1576600 965
1576610 965
1576620 961
1576630 957
1576640 957
1576650 953
1576660 948
1576670 948
1576680 943
1576690 940
1576700 940
1576710 938
1576720 935
1576730 931
1576740 931
1576750 927
1576760 922
1576770 922
1576780 917
1576790 912
1576800 912
1576810 908
1576820 903
1576830 903
1576840 899
1576850 895
1576860 890
1576870 890
1576880 885
1576890 881
1576900 881
1576910 879
1576920 879
1576930 879
1576940 877
1576950 875
1576960 875
1576970 874
1576980 868
1576990 868
1577000 861
1577010 855
1577020 851
1577030 851
1577040 848
1577050 845
1577060 845
1577070 841
1577080 837
1577090 837
1577100 830
1577110 824
1577120 824
1577130 818
1577140 812
1577150 812
1577160 805
1577170 795
1577180 788
1577190 788
1577200 780
1577210 773
1577220 773
1577230 767
1577240 763
1577250 763
1577260 760
1577270 753
1577280 753
1577290 747
1577300 745
1577310 741
1577320 741
1577330 744
1577340 750
1577350 750
1577360 757
1577370 763
1577380 763
1577390 769
1577400 775
1577410 775
1577420 781
1577430 788
1577440 788
1577450 795
1577460 801
1577470 799
1577480 799
1577490 796
1577500 797
1577510 797
1577520 800
1577530 804
1577540 804
1577550 809
1577560 814
1577570 814
1577580 818
1577590 820
1577600 822
1577610 822
1577620 827
1577630 833
1577640 833
1577650 837
1577660 836
1577670 836
1577680 832
1577690 828
1577700 828
1577710 824
1577720 821
1577730 821
1577740 820
1577750 818
1577760 813
1577770 813
1577780 807
1577790 801
1577800 801
1577810 800
1577820 798
1577830 798
1577840 792
1577850 786
1577860 786
1577870 781
1577880 779
1577890 778
1577900 778
1577910 778
1577920 779
1577930 779
1577940 780
1577950 781
1577960 781
1577970 782
1577980 784
1577990 784
1578000 786
1578010 788
1578020 788
1578030 791
1578040 794
1578050 797
1578060 797
1578070 800
1578080 803
1578090 803
1578100 805
1578110 808
1578120 808
1578130 810
1578140 813
1578150 813
1578160 817
1578170 823
1578180 831
1578190 831
1578200 839
1578210 845
1578220 845
1578230 851
1578240 852
1578250 852
1578260 855
1578270 856
1578280 856
1578290 857
1578300 859
1578310 859
1578320 859
1578330 856
1578340 857
1578350 857
1578360 864
1578370 872
1578380 872
1578390 877
1578400 879
1578410 879
1578420 879
1578430 879
1578440 879
1578450 880
1578460 887
1578470 892
1578480 892
1578490 890
1578500 889
1578510 896
1578520 895
1578530 893
1578540 893
1578550 895
1578560 899
1578570 899
1578580 900
1578590 899
1578600 899
1578610 898
1578620 899
1578630 900
1578640 900
1578650 902
1578660 900
1578670 900
1578680 899
1578690 901
1578700 901
1578710 906
1578720 912
1578730 912
1578740 917
1578750 923
1578760 928
1578770 928
1578780 929
1578790 930
1578800 930
1578810 932
1578820 933
1578830 933
1578840 934
1578850 936
1578860 936
1578870 938
1578880 940
1578890 940
1578900 942
1578910 944
1578920 946
1578930 946
1578940 948
1578950 947
1578960 947
1578970 944
1578980 943
1578990 943
1579000 943
1579010 943
1579020 943
1579030 942
1579040 943
1579050 944
1579060 944
1579070 944
1579080 944
1579090 944
1579100 944
1579110 945
1579120 945
1579130 945
1579140 946
1579150 946
1579160 948
1579170 949
1579180 949
1579190 950
1579200 952
1579210 953
1579220 953
1579230 954
1579240 956
1579250 956
1579260 957
1579270 958
1579280 958
1579290 960
1579300 961
1579310 961
1579320 963
1579330 965
1579340 968
1579350 968
1579360 970
1579370 971
1579380 971
1579390 973
1579400 974
1579410 974
1579420 976
1579430 978
1579440 978
1579450 980
1579460 983
1579470 983
1579480 986
1579490 989
1579500 991
1579510 991
1579520 994
1579530 998
1579540 998
1579550 999
1579560 1000
1579570 1000
1579580 1001
1579590 1004
1579600 1004
1579610 1006
1579620 1008
1579630 1010
1579640 1010
1579650 1013
1579660 1015
1579670 1015
1579680 1017
1579690 1017
1579700 1017
1579710 1017
1579720 1019
1579730 1019
1579740 1022
1579750 1022
1579760 1022
1579770 1018
1579780 1016
1579790 1020
1579800 1020
1579810 1028
1579820 1035
1579830 1035
1579840 1042
1579850 1049
1579860 1049
1579870 1054
1579880 1058
1579890 1058
1579900 1063
1579910 1066
1579920 1069
1579930 1069
1579940 1070
1579950 1071
1579960 1071
1579970 1072
1579980 1073
1579990 1073
