1560000 1494
1560010 1490
1560020 1486
1560030 1486
1560040 1482
1560050 1477
1560060 1472
1560070 1472
1560080 1466
1560090 1461
1560100 1461
1560110 1457
1560120 1451
1560130 1451
1560140 1447
1560150 1442
1560160 1442
1560170 1437
1560180 1432
1560190 1432
1560200 1427
1560210 1422
1560220 1416
1560230 1416
1560240 1411
1560250 1406
1560260 1406
1560270 1399
1560280 1391
1560290 1391
1560300 1384
1560310 1376
1560320 1376
1560330 1367
1560340 1359
1560350 1352
1560360 1352
1560370 1345
1560380 1340
1560390 1340
1560400 1335
1560410 1331
1560420 1331
1560430 1326
1560440 1321
1560450 1321
1560460 1315
1560470 1308
1560480 1308
1560490 1305
1560500 1304
1560510 1298
1560520 1298
1560530 1294
1560540 1290
1560550 1290
1560560 1286
1560570 1281
1560580 1281
1560590 1275
1560600 1269
1560610 1269
1560620 1262
1560630 1253
1560640 1244
1560650 1244
1560660 1239
1560670 1233
1560680 1233
1560690 1233
1560700 1235
1560710 1235
1560720 1239
1560730 1244
1560740 1244
1560750 1249
1560760 1255
1560770 1255
1560780 1260
1560790 1268
1560800 1277
1560810 1277
1560820 1284
1560830 1288
1560840 1288
1560850 1290
1560860 1293
1560870 1293
1560880 1296
1560890 1299
1560900 1299
1560910 1302
1560920 1306
1560930 1308
1560940 1308
1560950 1311
1560960 1314
1560970 1314
1560980 1317
1560990 1323
1561000 1323
1561010 1329
1561020 1335
1561030 1335
1561040 1341
1561050 1346
1561060 1346
1561070 1352
1561080 1357
1561090 1360
1561100 1360
1561110 1362
1561120 1363
1561130 1363
1561140 1364
1561150 1364
1561160 1357
1561170 1360
1561180 1363
1561190 1363
1561200 1368
1561210 1373
1561220 1378
1561230 1378
1561240 1383
1561250 1387
1561260 1387
1561270 1390
1561280 1392
1561290 1392
1561300 1393
1561310 1394
1561320 1394
1561330 1395
1561340 1395
1561350 1395
1561360 1396
1561370 1398
1561380 1400
1561390 1400
1561400 1402
1561410 1402
1561420 1402
1561430 1403
1561440 1404
1561450 1404
1561460 1405
1561470 1406
1561480 1406
1561490 1407
1561500 1411
1561510 1415
1561520 1415
1561530 1418
1561540 1419
1561550 1419
1561560 1421
1561570 1424
1561580 1424
1561590 1430
1561600 1436
1561610 1436
1561620 1442
1561630 1447
1561640 1447
1561650 1448
1561660 1447
1561670 1447
1561680 1447
1561690 1447
1561700 1446
1561710 1446
1561720 1444
1561730 1442
1561740 1442
1561750 1440
1561760 1439
1561770 1439
1561780 1439
1561790 1436
1561800 1433
1561810 1433
1561820 1441
1561830 1456
1561840 1456
1561850 1465
1561860 1474
1561870 1474
1561880 1485
1561890 1492
1561900 1492
1561910 1492
1561920 1491
1561930 1491
1561940 1493
1561950 1493
1561960 1492
1561970 1492
1561980 1492
1561990 1498
1562000 1498
1562010 1506
1562020 1508
1562030 1508
1562040 1507
1562050 1506
1562060 1506
1562070 1502
1562080 1502
1562090 1498
1562100 1498
1562110 1494
1562120 1491
1562130 1491
1562140 1490
1562150 1490
1562160 1490
1562170 1487
1562180 1481
1562190 1481
1562200 1473
1562210 1465
1562220 1465
1562230 1461
1562240 1464
1562250 1465
1562260 1465
1562270 1464
1562280 1462
1562290 1462
1562300 1459
1562310 1456
1562320 1456
1562330 1453
1562340 1449
1562350 1449
1562360 1445
1562370 1440
1562380 1435
1562390 1435
1562400 1430
1562410 1426
1562420 1426
1562430 1422
1562440 1418
1562450 1418
1562460 1414
1562470 1408
1562480 1408
1562490 1403
1562500 1398
1562510 1398
1562520 1394
1562530 1393
1562540 1392
1562550 1392
1562560 1391
1562570 1383
1562580 1383
1562590 1380
1562600 1379
1562610 1379
1562620 1377
1562630 1376
1562640 1376
1562650 1377
1562660 1383
1564340 1703
1564350 1703
1564360 1709
1564370 1711
1564380 1711
1564390 1712
1564400 1713
1564410 1713
1564420 1716
1564430 1719
1564440 1722
1564450 1722
1564460 1723
1564470 1723
1564480 1723
1564490 1722
1564500 1720
1564510 1720
1564520 1718
1564530 1713
1564540 1713
1564550 1705
1564560 1703
1564570 1702
1564580 1702
1564590 1699
1564600 1695
1564610 1695
1564620 1693
1564630 1693
1564640 1693
1564650 1693
1564660 1691
1564670 1691
1564680 1689
1564690 1688
1564700 1688
1564710 1687
1564720 1684
1564730 1683
1564740 1683
1564750 1687
1564760 1689
1564770 1689
1564780 1689
1564790 1689
1564800 1689
1564810 1692
1564820 1695
1564830 1695
1564840 1702
1564850 1708
1564860 1713
1564870 1713
1564880 1717
1564890 1719
1564900 1719
1564910 1721
1564920 1725
1564930 1725
1564940 1730
1564950 1735
1564960 1735
1564970 1739
1564980 1739
1564990 1739
1565000 1738
1565010 1737
1565020 1737
1565030 1737
1565040 1738
1565050 1739
1565060 1739
1565070 1740
1565080 1741
1565090 1741
1565100 1743
1565110 1745
1565120 1745
1565130 1745
1565140 1745
1565150 1745
1565160 1745
1565170 1745
1565180 1745
1565190 1745
1565200 1744
1565210 1742
1565220 1742
1565230 1741
1565240 1739
1565250 1739
1565260 1737
1565270 1734
1565280 1734
1565290 1732
1565300 1729
1565310 1727
1565320 1727
1565330 1724
1565340 1722
1565350 1722
1565360 1722
1565370 1725
1565380 1725
1565390 1729
1565400 1732
1565410 1732
1565420 1736
1565430 1740
1565440 1744
1565450 1744
1565460 1749
1565470 1753
1565480 1753
1565490 1756
1565500 1759
1565510 1759
1565520 1762
1565530 1765
1565540 1765
1565550 1768
1565560 1770
1565570 1770
1565580 1771
1565590 1771
1565600 1772
1565610 1772
1565620 1772
1565630 1773
1565640 1773
1565650 1775
1565660 1776
1565670 1776
1565680 1775
1565690 1775
1565700 1775
1565710 1776
1565720 1777
1565730 1777
1565740 1777
1565750 1778
1565760 1776
1565770 1776
1565780 1768
1565790 1761
1565800 1761
1565810 1758
1565820 1751
1565830 1751
1565840 1737
1565850 1724
1565860 1724
1565870 1714
1565880 1706
1565890 1698
1565900 1698
1565910 1691
1565920 1684
1565930 1684
1565940 1676
1565950 1667
1565960 1667
1565970 1659
1565980 1653
1565990 1653
1566000 1646
1566010 1639
1566020 1633
1566030 1633
1566040 1626
1566050 1620
1566060 1620
1566070 1615
1566080 1609
1566090 1609
1566100 1603
1566110 1597
1566120 1597
1566130 1591
1566140 1585
1566150 1585
1566160 1580
1566170 1574
1566180 1568
1566190 1568
1566200 1562
1566210 1556
1566220 1556
1566230 1550
1566240 1544
1566250 1544
1566260 1538
1566270 1532
1566280 1532
1566290 1526
1566300 1520
1566310 1515
1566320 1515
1566330 1509
1566340 1503
1566350 1503
1566360 1497
1566370 1492
1566380 1492
1566390 1486
1566400 1481
1566410 1481
1566420 1477
1566430 1472
1566440 1472
1566450 1467
1566460 1463
1566470 1461
1566480 1461
1566490 1460
1566500 1459
1566510 1459
1566520 1458
1566530 1458
1566540 1458
1566550 1458
1566560 1457
1566570 1457
1566580 1457
1566590 1457
1566600 1457
1566610 1457
1566620 1456
1566630 1455
1566640 1455
1566650 1453
1566660 1451
1566670 1451
1566680 1450
1566690 1448
1566700 1448
1566710 1445
1566720 1444
1566730 1444
1566740 1443
1566750 1441
1566760 1440
1566770 1440
1566780 1438
1566790 1438
1566800 1438
1566810 1437
1566820 1436
1566830 1436
1566840 1433
1566850 1431
1566860 1431
1566870 1429
1566880 1426
1566890 1426
1566900 1422
1566910 1417
1566920 1411
1566930 1411
1566940 1405
1566950 1399
1566960 1399
1566970 1393
1566980 1387
1566990 1387
1567000 1382
1567010 1377
1567020 1377
1567030 1373
1567040 1369
1567050 1365
1567060 1365
1567070 1362
1567080 1358
1567090 1358
1567100 1353
1567110 1349
1567120 1349
1567130 1345
1567140 1340
1567150 1340
1567160 1336
1567170 1336
1567180 1336
1567190 1335
1567200 1333
1567210 1330
1567220 1330
1567230 1327
1567240 1323
1567250 1323
1567260 1318
1567270 1312
1567280 1312
1567290 1307
1567300 1301
1567310 1301
1567320 1296
1567330 1291
1567340 1287
1567350 1287
1567360 1283
1567370 1280
1567380 1280
1567390 1277
1567400 1273
1567410 1273
1567420 1270
1567430 1266
1567440 1266
1567450 1259
1567460 1255
1567470 1255
1567480 1250
1567490 1245
1567500 1245
1567510 1245
1567520 1241
1567530 1239
1567540 1239
1567550 1244
1567560 1248
1567570 1248
1567580 1250
1567590 1252
1567600 1252
1567610 1249
1567620 1244
1567630 1244
1567640 1244
1567650 1246
1567660 1243
1567670 1243
1567680 1242
1567690 1243
1567700 1243
1567710 1250
1567720 1253
1567730 1253
1567740 1251
1567750 1244
1567760 1244
1567770 1234
1567780 1224
1567790 1216
1567800 1216
1567810 1226
1567820 1238
1567830 1238
1567840 1241
1567850 1233
1567860 1233
1567870 1220
1567880 1211
1567890 1211
1567900 1206
1567910 1196
1567920 1195
1567930 1195
1567940 1202
1567950 1217
1567960 1217
1567970 1227
1567980 1220
1567990 1220
1568000 1206
1568010 1199
1568020 1199
1568030 1206
1568040 1215
1568050 1215
1568060 1220
1568070 1219
1568080 1223
1568090 1223
1568100 1228
1568110 1218
1568120 1218
1568130 1204
1568140 1197
1568150 1197
1568160 1199
1568170 1198
1568180 1198
1568190 1194
1568200 1185
1568210 1179
1568220 1179
1568230 1176
1568240 1168
1568250 1168
1568260 1164
1568270 1156
1568280 1156
1568290 1150
1568300 1146
1568310 1146
1568320 1144
1568330 1135
1568340 1135
1568350 1111
1568360 1104
1568370 1102
1568380 1102
1568390 1102
1568400 1104
1568410 1104
1568420 1109
1568430 1110
1568440 1110
1568450 1114
1568460 1118
1568470 1118
1568480 1125
1568490 1134
1568500 1144
1568510 1144
1568520 1151
1568530 1160
1568540 1160
1568550 1167
1568560 1165
1568570 1165
1568580 1153
1568590 1145
1568600 1145
1568610 1139
1568620 1132
1568630 1132
1568640 1126
1568650 1121
1568660 1116
1568670 1116
1568680 1111
1568690 1106
1568700 1106
1568710 1099
1568720 1094
1568730 1094
1568740 1096
1568750 1096
1568760 1096
1568770 1094
1568780 1091
1568790 1096
1568800 1096
1568810 1099
1568820 1104
1568830 1104
1568840 1109
1568850 1113
1568860 1113
1568870 1117
1568880 1115
1568890 1115
1568900 1114
1568910 1117
1568920 1117
1568930 1116
1568940 1112
1568950 1106
1568960 1106
1568970 1101
1568980 1094
1568990 1094
1569000 1087
1569010 1081
1569020 1081
1569030 1078
1569040 1074
1569050 1074
1569060 1069
1569070 1068
1569080 1066
1569090 1066
1569100 1065
1569110 1065
1569120 1065
1569130 1066
1569140 1068
1569150 1068
1569160 1069
1569170 1071
1569180 1071
1569190 1073
1569200 1075
1569210 1075
1569220 1077
1569230 1079
1569240 1082
1569250 1082
1569260 1085
1569270 1093
1569280 1093
1569290 1098
1569300 1102
1569310 1102
1569320 1104
1569330 1106
1569340 1106
1569350 1109
1569360 1112
1569370 1114
1569380 1114
1569390 1117
1569400 1119
1569410 1119
1569420 1120
1569430 1123
1569440 1123
1569450 1127
1569460 1132
1569470 1132
1569480 1135
1569490 1139
1569500 1139
1569510 1145
1569520 1151
1569530 1157
1569540 1157
1569550 1163
1569560 1170
1569570 1170
1569580 1176
1569590 1183
1569600 1183
1569610 1189
1569620 1195
1569630 1195
1569640 1200
1569650 1204
1569660 1210
1569670 1210
1569680 1215
1569690 1220
1569700 1220
1569710 1224
1569720 1229
1569730 1229
1569740 1234
1569750 1240
1569760 1240
1569770 1245
1569780 1247
1569790 1247
1569800 1250
1569810 1256
1569820 1263
1569830 1263
1569840 1271
1569850 1270
1569860 1270
1569870 1260
1569880 1252
1569890 1252
1569900 1243
1569910 1234
1569920 1234
1569930 1229
1569940 1225
1569950 1219
1569960 1219
1569970 1209
1569980 1200
1569990 1200
1570000 1193
1570010 1187
1570020 1187
1570030 1180
1570040 1173
1570050 1173
1570060 1167
1570070 1163
1570080 1163
1570090 1158
1570100 1156
1570110 1151
1570120 1151
1570130 1147
1570140 1144
1570150 1144
1570160 1138
1570170 1132
1570180 1132
1570190 1126
1570200 1120
1570210 1120
1570220 1114
1570230 1108
1570240 1108
1570250 1102
1570260 1090
1570270 1082
1570280 1082
1570290 1088
1570300 1097
1570310 1097
1570320 1092
1570330 1082
1570340 1082
1570350 1075
1570360 1068
1570370 1068
1570380 1062
1570390 1052
1570400 1042
1570410 1042
1570420 1035
1570430 1035
1570440 1035
1570450 1034
1570460 1037
1570470 1037
1570480 1044
1570490 1047
1570500 1047
1570510 1048
1570520 1049
1570530 1049
1570540 1050
1570550 1046
1570560 1048
1570570 1048
1570580 1050
1570590 1055
1570600 1055
1570610 1061
1570620 1060
1570630 1060
1570640 1058
1570650 1052
1570660 1052
1570670 1051
1570680 1049
1570690 1047
1570700 1047
1570710 1048
1570720 1052
1570730 1052
1570740 1057
1570750 1059
1570760 1059
1570770 1059
1570780 1059
1570790 1059
1570800 1054
1570810 1050
1570820 1050
1570830 1046
1570840 1042
1570850 1038
1570860 1038
1570870 1036
1570880 1034
1570890 1034
1570900 1033
1570910 1031
1570920 1031
1570930 1029
1570940 1028
1570950 1028
1570960 1026
1570970 1026
1570980 1025
1570990 1025
1571000 1024
1571010 1022
1571020 1022
1571030 1020
1571040 1018
1571050 1018
1571060 1015
1571070 1014
1571080 1014
1571090 1012
1571100 1009
1571110 1009
1571120 1006
1571130 1004
1571140 1004
1571150 1004
1571160 1006
1571170 1006
1571180 1006
1571190 1006
1571200 1007
1571210 1007
1571220 1008
1571230 1008
1571240 1008
1571250 1009
1571260 1009
1571270 1008
1571280 1008
1571290 1010
1571300 1011
1571310 1011
1571320 1011
1571330 1011
1571340 1011
1571350 1011
1571360 1011
1571370 1011
1571380 1011
1571390 1010
1571400 1010
1571410 1010
1571420 1009
1571430 1009
1571440 1009
1571450 1008
1571460 1009
1571470 1009
1571480 1009
1571490 1010
1571500 1010
1571510 1012
1571520 1012
1571530 1012
1571540 1012
1571550 1012
1571560 1013
1571570 1013
1571580 1014
1571590 1015
1571600 1015
1571610 1015
1571620 1015
1571630 1015
1571640 1016
1571650 1019
1571660 1019
1571670 1021
1571680 1022
1571690 1022
1571700 1022
1571710 1025
1571720 1032
1571730 1032
1571740 1039
1571750 1041
1571760 1041
1571770 1041
1571780 1043
1571790 1043
1571800 1044
1571810 1046
1571820 1046
1571830 1050
1571840 1054
1571850 1057
1571860 1057
1571870 1061
1571880 1058
1571890 1058
1571900 1056
1571910 1054
1571920 1054
1571930 1053
1571940 1049
1571950 1049
1571960 1043
1571970 1039
1571980 1039
1571990 1039
1572000 1039
1572010 1039
1572020 1039
1572030 1041
1572040 1042
1572050 1042
1572060 1042
1572070 1043
1572080 1043
1572090 1040
1572100 1036
1572110 1036
1572120 1035
1572130 1036
1572140 1037
1572150 1037
1572160 1036
1572170 1036
1572180 1036
1572190 1037
1572200 1037
1572210 1037
1572220 1037
1572230 1038
1572240 1038
1572250 1040
1572260 1042
1572270 1042
1572280 1045
1572290 1048
1572300 1054
1572310 1054
1572320 1058
1572330 1062
1572340 1062
1572350 1066
1572360 1074
1572370 1074
1572380 1082
1572390 1089
1572400 1089
1572410 1097
1572420 1102
1572430 1107
1572440 1107
1572450 1116
1572460 1121
1572470 1121
1572480 1127
1572490 1129
1572500 1129
1572510 1131
1572520 1132
1572530 1132
1572540 1134
1572550 1130
1572560 1130
1572570 1127
1572580 1124
1572590 1123
1572600 1123
1572610 1124
1572620 1131
1572630 1131
1572640 1140
1572650 1142
1572660 1142
1572670 1145
1572680 1154
1572690 1154
1572700 1166
1572710 1178
1572720 1182
1572730 1182
1572740 1182
1572750 1185
1572760 1185
1572770 1193
1572780 1198
1572790 1198
1572800 1201
1572810 1204
1572820 1204
1572830 1207
1572840 1209
1572850 1209
1572860 1212
1572870 1217
1572880 1223
1572890 1223
1572900 1231
1572910 1235
1572920 1235
1572930 1233
1572940 1234
1572950 1234
1572960 1239
1572970 1244
1572980 1244
1572990 1247
1573000 1252
1573010 1257
1573020 1257
1573030 1265
1573040 1266
1573050 1266
1573060 1267
1573070 1269
1573080 1269
1573090 1273
1573100 1279
1573110 1279
1573120 1285
1573130 1290
1573140 1290
1573150 1297
1573160 1303
1573170 1310
1573180 1310
1573190 1316
1573200 1323
1573210 1323
1573220 1329
1573230 1335
1573240 1335
1573250 1342
1573260 1349
1573270 1349
1573280 1355
1573290 1361
1573300 1371
1573310 1371
1573320 1378
1573330 1384
1573340 1384
1573350 1392
1573360 1402
1573370 1402
1573380 1415
1573390 1426
1573400 1426
1573410 1433
1573420 1437
1573430 1437
1573440 1442
1573450 1449
1573460 1461
1573470 1461
1573480 1471
1573490 1482
1573500 1482
1573510 1494
1573520 1507
1573530 1507
1573540 1520
1573550 1530
1573560 1530
1573570 1535
1573580 1552
1573590 1552
1573600 1586
1573610 1605
1573620 1615
1573630 1615
1573640 1628
1573650 1641
1573660 1641
1573670 1650
1573680 1656
1573690 1656
1573700 1661
1573710 1666
1573720 1666
1573730 1671
1573740 1676
1573750 1680
1573760 1680
1573770 1682
1573780 1684
1573790 1684
1573800 1685
1573810 1684
1573820 1684
1573830 1675
1573840 1664
1573850 1664
1573860 1654
1573870 1644
1573880 1644
1573890 1637
1573900 1630
1573910 1622
1573920 1622
1573930 1613
1573940 1599
1573950 1599
1573960 1582
1573970 1569
1573980 1569
1573990 1565
1574000 1564
1574010 1564
1574020 1567
1574030 1563
1574040 1555
1574050 1555
1574060 1544
1574070 1531
1574080 1531
1574090 1521
1574100 1510
1574110 1510
1574120 1504
1574130 1500
1574140 1500
1574150 1499
1574160 1501
1574170 1501
1574180 1499
1574190 1489
1574200 1483
1574210 1483
1574220 1480
1574230 1478
1574240 1478
1574250 1482
1574260 1487
1574270 1487
1574280 1485
1574290 1477
1574300 1477
1574310 1470
1574320 1463
1574330 1455
1574340 1455
1574350 1447
1574360 1440
1574370 1440
1574380 1433
1574390 1427
1574400 1427
1574410 1420
1574420 1415
1574430 1415
1574440 1410
1574450 1406
1574460 1406
1574470 1402
1574480 1397
1574490 1394
1574500 1394
1574510 1392
1574520 1389
1574530 1389
1574540 1385
1574550 1380
1574560 1380
1574570 1374
1574580 1369
1574590 1369
1574600 1363
1574610 1356
1574620 1348
1574630 1348
1574640 1341
1574650 1333
1574660 1333
1574670 1326
1574680 1318
1574690 1318
1574700 1310
1574710 1303
1574720 1303
1574730 1297
1574740 1290
1574750 1290
1574760 1283
1574770 1276
1574780 1269
1574790 1269
1574800 1261
1574810 1251
1574820 1251
1574830 1234
1574840 1221
1574850 1221
1574860 1208
1574870 1203
1574880 1203
1574890 1195
1574900 1179
1574910 1160
1574920 1160
1574930 1142
1574940 1134
1574950 1134
1574960 1131
1574970 1126
1574980 1126
1574990 1117
1575000 1112
1575010 1112
1575020 1114
1575030 1108
1575040 1108
1575050 1099
1575060 1090
1575070 1081
1575080 1081
1575090 1072
1575100 1065
1575110 1065
1575120 1057
1575130 1048
1575140 1048
1575150 1044
1575160 1038
1575170 1038
1575180 1033
1575190 1034
1575200 1032
1575210 1032
1575220 1026
1575230 1022
1575240 1022
1575250 1017
1575260 1014
1575270 1014
1575280 1013
1575290 1011
1575300 1011
1575310 1005
1575320 1003
1575330 1003
1575340 1001
1575350 1000
1575360 997
1575370 997
1575380 994
1575390 990
1575400 990
1575410 987
1575420 985
1575430 985
1575440 983
1575450 979
1575460 979
1575470 977
1575480 978
1575490 976
1575500 976
1575510 972
1575520 967
1575530 967
1575540 965
1575550 964
1575560 964
1575570 958
1575580 952
1575590 952
1575600 947
1575610 945
1575620 945
1575630 949
1575640 950
1575650 946
1575660 946
1575670 939
1575680 935
1575690 935
1575700 934
1575710 933
1575720 933
1575730 932
1575740 931
1575750 931
1575760 929
1575770 930
1575780 931
1575790 931
1575800 925
1575810 923
1575820 923
1575830 923
1575840 921
1575850 921
1575860 918
1575870 916
1575880 916
1575890 916
1575900 914
1575910 914
1575920 912
1575930 909
1575940 906
1575950 906
1575960 905
1575970 904
1575980 904
1575990 905
1576000 903
1576010 903
1576020 901
1576030 901
1576040 901
1576050 900
1576060 900
1576070 900
1576080 892
1576090 894
1576100 896
1576110 896
1576120 899
1576130 900
1576140 900
1576150 901
1576160 899
1576170 899
1576180 895
1576190 888
1576200 888
1576210 881
1576220 875
1576230 869
1576240 869
1576250 863
1576260 856
1576270 856
1576280 850
1576290 845
1576300 845
1576310 839
1576320 833
1576330 833
1576340 828
1576350 822
1576360 816
1576370 816
1576380 809
1576390 802
1576400 802
1576410 794
1576420 787
1576430 787
1576440 783
1576450 780
1576460 780
1576470 778
1576480 775
1576490 775
1576500 772
1576510 769
1576520 765
1576530 765
1576540 762
1576550 762
1576560 762
1576570 763
1576580 759
1576590 759
1576600 754
1576610 749
1576620 749
1576630 744
1576640 738
1576650 734
1576660 734
1576670 731
1576680 728
1576690 728
1576700 725
1576710 720
1576720 720
1576730 713
1576740 707
1576750 707
1576760 702
1576770 698
1576780 698
1576790 693
1576800 688
1576810 685
1576820 685
1576830 683
1576840 682
1576850 682
1576860 682
1576870 682
1576880 682
1576890 681
1576900 680
1576910 680
1576920 682
1576930 686
1576940 686
1576950 691
1576960 695
1576970 702
1576980 702
1576990 708
1577000 714
1577010 714
1577020 718
1577030 723
1577040 723
1577050 727
1577060 734
1577070 734
1577080 740
1577090 745
1577100 751
1577110 751
1577120 758
1577130 765
1577140 765
1577150 771
1577160 778
1577170 778
1577180 785
1577190 791
1577200 791
1577210 797
1577220 803
1577230 803
1577240 809
1577250 816
1577260 820
1577270 820
1577280 823
1577290 826
1577300 826
1577310 830
1577320 833
1577330 833
1577340 833
1577350 832
1577360 832
1577370 830
1577380 828
1577390 825
1577400 825
1577410 820
1577420 814
1577430 818
1577440 814
1577450 811
1577460 811
1577470 807
1577480 805
1577490 805
1577500 806
1577510 808
1577520 808
1577530 812
1577540 817
1577550 822
1577560 822
1577570 827
1577580 829
1577590 829
1577600 830
1577610 829
1577620 829
1577630 827
1577640 824
1577650 824
1577660 821
1577670 821
1577680 826
1577690 826
1577700 831
1577710 833
1577720 833
1577730 836
1577740 839
1577750 839
1577760 842
1577770 846
1577780 846
1577790 851
1577800 854
1577810 854
1577820 855
1577830 856
1577840 857
1577850 857
1577860 858
1577870 861
1577880 861
1577890 861
1577900 864
1577910 864
1577920 868
1577930 872
1577940 872
1577950 875
1577960 879
1577970 883
1577980 883
1577990 886
1578000 889
1578010 889
1578020 893
1578030 898
1578040 898
1578050 903
1578060 909
1578070 909
1578080 915
1578090 922
1578100 922
1578110 928
1578120 935
1578130 942
1578140 942
1578150 947
1578160 955
1578170 955
1578180 965
1578190 977
1578200 977
1578210 984
1578220 990
1578230 990
1578240 996
1578250 1002
1578260 1007
1578270 1007
1578280 1012
1578290 1016
1578300 1016
1578310 1021
1578320 1027
1578330 1027
1578340 1034
1578350 1042
1578360 1042
1578370 1051
1578380 1060
1578390 1060
1578400 1068
1578410 1074
1578420 1080
1578430 1080
1578440 1085
1578450 1091
1578460 1091
1578470 1097
1578480 1102
1578490 1102
1578500 1104
1578510 1103
1578520 1103
1578530 1102
1578540 1103
1578550 1103
1578560 1103
1578570 1105
1578580 1107
1578590 1107
1578600 1108
1578610 1110
1578620 1110
1578630 1113
1578640 1117
1578650 1117
1578660 1122
1578670 1126
1578680 1126
1578690 1131
1578700 1134
1578710 1135
1578720 1135
1578730 1137
1578740 1137
1578750 1137
1578760 1135
1578770 1131
1578780 1131
1578790 1130
1578800 1130
1578810 1130
1578820 1133
1578830 1135
1578840 1135
1578850 1135
1578860 1137
1578870 1139
1578880 1139
1578890 1140
1578900 1142
1578910 1142
1578920 1143
1578930 1146
1578940 1146
1578950 1147
1578960 1150
1578970 1150
1578980 1153
1578990 1156
1579000 1158
1579010 1158
1579020 1159
1579030 1159
1579040 1159
1579050 1161
1579060 1164
1579070 1164
1579080 1168
1579090 1173
1579100 1173
1579110 1177
1579120 1179
1579130 1181
1579140 1181
1579150 1183
1579160 1188
1579170 1188
1579180 1192
1579190 1196
1579200 1196
1579210 1199
1579220 1201
1579230 1201
1579240 1203
1579250 1205
1579260 1205
1579270 1205
1579280 1206
1579290 1206
1579300 1206
1579310 1206
1579320 1207
1579330 1207
1579340 1207
1579350 1205
1579360 1205
1579370 1205
1579380 1206
1579390 1206
1579400 1207
1579410 1211
1579420 1215
1579430 1215
1579440 1220
1579450 1226
1579460 1226
1579470 1236
1579480 1240
1579490 1240
1579500 1244
1579510 1259
1579520 1259
1579530 1269
1579540 1270
1579550 1270
1579560 1271
1579570 1276
1579580 1275
1579590 1275
1579600 1278
1579610 1279
1579620 1279
1579630 1278
1579640 1278
1579650 1278
1579660 1278
1579670 1282
1579680 1282
1579690 1278
1579700 1277
1579710 1277
1579720 1276
1579730 1266
1579740 1260
1579750 1260
1579760 1265
1579770 1270
1579780 1270
1579790 1271
1579800 1270
1579810 1270
1579820 1267
1579830 1262
1579840 1262
1579850 1254
1579860 1250
1579870 1247
1579880 1247
1579890 1246
1579900 1246
1579910 1246
1579920 1246
1579930 1246
1579940 1246
1579950 1246
1579960 1245
1579970 1245
1579980 1244
1579990 1243
