1560000 1494
1560010 1490
1560020 1490
1560030 1490
1560040 1486
1560050 1481
1560060 1477
1560070 1477
1560080 1472
1560090 1467
1560100 1467
1560110 1463
1560120 1458
1560130 1458
1560140 1453
1560150 1448
1560160 1448
1560170 1442
1560180 1435
1560190 1435
1560200 1430
1560210 1424
1560220 1419
1560230 1419
1560240 1414
1560250 1408
1560260 1408
1560270 1402
1560280 1394
1560290 1394
1560300 1385
1560310 1377
1560320 1377
1560330 1370
1560340 1362
1560350 1354
1560360 1354
1560370 1346
1560380 1341
1560390 1341
1560400 1336
1560410 1331
1560420 1331
1560430 1327
1560440 1322
1560450 1322
1560460 1316
1560470 1310
1560480 1310
1560490 1305
1560500 1302
1560510 1298
1560520 1298
1560530 1294
1560540 1290
1560550 1290
1560560 1286
1560570 1281
1560580 1281
1560590 1275
1560600 1270
1560610 1270
1560620 1265
1560630 1257
1560640 1247
1560650 1247
1560660 1239
1560670 1232
1560680 1232
1560690 1230
1560700 1231
1560710 1231
1560720 1234
1560730 1240
1560740 1240
1560750 1246
1560760 1252
1560770 1252
1560780 1260
1560790 1268
1560800 1276
1560810 1276
1560820 1282
1560830 1285
1560840 1285
1560850 1287
1560860 1289
1560870 1289
1560880 1293
1560890 1296
1560900 1296
1560910 1299
1560920 1301
1560930 1304
1560940 1304
1560950 1306
1560960 1310
1560970 1310
1560980 1314
1560990 1320
1561000 1320
1561010 1326
1561020 1332
1561030 1332
1561040 1337
1561050 1342
1561060 1342
1561070 1347
1561080 1352
1561090 1354
1561100 1354
1561110 1355
1561120 1356
1561130 1356
1561140 1357
1561150 1357
1561160 1357
1561170 1360
1561180 1363
1561190 1363
1561200 1368
1561210 1373
1561220 1378
1561230 1378
1561240 1383
1561250 1387
1561260 1387
1561270 1390
1561280 1392
1561290 1392
1561300 1393
1561310 1394
1561320 1394
1561330 1395
1561340 1395
1561350 1395
1561360 1396
1561370 1398
1561380 1400
1561390 1400
1561400 1402
1561410 1402
1561420 1402
1561430 1403
1561440 1404
1561450 1404
1561460 1405
1561470 1406
1561480 1406
1561490 1407
1561500 1411
1561510 1415
1561520 1415
1561530 1418
1561540 1419
1561550 1419
1561560 1421
1561570 1424
1561580 1424
1561590 1430
1561600 1436
1561610 1436
1561620 1442
1561630 1447
1561640 1447
1561650 1448
1561660 1447
1561670 1439
1561680 1439
1561690 1439
1561700 1439
1561710 1439
1561720 1437
1561730 1435
1561740 1435
1561750 1433
1561760 1433
1561770 1433
1561780 1430
1561790 1425
1561800 1429
1561810 1429
1561820 1440
1561830 1450
1561840 1450
1561850 1456
1561860 1464
1561870 1464
1561880 1473
1561890 1480
1561900 1480
1561910 1481
1561920 1482
1561930 1482
1561940 1484
1561950 1485
1561960 1482
1561970 1482
1561980 1484
1561990 1493
1562000 1493
1562010 1500
1562020 1502
1562030 1502
1562040 1502
1562050 1503
1562060 1503
1562070 1500
1562080 1499
1562090 1498
1562100 1498
1562110 1494
1562120 1490
1562130 1490
1562140 1487
1562150 1484
1562160 1484
1562170 1482
1562180 1480
1562190 1480
1562200 1475
1562210 1465
1562220 1465
1562230 1459
1562240 1455
1562250 1458
1562260 1458
1562270 1458
1562280 1458
1562290 1458
1562300 1456
1562310 1453
1562320 1453
1562330 1450
1562340 1447
1562350 1447
1562360 1443
1562370 1438
1562380 1438
1562390 1434
1562400 1430
1562410 1423
1562420 1423
1562430 1414
1562440 1408
1562450 1408
1562460 1408
1562470 1402
1562480 1402
1562490 1398
1562500 1398
1562510 1398
1562520 1399
1562530 1399
1562540 1398
1562550 1398
1562560 1396
1562570 1386
1562580 1386
1562590 1384
1562600 1385
1562610 1385
1562620 1386
1562630 1387
1562640 1387
1562650 1388
1562660 1387
1562670 1387
1562680 1379
1564300 1703
1564310 1706
1564320 1706
1564330 1707
1564340 1708
1564350 1708
1564360 1709
1564370 1711
1564380 1711
1564390 1712
1564400 1713
1564410 1713
1564420 1716
1564430 1719
1564440 1722
1564450 1722
1564460 1723
1564470 1723
1564480 1723
1564490 1722
1564500 1720
1564510 1720
1564520 1718
1564530 1713
1564540 1713
1564550 1705
1564560 1703
1564570 1702
1564580 1702
1564590 1699
1564600 1695
1564610 1695
1564620 1693
1564630 1693
1564640 1693
1564650 1693
1564660 1691
1564670 1691
1564680 1689
1564690 1688
1564700 1688
1564710 1687
1564720 1684
1564730 1683
1564740 1683
1564750 1687
1564760 1689
1564770 1689
1564780 1689
1564790 1689
1564800 1689
1564810 1692
1564820 1695
1564830 1695
1564840 1702
1564850 1712
1564860 1719
1564870 1719
1564880 1725
1564890 1728
1564900 1728
1564910 1730
1564920 1733
1564930 1733
1564940 1737
1564950 1741
1564960 1741
1564970 1746
1564980 1746
1564990 1746
1565000 1745
1565010 1746
1565020 1745
1565030 1745
1565040 1745
1565050 1746
1565060 1746
1565070 1747
1565080 1748
1565090 1748
1565100 1751
1565110 1751
1565120 1751
1565130 1752
1565140 1752
1565150 1752
1565160 1752
1565170 1751
1565180 1750
1565190 1750
1565200 1749
1565210 1747
1565220 1747
1565230 1745
1565240 1743
1565250 1743
1565260 1741
1565270 1739
1565280 1739
1565290 1736
1565300 1733
1565310 1731
1565320 1731
1565330 1728
1565340 1726
1565350 1726
1565360 1726
1565370 1728
1565380 1728
1565390 1731
1565400 1735
1565410 1735
1565420 1739
1565430 1743
1565440 1747
1565450 1747
1565460 1751
1565470 1756
1565480 1756
1565490 1759
1565500 1763
1565510 1763
1565520 1766
1565530 1769
1565540 1769
1565550 1772
1565560 1774
1565570 1774
1565580 1774
1565590 1775
1565600 1775
1565610 1775
1565620 1776
1565630 1777
1565640 1777
1565650 1778
1565660 1779
1565670 1779
1565680 1780
1565690 1780
1565700 1780
1565710 1780
1565720 1781
1565730 1781
1565740 1781
1565750 1781
1565760 1775
1565770 1775
1565780 1766
1565790 1758
1565800 1758
1565810 1750
1565820 1746
1565830 1746
1565840 1737
1565850 1725
1565860 1725
1565870 1716
1565880 1708
1565890 1700
1565900 1700
1565910 1692
1565920 1684
1565930 1684
1565940 1676
1565950 1667
1565960 1667
1565970 1659
1565980 1653
1565990 1653
1566000 1646
1566010 1639
1566020 1639
1566030 1633
1566040 1626
1566050 1620
1566060 1620
1566070 1615
1566080 1609
1566090 1609
1566100 1603
1566110 1597
1566120 1597
1566130 1591
1566140 1585
1566150 1585
1566160 1580
1566170 1574
1566180 1568
1566190 1568
1566200 1562
1566210 1556
1566220 1556
1566230 1550
1566240 1544
1566250 1544
1566260 1538
1566270 1532
1566280 1532
1566290 1526
1566300 1520
1566310 1520
1566320 1515
1566330 1509
1566340 1503
1566350 1503
1566360 1497
1566370 1492
1566380 1492
1566390 1486
1566400 1480
1566410 1480
1566420 1475
1566430 1471
1566440 1471
1566450 1466
1566460 1462
1566470 1459
1566480 1459
1566490 1456
1566500 1454
1566510 1454
1566520 1453
1566530 1453
1566540 1453
1566550 1453
1566560 1453
1566570 1453
1566580 1453
1566590 1453
1566600 1453
1566610 1453
1566620 1453
1566630 1452
1566640 1452
1566650 1449
1566660 1446
1566670 1446
1566680 1444
1566690 1441
1566700 1441
1566710 1440
1566720 1438
1566730 1438
1566740 1438
1566750 1437
1566760 1438
1566770 1438
1566780 1437
1566790 1436
1566800 1436
1566810 1435
1566820 1432
1566830 1432
1566840 1429
1566850 1426
1566860 1426
1566870 1423
1566880 1421
1566890 1421
1566900 1418
1566910 1414
1566920 1408
1566930 1408
1566940 1402
1566950 1396
1566960 1396
1566970 1390
1566980 1384
1566990 1384
1567000 1379
1567010 1373
1567020 1373
1567030 1369
1567040 1364
1567050 1360
1567060 1360
1567070 1356
1567080 1352
1567090 1352
1567100 1347
1567110 1343
1567120 1343
1567130 1341
1567140 1336
1567150 1336
1567160 1330
1567170 1328
1567180 1328
1567190 1328
1567200 1328
1567210 1325
1567220 1325
1567230 1322
1567240 1318
1567250 1318
1567260 1314
1567270 1309
1567280 1309
1567290 1303
1567300 1297
1567310 1297
1567320 1293
1567330 1288
1567340 1283
1567350 1283
1567360 1279
1567370 1276
1567380 1276
1567390 1273
1567400 1270
1567410 1270
1567420 1266
1567430 1263
1567440 1263
1567450 1259
1567460 1255
1567470 1255
1567480 1250
1567490 1245
1567500 1245
1567510 1245
1567520 1241
1567530 1239
1567540 1239
1567550 1244
1567560 1248
1567570 1248
1567580 1250
1567590 1252
1567600 1252
1567610 1249
1567620 1244
1567630 1244
1567640 1244
1567650 1246
1567660 1243
1567670 1243
1567680 1242
1567690 1243
1567700 1243
1567710 1250
1567720 1253
1567730 1253
1567740 1251
1567750 1244
1567760 1244
1567770 1234
1567780 1224
1567790 1216
1567800 1216
1567810 1226
1567820 1238
1567830 1238
1567840 1241
1567850 1233
1567860 1233
1567870 1220
1567880 1211
1567890 1211
1567900 1206
1567910 1196
1567920 1186
1567930 1186
1567940 1198
1567950 1209
1567960 1209
1567970 1215
1567980 1204
1567990 1204
1568000 1195
1568010 1190
1568020 1190
1568030 1195
1568040 1201
1568050 1201
1568060 1207
1568070 1204
1568080 1203
1568090 1203
1568100 1205
1568110 1203
1568120 1203
1568130 1195
1568140 1187
1568150 1187
1568160 1188
1568170 1186
1568180 1186
1568190 1182
1568200 1173
1568210 1167
1568220 1167
1568230 1163
1568240 1157
1568250 1157
1568260 1151
1568270 1139
1568280 1139
1568290 1131
1568300 1125
1568310 1125
1568320 1120
1568330 1111
1568340 1111
1568350 1097
1568360 1091
1568370 1087
1568380 1087
1568390 1088
1568400 1093
1568410 1093
1568420 1098
1568430 1097
1568440 1097
1568450 1104
1568460 1111
1568470 1111
1568480 1118
1568490 1127
1568500 1135
1568510 1135
1568520 1138
1568530 1147
1568540 1147
1568550 1157
1568560 1156
1568570 1156
1568580 1147
1568590 1138
1568600 1138
1568610 1134
1568620 1127
1568630 1127
1568640 1120
1568650 1114
1568660 1108
1568670 1108
1568680 1104
1568690 1101
1568700 1101
1568710 1098
1568720 1092
1568730 1092
1568740 1087
1568750 1087
1568760 1087
1568770 1087
1568780 1086
1568790 1089
1568800 1089
1568810 1091
1568820 1096
1568830 1096
1568840 1103
1568850 1108
1568860 1108
1568870 1112
1568880 1111
1568890 1111
1568900 1109
1568910 1112
1568920 1112
1568930 1114
1568940 1112
1568950 1106
1568960 1106
1568970 1101
1568980 1094
1568990 1094
1569000 1087
1569010 1081
1569020 1081
1569030 1078
1569040 1074
1569050 1074
1569060 1069
1569070 1068
1569080 1066
1569090 1066
1569100 1065
1569110 1065
1569120 1065
1569130 1066
1569140 1068
1569150 1068
1569160 1069
1569170 1071
1569180 1071
1569190 1073
1569200 1075
1569210 1075
1569220 1077
1569230 1079
1569240 1082
1569250 1082
1569260 1085
1569270 1093
1569280 1093
1569290 1098
1569300 1102
1569310 1102
1569320 1104
1569330 1106
1569340 1106
1569350 1109
1569360 1112
1569370 1114
1569380 1114
1569390 1117
1569400 1119
1569410 1125
1569420 1127
1569430 1130
1569440 1130
1569450 1135
1569460 1139
1569470 1139
1569480 1143
1569490 1146
1569500 1146
1569510 1152
1569520 1157
1569530 1163
1569540 1163
1569550 1169
1569560 1175
1569570 1175
1569580 1182
1569590 1187
1569600 1187
1569610 1194
1569620 1200
1569630 1200
1569640 1205
1569650 1210
1569660 1210
1569670 1217
1569680 1222
1569690 1225
1569700 1225
1569710 1229
1569720 1235
1569730 1235
1569740 1240
1569750 1243
1569760 1243
1569770 1240
1569780 1240
1569790 1240
1569800 1246
1569810 1252
1569820 1258
1569830 1258
1569840 1263
1569850 1263
1569860 1263
1569870 1254
1569880 1243
1569890 1243
1569900 1238
1569910 1231
1569920 1231
1569930 1223
1569940 1217
1569950 1217
1569960 1213
1569970 1209
1569980 1202
1569990 1202
1570000 1194
1570010 1185
1570020 1185
1570030 1179
1570040 1173
1570050 1173
1570060 1166
1570070 1159
1570080 1159
1570090 1150
1570100 1142
1570110 1144
1570120 1144
1570130 1136
1570140 1128
1570150 1128
1570160 1120
1570170 1117
1570180 1117
1570190 1112
1570200 1109
1570210 1109
1570220 1109
1570230 1105
1570240 1105
1570250 1100
1570260 1087
1570270 1078
1570280 1078
1570290 1084
1570300 1091
1570310 1091
1570320 1093
1570330 1088
1570340 1088
1570350 1081
1570360 1074
1570370 1074
1570380 1066
1570390 1056
1570400 1041
1570410 1041
1570420 1035
1570430 1035
1570440 1035
1570450 1034
1570460 1037
1570470 1037
1570480 1044
1570490 1047
1570500 1047
1570510 1048
1570520 1049
1570530 1049
1570540 1050
1570550 1046
1570560 1048
1570570 1048
1570580 1050
1570590 1055
1570600 1055
1570610 1061
1570620 1060
1570630 1060
1570640 1058
1570650 1052
1570660 1052
1570670 1051
1570680 1049
1570690 1047
1570700 1047
1570710 1048
1570720 1052
1570730 1052
1570740 1057
1570750 1059
1570760 1059
1570770 1059
1570780 1059
1570790 1059
1570800 1054
1570810 1050
1570820 1050
1570830 1046
1570840 1042
1570850 1038
1570860 1038
1570870 1036
1570880 1030
1570890 1030
1570900 1030
1570910 1028
1570920 1028
1570930 1026
1570940 1024
1570950 1024
1570960 1024
1570970 1023
1570980 1023
1570990 1023
1571000 1021
1571010 1020
1571020 1020
1571030 1018
1571040 1015
1571050 1015
1571060 1013
1571070 1012
1571080 1012
1571090 1009
1571100 1006
1571110 1006
1571120 1004
1571130 1002
1571140 1003
1571150 1003
1571160 1004
1571170 1004
1571180 1004
1571190 1004
1571200 1005
1571210 1005
1571220 1005
1571230 1006
1571240 1006
1571250 1007
1571260 1007
1571270 1006
1571280 1006
1571290 1007
1571300 1008
1571310 1008
1571320 1009
1571330 1009
1571340 1009
1571350 1009
1571360 1008
1571370 1008
1571380 1009
1571390 1008
1571400 1008
1571410 1008
1571420 1007
1571430 1006
1571440 1006
1571450 1006
1571460 1006
1571470 1006
1571480 1007
1571490 1008
1571500 1008
1571510 1009
1571520 1010
1571530 1010
1571540 1010
1571550 1010
1571560 1011
1571570 1011
1571580 1012
1571590 1012
1571600 1012
1571610 1012
1571620 1013
1571630 1013
1571640 1016
1571650 1017
1571660 1017
1571670 1018
1571680 1019
1571690 1019
1571700 1021
1571710 1025
1571720 1031
1571730 1031
1571740 1035
1571750 1034
1571760 1034
1571770 1034
1571780 1039
1571790 1039
1571800 1044
1571810 1047
1571820 1047
1571830 1051
1571840 1057
1571850 1062
1571860 1062
1571870 1061
1571880 1058
1571890 1058
1571900 1056
1571910 1054
1571920 1054
1571930 1053
1571940 1049
1571950 1049
1571960 1043
1571970 1039
1571980 1039
1571990 1039
1572000 1039
1572010 1039
1572020 1039
1572030 1041
1572040 1042
1572050 1042
1572060 1042
1572070 1043
1572080 1043
1572090 1040
1572100 1036
1572110 1036
1572120 1035
1572130 1036
1572140 1037
1572150 1037
1572160 1036
1572170 1036
1572180 1036
1572190 1037
1572200 1037
1572210 1037
1572220 1037
1572230 1038
1572240 1038
1572250 1040
1572260 1042
1572270 1042
1572280 1045
1572290 1048
1572300 1054
1572310 1054
1572320 1065
1572330 1067
1572340 1067
1572350 1071
1572360 1077
1572370 1077
1572380 1087
1572390 1094
1572400 1094
1572410 1103
1572420 1109
1572430 1114
1572440 1114
1572450 1122
1572460 1128
1572470 1128
1572480 1132
1572490 1135
1572500 1135
1572510 1137
1572520 1140
1572530 1140
1572540 1141
1572550 1140
1572560 1140
1572570 1137
1572580 1136
1572590 1137
1572600 1137
1572610 1135
1572620 1132
1572630 1132
1572640 1131
1572650 1136
1572660 1136
1572670 1138
1572680 1144
1572690 1144
1572700 1148
1572710 1157
1572720 1167
1572730 1167
1572740 1173
1572750 1181
1572760 1181
1572770 1189
1572780 1189
1572790 1189
1572800 1192
1572810 1194
1572820 1194
1572830 1198
1572840 1200
1572850 1200
1572860 1205
1572870 1211
1572880 1220
1572890 1220
1572900 1225
1572910 1225
1572920 1225
1572930 1224
1572940 1228
1572950 1228
1572960 1231
1572970 1236
1572980 1236
1572990 1240
1573000 1243
1573010 1243
1573020 1248
1573030 1254
1573040 1257
1573050 1257
1573060 1262
1573070 1267
1573080 1267
1573090 1276
1573100 1287
1573110 1287
1573120 1293
1573130 1298
1573140 1298
1573150 1303
1573160 1309
1573170 1316
1573180 1316
1573190 1320
1573200 1327
1573210 1327
1573220 1334
1573230 1339
1573240 1339
1573250 1345
1573260 1352
1573270 1352
1573280 1358
1573290 1365
1573300 1365
1573310 1371
1573320 1378
1573330 1384
1573340 1384
1573350 1392
1573360 1402
1573370 1402
1573380 1415
1573390 1426
1573400 1426
1573410 1433
1573420 1437
1573430 1437
1573440 1442
1573450 1449
1573460 1461
1573470 1461
1573480 1471
1573490 1482
1573500 1482
1573510 1494
1573520 1507
1573530 1507
1573540 1520
1573550 1530
1573560 1530
1573570 1535
1573580 1552
1573590 1552
1573600 1586
1573610 1605
1573620 1615
1573630 1615
1573640 1628
1573650 1641
1573660 1641
1573670 1650
1573680 1656
1573690 1656
1573700 1661
1573710 1666
1573720 1666
1573730 1671
1573740 1677
1573750 1680
1573760 1680
1573770 1683
1573780 1684
1573790 1684
1573800 1685
1573810 1681
1573820 1681
1573830 1670
1573840 1655
1573850 1655
1573860 1645
1573870 1635
1573880 1635
1573890 1627
1573900 1624
1573910 1621
1573920 1621
1573930 1616
1573940 1602
1573950 1602
1573960 1581
1573970 1566
1573980 1566
1573990 1555
1574000 1552
1574010 1552
1574020 1551
1574030 1552
1574040 1547
1574050 1547
1574060 1537
1574070 1526
1574080 1526
1574090 1516
1574100 1507
1574110 1507
1574120 1498
1574130 1493
1574140 1493
1574150 1489
1574160 1486
1574170 1486
1574180 1482
1574190 1478
1574200 1474
1574210 1474
1574220 1471
1574230 1469
1574240 1469
1574250 1470
1574260 1475
1574270 1475
1574280 1477
1574290 1476
1574300 1476
1574310 1470
1574320 1463
1574330 1455
1574340 1455
1574350 1448
1574360 1440
1574370 1440
1574380 1434
1574390 1426
1574400 1426
1574410 1419
1574420 1412
1574430 1412
1574440 1405
1574450 1399
1574460 1399
1574470 1394
1574480 1390
1574490 1387
1574500 1387
1574510 1385
1574520 1382
1574530 1382
1574540 1379
1574550 1375
1574560 1375
1574570 1369
1574580 1364
1574590 1364
1574600 1357
1574610 1351
1574620 1344
1574630 1344
1574640 1337
1574650 1331
1574660 1331
1574670 1324
1574680 1317
1574690 1317
1574700 1310
1574710 1303
1574720 1303
1574730 1297
1574740 1290
1574750 1290
1574760 1283
1574770 1276
1574780 1269
1574790 1269
1574800 1261
1574810 1251
1574820 1251
1574830 1234
1574840 1221
1574850 1221
1574860 1208
1574870 1203
1574880 1203
1574890 1195
1574900 1179
1574910 1160
1574920 1160
1574930 1142
1574940 1134
1574950 1134
1574960 1131
1574970 1126
1574980 1126
1574990 1117
1575000 1112
1575010 1112
1575020 1114
1575030 1108
1575040 1108
1575050 1099
1575060 1090
1575070 1081
1575080 1081
1575090 1072
1575100 1065
1575110 1065
1575120 1057
1575130 1048
1575140 1048
1575150 1040
1575160 1033
1575170 1033
1575180 1026
1575190 1024
1575200 1020
1575210 1020
1575220 1015
1575230 1014
1575240 1014
1575250 1012
1575260 1009
1575270 1009
1575280 1006
1575290 1006
1575300 1006
1575310 1001
1575320 996
1575330 996
1575340 994
1575350 992
1575360 990
1575370 990
1575380 987
1575390 983
1575400 983
1575410 980
1575420 978
1575430 978
1575440 976
1575450 973
1575460 973
1575470 970
1575480 970
1575490 969
1575500 969
1575510 967
1575520 961
1575530 961
1575540 957
1575550 956
1575560 956
1575570 951
1575580 945
1575590 945
1575600 940
1575610 938
1575620 938
1575630 942
1575640 941
1575650 938
1575660 938
1575670 934
1575680 929
1575690 929
1575700 927
1575710 926
1575720 926
1575730 925
1575740 924
1575750 924
1575760 923
1575770 923
1575780 922
1575790 922
1575800 917
1575810 915
1575820 915
1575830 915
1575840 913
1575850 913
1575860 910
1575870 908
1575880 908
1575890 907
1575900 906
1575910 906
1575920 904
1575930 901
1575940 899
1575950 899
1575960 898
1575970 897
1575980 897
1575990 898
1576000 896
1576010 896
1576020 895
1576030 893
1576040 893
1576050 893
1576060 892
1576070 892
1576080 892
1576090 894
1576100 896
1576110 896
1576120 899
1576130 900
1576140 900
1576150 901
1576160 899
1576170 899
1576180 895
1576190 888
1576200 888
1576210 881
1576220 875
1576230 869
1576240 869
1576250 863
1576260 856
1576270 856
1576280 850
1576290 845
1576300 845
1576310 839
1576320 833
1576330 833
1576340 828
1576350 822
1576360 822
1576370 816
1576380 809
1576390 802
1576400 802
1576410 794
1576420 787
1576430 787
1576440 783
1576450 780
1576460 780
1576470 778
1576480 775
1576490 775
1576500 768
1576510 765
1576520 760
1576530 760
1576540 757
1576550 756
1576560 756
1576570 755
1576580 753
1576590 753
1576600 748
1576610 742
1576620 742
1576630 737
1576640 733
1576650 733
1576660 728
1576670 725
1576680 722
1576690 722
1576700 719
1576710 714
1576720 714
1576730 707
1576740 701
1576750 701
1576760 695
1576770 691
1576780 691
1576790 687
1576800 682
1576810 680
1576820 680
1576830 680
1576840 678
1576850 678
1576860 678
1576870 678
1576880 678
1576890 681
1576900 687
1576910 687
1576920 692
1576930 695
1576940 695
1576950 698
1576960 703
1576970 709
1576980 709
1576990 715
1577000 721
1577010 721
1577020 727
1577030 732
1577040 732
1577050 735
1577060 739
1577070 739
1577080 746
1577090 751
1577100 755
1577110 755
1577120 761
1577130 769
1577140 769
1577150 775
1577160 780
1577170 780
1577180 786
1577190 792
1577200 792
1577210 799
1577220 805
1577230 805
1577240 811
1577250 817
1577260 823
1577270 823
1577280 828
1577290 832
1577300 832
1577310 836
1577320 838
1577330 838
1577340 838
1577350 837
1577360 837
1577370 835
1577380 833
1577390 829
1577400 829
1577410 823
1577420 818
1577430 818
1577440 814
1577450 811
1577460 811
1577470 807
1577480 805
1577490 805
1577500 806
1577510 808
1577520 808
1577530 812
1577540 817
1577550 822
1577560 822
1577570 827
1577580 829
1577590 829
1577600 830
1577610 829
1577620 829
1577630 827
1577640 824
1577650 824
1577660 821
1577670 821
1577680 826
1577690 826
1577700 831
1577710 833
1577720 833
1577730 836
1577740 839
1577750 839
1577760 842
1577770 846
1577780 846
1577790 851
1577800 854
1577810 854
1577820 855
1577830 856
1577840 857
1577850 864
1577860 865
1577870 866
1577880 866
1577890 866
1577900 867
1577910 867
1577920 868
1577930 871
1577940 871
1577950 874
1577960 877
1577970 881
1577980 881
1577990 885
1578000 889
1578010 889
1578020 894
1578030 898
1578040 898
1578050 904
1578060 911
1578070 911
1578080 917
1578090 923
1578100 923
1578110 930
1578120 937
1578130 944
1578140 944
1578150 951
1578160 958
1578170 958
1578180 967
1578190 978
1578200 978
1578210 987
1578220 994
1578230 994
1578240 1000
1578250 1006
1578260 1012
1578270 1012
1578280 1017
1578290 1021
1578300 1021
1578310 1025
1578320 1030
1578330 1030
1578340 1036
1578350 1043
1578360 1043
1578370 1051
1578380 1060
1578390 1060
1578400 1068
1578410 1075
1578420 1080
1578430 1080
1578440 1086
1578450 1092
1578460 1092
1578470 1098
1578480 1103
1578490 1103
1578500 1103
1578510 1101
1578520 1101
1578530 1100
1578540 1100
1578550 1101
1578560 1101
1578570 1104
1578580 1106
1578590 1106
1578600 1107
1578610 1108
1578620 1108
1578630 1111
1578640 1115
1578650 1115
1578660 1119
1578670 1123
1578680 1123
1578690 1127
1578700 1131
1578710 1133
1578720 1133
1578730 1135
1578740 1135
1578750 1135
1578760 1133
1578770 1131
1578780 1131
1578790 1130
1578800 1130
1578810 1130
1578820 1133
1578830 1135
1578840 1135
1578850 1135
1578860 1137
1578870 1139
1578880 1139
1578890 1140
1578900 1142
1578910 1142
1578920 1143
1578930 1146
1578940 1146
1578950 1147
1578960 1150
1578970 1150
1578980 1153
1578990 1156
1579000 1158
1579010 1158
1579020 1159
1579030 1159
1579040 1159
1579050 1161
1579060 1164
1579070 1164
1579080 1168
1579090 1173
1579100 1173
1579110 1177
1579120 1179
1579130 1179
1579140 1181
1579150 1183
1579160 1188
1579170 1188
1579180 1192
1579190 1199
1579200 1199
1579210 1203
1579220 1205
1579230 1205
1579240 1207
1579250 1209
1579260 1209
1579270 1210
1579280 1211
1579290 1212
1579300 1212
1579310 1213
1579320 1214
1579330 1214
1579340 1215
1579350 1214
1579360 1214
1579370 1214
1579380 1214
1579390 1214
1579400 1215
1579410 1218
1579420 1218
1579430 1221
1579440 1226
1579450 1232
1579460 1232
1579470 1241
1579480 1249
1579490 1249
1579500 1254
1579510 1272
1579520 1272
1579530 1284
1579540 1286
1579550 1286
1579560 1287
1579570 1286
1579580 1285
1579590 1285
1579600 1286
1579610 1287
1579620 1287
1579630 1286
1579640 1288
1579650 1288
1579660 1288
1579670 1291
1579680 1291
1579690 1290
1579700 1287
1579710 1287
1579720 1283
1579730 1276
1579740 1270
1579750 1270
1579760 1272
1579770 1275
1579780 1275
1579790 1275
1579800 1274
1579810 1274
1579820 1272
1579830 1266
1579840 1266
1579850 1262
1579860 1258
1579870 1255
1579880 1255
1579890 1253
1579900 1253
1579910 1253
1579920 1252
1579930 1252
1579940 1252
1579950 1251
1579960 1251
1579970 1251
1579980 1250
1579990 1249
