1560000 1106
1560010 1112
1560020 1117
1560030 1117
1560040 1122
1560050 1127
1560060 1127
1560070 1131
1560080 1136
1560090 1136
1560100 1139
1560110 1142
1560120 1142
1560130 1147
1560140 1151
1560150 1151
1560160 1155
1560170 1158
1560180 1161
1560190 1161
1560200 1165
1560210 1170
1560220 1170
1560230 1172
1560240 1166
1560250 1166
1560260 1159
1560270 1152
1560280 1152
1560290 1144
1560300 1141
1560310 1138
1560320 1138
1560330 1137
1560340 1137
1560350 1137
1560360 1139
1560370 1142
1560380 1142
1560390 1143
1560400 1139
1560410 1139
1560420 1132
1560430 1127
1560440 1127
1560450 1123
1560460 1119
1560470 1115
1560480 1115
1560490 1117
1560500 1118
1560510 1118
1560520 1119
1560530 1120
1560540 1120
1560550 1122
1560560 1123
1560570 1123
1560580 1123
1560590 1121
1560600 1117
1560610 1117
1560620 1114
1560630 1108
1560640 1108
1560650 1102
1560660 1100
1560670 1100
1560680 1100
1560690 1097
1560700 1097
1560710 1094
1560720 1094
1560730 1094
1560740 1094
1560750 1091
1560760 1091
1560770 1091
1560780 1086
1560790 1082
1560800 1082
1560810 1078
1560820 1072
1560830 1072
1560840 1070
1560850 1067
1560860 1067
1560870 1063
1560880 1059
1560890 1059
1560900 1056
1560910 1053
1560920 1054
1560930 1054
1560940 1054
1560950 1054
1560960 1054
1560970 1053
1560980 1052
1560990 1052
1561000 1048
1561010 1049
1561020 1049
1561030 1047
1561040 1039
1561050 1029
1561060 1029
1561070 1021
1561080 1015
1561090 1015
1561100 1010
1561110 1005
1561120 1005
1561130 999
1561140 994
1561150 994
1561160 988
1561170 982
1561180 982
1561190 976
1561200 970
1561210 962
1561220 962
1561230 947
1561240 939
1561250 939
1561260 931
1561270 924
1561280 924
1561290 917
1561300 910
1561310 910
1561320 904
1561330 898
1561340 893
1561350 893
1561360 887
1561370 883
1561380 883
1561390 880
1561400 880
1561410 880
1561420 880
1561430 879
1561440 879
1561450 876
1561460 873
1561470 873
1561480 874
1561490 873
1561500 869
1561510 869
1561520 864
1561530 862
1561540 862
1561550 863
1561560 868
1561570 868
1561580 874
1561590 878
1561600 878
1561610 881
1561620 884
1561630 889
1561640 889
1561650 893
1561660 898
1561670 898
1561680 901
1561690 902
1561700 902
1561710 904
1561720 906
1561730 906
1561740 908
1561750 910
1561760 910
1561770 911
1561780 913
1561790 914
1561800 914
1561810 915
1561820 916
1561830 916
1561840 916
1561850 918
1561860 918
1561870 920
1561880 921
1561890 921
1561900 923
1561910 924
1561920 926
1561930 926
1561940 927
1561950 928
1561960 928
1561970 929
1561980 929
1561990 929
1562000 929
1562010 932
1562020 932
1562030 938
1562040 943
1562050 943
1562060 944
1562070 945
1562080 950
1562090 950
1562100 945
1562110 941
1562120 941
1562130 939
1562140 941
1562150 941
1562160 947
1562170 954
1562180 954
1562190 961
1562200 967
1562210 967
1562220 969
1562230 967
1562240 969
1562250 969
1562260 971
1562270 974
1562280 974
1562290 976
1562300 979
1562310 979
1562320 981
1562330 983
1562340 983
1562350 985
1562360 989
1562370 995
1562380 995
1562390 996
1562400 999
1562410 999
1562420 1003
1562430 1006
1562440 1006
1562450 1007
1562460 1009
1562470 1009
1562480 1010
1562490 1014
1562500 1014
1562510 1018
1562520 1020
1562530 1025
1562540 1025
1562550 1032
1562560 1036
1562570 1036
1562580 1034
1562590 1037
1562600 1037
1562610 1041
1562620 1046
1562630 1046
1562640 1048
1562650 1048
1562660 1049
1562670 1049
1562680 1051
1562690 1054
1562700 1054
1562710 1058
1562720 1062
1562730 1062
1562740 1068
1562750 1076
1562760 1076
1562770 1082
1562780 1084
1562790 1084
1562800 1083
1562810 1083
1562820 1083
1562830 1083
1562840 1085
1562850 1076
1562860 1076
1562870 1074
1562880 1074
1562890 1074
1562900 1082
1562910 1092
1562920 1092
1562930 1101
1562940 1112
1562950 1118
1562960 1118
1562970 1124
1562980 1130
1562990 1130
1563000 1136
1563010 1143
1563020 1143
1563030 1149
1563040 1154
1563050 1154
1563060 1159
1563070 1164
1563080 1164
1563090 1171
1563100 1177
1563110 1183
1563120 1183
1563130 1191
1563140 1200
1563150 1200
1563160 1208
1563170 1216
1563180 1216
1563190 1222
1563200 1228
1563210 1228
1563220 1234
1563230 1235
1563240 1233
1563250 1233
1563260 1235
1563270 1236
1563280 1236
1563290 1240
1563300 1243
1563310 1243
1563320 1243
1563330 1239
1563340 1239
1563350 1240
1563360 1242
1563370 1242
1563380 1248
1563390 1251
1563400 1258
1563410 1258
1563420 1265
1563430 1271
1563440 1271
1563450 1275
1563460 1279
1563470 1279
1563480 1284
1563490 1290
1563500 1290
1563510 1297
1563520 1304
1563530 1304
1563540 1309
1563550 1315
1563560 1321
1563570 1321
1563580 1327
1563590 1333
1563600 1333
1563610 1335
1563620 1333
1563630 1333
1563640 1329
1563650 1324
1563660 1324
1563670 1319
1563680 1314
1563690 1310
1563700 1310
1563710 1306
1563720 1301
1563730 1301
1563740 1296
1563750 1292
1563760 1292
1563770 1287
1563780 1285
1563790 1285
1563800 1282
1563810 1281
1563820 1281
1563830 1279
1563840 1277
1563850 1277
1563860 1277
1563870 1277
1563880 1277
1563890 1277
1563900 1276
1563910 1275
1563920 1275
1563930 1275
1563940 1273
1563950 1273
1563960 1271
1563970 1266
1563980 1261
1563990 1261
1564000 1261
1564010 1259
1564020 1259
1564030 1258
1564040 1258
1564050 1258
1564060 1260
1564070 1259
1564080 1259
1564090 1260
1564100 1263
1564110 1263
1564120 1263
1564130 1263
1564140 1262
1564150 1262
1564160 1259
1564170 1253
1564180 1253
1564190 1244
1564200 1238
1564210 1238
1564220 1241
1564230 1240
1564240 1240
1564250 1238
1564260 1235
1564270 1234
1564280 1234
1564290 1234
1564300 1233
1564310 1233
1564320 1231
1564330 1228
1564340 1228
1564350 1226
1564360 1225
1564370 1225
1564380 1224
1564390 1223
1564400 1223
1564410 1223
1564420 1224
1564430 1224
1564440 1221
1564450 1221
1564460 1221
1564470 1221
1564480 1217
1564490 1212
1564500 1212
1564510 1213
1564520 1217
1564530 1217
1564540 1220
1564550 1220
1564560 1220
1564570 1220
1564580 1221
1564590 1223
1564600 1223
1564610 1225
1564620 1227
1564630 1227
1564640 1227
1564650 1226
1564660 1226
1564670 1224
1564680 1221
1564690 1221
1564700 1217
1564710 1213
1564720 1208
1564730 1208
1564740 1203
1564750 1197
1564760 1197
1564770 1192
1564780 1188
1564790 1188
1564800 1184
1564810 1181
1564820 1181
1564830 1179
1564840 1177
1564850 1177
1564860 1176
1564870 1175
1564880 1175
1564890 1175
1564900 1175
1564910 1174
1564920 1174
1564930 1174
1564940 1176
1564950 1176
1564960 1179
1564970 1182
1564980 1182
1564990 1187
1565000 1192
1565010 1196
1565020 1196
1565030 1201
1565040 1203
1565050 1203
1565060 1203
1565070 1200
1565080 1200
1565090 1195
1565100 1189
1565110 1189
1565120 1183
1565130 1178
1565140 1178
1565150 1173
1565160 1168
1565170 1164
1565180 1164
1565190 1160
1565200 1154
1565210 1154
1565220 1149
1565230 1144
1565240 1144
1565250 1139
1565260 1133
1565270 1133
1565280 1127
1565290 1120
1565300 1114
1565310 1114
1565320 1107
1565330 1099
1565340 1099
1565350 1091
1565360 1084
1565370 1084
1565380 1077
1565390 1067
1565400 1067
1565410 1056
1565420 1049
1565430 1049
1565440 1043
1565450 1036
1565460 1027
1565470 1027
1565480 1019
1565490 1011
1565500 1011
1565510 1003
1565520 996
1565530 996
1565540 989
1565550 981
1565560 981
1565570 974
1565580 966
1565590 969
1565600 969
1565610 979
1565620 988
1565630 988
1565640 992
1565650 1000
1565660 1000
1565670 1009
1565680 1017
1565690 1017
1565700 1016
1565710 1013
1565720 1013
1565730 1015
1565740 1021
1565750 1029
1565760 1029
1565770 1037
1565780 1046
1565790 1046
1565800 1054
1565810 1063
1565820 1063
1565830 1072
1565840 1079
1565850 1079
1565860 1086
1565870 1095
1565880 1101
1565890 1101
1565900 1105
1565910 1109
1565920 1109
1565930 1113
1565940 1116
1565950 1116
1565960 1119
1565970 1124
1565980 1124
1565990 1123
1566000 1129
1566010 1129
1566020 1129
1566030 1123
1566040 1114
1566050 1114
1566060 1105
1566070 1093
1566080 1093
1566090 1094
1566100 1104
1566110 1104
1566120 1111
1566130 1117
1566140 1117
1566150 1127
1566160 1138
1566170 1138
1566180 1144
1566190 1147
1566200 1149
1566210 1149
1566220 1145
1566230 1141
1566240 1141
1566250 1139
1566260 1139
1566270 1139
1566280 1138
1566290 1141
1566300 1141
1566310 1145
1566320 1149
1566330 1152
1566340 1152
1566350 1159
1566360 1168
1566370 1168
1566380 1177
1566390 1185
1566400 1185
1566410 1188
1566420 1186
1566430 1186
1566440 1183
1566450 1179
1566460 1179
1566470 1173
1566480 1167
1566490 1161
1566500 1161
1566510 1154
1566520 1148
1566530 1148
1566540 1141
1566550 1136
1566560 1136
1566570 1131
1566580 1129
1566590 1129
1566600 1125
1566610 1123
1566620 1120
1566630 1120
1566640 1114
1566650 1112
1566660 1112
1566670 1112
1566680 1111
1566690 1111
1566700 1110
1566710 1108
1566720 1108
1566730 1102
1566740 1095
1566750 1095
1566760 1088
1566770 1079
1566780 1071
1566790 1071
1566800 1069
1566810 1075
1566820 1075
1566830 1078
1566840 1079
1566850 1079
1566860 1084
1566870 1084
1566880 1084
1566890 1082
1566900 1080
1566910 1080
1566920 1080
1566930 1078
1566940 1077
1566950 1077
1566960 1074
1566970 1069
1566980 1069
1566990 1067
1567000 1071
1567010 1071
1567020 1070
1567030 1067
1567040 1067
1567050 1064
1567060 1062
1567070 1059
1567080 1059
1567090 1057
1567100 1054
1567110 1054
1567120 1049
1567130 1043
1567140 1043
1567150 1037
1567160 1037
1567170 1037
1567180 1041
1567190 1042
1567200 1040
1567210 1040
1567220 1038
1567230 1038
1567240 1038
1567250 1040
1567260 1039
1567270 1039
1567280 1036
1567290 1036
1567300 1036
1567310 1037
1567320 1036
1567330 1036
1567340 1037
1567350 1038
1567360 1038
1567370 1038
1567380 1038
1567390 1038
1567400 1038
1567410 1038
1567420 1039
1567430 1039
1567440 1039
1567450 1040
1567460 1040
1567470 1042
1567480 1043
1567490 1043
1567500 1044
1567510 1046
1567520 1044
1567530 1044
1567540 1046
1567550 1047
1567560 1047
1567570 1045
1567580 1040
1567590 1040
1567600 1034
1567610 1029
1567620 1029
1567630 1022
1567640 1016
1567650 1009
1567660 1009
1567670 1002
1567680 997
1567690 997
1567700 990
1567710 984
1567720 984
1567730 978
1567740 973
1567750 973
1567760 968
1567770 962
1567780 962
1567790 956
1567800 950
1567810 945
1567820 945
1567830 940
1567840 936
1567850 936
1567860 931
1567870 925
1567880 925
1567890 920
1567900 914
1567910 914
1567920 908
1567930 902
1567940 896
1567950 896
1567960 890
1567970 882
1567980 882
1567990 871
1568000 848
1568010 848
1568020 823
1568030 811
1568040 811
1568050 800
1568060 795
1568070 795
1568080 788
1568090 780
1568100 772
1568110 772
1568120 767
1568130 763
1568140 763
1568150 763
1568160 762
1568170 762
1568180 762
1568190 768
1568200 768
1568210 776
1568220 783
1568230 790
1568240 790
1568250 798
1568260 804
1568270 804
1568280 809
1568290 816
1568300 816
1568310 824
1568320 833
1568330 833
1568340 843
1568350 849
1568360 849
1568370 852
1568380 851
1568390 848
1568400 848
1568410 844
1568420 842
1568430 842
1568440 842
1568450 849
1568460 849
1568470 860
1568480 869
1568490 869
1568500 876
1568510 883
1568520 888
1568530 888
1568540 892
1568550 893
1568560 893
1568570 893
1568580 894
1568590 894
1568600 897
1568610 898
1568620 898
1568630 897
1568640 897
1568650 897
1568660 898
1568670 898
1568680 897
1568690 897
1568700 897
1568710 896
1568720 896
1568730 894
1568740 892
1568750 892
1568760 890
1568770 888
1568780 888
1568790 887
1568800 884
1568810 884
1568820 880
1568830 879
1568840 883
1568850 883
1568860 887
1568870 894
1568880 894
1568890 903
1568900 910
1568910 910
1568920 918
1568930 926
1568940 926
1568950 934
1568960 942
1568970 950
1568980 950
1568990 957
1569000 966
1569010 966
1569020 976
1569030 986
1569040 986
1569050 995
1569060 1002
1569070 1002
1569080 1009
1569090 1016
1569100 1016
1569110 1022
1569120 1029
1569130 1036
1569140 1036
1569150 1042
1569160 1046
1569170 1046
1569180 1049
1569190 1052
1569200 1052
1569210 1054
1569220 1056
1569230 1056
1569240 1056
1569250 1056
1569260 1055
1569270 1055
1569280 1053
1569290 1051
1569300 1051
1569310 1049
1569320 1046
1569330 1046
1569340 1043
1569350 1041
1569360 1041
1569370 1039
1569380 1036
1569390 1036
1569400 1033
1569410 1028
1569420 1023
1569430 1023
1569440 1018
1569450 1013
1569460 1013
1569470 1008
1569480 1004
1569490 1004
1569500 1002
1569510 997
1569520 997
1569530 992
1569540 987
1569550 984
1569560 984
1569570 980
1569580 976
1569590 976
1569600 971
1569610 967
1569620 967
1569630 962
1569640 956
1569650 956
1569660 945
1569670 935
1569680 935
1569690 926
1569700 917
1569710 907
1569720 907
1569730 898
1569740 890
1569750 890
1569760 882
1569770 876
1569780 876
1569790 869
1569800 866
1569810 866
1569820 870
1569830 876
1569840 882
1569850 882
1569860 890
1569870 897
1569880 897
1569890 905
1569900 913
1569910 913
1569920 922
1569930 934
1569940 934
1569950 942
1569960 946
1569970 946
1569980 951
1569990 958
1570000 966
1570010 966
1570020 974
1570030 979
1570040 979
1570050 981
1570060 984
1570070 984
1570080 984
1570090 984
1570100 984
1570110 984
1570120 986
1570130 986
1570140 987
1570150 987
1570160 986
1570170 986
1570180 987
1570190 989
1570200 989
1570210 992
1570220 994
1570230 994
1570240 996
1570250 998
1570260 998
1570270 1001
1570280 1004
1570290 1005
1570300 1005
1570310 1006
1570320 1008
1570330 1008
1570340 1012
1570350 1014
1570360 1014
1570370 1012
1570380 1011
1570390 1011
1570400 1011
1570410 1013
1570420 1013
1570430 1016
1570440 1021
1570450 1024
1570460 1024
1570470 1024
1570480 1020
1570490 1012
1570500 1007
1570510 1005
1570520 1005
1570530 1004
1570540 1000
1570550 1000
1570560 996
1570570 993
1570580 992
1570590 992
1570600 990
1570610 988
1570620 988
1570630 989
1570640 990
1570650 990
1570660 992
1570670 994
1570680 994
1570690 995
1570700 999
1570710 999
1570720 1000
1570730 996
1570740 992
1570750 992
1570760 988
1570770 984
1570780 984
1570790 978
1570800 971
1570810 971
1570820 965
1570830 958
1570840 958
1570850 949
1570860 940
1570870 931
1570880 931
1570890 922
1570900 913
1570910 913
1570920 904
1570930 897
1570940 897
1570950 889
1570960 882
1570970 882
1570980 875
1570990 869
1571000 869
1571010 862
1571020 856
1571030 851
1571040 851
1571050 849
1571060 847
1571070 847
1571080 841
1571090 835
1571100 835
1571110 828
1571120 820
1571130 820
1571140 812
1571150 805
1571160 799
1571170 799
1571180 794
1571190 791
1571200 791
1571210 788
1571220 787
1571230 787
1571240 786
1571250 786
1571260 786
1571270 787
1571280 786
1571290 786
1571300 787
1571310 786
1571320 788
1571330 788
1571340 788
1571350 786
1571360 786
1571370 785
1571380 785
1571390 785
1571400 786
1571410 785
1571420 785
1571430 785
1571440 785
1571450 785
1571460 784
1571470 784
1571480 783
1571490 783
1571500 783
1571510 783
1571520 783
1571530 783
1571540 783
1571550 783
1571560 782
1571570 783
1571580 783
1571590 783
1571600 783
1571610 785
1571620 785
1571630 786
1571640 787
1571650 787
1571660 790
1571670 794
1571680 794
1571690 799
1571700 803
1571710 803
1571720 807
1571730 812
1571740 812
1571750 817
1571760 823
1571770 829
1571780 829
1571790 834
1571800 839
1571810 839
1571820 844
1571830 849
1571840 849
1571850 856
1571860 863
1571870 863
1571880 866
1571890 868
1571900 872
1571910 872
1571920 876
1571930 882
1571940 879
1571950 881
1571960 878
1571970 878
1571980 875
1571990 873
1572000 873
1572010 870
1572020 866
1572030 866
1572040 864
1572050 863
1572060 861
1572070 861
1572080 858
1572090 855
1572100 855
1572110 850
1572120 846
1572130 846
1572140 846
1572150 844
1572160 844
1572170 843
1572180 842
1572190 839
1572200 839
1572210 833
1572220 829
1572230 829
1572240 822
1572250 815
1572260 815
1572270 812
1572280 808
1572290 808
1572300 807
1572310 807
1572320 807
1572330 807
1572340 808
1572350 807
1572360 807
1572370 807
1572380 807
1572390 807
1572400 810
1572410 811
1572420 811
1572430 812
1572440 814
1572450 814
1572460 816
1572470 818
1572480 819
1572490 819
1572500 820
1572510 822
1572520 822
1572530 822
1572540 823
1572550 823
1572560 824
1572570 826
1572580 826
1572590 826
1572600 826
1572610 826
1572620 826
1572630 826
1572640 827
1572650 827
1572660 827
1572670 826
1572680 826
1572690 826
1572700 826
1572710 826
1572720 828
1572730 831
1572740 831
1572750 835
1572760 836
1572770 836
1572780 836
1572790 836
1572800 838
1572810 838
1572820 840
1572830 843
1572840 843
1572850 845
1572860 847
1572870 847
1572880 850
1572890 852
1572900 852
1572910 855
1572920 858
1572930 860
1572940 860
1572950 862
1572960 865
1572970 865
1572980 868
1572990 872
1573000 872
1573010 875
1573020 879
1573030 879
1573040 883
1573050 886
1573060 886
1573070 890
1573080 894
1573090 897
1573100 897
1573110 900
1573120 902
1573130 902
1573140 904
1573150 906
1573160 906
1573170 906
1573180 907
1573190 907
1573200 908
1573210 908
1573220 908
1573230 908
1573240 908
1573250 909
1573260 909
1573270 911
1573280 912
1573290 912
1573300 913
1573310 913
1573320 913
1573330 912
1573340 912
1573350 912
1573360 905
1573370 904
1573380 905
1573390 905
1573400 906
1573410 906
1573420 906
1573430 906
1573440 907
1573450 907
1573460 908
1573470 908
1573480 908
1573490 909
1573500 912
1573510 914
1573520 914
1573530 915
1573540 916
1573550 916
1573560 916
1573570 915
1573580 915
1573590 913
1573600 912
1573610 912
1573620 911
1573630 910
1573640 910
1573650 910
1573660 909
1573670 909
1573680 909
1573690 909
1573700 910
1573710 910
1573720 908
1573730 906
1573740 906
1573750 904
1573760 902
1573770 902
1573780 901
1573790 900
1573800 900
1573810 900
1573820 899
1573830 899
1573840 899
1573850 899
1573860 899
1573870 899
1573880 899
1573890 899
1573900 899
1573910 898
1573920 898
1573930 898
1573940 898
1573950 897
1573960 897
1573970 897
1573980 898
1573990 897
1574000 897
1574010 897
1574020 896
1574030 896
1574040 895
1574050 895
1574060 895
1574070 893
1574080 892
1574090 892
1574100 892
1574110 893
1574120 893
1574130 893
1574140 895
1574150 895
1574160 895
1574170 895
1574180 894
1574190 894
1574200 891
1574210 888
1574220 888
1574230 886
1574240 885
1574250 884
1574260 884
1574270 882
1574280 880
1574290 880
1574300 878
1574310 876
1574320 876
1574330 874
1574340 873
1574350 873
1574360 872
1574370 871
1574380 871
1574390 871
1574400 869
1574410 867
1574420 867
1574430 866
1574440 865
1574450 865
1574460 865
1574470 865
1574480 865
1574490 865
1574500 865
1574510 865
1574520 864
1574530 863
1574540 862
1574550 862
1574560 861
1574570 860
1574580 860
1574590 859
1574600 858
1574610 858
1574620 863
1574630 869
1574640 869
1574650 872
1574660 871
1574670 871
1574680 868
1574690 866
1574700 864
1574710 864
1574720 863
1574730 861
1574740 861
1574750 862
1574760 860
1574770 860
1574780 860
1574790 858
1574800 858
1574810 857
1574820 855
1574830 853
1574840 853
1574850 852
1574860 851
1574870 851
1574880 850
1574890 849
1574900 849
1574910 849
1574920 847
1574930 847
1574940 846
1574950 844
1574960 844
1574970 843
1574980 841
1574990 839
1575000 839
1575010 838
1575020 836
1575030 836
1575040 835
1575050 834
1575060 834
1575070 832
1575080 831
1575090 831
1575100 831
1575110 830
1575120 829
1575130 829
1575140 829
1575150 828
1575160 828
1575170 829
1575180 829
1575190 829
1575200 828
1575210 827
1575220 827
1575230 825
1575240 824
1575250 824
1575260 821
1575270 816
1575280 812
1575290 812
1575300 810
1575310 808
1575320 808
1575330 806
1575340 804
1575350 804
1575360 803
1575370 802
1575380 802
1575390 801
1575400 801
1575410 801
1575420 801
1575430 801
1575440 796
1575450 796
1575460 792
1575470 790
1575480 790
1575490 786
1575500 784
1575510 784
1575520 784
1575530 785
1575540 785
1575550 785
1575560 784
1575570 783
1575580 783
1575590 782
1575600 781
1575610 781
1575620 779
1575630 778
1575640 778
1575650 776
1575660 774
1575670 774
1575680 773
1575690 771
1575700 771
1575710 770
1575720 768
1575730 766
1575740 766
1575750 764
1575760 763
1575770 763
1575780 762
1575790 761
1575800 761
1575810 760
1575820 756
1575830 756
1575840 750
1575850 745
1575860 740
1575870 740
1575880 735
1575890 732
1575900 732
1575910 729
1575920 727
1575930 727
1575940 726
1575950 724
1575960 724
1575970 721
1575980 718
1575990 718
1576000 713
1576010 707
1576020 700
1576030 700
1576040 693
1576050 687
1576060 687
1576070 683
1576080 679
1576090 679
1576100 676
1576110 674
1576120 674
1576130 670
1576140 668
1576150 663
1576160 663
1576170 658
1576180 650
1576190 650
1576200 643
1576210 636
1576220 636
1576230 632
1576240 627
1576250 627
1576260 623
1576270 618
1576280 618
1576290 613
1576300 608
1576310 603
1576320 603
1576330 597
1576340 591
1576350 591
1576360 587
1576370 585
1576380 585
1576390 583
1576400 580
1576410 580
1576420 576
1576430 572
1576440 572
1576450 571
1576460 569
1576470 566
1576480 566
1576490 562
1576500 565
1576510 565
1576520 574
1576530 582
1576540 582
1576550 590
1576560 599
1576570 599
1576580 607
1576590 614
1576600 623
1576610 623
1576620 631
1576630 638
1576640 638
1576650 646
1576660 655
1576670 655
1576680 664
1576690 673
1576700 673
1576710 681
1576720 688
1576730 688
1576740 695
1576750 700
1576760 705
1576770 705
1576780 707
1576790 709
1576800 709
1576810 712
1576820 716
1576830 716
1576840 719
1576850 719
1576860 719
1576870 720
1576880 722
1576890 724
1576900 724
1576910 730
1576920 736
1576930 736
1576940 743
1576950 749
1576960 749
1576970 751
1576980 752
1576990 752
1577000 751
1577010 750
1577020 750
1577030 753
1577040 756
1577050 756
1577060 756
1577070 755
1577080 754
1577090 754
1577100 756
1577110 760
1577120 760
1577130 762
1577140 763
1577150 763
1577160 765
1577170 765
1577180 764
1577190 764
1577200 766
1577210 769
1577220 769
1577230 773
1577240 777
1577250 777
1577260 778
1577270 781
1577280 781
1577290 785
1577300 787
1577310 787
1577320 790
1577330 794
1577340 797
1577350 797
1577360 801
1577370 804
1577380 804
1577390 805
1577400 806
1577410 806
1577420 810
1577430 815
1577440 815
1577450 818
1577460 821
1577470 823
1577480 823
1577490 824
1577500 820
1577510 820
1577520 821
1577530 821
1577540 821
1577550 822
1577560 823
1577570 823
1577580 824
1577590 826
1577600 826
1577610 829
1577620 831
1577630 834
1577640 834
1577650 836
1577660 838
1577670 838
1577680 840
1577690 841
1577700 841
1577710 842
1577720 843
1577730 843
1577740 845
1577750 846
1577760 846
1577770 847
1577780 850
1577790 852
1577800 852
1577810 854
1577820 857
1577830 857
1577840 859
1577850 861
1577860 861
1577870 863
1577880 867
1577890 867
1577900 870
1577910 873
1577920 875
1577930 875
1577940 877
1577950 877
1577960 877
1577970 879
1577980 884
1577990 884
1578000 888
1578010 892
1578020 892
1578030 897
1578040 901
1578050 901
1578060 907
1578070 911
1578080 914
1578090 914
1578100 915
1578110 917
1578120 917
1578130 919
1578140 919
1578150 919
1578160 919
1578170 917
1578180 917
1578190 913
1578200 909
1578210 905
1578220 905
1578230 905
1578240 908
1578250 908
1578260 915
1578270 919
1578280 919
1578290 919
1578300 918
1578310 918
1578320 920
1578330 922
1578340 922
1578350 924
1578360 927
1578370 932
1578380 932
1578390 937
1578400 943
1578410 943
1578420 948
1578430 951
1578440 951
1578450 949
1578460 944
1578470 944
1578480 938
1578490 932
1578500 929
1578510 929
1578520 928
1578530 929
1578540 929
1578550 932
1578560 937
1578570 937
1578580 942
1578590 949
1578600 949
1578610 956
1578620 959
1578630 959
1578640 958
1578650 960
1578660 964
1578670 964
1578680 969
1578690 973
1578700 973
1578710 974
1578720 973
1578730 973
1578740 975
1578750 977
1578760 977
1578770 979
1578780 979
1578790 979
1578800 979
1578810 979
1578820 980
1578830 980
1578840 976
1578850 974
1578860 974
1578870 971
1578880 966
1578890 966
1578900 962
1578910 955
1578920 955
1578930 950
1578940 944
1578950 941
1578960 941
1578970 942
1578980 942
1578990 942
1579000 942
1579010 942
1579020 942
1579030 944
1579040 949
1579050 949
1579060 955
1579070 961
1579080 961
1579090 967
1579100 975
1579110 982
1579120 982
1579130 987
1579140 986
1579150 986
1579160 989
1579170 992
1579180 992
1579190 989
1579200 982
1579210 982
1579220 975
1579230 968
1579240 959
1579250 959
1579260 950
1579270 941
1579280 941
1579290 932
1579300 928
1579310 928
1579320 936
1579330 942
1579340 942
1579350 948
1579360 955
1579370 955
1579380 961
1579390 967
1579400 975
1579410 975
1579420 981
1579430 983
1579440 983
1579450 989
1579460 996
1579470 996
1579480 1000
1579490 1000
1579500 1000
1579510 999
1579520 997
1579530 995
1579540 995
1579550 991
1579560 988
1579570 988
1579580 988
1579590 994
1579600 994
1579610 1002
1579620 1009
1579630 1009
1579640 1011
1579650 1009
1579660 1009
1579670 1007
1579680 1005
1579690 1003
1579700 1003
1579710 998
1579720 996
1579730 996
1579740 999
1579750 1004
1579760 1004
1579770 1010
1579780 1017
1579790 1017
1579800 1025
1579810 1033
1579820 1040
1579830 1040
1579840 1046
1579850 1048
1579860 1048
1579870 1048
1579880 1046
1579890 1046
1579900 1042
1579910 1036
1579920 1036
1579930 1032
1579940 1030
1579950 1030
1579960 1029
1579970 1024
1579980 1020
1579990 1020
