1560000 835
1560010 835
1560020 835
1560030 835
1560040 835
1560050 835
1560060 836
1560070 835
1560080 836
1560090 836
1560100 834
1560110 831
1560120 831
1560130 825
1560140 816
1560150 816
1560160 807
1560170 802
1560180 802
1560190 799
1560200 797
1560210 797
1560220 795
1560230 790
1560240 789
1560250 789
1560260 789
1560270 784
1560280 784
1560290 779
1560300 772
1560310 772
1560320 761
1560330 755
1560340 755
1560350 749
1560360 742
1560370 734
1560380 734
1560390 732
1560400 732
1560410 732
1560420 738
1560430 747
1560440 747
1560450 756
1560460 765
1560470 765
1560480 776
1560490 787
1560500 787
1560510 796
1560520 807
1560530 817
1560540 817
1560550 823
1560560 828
1560570 828
1560580 831
1560590 834
1560600 834
1560610 838
1560620 844
1560630 844
1560640 848
1560650 850
1560660 851
1560670 851
1560680 853
1560690 854
1560700 854
1560710 854
1560720 855
1560730 855
1560740 855
1560750 855
1560760 855
1560770 855
1560780 855
1560790 855
1560800 853
1560810 854
1560820 854
1560830 854
1560840 856
1560850 858
1560860 858
1560870 857
1560880 857
1560890 857
1560900 858
1560910 856
1560920 856
1560930 852
1560940 847
1560950 844
1560960 844
1560970 840
1560980 837
1560990 837
1561000 834
1561010 834
1561020 834
1561030 834
1561040 833
1561050 833
1561060 831
1561070 828
1561080 828
1561090 825
1561100 822
1561110 818
1561120 818
1561130 813
1561140 808
1561150 808
1561160 803
1561170 799
1561180 799
1561190 795
1561200 790
1561210 790
1561220 788
1561230 786
1561240 786
1561250 783
1561260 777
1561270 769
1561280 769
1561290 760
1561300 753
1561310 753
1561320 747
1561330 741
1561340 741
1561350 732
1561360 720
1561370 720
1561380 713
1561390 707
1561400 705
1561410 705
1561420 706
1561430 706
1561440 706
1561450 710
1561460 718
1561470 718
1561480 724
1561490 730
1561500 730
1561510 737
1561520 747
1561530 747
1561540 759
1561550 765
1561560 771
1561570 771
1561580 776
1561590 783
1561600 783
1561610 789
1561620 797
1561630 797
1561640 804
1561650 813
1561660 813
1561670 820
1561680 827
1561690 831
1561700 831
1561710 835
1561720 840
1561730 840
1561740 844
1561750 849
1561760 849
1561770 854
1561780 861
1561790 861
1561800 867
1561810 873
1561820 873
1561830 879
1561840 886
1561850 893
1561860 893
1561870 900
1561880 906
1561890 906
1561900 913
1561910 920
1561920 920
1561930 927
1561940 933
1561950 933
1561960 939
1561970 944
1561980 944
1561990 951
1562000 957
1562010 962
1562020 962
1562030 967
1562040 971
1562050 971
1562060 976
1562070 981
1562080 981
1562090 987
1562100 993
1562110 993
1562120 999
1562130 1005
1562140 1011
1562150 1011
1562160 1017
1562170 1021
1562180 1021
1562190 1025
1562200 1030
1562210 1030
1562220 1035
1562230 1040
1562240 1040
1562250 1046
1562260 1052
1562270 1052
1562280 1057
1562290 1063
1562300 1068
1562310 1068
1562320 1074
1562330 1079
1562340 1079
1562350 1085
1562360 1092
1562370 1092
1562380 1098
1562390 1105
1562400 1105
1562410 1111
1562420 1117
1562430 1123
1562440 1123
1562450 1131
1562460 1137
1562470 1137
1562480 1145
1562490 1152
1562500 1152
1562510 1156
1562520 1161
1562530 1161
1562540 1167
1562550 1174
1562560 1174
1562570 1179
1562580 1184
1562590 1189
1562600 1189
1562610 1195
1562620 1202
1562630 1202
1562640 1207
1562650 1212
1562660 1212
1562670 1216
1562680 1220
1562690 1220
1562700 1224
1562710 1230
1562720 1230
1562730 1234
1562740 1238
1562750 1241
1562760 1241
1562770 1245
1562780 1249
1562790 1249
1562800 1253
1562810 1257
1562820 1257
1562830 1259
1562840 1261
1562850 1261
1562860 1264
1562870 1267
1562880 1270
1562890 1270
1562900 1272
1562910 1275
1562920 1275
1562930 1277
1562940 1279
1562950 1279
1562960 1281
1562970 1282
1562980 1282
1562990 1283
1563000 1283
1563010 1283
1563020 1283
1563030 1285
1563040 1287
1563050 1287
1563060 1288
1563070 1288
1563080 1288
1563090 1288
1563100 1288
1563110 1288
1563120 1288
1563130 1286
1563140 1286
1563150 1284
1563160 1281
1563170 1278
1563180 1278
1563190 1273
1563200 1268
1563210 1268
1563220 1262
1563230 1253
1563240 1253
1563250 1246
1563260 1240
1563270 1240
1563280 1233
1563290 1227
1563300 1227
1563310 1221
1563320 1214
1563330 1208
1563340 1208
1563350 1202
1563360 1196
1563370 1196
1563380 1190
1563390 1184
1563400 1184
1563410 1180
1563420 1178
1563430 1178
1563440 1178
1563450 1175
1563460 1172
1563470 1172
1563480 1168
1563490 1164
1563500 1164
1563510 1161
1563520 1157
1563530 1157
1563540 1150
1563550 1144
1563560 1144
1563570 1143
1563580 1139
1563590 1139
1563600 1134
1563610 1130
1563620 1126
1563630 1126
1563640 1122
1563650 1117
1563660 1117
1563670 1111
1563680 1105
1563690 1105
1563700 1099
1563710 1093
1563720 1093
1563730 1087
1563740 1081
1563750 1081
1563760 1075
1563770 1068
1563780 1061
1563790 1061
1563800 1057
1563810 1052
1563820 1052
1563830 1045
1563840 1039
1563850 1039
1563860 1034
1563870 1032
1563880 1032
1563890 1031
1563900 1033
1563910 1033
1563920 1033
1563930 1035
1563940 1039
1563950 1039
1563960 1044
1563970 1049
1563980 1049
1563990 1053
1564000 1056
1564010 1056
1564020 1060
1564030 1064
1564040 1064
1564050 1069
1564060 1073
1564070 1075
1564080 1075
1564090 1078
1564100 1080
1564110 1080
1564120 1080
1564130 1080
1564140 1080
1564150 1084
1564160 1087
1564170 1087
1564180 1087
1564190 1085
1564200 1083
1564210 1083
1564220 1081
1564230 1081
1564240 1081
1564250 1082
1564260 1084
1564270 1084
1564280 1088
1564290 1091
1564300 1091
1564310 1096
1564320 1100
1564330 1100
1564340 1101
1564350 1100
1564360 1096
1564370 1096
1564380 1089
1564390 1084
1564400 1084
1564410 1080
1564420 1072
1564430 1072
1564440 1065
1564450 1059
1564460 1059
1564470 1057
1564480 1053
1564490 1053
1564500 1049
1564510 1044
1564520 1039
1564530 1039
1564540 1033
1564550 1025
1564560 1025
1564570 1019
1564580 1012
1564590 1012
1564600 1006
1564610 1002
1564620 1002
1564630 997
1564640 988
1564650 979
1564660 979
1564670 975
1564680 970
1564690 970
1564700 966
1564710 964
1564720 964
1564730 961
1564740 945
1564750 945
1564760 941
1564770 937
1564780 937
1564790 933
1564800 930
1564810 926
1564820 926
1564830 922
1564840 917
1564850 917
1564860 911
1564870 905
1564880 905
1564890 899
1564900 892
1564910 892
1564920 885
1564930 878
1564940 871
1564950 871
1564960 863
1564970 855
1564980 855
1564990 848
1565000 841
1565010 841
1565020 837
1565030 833
1565040 833
1565050 831
1565060 831
1565070 831
1565080 833
1565090 834
1565100 837
1565110 837
1565120 840
1565130 843
1565140 843
1565150 846
1565160 848
1565170 848
1565180 849
1565190 846
1565200 846
1565210 843
1565220 844
1565230 847
1565240 847
1565250 848
1565260 848
1565270 848
1565280 847
1565290 843
1565300 843
1565310 835
1565320 830
1565330 830
1565340 825
1565350 821
1565360 821
1565370 820
1565380 819
1565390 818
1565400 818
1565410 812
1565420 806
1565430 806
1565440 802
1565450 798
1565460 798
1565470 793
1565480 789
1565490 789
1565500 787
1565510 783
1565520 783
1565530 777
1565540 768
1565550 760
1565560 760
1565570 761
1565580 761
1565590 761
1565600 755
1565610 748
1565620 748
1565630 738
1565640 737
1565650 737
1565660 742
1565670 740
1565680 738
1565690 738
1565700 740
1565710 738
1565720 738
1565730 732
1565740 725
1565750 725
1565760 723
1565770 727
1565780 727
1565790 731
1565800 738
1565810 738
1565820 747
1565830 751
1565840 755
1565850 755
1565860 759
1565870 767
1565880 767
1565890 773
1565900 780
1565910 780
1565920 786
1565930 792
1565940 792
1565950 798
1565960 804
1565970 811
1565980 811
1565990 817
1566000 824
1566010 824
1566020 831
1566030 838
1566040 838
1566050 845
1566060 851
1566070 851
1566080 858
1566090 864
1566100 864
1566110 870
1566120 876
1566130 883
1566140 883
1566150 889
1566160 896
1566170 896
1566180 903
1566190 911
1566200 911
1566210 921
1566220 931
1566230 931
1566240 938
1566250 943
1566260 943
1566270 949
1566280 956
1566290 968
1566300 968
1566310 975
1566320 983
1566330 983
1566340 991
1566350 1000
1566360 1000
1566370 1009
1566380 1018
1566390 1018
1566400 1027
1566410 1037
1566420 1047
1566430 1047
1566440 1055
1566450 1063
1566460 1063
1566470 1069
1566480 1071
1566490 1071
1566500 1073
1566510 1075
1566520 1075
1566530 1078
1566540 1082
1566550 1082
1566560 1085
1566570 1089
1566580 1092
1566590 1092
1566600 1095
1566610 1097
1566620 1097
1566630 1100
1566640 1104
1566650 1104
1566660 1109
1566670 1114
1566680 1114
1566690 1117
1566700 1122
1566710 1127
1566720 1127
1566730 1132
1566740 1136
1566750 1136
1566760 1138
1566770 1140
1566780 1140
1566790 1143
1566800 1146
1566810 1146
1566820 1148
1566830 1151
1566840 1151
1566850 1153
1566860 1156
1566870 1157
1566880 1157
1566890 1158
1566900 1160
1566910 1160
1566920 1161
1566930 1163
1566940 1163
1566950 1163
1566960 1163
1566970 1163
1566980 1163
1566990 1162
1567000 1162
1567010 1162
1567020 1163
1567030 1159
1567040 1159
1567050 1160
1567060 1158
1567070 1158
1567080 1151
1567090 1145
1567100 1145
1567110 1141
1567120 1138
1567130 1138
1567140 1131
1567150 1123
1567160 1122
1567170 1122
1567180 1120
1567190 1115
1567200 1115
1567210 1107
1567220 1101
1567230 1101
1567240 1097
1567250 1094
1567260 1094
1567270 1090
1567280 1084
1567290 1084
1567300 1073
1567310 1066
1567320 1064
1567330 1064
1567340 1063
1567350 1062
1567360 1062
1567370 1058
1567380 1054
1567390 1054
1567400 1050
1567410 1044
1567420 1044
1567430 1041
1567440 1038
1567450 1034
1567460 1034
1567470 1030
1567480 1026
1567490 1026
1567500 1024
1567510 1021
1567520 1021
1567530 1016
1567540 1015
1567550 1015
1567560 1012
1567570 1007
1567580 1007
1567590 1001
1567600 995
1567610 989
1567620 989
1567630 988
1567640 982
1567650 982
1567660 968
1567670 943
1567680 943
1567690 928
1567700 919
1567710 919
1567720 913
1567730 910
1567740 903
1567750 903
1567760 896
1567770 884
1567780 884
1567790 874
1567800 865
1567810 861
1567820 855
1567830 849
1567840 849
1567850 843
1567860 837
1567870 837
1567880 832
1567890 828
1567900 824
1567910 824
1567920 820
1567930 817
1567940 817
1567950 813
1567960 810
1567970 810
1567980 807
1567990 804
1568000 804
1568010 802
1568020 801
1568030 801
1568040 798
1568050 793
1568060 787
1568070 787
1568080 780
1568090 773
1568100 773
1568110 766
1568120 762
1568130 762
1568140 758
1568150 753
1568160 753
1568170 748
1568180 745
1568190 741
1568200 741
1568210 737
1568220 735
1568230 735
1568240 732
1568250 724
1568260 724
1568270 716
1568280 710
1568290 710
1568300 703
1568310 695
1568320 695
1568330 689
1568340 683
1568350 678
1568360 678
1568370 674
1568380 672
1568390 672
1568400 670
1568410 670
1568420 670
1568430 670
1568440 667
1568450 667
1568460 664
1568470 660
1568480 656
1568490 656
1568500 653
1568510 651
1568520 651
1568530 648
1568540 646
1568550 646
1568560 643
1568570 641
1568580 641
1568590 639
1568600 637
1568610 637
1568620 634
1568630 632
1568640 628
1568650 628
1568660 626
1568670 626
1568680 626
1568690 626
1568700 626
1568710 626
1568720 625
1568730 625
1568740 625
1568750 626
1568760 627
1568770 627
1568780 627
1568790 628
1568800 629
1568810 629
1568820 631
1568830 635
1568840 635
1568850 641
1568860 649
1568870 649
1568880 656
1568890 662
1568900 662
1568910 667
1568920 672
1568930 679
1568940 679
1568950 687
1568960 694
1568970 694
1568980 701
1568990 708
1569000 708
1569010 714
1569020 720
1569030 720
1569040 726
1569050 732
1569060 732
1569070 733
1569080 730
1569090 725
1569100 725
1569110 721
1569120 720
1569130 720
1569140 719
1569150 719
1569160 719
1569170 719
1569180 721
1569190 721
1569200 724
1569210 726
1569220 729
1569230 729
1569240 732
1569250 735
1569260 735
1569270 739
1569280 740
1569290 740
1569300 733
1569310 734
1569320 734
1569330 738
1569340 741
1569350 741
1569360 747
1569370 754
1569380 757
1569390 757
1569400 762
1569410 768
1569420 768
1569430 771
1569440 772
1569450 772
1569460 772
1569470 771
1569480 771
1569490 770
1569500 768
1569510 768
1569520 767
1569530 766
1569540 764
1569550 764
1569560 762
1569570 759
1569580 759
1569590 755
1569600 753
1569610 753
1569620 750
1569630 747
1569640 747
1569650 744
1569660 741
1569670 738
1569680 738
1569690 736
1569700 736
1569710 736
1569720 736
1569730 734
1569740 734
1569750 732
1569760 729
1569770 729
1569780 725
1569790 722
1569800 722
1569810 720
1569820 718
1569830 716
1569840 716
1569850 713
1569860 710
1569870 710
1569880 707
1569890 704
1569900 704
1569910 702
1569920 701
1569930 701
1569940 700
1569950 699
1569960 699
1569970 699
1569980 699
1569990 698
1570000 698
1570010 696
1570020 697
1570030 697
1570040 699
1570050 698
1570060 698
1570070 696
1570080 695
1570090 695
1570100 693
1570110 691
1570120 688
1570130 688
1570140 686
1570150 683
1570160 683
1570170 682
1570180 685
1570190 685
1570200 688
1570210 691
1570220 691
1570230 694
1570240 694
1570250 692
1570260 692
1570270 690
1570280 687
1570290 687
1570300 685
1570310 684
1570320 684
1570330 683
1570340 680
1570350 680
1570360 674
1570370 668
1570380 668
1570390 663
1570400 658
1570410 655
1570420 655
1570430 656
1570440 657
1570450 657
1570460 655
1570470 651
1570480 651
1570490 648
1570500 647
1570510 647
1570520 647
1570530 646
1570540 646
1570550 646
1570560 647
1570570 646
1570580 646
1570590 646
1570600 646
1570610 646
1570620 645
1570630 645
1570640 645
1570650 645
1570660 646
1570670 646
1570680 646
1570690 646
1570700 646
1570710 646
1570720 646
1570730 646
1570740 646
1570750 647
1570760 647
1570770 646
1570780 647
1570790 647
1570800 647
1570810 648
1570820 648
1570830 648
1570840 649
1570850 649
1570860 649
1570870 649
1570880 649
1570890 650
1570900 650
1570910 650
1570920 650
1570930 650
1570940 651
1570950 651
1570960 651
1570970 651
1570980 652
1570990 652
1571000 652
1571010 652
1571020 652
1571030 652
1571040 653
1571050 654
1571060 654
1571070 655
1571080 655
1571090 655
1571100 655
1571110 656
1571120 656
1571130 656
1571140 656
1571150 657
1571160 657
1571170 657
1571180 658
1571190 658
1571200 659
1571210 659
1571220 659
1571230 659
1571240 659
1571250 659
1571260 659
1571270 660
1571280 660
1571290 660
1571300 661
1571310 661
1571320 661
1571330 661
1571340 661
1571350 661
1571360 662
1571370 662
1571380 662
1571390 661
1571400 661
1571410 661
1571420 662
1571430 662
1571440 663
1571450 663
1571460 664
1571470 664
1571480 664
1571490 665
1571500 664
1571510 664
1571520 658
1571530 649
1571540 649
1571550 644
1571560 643
1571570 643
1571580 644
1571590 642
1571600 641
1571610 641
1571620 641
1571630 644
1571640 644
1571650 646
1571660 646
1571670 646
1571680 647
1571690 648
1571700 648
1571710 649
1571720 654
1571730 660
1571740 660
1571750 660
1571760 660
1571770 660
1571780 660
1571790 660
1571800 660
1571810 660
1571820 660
1571830 660
1571840 660
1571850 659
1571860 659
1571870 659
1571880 658
1571890 657
1571900 657
1571910 656
1571920 655
1571930 655
1571940 654
1571950 653
1571960 653
1571970 653
1571980 654
1571990 654
1572000 654
1572010 653
1572020 653
1572030 653
1572040 654
1572050 653
1572060 653
1572070 653
1572080 653
1572090 653
1572100 652
1572110 651
1572120 651
1572130 651
1572140 651
1572150 651
1572160 652
1572170 652
1572180 652
1572190 652
1572200 652
1572210 652
1572220 651
1572230 650
1572240 650
1572250 650
1572260 650
1572270 650
1572280 650
1572290 649
1572300 648
1572310 648
1572320 648
1572330 648
1572340 648
1572350 648
1572360 648
1572370 647
1572380 647
1572390 646
1572400 645
1572410 645
1572420 644
1572430 644
1572440 644
1572450 643
1572460 643
1572470 643
1572480 643
1572490 642
1572500 641
1572510 641
1572520 640
1572530 639
1572540 639
1572550 639
1572560 639
1572570 639
1572580 639
1572590 639
1572600 639
1572610 638
1572620 637
1572630 637
1572640 637
1572650 637
1572660 637
1572670 637
1572680 637
1572690 637
1572700 637
1572710 636
1572720 636
1572730 636
1572740 635
1572750 635
1572760 635
1572770 634
1572780 634
1572790 633
1572800 633
1572810 632
1572820 631
1572830 631
1572840 630
1572850 629
1572860 629
1572870 627
1572880 626
1572890 626
1572900 625
1572910 625
1572920 624
1572930 624
1572940 623
1572950 622
1572960 622
1572970 621
1572980 621
1572990 621
1573000 620
1573010 619
1573020 619
1573030 618
1573040 617
1573050 617
1573060 616
1573070 615
1573080 614
1573090 614
1573100 613
1573110 613
1573120 613
1573130 612
1573140 611
1573150 611
1573160 610
1573170 610
1573180 610
1573190 609
1573200 608
1573210 607
1573220 607
1573230 610
1573240 615
1573250 615
1573260 616
1573270 616
1573280 616
1573290 616
1573300 617
1573310 617
1573320 616
1573330 616
1573340 616
1573350 621
1573360 625
1573370 627
1573380 627
1573390 629
1573400 629
1573410 629
1573420 630
1573430 631
1573440 631
1573450 631
1573460 629
1573470 629
1573480 628
1573490 627
1573500 626
1573510 626
1573520 625
1573530 624
1573540 624
1573550 622
1573560 622
1573570 622
1573580 623
1573590 622
1573600 622
1573610 617
1573620 613
1573630 613
1573640 607
1573650 605
1573660 601
1573670 601
1573680 597
1573690 593
1573700 593
1573710 593
1573720 598
1573730 598
1573740 606
1573750 609
1573760 609
1573770 605
1573780 598
1573790 598
1573800 592
1573810 591
1573820 591
1573830 591
1573840 592
1573850 592
1573860 592
1573870 592
1573880 593
1573890 593
1573900 595
1573910 600
1573920 600
1573930 605
1573940 612
1573950 619
1573960 619
1573970 625
1573980 630
1573990 630
1574000 635
1574010 638
1574020 638
1574030 639
1574040 640
1574050 640
1574060 641
1574070 643
1574080 643
1574090 644
1574100 645
1574110 646
1574120 646
1574130 648
1574140 649
1574150 649
1574160 650
1574170 651
1574180 651
1574190 651
1574200 651
1574210 651
1574220 651
1574230 650
1574240 650
1574250 650
1574260 649
1574270 649
1574280 649
1574290 649
1574300 649
1574310 649
1574320 650
1574330 649
1574340 649
1574350 649
1574360 648
1574370 648
1574380 648
1574390 646
1574400 642
1574410 642
1574420 639
1574430 638
1574440 638
1574450 639
1574460 640
1574470 640
1574480 641
1574490 641
1574500 641
1574510 641
1574520 641
1574530 641
1574540 641
1574550 641
1574560 641
1574570 641
1574580 641
1574590 641
1574600 641
1574610 641
1574620 641
1574630 641
1574640 640
1574650 639
1574660 639
1574670 638
1574680 638
1574690 637
1574700 637
1574710 637
1574720 638
1574730 638
1574740 639
1574750 639
1574760 639
1574770 638
1574780 638
1574790 638
1574800 639
1574810 639
1574820 639
1574830 637
1574840 636
1574850 634
1574860 634
1574870 633
1574880 632
1574890 632
1574900 632
1574910 632
1574920 632
1574930 631
1574940 631
1574950 631
1574960 631
1574970 631
1574980 631
1574990 631
1575000 631
1575010 630
1575020 630
1575030 630
1575040 629
1575050 629
1575060 629
1575070 629
1575080 629
1575090 629
1575100 628
1575110 628
1575120 628
1575130 628
1575140 629
1575150 629
1575160 629
1575170 629
1575180 629
1575190 628
1575200 627
1575210 627
1575220 627
1575230 626
1575240 626
1575250 626
1575260 626
1575270 626
1575280 626
1575290 626
1575300 626
1575310 626
1575320 627
1575330 627
1575340 627
1575350 627
1575360 626
1575370 626
1575380 626
1575390 626
1575400 626
1575410 625
1575420 625
1575430 625
1575440 625
1575450 625
1575460 624
1575470 624
1575480 624
1575490 624
1575500 624
1575510 624
1575520 623
1575530 623
1575540 623
1575550 623
1575560 623
1575570 623
1575580 621
1575590 620
1575600 620
1575610 619
1575620 618
1575630 618
1575640 618
1575650 617
1575660 617
1575670 617
1575680 617
1575690 617
1575700 617
1575710 616
1575720 616
1575730 616
1575740 615
1575750 615
1575760 615
1575770 616
1575780 615
1575790 615
1575800 611
1575810 609
1575820 609
1575830 607
1575840 606
1575850 606
1575860 606
1575870 607
1575880 607
1575890 607
1575900 607
1575910 607
1575920 607
1575930 608
1575940 610
1575950 610
1575960 611
1575970 611
1575980 611
1575990 610
1576000 608
1576010 606
1576020 606
1576030 608
1576040 607
1576050 607
1576060 607
1576070 606
1576080 606
1576090 606
1576100 605
1576110 605
1576120 605
1576130 603
1576140 603
1576150 599
1576160 595
1576170 594
1576180 594
1576190 596
1576200 596
1576210 596
1576220 597
1576230 597
1576240 597
1576250 597
1576260 597
1576270 597
1576280 597
1576290 596
1576300 596
1576310 596
1576320 596
1576330 596
1576340 596
1576350 595
1576360 594
1576370 594
1576380 594
1576390 593
1576400 593
1576410 592
1576420 591
1576430 591
1576440 591
1576450 590
1576460 590
1576470 590
1576480 589
1576490 589
1576500 589
1576510 589
1576520 590
1576530 590
1576540 592
1576550 593
1576560 593
1576570 595
1576580 596
1576590 596
1576600 598
1576610 599
1576620 600
1576630 600
1576640 602
1576650 603
1576660 603
1576670 605
1576680 607
1576690 607
1576700 609
1576710 611
1576720 611
1576730 613
1576740 614
1576750 615
1576760 615
1576770 615
1576780 609
1576790 609
1576800 600
1576810 593
1576820 593
1576830 585
1576840 577
1576850 577
1576860 572
1576870 565
1576880 565
1576890 558
1576900 551
1576910 546
1576920 546
1576930 541
1576940 538
1576950 538
1576960 535
1576970 533
1576980 533
1576990 532
1577000 527
1577010 527
1577020 526
1577030 524
1577040 524
1577050 522
1577060 521
1577070 521
1577080 521
1577090 525
1577100 526
1577110 526
1577120 526
1577130 526
1577140 526
1577150 526
1577160 526
1577170 526
1577180 524
1577190 530
1577200 540
1577210 540
1577220 550
1577230 561
1577240 561
1577250 567
1577260 572
1577270 572
1577280 578
1577290 584
1577300 584
1577310 591
1577320 598
1577330 598
1577340 604
1577350 611
1577360 618
1577370 618
1577380 627
1577390 634
1577400 634
1577410 635
1577420 635
1577430 635
1577440 635
1577450 635
1577460 635
1577470 635
1577480 635
1577490 636
1577500 636
1577510 636
1577520 636
1577530 636
1577540 635
1577550 635
1577560 635
1577570 635
1577580 635
1577590 635
1577600 635
1577610 634
1577620 634
1577630 634
1577640 634
1577650 634
1577660 634
1577670 634
1577680 634
1577690 634
1577700 633
1577710 633
1577720 633
1577730 633
1577740 633
1577750 633
1577760 633
1577770 632
1577780 632
1577790 632
1577800 631
1577810 631
1577820 631
1577830 631
1577840 631
1577850 631
1577860 630
1577870 630
1577880 630
1577890 630
1577900 629
1577910 629
1577920 629
1577930 629
1577940 628
1577950 628
1577960 628
1577970 628
1577980 628
1577990 628
1578000 628
1578010 628
1578020 628
1578030 628
1578040 628
1578050 628
1578060 628
1578070 628
1578080 628
1578090 628
1578100 628
1578110 628
1578120 628
1578130 628
1578140 628
1578150 628
1578160 628
1578170 628
1578180 628
1578190 628
1578200 628
1578210 628
1578220 628
1578230 629
1578240 629
1578250 629
1578260 629
1578270 629
1578280 629
1578290 630
1578300 630
1578310 630
1578320 630
1578330 630
1578340 630
1578350 630
1578360 630
1578370 631
1578380 631
1578390 631
1578400 631
1578410 631
1578420 632
1578430 632
1578440 632
1578450 632
1578460 632
1578470 633
1578480 633
1578490 633
1578500 633
1578510 633
1578520 633
1578530 633
1578540 634
1578550 634
1578560 634
1578570 636
1578580 636
1578590 636
1578600 636
1578610 636
1578620 636
1578630 636
1578640 636
1578650 636
1578660 636
1578670 637
1578680 638
1578690 638
1578700 638
1578710 639
1578720 639
1578730 639
1578740 640
1578750 640
1578760 640
1578770 640
1578780 640
1578790 641
1578800 641
1578810 641
1578820 641
1578830 641
1578840 642
1578850 642
1578860 643
1578870 643
1578880 643
1578890 644
1578900 644
1578910 644
1578920 644
1578930 645
1578940 645
1578950 645
1578960 645
1578970 645
1578980 645
1578990 645
1579000 645
1579010 645
1579020 644
1579030 645
1579040 645
1579050 645
1579060 645
1579070 645
1579080 645
1579090 645
1579100 643
1579110 644
1579120 643
1579130 643
1579140 643
1579150 644
1579160 645
1579170 645
1579180 646
1579190 647
1579200 647
1579210 647
1579220 647
1579230 647
1579240 648
1579250 648
1579260 648
1579270 648
1579280 648
1579290 647
1579300 647
1579310 647
1579320 647
1579330 647
1579340 647
1579350 646
1579360 646
1579370 646
1579380 646
1579390 646
1579400 645
1579410 645
1579420 644
1579430 644
1579440 644
1579450 644
1579460 644
1579470 644
1579480 644
1579490 644
1579500 645
1579510 649
1579520 649
1579530 653
1579540 654
1579550 654
1579560 654
1579570 652
1579580 649
1579590 649
1579600 648
1579610 648
1579620 648
1579630 649
1579640 650
1579650 650
1579660 651
1579670 651
1579680 651
1579690 651
1579700 651
1579710 650
1579720 650
1579730 650
1579740 649
1579750 649
1579760 649
1579770 649
1579780 649
1579790 648
1579800 648
1579810 648
1579820 650
1579830 651
1579840 651
1579850 651
1579860 652
1579870 652
1579880 652
1579890 653
1579900 654
1579910 654
1579920 655
1579930 655
1579940 655
1579950 656
1579960 659
1579970 659
1579980 661
1579990 662
