1560000 785
1560010 785
1560020 785
1560030 787
1560040 787
1560050 790
1560060 783
1560070 783
1560080 775
1560090 772
1560100 772
1560110 772
1560120 768
1560130 765
1560140 765
1560150 767
1560160 761
1560170 761
1560180 762
1560190 766
1560200 766
1560210 764
1560220 761
1560230 761
1560240 759
1560250 755
1560260 755
1560270 760
1560280 763
1560290 762
1560300 762
1560310 755
1560320 753
1560330 753
1560340 757
1560350 758
1560360 758
1560370 752
1560380 748
1560390 748
1560400 748
1560410 750
1560420 752
1560430 752
1560440 752
1560450 750
1560460 750
1560470 748
1560480 748
1560490 748
1560500 749
1560510 744
1560520 744
1560530 741
1560540 736
1560550 736
1560560 732
1560570 729
1560580 726
1560590 726
1560600 726
1560610 727
1560620 727
1560630 725
1560640 719
1560650 719
1560660 711
1560670 706
1560680 706
1560690 700
1560700 693
1560710 683
1560720 683
1560730 670
1560740 686
1560750 686
1560760 691
1560770 694
1560780 694
1560790 699
1560800 706
1560810 706
1560820 715
1560830 727
1560840 727
1560850 738
1560860 752
1560870 762
1560880 762
1560890 774
1560900 782
1560910 782
1560920 779
1560930 778
1560940 778
1560950 779
1560960 781
1560970 781
1560980 785
1560990 783
1561000 783
1561010 781
1561020 779
1561030 775
1561040 775
1561050 769
1561060 772
1561070 772
1561080 770
1561090 763
1561100 763
1561110 761
1561120 763
1561130 763
1561140 764
1561150 761
1561160 756
1561170 756
1561180 755
1561190 755
1561200 755
1561210 755
1561220 756
1561230 756
1561240 757
1561250 759
1561260 759
1561270 763
1561280 771
1561290 771
1561300 777
1561310 777
1561320 766
1561330 766
1561340 757
1561350 754
1561360 754
1561370 754
1561380 751
1561390 751
1561400 748
1561410 739
1561420 739
1561430 735
1561440 727
1561450 719
1561460 719
1561470 712
1561480 705
1561490 705
1561500 699
1561510 691
1561520 691
1561530 684
1561540 673
1561550 673
1561560 664
1561570 657
1561580 657
1561590 652
1561600 648
1561610 646
1561620 646
1561630 649
1561640 656
1561650 656
1561660 667
1561670 675
1561680 675
1561690 682
1561700 687
1561710 687
1561720 692
1561730 699
1561740 699
1561750 705
1561760 707
1561770 710
1561780 710
1561790 714
1561800 716
1561810 716
1561820 718
1561830 721
1561840 721
1561850 721
1561860 723
1561870 723
1561880 728
1561890 735
1561900 741
1561910 741
1561920 744
1561930 747
1561940 747
1561950 752
1561960 756
1561970 756
1561980 763
1561990 769
1562000 769
1562010 772
1562020 775
1562030 775
1562040 776
1562050 777
1562060 781
1562070 781
1562080 787
1562090 794
1562100 794
1562110 794
1562120 792
1562130 792
1562140 792
1562150 794
1562160 794
1562170 796
1562180 799
1562190 800
1562200 800
1562210 803
1562220 810
1562230 810
1562240 815
1562250 817
1562260 817
1562270 820
1562280 825
1562290 825
1562300 831
1562310 837
1562320 837
1562330 842
1562340 846
1562350 850
1562360 850
1562370 854
1562380 859
1562390 859
1562400 868
1562410 877
1562420 877
1562430 878
1562440 880
1562450 880
1562460 882
1562470 884
1562480 884
1562490 887
1562500 889
1562510 891
1562520 891
1562530 893
1562540 895
1562550 895
1562560 897
1562570 900
1562580 900
1562590 902
1562600 903
1562610 903
1562620 904
1562630 905
1562640 906
1562650 906
1562660 907
1562670 910
1562680 910
1562690 911
1562700 911
1562710 911
1562720 910
1562730 909
1562740 909
1562750 909
1562760 910
1562770 910
1562780 912
1562790 913
1562800 914
1562810 914
1562820 911
1562830 910
1562840 910
1562850 911
1562860 914
1562870 914
1562880 916
1562890 915
1562900 915
1562910 916
1562920 915
1562930 915
1562940 915
1562950 916
1562960 914
1562970 914
1562980 909
1562990 907
1563000 907
1563010 907
1563020 907
1563030 907
1563040 907
1563050 908
1563060 908
1563070 908
1563080 907
1563090 909
1563100 909
1563110 911
1563120 915
1563130 915
1563140 922
1563150 929
1563160 929
1563170 930
1563180 932
1563190 932
1563200 936
1563210 943
1563220 943
1563230 948
1563240 950
1563250 949
1563260 949
1563270 947
1563280 946
1563290 946
1563300 945
1563310 942
1563320 942
1563330 938
1563340 935
1563350 935
1563360 931
1563370 927
1563380 923
1563390 923
1563400 919
1563410 911
1563420 911
1563430 904
1563440 900
1563450 900
1563460 894
1563470 890
1563480 890
1563490 886
1563500 883
1563510 883
1563520 878
1563530 873
1563540 869
1563550 869
1563560 866
1563570 862
1563580 862
1563590 858
1563600 855
1563610 855
1563620 851
1563630 847
1563640 847
1563650 841
1563660 837
1563670 840
1563680 840
1563690 844
1563700 849
1563710 849
1563720 855
1563730 861
1563740 861
1563750 864
1563760 865
1563770 865
1563780 871
1563790 877
1563800 877
1563810 875
1563820 869
1563830 865
1563840 865
1563850 861
1563860 855
1563870 855
1563880 847
1563890 843
1563900 843
1563910 842
1563920 840
1563930 840
1563940 839
1563950 838
1563960 838
1563970 837
1563980 835
1563990 834
1564000 834
1564010 834
1564020 833
1564030 833
1564040 834
1564050 836
1564060 836
1564070 838
1564080 838
1564090 838
1564100 840
1564110 839
1564120 838
1564130 838
1564140 836
1564150 833
1564160 833
1564170 828
1564180 827
1564190 827
1564200 825
1564210 821
1564220 821
1564230 819
1564240 820
1564250 820
1564260 819
1564270 819
1564280 819
1564290 819
1564300 819
1564310 819
1564320 819
1564330 819
1564340 819
1564350 819
1564360 820
1564370 820
1564380 820
1564390 820
1564400 819
1564410 818
1564420 818
1564430 817
1564440 815
1564450 815
1564460 814
1564470 812
1564480 812
1564490 810
1564500 807
1564510 807
1564520 805
1564530 803
1564540 803
1564550 805
1564560 805
1564570 806
1564580 806
1564590 806
1564600 805
1564610 805
1564620 804
1564630 803
1564640 803
1564650 802
1564660 801
1564670 801
1564680 800
1564690 796
1564700 796
1564710 790
1564720 784
1564730 781
1564740 781
1564750 779
1564760 777
1564770 777
1564780 775
1564790 771
1564800 771
1564810 767
1564820 759
1564830 759
1564840 750
1564850 742
1564860 737
1564870 737
1564880 731
1564890 727
1564900 727
1564910 723
1564920 719
1564930 719
1564940 714
1564950 712
1564960 712
1564970 711
1564980 710
1564990 705
1565000 707
1565010 708
1565020 712
1565030 712
1565040 715
1565050 712
1565060 712
1565070 710
1565080 709
1565090 709
1565100 707
1565110 703
1565120 703
1565130 698
1565140 696
1565150 695
1565160 695
1565170 692
1565180 691
1565190 691
1565200 689
1565210 688
1565220 688
1565230 686
1565240 681
1565250 681
1565260 677
1565270 674
1565280 674
1565290 672
1565300 668
1565310 666
1565320 666
1565330 665
1565340 663
1565350 663
1565360 662
1565370 661
1565380 661
1565390 662
1565400 661
1565410 661
1565420 660
1565430 656
1565440 656
1565450 648
1565460 644
1565470 645
1565480 645
1565490 647
1565500 650
1565510 650
1565520 657
1565530 664
1565540 664
1565550 669
1565560 675
1565570 675
1565580 677
1565590 679
1565600 684
1565610 684
1565620 687
1565630 688
1565640 688
1565650 690
1565660 693
1565670 693
1565680 697
1565690 702
1565700 702
1565710 707
1565720 712
1565730 712
1565740 717
1565750 723
1565760 730
1565770 730
1565780 736
1565790 742
1565800 742
1565810 748
1565820 755
1565830 755
1565840 758
1565850 758
1565860 758
1565870 760
1565880 760
1565890 762
1565900 762
1565910 768
1565920 774
1565930 774
1565940 779
1565950 784
1565960 784
1565970 789
1565980 794
1565990 794
1566000 799
1566010 804
1566020 804
1566030 807
1566040 808
1566050 801
1566060 801
1566070 788
1566080 779
1566090 779
1566100 773
1566110 767
1566120 767
1566130 763
1566140 759
1566150 759
1566160 757
1566170 753
1566180 753
1566190 750
1566200 747
1566210 745
1566220 745
1566230 742
1566240 741
1566250 741
1566260 741
1566270 740
1566280 740
1566290 739
1566300 738
1566310 738
1566320 739
1566330 741
1566340 744
1566350 744
1566360 747
1566370 750
1566380 750
1566390 753
1566400 756
1566410 756
1566420 758
1566430 759
1566440 759
1566450 759
1566460 760
1566470 760
1566480 760
1566490 760
1566500 761
1566510 761
1566520 762
1566530 757
1566540 757
1566550 759
1566560 760
1566570 760
1566580 761
1566590 763
1566600 763
1566610 763
1566620 765
1566630 767
1566640 767
1566650 768
1566660 768
1566670 768
1566680 766
1566690 762
1566700 762
1566710 759
1566720 756
1566730 756
1566740 753
1566750 750
1566760 750
1566770 748
1566780 748
1566790 747
1566800 747
1566810 747
1566820 746
1566830 746
1566840 745
1566850 745
1566860 745
1566870 746
1566880 746
1566890 746
1566900 745
1566910 744
1566920 744
1566930 741
1566940 740
1566950 741
1566960 741
1566970 743
1566980 748
1566990 748
1567000 751
1567010 750
1567020 750
1567030 748
1567040 745
1567050 745
1567060 747
1567070 751
1567080 752
1567090 752
1567100 750
1567110 749
1567120 749
1567130 753
1567140 760
1567150 760
1567160 763
1567170 762
1567180 762
1567190 760
1567200 759
1567210 759
1567220 757
1567230 755
1567240 756
1567250 756
1567260 758
1567270 757
1567280 757
1567290 754
1567300 753
1567310 753
1567320 751
1567330 744
1567340 744
1567350 739
1567360 737
1567370 736
1567380 736
1567390 733
1567400 730
1567410 730
1567420 729
1567430 727
1567440 727
1567450 725
1567460 723
1567470 723
1567480 721
1567490 720
1567500 720
1567510 718
1567520 714
1567530 713
1567540 713
1567550 711
1567560 708
1567570 708
1567580 706
1567590 704
1567600 704
1567610 701
1567620 698
1567630 698
1567640 695
1567650 691
1567660 691
1567670 689
1567680 687
1567690 686
1567700 686
1567710 684
1567720 681
1567730 681
1567740 679
1567750 676
1567760 676
1567770 675
1567780 674
1567790 674
1567800 673
1567810 671
1567820 670
1567830 670
1567840 670
1567850 669
1567860 669
1567870 670
1567880 672
1567890 672
1567900 673
1567910 673
1567920 673
1567930 672
1567940 673
1567950 673
1567960 673
1567970 674
1567980 674
1567990 674
1568000 675
1568010 675
1568020 675
1568030 674
1568040 674
1568050 673
1568060 675
1568070 675
1568080 675
1568090 676
1568100 676
1568110 676
1568120 676
1568130 674
1568140 675
1568150 675
1568160 674
1568170 674
1568180 674
1568190 675
1568200 675
1568210 675
1568220 674
1568230 673
1568240 673
1568250 673
1568260 671
1568270 670
1568280 670
1568290 669
1568300 668
1568310 668
1568320 666
1568330 664
1568340 664
1568350 663
1568360 662
1568370 662
1568380 660
1568390 659
1568400 659
1568410 658
1568420 657
1568430 656
1568440 656
1568450 657
1568460 657
1568470 657
1568480 657
1568490 657
1568500 657
1568510 656
1568520 656
1568530 656
1568540 655
1568550 655
1568560 654
1568570 654
1568580 654
1568590 654
1568600 654
1568610 653
1568620 652
1568630 652
1568640 651
1568650 652
1568660 652
1568670 654
1568680 656
1568690 656
1568700 656
1568710 656
1568720 656
1568730 656
1568740 656
1568750 656
1568760 656
1568770 655
1568780 654
1568790 654
1568800 654
1568810 654
1568820 654
1568830 653
1568840 653
1568850 653
1568860 653
1568870 653
1568880 652
1568890 652
1568900 652
1568910 652
1568920 652
1568930 652
1568940 652
1568950 652
1568960 653
1568970 653
1568980 653
1568990 654
1569000 655
1569010 655
1569020 655
1569030 656
1569040 657
1569050 657
1569060 657
1569070 657
1569080 657
1569090 658
1569100 658
1569110 658
1569120 657
1569130 655
1569140 655
1569150 651
1569160 645
1569170 637
1569180 637
1569190 629
1569200 624
1569210 624
1569220 620
1569230 616
1569240 616
1569250 613
1569260 610
1569270 610
1569280 607
1569290 604
1569300 601
1569310 601
1569320 597
1569330 593
1569340 593
1569350 588
1569360 585
1569370 585
1569380 581
1569390 580
1569400 580
1569410 580
1569420 580
1569430 580
1569440 579
1569450 578
1569460 577
1569470 577
1569480 577
1569490 576
1569500 576
1569510 575
1569520 575
1569530 575
1569540 574
1569550 574
1569560 574
1569570 575
1569580 576
1569590 577
1569600 577
1569610 576
1569620 576
1569630 576
1569640 576
1569650 576
1569660 576
1569670 575
1569680 574
1569690 574
1569700 573
1569710 572
1569720 572
1569730 575
1569740 578
1569750 578
1569760 578
1569770 577
1569780 577
1569790 577
1569800 576
1569810 576
1569820 576
1569830 575
1569840 575
1569850 575
1569860 574
1569870 574
1569880 574
1569890 573
1569900 572
1569910 572
1569920 572
1569930 572
1569940 573
1569950 573
1569960 576
1569970 581
1569980 581
1569990 586
1570000 592
1570010 592
1570020 597
1570030 603
1570040 606
1570050 606
1570060 606
1570070 606
1570080 606
1570090 606
1570100 606
1570110 606
1570120 606
1570130 606
1570140 606
1570150 607
1570160 607
1570170 607
1570180 607
1570190 607
1570200 605
1570210 605
1570220 602
1570230 599
1570240 599
1570250 596
1570260 594
1570270 594
1570280 592
1570290 592
1570300 592
1570310 592
1570320 592
1570330 592
1570340 592
1570350 593
1570360 594
1570370 594
1570380 595
1570390 595
1570400 595
1570410 596
1570420 597
1570430 597
1570440 598
1570450 599
1570460 599
1570470 599
1570480 600
1570490 601
1570500 601
1570510 601
1570520 602
1570530 602
1570540 602
1570550 603
1570560 603
1570570 603
1570580 604
1570590 604
1570600 604
1570610 605
1570620 605
1570630 606
1570640 607
1570650 607
1570660 607
1570670 608
1570680 608
1570690 608
1570700 608
1570710 608
1570720 608
1570730 608
1570740 607
1570750 607
1570760 607
1570770 606
1570780 606
1570790 606
1570800 608
1570810 608
1570820 608
1570830 608
1570840 608
1570850 608
1570860 608
1570870 608
1570880 608
1570890 608
1570900 608
1570910 608
1570920 608
1570930 609
1570940 610
1570950 610
1570960 610
1570970 610
1570980 610
1570990 610
1571000 610
1571010 609
1571020 610
1571030 610
1571040 610
1571050 610
1571060 610
1571070 610
1571080 610
1571090 611
1571100 612
1571110 612
1571120 612
1571130 613
1571140 613
1571150 613
1571160 614
1571170 614
1571180 614
1571190 614
1571200 614
1571210 614
1571220 614
1571230 614
1571240 614
1571250 614
1571260 616
1571270 616
1571280 616
1571290 616
1571300 616
1571310 617
1571320 618
1571330 618
1571340 619
1571350 620
1571360 620
1571370 620
1571380 620
1571390 620
1571400 620
1571410 620
1571420 621
1571430 621
1571440 621
1571450 621
1571460 621
1571470 622
1571480 622
1571490 622
1571500 623
1571510 623
1571520 621
1571530 621
1571540 614
1571550 606
1571560 606
1571570 601
1571580 600
1571590 600
1571600 599
1571610 601
1571620 601
1571630 602
1571640 601
1571650 601
1571660 602
1571670 604
1571680 604
1571690 604
1571700 604
1571710 605
1571720 605
1571730 605
1571740 609
1571750 609
1571760 616
1571770 618
1571780 618
1571790 617
1571800 617
1571810 617
1571820 617
1571830 616
1571840 616
1571850 616
1571860 615
1571870 615
1571880 615
1571890 615
1571900 615
1571910 615
1571920 615
1571930 615
1571940 615
1571950 615
1571960 615
1571970 615
1571980 615
1571990 614
1572000 614
1572010 614
1572020 615
1572030 614
1572040 614
1572050 612
1572060 612
1572070 612
1572080 612
1572090 612
1572100 612
1572110 612
1572120 611
1572130 610
1572140 610
1572150 610
1572160 611
1572170 611
1572180 611
1572190 611
1572200 611
1572210 610
1572220 610
1572230 610
1572240 609
1572250 608
1572260 608
1572270 608
1572280 607
1572290 606
1572300 606
1572310 605
1572320 604
1572330 604
1572340 603
1572350 604
1572360 604
1572370 604
1572380 604
1572390 604
1572400 603
1572410 603
1572420 603
1572430 603
1572440 603
1572450 602
1572460 602
1572470 602
1572480 602
1572490 602
1572500 602
1572510 601
1572520 601
1572530 602
1572540 601
1572550 600
1572560 600
1572570 601
1572580 601
1572590 601
1572600 600
1572610 600
1572620 600
1572630 600
1572640 600
1572650 600
1572660 600
1572670 600
1572680 600
1572690 599
1572700 599
1572710 598
1572720 598
1572730 598
1572740 598
1572750 598
1572760 597
1572770 596
1572780 596
1572790 595
1572800 595
1572810 595
1572820 595
1572830 594
1572840 594
1572850 593
1572860 593
1572870 593
1572880 593
1572890 593
1572900 592
1572910 592
1572920 592
1572930 591
1572940 591
1572950 590
1572960 589
1572970 589
1572980 590
1572990 590
1573000 589
1573010 589
1573020 588
1573030 587
1573040 587
1573050 587
1573060 586
1573070 586
1573080 586
1573090 586
1573100 586
1573110 585
1573120 585
1573130 585
1573140 585
1573150 585
1573160 584
1573170 584
1573180 583
1573190 583
1573200 583
1573210 583
1573220 582
1573230 582
1573240 582
1573250 581
1573260 581
1573270 581
1573280 580
1573290 580
1573300 580
1573310 579
1573320 579
1573330 579
1573340 578
1573350 578
1573360 578
1573370 577
1573380 576
1573390 576
1573400 576
1573410 575
1573420 575
1573430 574
1573440 573
1573450 573
1573460 573
1573470 572
1573480 571
1573490 571
1573500 571
1573510 570
1573520 570
1573530 569
1573540 568
1573550 568
1573560 568
1573570 568
1573580 568
1573590 567
1573600 566
1573610 565
1573620 565
1573630 565
1573640 564
1573650 564
1573660 564
1573670 563
1573680 563
1573690 562
1573700 561
1573710 561
1573720 560
1573730 560
1573740 559
1573750 559
1573760 558
1573770 557
1573780 557
1573790 557
1573800 557
1573810 557
1573820 556
1573830 555
1573840 555
1573850 555
1573860 555
1573870 554
1573880 553
1573890 553
1573900 552
1573910 552
1573920 551
1573930 550
1573940 550
1573950 550
1573960 549
1573970 549
1573980 549
1573990 548
1574000 548
1574010 548
1574020 547
1574030 546
1574040 546
1574050 546
1574060 545
1574070 545
1574080 545
1574090 544
1574100 544
1574110 543
1574120 543
1574130 543
1574140 542
1574150 541
1574160 541
1574170 541
1574180 541
1574190 540
1574200 540
1574210 539
1574220 538
1574230 538
1574240 538
1574250 537
1574260 537
1574270 537
1574280 536
1574290 536
1574300 536
1574310 535
1574320 535
1574330 535
1574340 534
1574350 533
1574360 533
1574370 532
1574380 531
1574390 531
1574400 530
1574410 530
1574420 530
1574430 529
1574440 529
1574450 529
1574460 529
1574470 528
1574480 527
1574490 527
1574500 526
1574510 526
1574520 526
1574530 525
1574540 524
1574550 524
1574560 524
1574570 523
1574580 523
1574590 523
1574600 522
1574610 522
1574620 521
1574630 521
1574640 521
1574650 521
1574660 521
1574670 523
1574680 523
1574690 524
1574700 526
1574710 526
1574720 528
1574730 530
1574740 530
1574750 532
1574760 535
1574770 537
1574780 537
1574790 538
1574800 540
1574810 540
1574820 543
1574830 544
1574840 544
1574850 544
1574860 546
1574870 546
1574880 548
1574890 549
1574900 549
1574910 552
1574920 553
1574930 553
1574940 553
1574950 552
1574960 551
1574970 551
1574980 549
1574990 549
1575000 549
1575010 547
1575020 546
1575030 546
1575040 546
1575050 546
1575060 546
1575070 546
1575080 546
1575090 547
1575100 547
1575110 545
1575120 543
1575130 543
1575140 542
1575150 540
1575160 540
1575170 540
1575180 538
1575190 538
1575200 536
1575210 536
1575220 538
1575230 538
1575240 541
1575250 545
1575260 541
1575270 545
1575280 549
1575290 549
1575300 552
1575310 556
1575320 556
1575330 560
1575340 563
1575350 563
1575360 566
1575370 567
1575380 568
1575390 568
1575400 569
1575410 570
1575420 570
1575430 570
1575440 570
1575450 570
1575460 569
1575470 568
1575480 568
1575490 567
1575500 565
1575510 563
1575520 563
1575530 560
1575540 558
1575550 558
1575560 556
1575570 555
1575580 555
1575590 555
1575600 553
1575610 553
1575620 552
1575630 550
1575640 550
1575650 550
1575660 551
1575670 550
1575680 550
1575690 548
1575700 548
1575710 548
1575720 550
1575730 551
1575740 551
1575750 553
1575760 555
1575770 555
1575780 556
1575790 557
1575800 557
1575810 557
1575820 559
1575830 561
1575840 561
1575850 563
1575860 565
1575870 565
1575880 567
1575890 568
1575900 568
1575910 569
1575920 569
1575930 569
1575940 570
1575950 571
1575960 571
1575970 571
1575980 571
1575990 571
1576000 571
1576010 571
1576020 571
1576030 571
1576040 572
1576050 574
1576060 574
1576070 574
1576080 574
1576090 574
1576100 574
1576110 573
1576120 573
1576130 573
1576140 572
1576150 571
1576160 571
1576170 569
1576180 568
1576190 568
1576200 567
1576210 566
1576220 566
1576230 564
1576240 558
1576250 558
1576260 558
1576270 564
1576280 567
1576290 567
1576300 567
1576310 566
1576320 566
1576330 566
1576340 565
1576350 565
1576360 564
1576370 563
1576380 563
1576390 563
1576400 563
1576410 563
1576420 563
1576430 563
1576440 563
1576450 563
1576460 564
1576470 565
1576480 565
1576490 565
1576500 567
1576510 567
1576520 569
1576530 570
1576540 570
1576550 571
1576560 572
1576570 572
1576580 572
1576590 571
1576600 571
1576610 571
1576620 572
1576630 570
1576640 570
1576650 570
1576660 569
1576670 569
1576680 569
1576690 569
1576700 569
1576710 569
1576720 569
1576730 569
1576740 569
1576750 568
1576760 567
1576770 567
1576780 565
1576790 565
1576800 565
1576810 564
1576820 563
1576830 563
1576840 560
1576850 560
1576860 558
1576870 558
1576880 556
1576890 554
1576900 554
1576910 552
1576920 552
1576930 552
1576940 553
1576950 553
1576960 553
1576970 554
1576980 554
1576990 553
1577000 553
1577010 553
1577020 552
1577030 552
1577040 552
1577050 552
1577060 552
1577070 552
1577080 552
1577090 552
1577100 552
1577110 552
1577120 552
1577130 552
1577140 552
1577150 552
1577160 552
1577170 552
1577180 553
1577190 553
1577200 553
1577210 553
1577220 553
1577230 554
1577240 554
1577250 554
1577260 555
1577270 555
1577280 555
1577290 556
1577300 557
1577310 557
1577320 557
1577330 554
1577340 551
1577350 551
1577360 549
1577370 543
1577380 543
1577390 537
1577400 530
1577410 530
1577420 523
1577430 516
1577440 510
1577450 510
1577460 506
1577470 505
1577480 505
1577490 504
1577500 499
1577510 499
1577520 498
1577530 498
1577540 498
1577550 498
1577560 500
1577570 500
1577580 501
1577590 502
1577600 503
1577610 503
1577620 505
1577630 506
1577640 506
1577650 509
1577660 515
1577670 515
1577680 523
1577690 532
1577700 532
1577710 536
1577720 536
1577730 535
1577740 535
1577750 538
1577760 548
1577770 548
1577780 557
1577790 565
1577800 565
1577810 571
1577820 576
1577830 576
1577840 582
1577850 582
1577860 582
1577870 581
1577880 580
1577890 578
1577900 578
1577910 578
1577920 579
1577930 579
1577940 579
1577950 580
1577960 580
1577970 583
1577980 581
1577990 581
1578000 583
1578010 587
1578020 587
1578030 593
1578040 598
1578050 599
1578060 599
1578070 601
1578080 602
1578090 602
1578100 604
1578110 606
1578120 606
1578130 608
1578140 611
1578150 611
1578160 614
1578170 619
1578180 622
1578190 622
1578200 625
1578210 627
1578220 627
1578230 629
1578240 629
1578250 629
1578260 630
1578270 629
1578280 629
1578290 629
1578300 629
1578310 629
1578320 628
1578330 627
1578340 626
1578350 626
1578360 625
1578370 624
1578380 624
1578390 623
1578400 621
1578410 621
1578420 621
1578430 622
1578440 622
1578450 623
1578460 624
1578470 624
1578480 626
1578490 628
1578500 629
1578510 629
1578520 630
1578530 631
1578540 631
1578550 631
1578560 632
1578570 632
1578580 634
1578590 635
1578600 635
1578610 636
1578620 637
1578630 636
1578640 636
1578650 636
1578660 635
1578670 635
1578680 635
1578690 634
1578700 634
1578710 634
1578720 633
1578730 633
1578740 632
1578750 632
1578760 632
1578770 632
1578780 632
1578790 631
1578800 631
1578810 630
1578820 629
1578830 629
1578840 628
1578850 628
1578860 628
1578870 627
1578880 628
1578890 628
1578900 628
1578910 628
1578920 627
1578930 627
1578940 627
1578950 626
1578960 626
1578970 626
1578980 626
1578990 626
1579000 626
1579010 625
1579020 625
1579030 625
1579040 624
1579050 624
1579060 623
1579070 621
1579080 617
1579090 617
1579100 613
1579110 609
1579120 609
1579130 605
1579140 603
1579150 603
1579160 600
1579170 599
1579180 599
1579190 598
1579200 597
1579210 597
1579220 596
1579230 596
1579240 596
1579250 596
1579260 596
1579270 596
1579280 596
1579290 596
1579300 596
1579310 596
1579320 596
1579330 596
1579340 596
1579350 595
1579360 595
1579370 594
1579380 594
1579390 594
1579400 593
1579410 593
1579420 593
1579430 591
1579440 591
1579450 587
1579460 582
1579470 582
1579480 578
1579490 574
1579500 574
1579510 570
1579520 564
1579530 558
1579540 558
1579550 552
1579560 546
1579570 546
1579580 548
1579590 554
1579600 554
1579610 562
1579620 567
1579630 567
1579640 571
1579650 577
1579660 584
1579670 584
1579680 588
1579690 592
1579700 592
1579710 592
1579720 592
1579730 592
1579740 592
1579750 592
1579760 592
1579770 593
1579780 594
1579790 594
1579800 594
1579810 593
1579820 589
1579830 589
1579840 582
1579850 584
1579860 584
1579870 591
1579880 595
1579890 595
1579900 599
1579910 601
1579920 601
1579930 602
1579940 603
1579950 603
1579960 604
1579970 605
1579980 606
1579990 606
