1560000 772
1560010 772
1560020 771
1560030 775
1560040 775
1560050 781
1560060 779
1560070 779
1560080 775
1560090 769
1560100 769
1560110 761
1560120 754
1560130 751
1560140 751
1560150 753
1560160 753
1560170 753
1560180 757
1560190 759
1560200 759
1560210 759
1560220 754
1560230 754
1560240 749
1560250 748
1560260 748
1560270 752
1560280 754
1560290 753
1560300 753
1560310 746
1560320 742
1560330 742
1560340 745
1560350 745
1560360 745
1560370 744
1560380 741
1560390 741
1560400 740
1560410 743
1560420 746
1560430 746
1560440 746
1560450 742
1560460 742
1560470 741
1560480 738
1560490 738
1560500 739
1560510 737
1560520 737
1560530 732
1560540 729
1560550 729
1560560 725
1560570 722
1560580 720
1560590 720
1560600 719
1560610 721
1560620 721
1560630 720
1560640 716
1560650 716
1560660 710
1560670 706
1560680 706
1560690 702
1560700 695
1560710 681
1560720 681
1560730 667
1560740 677
1560750 677
1560760 692
1560770 696
1560780 696
1560790 699
1560800 705
1560810 705
1560820 714
1560830 725
1560840 725
1560850 737
1560860 747
1560870 757
1560880 757
1560890 770
1560900 776
1560910 776
1560920 772
1560930 779
1560940 779
1560950 783
1560960 777
1560970 777
1560980 778
1560990 776
1561000 776
1561010 767
1561020 762
1561030 759
1561040 759
1561050 757
1561060 763
1561070 763
1561080 760
1561090 753
1561100 753
1561110 750
1561120 753
1561130 753
1561140 755
1561150 750
1561160 748
1561170 748
1561180 747
1561190 738
1561200 738
1561210 738
1561220 740
1561230 740
1561240 743
1561250 749
1561260 749
1561270 757
1561280 764
1561290 764
1561300 765
1561310 767
1561320 761
1561330 761
1561340 751
1561350 743
1561360 743
1561370 736
1561380 730
1561390 730
1561400 722
1561410 716
1561420 716
1561430 711
1561440 710
1561450 707
1561460 707
1561470 704
1561480 698
1561490 698
1561500 690
1561510 684
1561520 684
1561530 679
1561540 671
1561550 671
1561560 662
1561570 653
1561580 653
1561590 646
1561600 643
1561610 645
1561620 645
1561630 647
1561640 648
1561650 648
1561660 654
1561670 663
1561680 663
1561690 671
1561700 679
1561710 679
1561720 685
1561730 689
1561740 689
1561750 692
1561760 696
1561770 705
1561780 705
1561790 711
1561800 714
1561810 714
1561820 715
1561830 716
1561840 716
1561850 717
1561860 723
1561870 723
1561880 729
1561890 735
1561900 740
1561910 740
1561920 742
1561930 743
1561940 743
1561950 749
1561960 757
1561970 757
1561980 764
1561990 764
1562000 764
1562010 763
1562020 765
1562030 765
1562040 767
1562050 770
1562060 776
1562070 776
1562080 783
1562090 790
1562100 790
1562110 788
1562120 784
1562130 784
1562140 784
1562150 785
1562160 785
1562170 788
1562180 790
1562190 790
1562200 793
1562210 798
1562220 806
1562230 806
1562240 808
1562250 810
1562260 810
1562270 819
1562280 827
1562290 827
1562300 832
1562310 833
1562320 833
1562330 835
1562340 839
1562350 843
1562360 843
1562370 850
1562380 858
1562390 858
1562400 866
1562410 876
1562420 876
1562430 879
1562440 880
1562450 880
1562460 882
1562470 884
1562480 884
1562490 886
1562500 888
1562510 891
1562520 891
1562530 892
1562540 894
1562550 894
1562560 897
1562570 898
1562580 898
1562590 900
1562600 901
1562610 901
1562620 901
1562630 902
1562640 904
1562650 904
1562660 905
1562670 906
1562680 906
1562690 907
1562700 907
1562710 907
1562720 906
1562730 906
1562740 906
1562750 906
1562760 907
1562770 907
1562780 908
1562790 910
1562800 910
1562810 905
1562820 904
1562830 903
1562840 903
1562850 901
1562860 901
1562870 901
1562880 902
1562890 901
1562900 901
1562910 900
1562920 898
1562930 898
1562940 898
1562950 895
1562960 891
1562970 891
1562980 890
1562990 890
1563000 890
1563010 892
1563020 893
1563030 893
1563040 892
1563050 892
1563060 892
1563070 892
1563080 892
1563090 895
1563100 895
1563110 897
1563120 903
1563130 903
1563140 908
1563150 914
1563160 914
1563170 915
1563180 920
1563190 920
1563200 924
1563210 927
1563220 927
1563230 930
1563240 934
1563250 936
1563260 936
1563270 935
1563280 934
1563290 934
1563300 934
1563310 934
1563320 934
1563330 932
1563340 928
1563350 928
1563360 924
1563370 920
1563380 915
1563390 915
1563400 912
1563410 909
1563420 909
1563430 903
1563440 899
1563450 899
1563460 892
1563470 887
1563480 887
1563490 884
1563500 880
1563510 880
1563520 876
1563530 872
1563540 867
1563550 867
1563560 863
1563570 859
1563580 859
1563590 855
1563600 852
1563610 852
1563620 849
1563630 845
1563640 845
1563650 839
1563660 835
1563670 835
1563680 837
1563690 841
1563700 846
1563710 846
1563720 853
1563730 857
1563740 857
1563750 859
1563760 861
1563770 861
1563780 869
1563790 874
1563800 874
1563810 873
1563820 867
1563830 862
1563840 862
1563850 855
1563860 852
1563870 852
1563880 847
1563890 840
1563900 840
1563910 836
1563920 835
1563930 835
1563940 835
1563950 834
1563960 834
1563970 833
1563980 831
1563990 830
1564000 830
1564010 829
1564020 829
1564030 829
1564040 830
1564050 832
1564060 832
1564070 835
1564080 836
1564090 836
1564100 838
1564110 838
1564120 837
1564130 837
1564140 835
1564150 832
1564160 832
1564170 826
1564180 822
1564190 822
1564200 820
1564210 817
1564220 817
1564230 814
1564240 815
1564250 815
1564260 816
1564270 816
1564280 816
1564290 816
1564300 816
1564310 815
1564320 815
1564330 815
1564340 815
1564350 815
1564360 815
1564370 815
1564380 815
1564390 815
1564400 810
1564410 810
1564420 811
1564430 812
1564440 813
1564450 813
1564460 813
1564470 811
1564480 811
1564490 809
1564500 809
1564510 809
1564520 807
1564530 804
1564540 804
1564550 801
1564560 799
1564570 798
1564580 798
1564590 798
1564600 798
1564610 798
1564620 798
1564630 798
1564640 798
1564650 797
1564660 794
1564670 794
1564680 788
1564690 783
1564700 783
1564710 779
1564720 775
1564730 769
1564740 769
1564750 766
1564760 763
1564770 763
1564780 762
1564790 760
1564800 760
1564810 758
1564820 754
1564830 754
1564840 749
1564850 743
1564860 738
1564870 738
1564880 730
1564890 725
1564900 725
1564910 721
1564920 718
1564930 718
1564940 714
1564950 710
1564960 710
1564970 706
1564980 702
1564990 702
1565000 703
1565010 704
1565020 705
1565030 705
1565040 711
1565050 710
1565060 710
1565070 707
1565080 706
1565090 706
1565100 703
1565110 700
1565120 700
1565130 696
1565140 693
1565150 691
1565160 691
1565170 689
1565180 688
1565190 688
1565200 685
1565210 683
1565220 683
1565230 681
1565240 678
1565250 678
1565260 674
1565270 671
1565280 671
1565290 669
1565300 666
1565310 664
1565320 664
1565330 662
1565340 661
1565350 661
1565360 660
1565370 660
1565380 660
1565390 660
1565400 660
1565410 660
1565420 659
1565430 654
1565440 654
1565450 647
1565460 643
1565470 644
1565480 644
1565490 646
1565500 650
1565510 650
1565520 656
1565530 664
1565540 664
1565550 670
1565560 674
1565570 674
1565580 676
1565590 678
1565600 681
1565610 681
1565620 684
1565630 686
1565640 686
1565650 689
1565660 693
1565670 693
1565680 696
1565690 701
1565700 701
1565710 705
1565720 710
1565730 710
1565740 715
1565750 721
1565760 727
1565770 727
1565780 733
1565790 740
1565800 740
1565810 746
1565820 752
1565830 752
1565840 754
1565850 754
1565860 754
1565870 755
1565880 755
1565890 761
1565900 761
1565910 767
1565920 773
1565930 773
1565940 777
1565950 781
1565960 775
1565970 781
1565980 787
1565990 787
1566000 794
1566010 801
1566020 801
1566030 804
1566040 805
1566050 801
1566060 801
1566070 782
1566080 769
1566090 769
1566100 763
1566110 757
1566120 757
1566130 753
1566140 751
1566150 751
1566160 749
1566170 745
1566180 745
1566190 741
1566200 739
1566210 739
1566220 739
1566230 736
1566240 734
1566250 734
1566260 733
1566270 732
1566280 732
1566290 730
1566300 730
1566310 730
1566320 731
1566330 733
1566340 736
1566350 736
1566360 739
1566370 742
1566380 742
1566390 745
1566400 747
1566410 747
1566420 748
1566430 749
1566440 749
1566450 750
1566460 750
1566470 750
1566480 750
1566490 751
1566500 752
1566510 752
1566520 752
1566530 753
1566540 753
1566550 754
1566560 755
1566570 755
1566580 756
1566590 758
1566600 758
1566610 758
1566620 760
1566630 761
1566640 761
1566650 762
1566660 761
1566670 761
1566680 760
1566690 756
1566700 756
1566710 752
1566720 749
1566730 749
1566740 746
1566750 744
1566760 744
1566770 742
1566780 741
1566790 741
1566800 741
1566810 741
1566820 741
1566830 741
1566840 740
1566850 739
1566860 739
1566870 739
1566880 740
1566890 740
1566900 740
1566910 738
1566920 738
1566930 736
1566940 734
1566950 735
1566960 735
1566970 738
1566980 743
1566990 743
1567000 745
1567010 745
1567020 745
1567030 742
1567040 739
1567050 739
1567060 741
1567070 746
1567080 746
1567090 746
1567100 744
1567110 743
1567120 743
1567130 746
1567140 753
1567150 753
1567160 755
1567170 754
1567180 754
1567190 752
1567200 751
1567210 751
1567220 750
1567230 748
1567240 749
1567250 749
1567260 752
1567270 751
1567280 751
1567290 747
1567300 742
1567310 742
1567320 739
1567330 735
1567340 735
1567350 732
1567360 730
1567370 728
1567380 728
1567390 726
1567400 723
1567410 723
1567420 720
1567430 719
1567440 719
1567450 717
1567460 715
1567470 715
1567480 714
1567490 705
1567500 705
1567510 702
1567520 700
1567530 697
1567540 697
1567550 696
1567560 694
1567570 694
1567580 692
1567590 690
1567600 690
1567610 687
1567620 684
1567630 684
1567640 681
1567650 680
1567660 680
1567670 678
1567680 677
1567690 675
1567700 675
1567710 673
1567720 671
1567730 671
1567740 669
1567750 666
1567760 666
1567770 665
1567780 665
1567790 665
1567800 664
1567810 664
1567820 665
1567830 665
1567840 665
1567850 665
1567860 665
1567870 667
1567880 668
1567890 668
1567900 668
1567910 668
1567920 668
1567930 668
1567940 668
1567950 668
1567960 669
1567970 670
1567980 670
1567990 670
1568000 671
1568010 671
1568020 671
1568030 670
1568040 672
1568050 672
1568060 672
1568070 672
1568080 672
1568090 673
1568100 673
1568110 673
1568120 673
1568130 672
1568140 671
1568150 671
1568160 671
1568170 671
1568180 671
1568190 670
1568200 670
1568210 670
1568220 669
1568230 669
1568240 669
1568250 668
1568260 667
1568270 666
1568280 666
1568290 665
1568300 663
1568310 663
1568320 662
1568330 660
1568340 660
1568350 659
1568360 659
1568370 659
1568380 657
1568390 656
1568400 656
1568410 655
1568420 655
1568430 654
1568440 654
1568450 654
1568460 655
1568470 655
1568480 655
1568490 655
1568500 655
1568510 655
1568520 654
1568530 654
1568540 654
1568550 654
1568560 653
1568570 653
1568580 653
1568590 652
1568600 652
1568610 652
1568620 651
1568630 651
1568640 651
1568650 652
1568660 652
1568670 654
1568680 655
1568690 655
1568700 655
1568710 654
1568720 654
1568730 654
1568740 654
1568750 654
1568760 654
1568770 654
1568780 653
1568790 653
1568800 652
1568810 652
1568820 652
1568830 652
1568840 652
1568850 652
1568860 652
1568870 652
1568880 651
1568890 651
1568900 651
1568910 651
1568920 651
1568930 651
1568940 651
1568950 651
1568960 652
1568970 652
1568980 652
1568990 653
1569000 653
1569010 655
1569020 655
1569030 656
1569040 657
1569050 657
1569060 658
1569070 658
1569080 658
1569090 657
1569100 657
1569110 657
1569120 656
1569130 655
1569140 655
1569150 654
1569160 653
1569170 649
1569180 649
1569190 642
1569200 637
1569210 637
1569220 633
1569230 629
1569240 629
1569250 625
1569260 622
1569270 622
1569280 619
1569290 616
1569300 612
1569310 612
1569320 608
1569330 603
1569340 603
1569350 597
1569360 591
1569370 591
1569380 588
1569390 585
1569400 585
1569410 582
1569420 580
1569430 580
1569440 578
1569450 577
1569460 577
1569470 577
1569480 576
1569490 576
1569500 576
1569510 576
1569520 575
1569530 575
1569540 574
1569550 574
1569560 574
1569570 573
1569580 573
1569590 573
1569600 575
1569610 576
1569620 575
1569630 575
1569640 575
1569650 576
1569660 576
1569670 575
1569680 575
1569690 575
1569700 574
1569710 572
1569720 572
1569730 572
1569740 574
1569750 577
1569760 577
1569770 577
1569780 577
1569790 577
1569800 576
1569810 575
1569820 575
1569830 575
1569840 574
1569850 574
1569860 574
1569870 573
1569880 573
1569890 573
1569900 572
1569910 572
1569920 572
1569930 572
1569940 572
1569950 572
1569960 573
1569970 577
1569980 577
1569990 581
1570000 585
1570010 585
1570020 592
1570030 598
1570040 600
1570050 600
1570060 600
1570070 599
1570080 599
1570090 600
1570100 600
1570110 600
1570120 600
1570130 600
1570140 600
1570150 600
1570160 600
1570170 600
1570180 600
1570190 600
1570200 598
1570210 598
1570220 593
1570230 591
1570240 591
1570250 590
1570260 589
1570270 589
1570280 590
1570290 590
1570300 590
1570310 590
1570320 590
1570330 590
1570340 592
1570350 593
1570360 594
1570370 594
1570380 594
1570390 595
1570400 595
1570410 596
1570420 596
1570430 596
1570440 597
1570450 598
1570460 598
1570470 598
1570480 599
1570490 600
1570500 600
1570510 600
1570520 601
1570530 601
1570540 601
1570550 602
1570560 602
1570570 602
1570580 603
1570590 603
1570600 604
1570610 605
1570620 605
1570630 605
1570640 606
1570650 606
1570660 606
1570670 606
1570680 607
1570690 607
1570700 607
1570710 606
1570720 606
1570730 605
1570740 605
1570750 605
1570760 605
1570770 604
1570780 605
1570790 605
1570800 606
1570810 607
1570820 607
1570830 606
1570840 606
1570850 606
1570860 606
1570870 606
1570880 606
1570890 606
1570900 607
1570910 607
1570920 606
1570930 607
1570940 608
1570950 608
1570960 608
1570970 608
1570980 608
1570990 608
1571000 609
1571010 609
1571020 609
1571030 609
1571040 609
1571050 609
1571060 609
1571070 609
1571080 610
1571090 610
1571100 611
1571110 611
1571120 611
1571130 612
1571140 612
1571150 613
1571160 613
1571170 613
1571180 613
1571190 613
1571200 613
1571210 613
1571220 613
1571230 613
1571240 613
1571250 614
1571260 615
1571270 615
1571280 615
1571290 615
1571300 615
1571310 616
1571320 617
1571330 617
1571340 618
1571350 619
1571360 619
1571370 619
1571380 619
1571390 619
1571400 619
1571410 620
1571420 620
1571430 620
1571440 620
1571450 621
1571460 621
1571470 621
1571480 622
1571490 622
1571500 622
1571510 622
1571520 620
1571530 620
1571540 614
1571550 606
1571560 606
1571570 600
1571580 599
1571590 599
1571600 598
1571610 600
1571620 600
1571630 601
1571640 600
1571650 600
1571660 601
1571670 602
1571680 603
1571690 603
1571700 603
1571710 604
1571720 604
1571730 604
1571740 607
1571750 607
1571760 614
1571770 617
1571780 617
1571790 617
1571800 616
1571810 616
1571820 616
1571830 615
1571840 615
1571850 615
1571860 614
1571870 614
1571880 614
1571890 614
1571900 614
1571910 613
1571920 613
1571930 613
1571940 613
1571950 613
1571960 613
1571970 613
1571980 613
1571990 613
1572000 612
1572010 612
1572020 612
1572030 611
1572040 611
1572050 610
1572060 611
1572070 611
1572080 611
1572090 610
1572100 610
1572110 610
1572120 610
1572130 609
1572140 609
1572150 608
1572160 609
1572170 609
1572180 609
1572190 609
1572200 609
1572210 608
1572220 608
1572230 608
1572240 608
1572250 607
1572260 607
1572270 607
1572280 606
1572290 606
1572300 606
1572310 605
1572320 604
1572330 604
1572340 603
1572350 602
1572360 602
1572370 602
1572380 602
1572390 602
1572400 602
1572410 601
1572420 601
1572430 601
1572440 601
1572450 601
1572460 601
1572470 601
1572480 601
1572490 601
1572500 601
1572510 601
1572520 601
1572530 600
1572540 600
1572550 600
1572560 599
1572570 600
1572580 600
1572590 600
1572600 600
1572610 599
1572620 599
1572630 598
1572640 598
1572650 598
1572660 599
1572670 599
1572680 599
1572690 599
1572700 598
1572710 598
1572720 598
1572730 597
1572740 597
1572750 597
1572760 596
1572770 596
1572780 596
1572790 595
1572800 594
1572810 594
1572820 594
1572830 592
1572840 592
1572850 592
1572860 592
1572870 591
1572880 591
1572890 591
1572900 592
1572910 592
1572920 591
1572930 590
1572940 590
1572950 589
1572960 589
1572970 589
1572980 589
1572990 589
1573000 588
1573010 588
1573020 587
1573030 587
1573040 587
1573050 586
1573060 585
1573070 585
1573080 585
1573090 585
1573100 585
1573110 585
1573120 584
1573130 584
1573140 584
1573150 584
1573160 583
1573170 583
1573180 583
1573190 582
1573200 582
1573210 582
1573220 582
1573230 582
1573240 581
1573250 581
1573260 581
1573270 580
1573280 580
1573290 580
1573300 579
1573310 578
1573320 578
1573330 578
1573340 577
1573350 576
1573360 576
1573370 575
1573380 575
1573390 575
1573400 575
1573410 574
1573420 574
1573430 573
1573440 572
1573450 572
1573460 572
1573470 571
1573480 570
1573490 570
1573500 570
1573510 569
1573520 569
1573530 568
1573540 567
1573550 567
1573560 566
1573570 566
1573580 566
1573590 566
1573600 565
1573610 565
1573620 565
1573630 564
1573640 563
1573650 563
1573660 563
1573670 562
1573680 562
1573690 561
1573700 561
1573710 561
1573720 560
1573730 559
1573740 558
1573750 558
1573760 557
1573770 557
1573780 557
1573790 556
1573800 555
1573810 555
1573820 554
1573830 554
1573840 554
1573850 554
1573860 553
1573870 553
1573880 553
1573890 552
1573900 551
1573910 551
1573920 551
1573930 550
1573940 550
1573950 549
1573960 549
1573970 549
1573980 548
1573990 547
1574000 547
1574010 547
1574020 547
1574030 547
1574040 546
1574050 545
1574060 544
1574070 544
1574080 544
1574090 543
1574100 543
1574110 543
1574120 542
1574130 542
1574140 542
1574150 541
1574160 541
1574170 540
1574180 540
1574190 539
1574200 539
1574210 538
1574220 538
1574230 538
1574240 537
1574250 537
1574260 537
1574270 536
1574280 536
1574290 536
1574300 535
1574310 535
1574320 535
1574330 534
1574340 533
1574350 533
1574360 533
1574370 532
1574380 531
1574390 531
1574400 530
1574410 530
1574420 530
1574430 529
1574440 528
1574450 528
1574460 527
1574470 527
1574480 527
1574490 527
1574500 526
1574510 525
1574520 525
1574530 525
1574540 524
1574550 524
1574560 524
1574570 523
1574580 523
1574590 522
1574600 521
1574610 521
1574620 521
1574630 520
1574640 520
1574650 520
1574660 520
1574670 520
1574680 520
1574690 522
1574700 523
1574710 523
1574720 524
1574730 526
1574740 522
1574750 523
1574760 523
1574770 523
1574780 525
1574790 527
1574800 529
1574810 529
1574820 533
1574830 535
1574840 535
1574850 536
1574860 539
1574870 539
1574880 540
1574890 540
1574900 540
1574910 543
1574920 543
1574930 546
1574940 546
1574950 548
1574960 547
1574970 547
1574980 546
1574990 545
1575000 545
1575010 543
1575020 541
1575030 541
1575040 540
1575050 539
1575060 539
1575070 540
1575080 540
1575090 539
1575100 539
1575110 536
1575120 535
1575130 535
1575140 535
1575150 536
1575160 536
1575170 537
1575180 534
1575190 534
1575200 530
1575210 530
1575220 530
1575230 530
1575240 532
1575250 536
1575260 536
1575270 540
1575280 544
1575290 544
1575300 549
1575310 554
1575320 554
1575330 558
1575340 562
1575350 562
1575360 565
1575370 566
1575380 567
1575390 567
1575400 567
1575410 568
1575420 568
1575430 569
1575440 569
1575450 569
1575460 569
1575470 568
1575480 568
1575490 567
1575500 565
1575510 565
1575520 563
1575530 560
1575540 558
1575550 558
1575560 556
1575570 555
1575580 555
1575590 554
1575600 553
1575610 553
1575620 551
1575630 550
1575640 550
1575650 549
1575660 549
1575670 549
1575680 549
1575690 548
1575700 546
1575710 546
1575720 548
1575730 550
1575740 550
1575750 551
1575760 553
1575770 553
1575780 554
1575790 555
1575800 555
1575810 556
1575820 557
1575830 558
1575840 558
1575850 560
1575860 562
1575870 562
1575880 563
1575890 565
1575900 565
1575910 567
1575920 569
1575930 569
1575940 570
1575950 571
1575960 571
1575970 571
1575980 571
1575990 571
1576000 571
1576010 571
1576020 571
1576030 571
1576040 572
1576050 574
1576060 574
1576070 574
1576080 573
1576090 573
1576100 573
1576110 573
1576120 573
1576130 573
1576140 573
1576150 572
1576160 572
1576170 570
1576180 568
1576190 568
1576200 567
1576210 565
1576220 565
1576230 564
1576240 561
1576250 561
1576260 555
1576270 557
1576280 563
1576290 563
1576300 564
1576310 564
1576320 564
1576330 564
1576340 563
1576350 563
1576360 562
1576370 561
1576380 561
1576390 561
1576400 560
1576410 560
1576420 560
1576430 559
1576440 559
1576450 559
1576460 558
1576470 558
1576480 558
1576490 557
1576500 557
1576510 557
1576520 558
1576530 558
1576540 558
1576550 560
1576560 561
1576570 562
1576580 562
1576590 563
1576600 563
1576610 563
1576620 564
1576630 565
1576640 565
1576650 565
1576660 565
1576670 565
1576680 566
1576690 566
1576700 566
1576710 566
1576720 566
1576730 566
1576740 566
1576750 565
1576760 564
1576770 564
1576780 563
1576790 563
1576800 563
1576810 562
1576820 561
1576830 561
1576840 559
1576850 557
1576860 555
1576870 555
1576880 554
1576890 552
1576900 552
1576910 551
1576920 552
1576930 552
1576940 552
1576950 553
1576960 553
1576970 553
1576980 553
1576990 553
1577000 553
1577010 552
1577020 552
1577030 552
1577040 552
1577050 551
1577060 551
1577070 551
1577080 551
1577090 551
1577100 551
1577110 551
1577120 551
1577130 550
1577140 550
1577150 550
1577160 550
1577170 550
1577180 551
1577190 551
1577200 551
1577210 551
1577220 551
1577230 552
1577240 552
1577250 552
1577260 552
1577270 553
1577280 553
1577290 554
1577300 554
1577310 554
1577320 554
1577330 551
1577340 549
1577350 549
1577360 549
1577370 548
1577380 548
1577390 541
1577400 533
1577410 533
1577420 528
1577430 521
1577440 521
1577450 513
1577460 507
1577470 506
1577480 506
1577490 505
1577500 501
1577510 501
1577520 496
1577530 498
1577540 498
1577550 498
1577560 499
1577570 499
1577580 500
1577590 501
1577600 502
1577610 502
1577620 503
1577630 505
1577640 505
1577650 507
1577660 508
1577670 508
1577680 513
1577690 517
1577700 517
1577710 520
1577720 524
1577730 524
1577740 531
1577750 540
1577760 549
1577770 549
1577780 556
1577790 563
1577800 563
1577810 569
1577820 575
1577830 575
1577840 581
1577850 583
1577860 583
1577870 584
1577880 584
1577890 583
1577900 583
1577910 581
1577920 580
1577930 580
1577940 579
1577950 577
1577960 577
1577970 577
1577980 578
1577990 578
1578000 580
1578010 584
1578020 584
1578030 590
1578040 594
1578050 597
1578060 597
1578070 598
1578080 600
1578090 600
1578100 601
1578110 602
1578120 602
1578130 604
1578140 607
1578150 607
1578160 609
1578170 614
1578180 614
1578190 617
1578200 619
1578210 620
1578220 620
1578230 623
1578240 626
1578250 626
1578260 628
1578270 628
1578280 628
1578290 628
1578300 628
1578310 628
1578320 628
1578330 627
1578340 627
1578350 627
1578360 626
1578370 624
1578380 624
1578390 623
1578400 621
1578410 621
1578420 621
1578430 621
1578440 621
1578450 621
1578460 622
1578470 622
1578480 623
1578490 625
1578500 626
1578510 626
1578520 627
1578530 629
1578540 629
1578550 630
1578560 631
1578570 631
1578580 633
1578590 635
1578600 635
1578610 636
1578620 636
1578630 636
1578640 636
1578650 636
1578660 636
1578670 636
1578680 635
1578690 635
1578700 635
1578710 635
1578720 634
1578730 634
1578740 634
1578750 633
1578760 633
1578770 632
1578780 632
1578790 632
1578800 632
1578810 631
1578820 630
1578830 630
1578840 630
1578850 629
1578860 629
1578870 628
1578880 628
1578890 628
1578900 628
1578910 628
1578920 628
1578930 628
1578940 627
1578950 627
1578960 627
1578970 625
1578980 625
1578990 625
1579000 625
1579010 625
1579020 625
1579030 625
1579040 625
1579050 625
1579060 624
1579070 624
1579080 621
1579090 621
1579100 616
1579110 610
1579120 610
1579130 605
1579140 602
1579150 602
1579160 599
1579170 597
1579180 597
1579190 597
1579200 596
1579210 596
1579220 596
1579230 596
1579240 596
1579250 596
1579260 596
1579270 596
1579280 596
1579290 596
1579300 596
1579310 596
1579320 596
1579330 595
1579340 595
1579350 595
1579360 594
1579370 594
1579380 594
1579390 594
1579400 594
1579410 594
1579420 593
1579430 592
1579440 592
1579450 591
1579460 588
1579470 588
1579480 585
1579490 582
1579500 582
1579510 577
1579520 571
1579530 564
1579540 564
1579550 556
1579560 550
1579570 550
1579580 545
1579590 544
1579600 544
1579610 552
1579620 560
1579630 560
1579640 566
1579650 573
1579660 573
1579670 579
1579680 582
1579690 588
1579700 588
1579710 590
1579720 591
1579730 591
1579740 592
1579750 592
1579760 592
1579770 593
1579780 594
1579790 594
1579800 594
1579810 593
1579820 589
1579830 589
1579840 582
1579850 582
1579860 582
1579870 588
1579880 591
1579890 591
1579900 595
1579910 597
1579920 597
1579930 600
1579940 602
1579950 602
1579960 603
1579970 604
1579980 605
1579990 605
