1560000 697
1560010 699
1560020 698
1560030 698
1560040 698
1560050 698
1560060 698
1560070 698
1560080 697
1560090 697
1560100 697
1560110 696
1560120 696
1560130 695
1560140 695
1560150 694
1560160 694
1560170 694
1560180 694
1560190 694
1560200 693
1560210 693
1560220 692
1560230 692
1560240 691
1560250 691
1560260 691
1560270 691
1560280 690
1560290 690
1560300 689
1560310 688
1560320 688
1560330 688
1560340 687
1560350 686
1560360 686
1560370 685
1560380 685
1560390 685
1560400 684
1560410 683
1560420 683
1560430 683
1560440 682
1560450 682
1560460 682
1560470 681
1560480 681
1560490 681
1560500 681
1560510 680
1560520 680
1560530 680
1560540 679
1560550 679
1560560 679
1560570 678
1560580 678
1560590 678
1560600 677
1560610 677
1560620 677
1560630 677
1560640 677
1560650 677
1560660 676
1560670 676
1560680 676
1560690 675
1560700 675
1560710 675
1560720 676
1560730 676
1560740 676
1560750 676
1560760 676
1560770 676
1560780 676
1560790 676
1560800 676
1560810 676
1560820 675
1560830 675
1560840 675
1560850 675
1560860 674
1560870 674
1560880 674
1560890 674
1560900 674
1560910 673
1560920 673
1560930 673
1560940 673
1560950 672
1560960 672
1560970 672
1560980 672
1560990 671
1561000 671
1561010 671
1561020 671
1561030 671
1561040 671
1561050 671
1561060 671
1561070 671
1561080 671
1561090 671
1561100 671
1561110 672
1561120 672
1561130 672
1561140 673
1561150 674
1561160 674
1561170 675
1561180 676
1561190 676
1561200 677
1561210 678
1561220 678
1561230 675
1561240 668
1561250 663
1561260 663
1561270 662
1561280 662
1561290 662
1561300 662
1561310 667
1561320 667
1561330 673
1561340 676
1561350 676
1561360 676
1561370 675
1561380 675
1561390 674
1561400 673
1561410 673
1561420 673
1561430 673
1561440 673
1561450 673
1561460 673
1561470 672
1561480 672
1561490 670
1561500 666
1561510 666
1561520 664
1561530 661
1561540 661
1561550 661
1561560 661
1561570 660
1561580 660
1561590 662
1561600 663
1561610 663
1561620 663
1561630 665
1561640 665
1561650 666
1561660 663
1561670 663
1561680 659
1561690 657
1561700 656
1561710 656
1561720 654
1561730 652
1561740 652
1561750 652
1561760 652
1561770 652
1561780 656
1561790 656
1561800 656
1561810 658
1561820 658
1561830 658
1561840 657
1561850 656
1561860 655
1561870 655
1561880 654
1561890 652
1561900 652
1561910 651
1561920 650
1561930 650
1561940 648
1561950 647
1561960 647
1561970 645
1561980 643
1561990 643
1562000 641
1562010 640
1562020 638
1562030 638
1562040 636
1562050 635
1562060 635
1562070 633
1562080 631
1562090 631
1562100 630
1562110 627
1562120 627
1562130 625
1562140 623
1562150 620
1562160 620
1562170 618
1562180 615
1562190 615
1562200 613
1562210 612
1562220 612
1562230 610
1562240 607
1562250 607
1562260 604
1562270 602
1562280 602
1562290 601
1562300 601
1562310 602
1562320 602
1562330 604
1562340 605
1562350 605
1562360 604
1562370 603
1562380 603
1562390 602
1562400 601
1562410 601
1562420 600
1562430 600
1562440 600
1562450 599
1562460 599
1562470 598
1562480 598
1562490 598
1562500 597
1562510 597
1562520 597
1562530 597
1562540 597
1562550 597
1562560 596
1562570 596
1562580 596
1562590 596
1562600 596
1562610 596
1562620 596
1562630 596
1562640 596
1562650 596
1562660 596
1562670 596
1562680 595
1562690 595
1562700 595
1562710 595
1562720 595
1562730 595
1562740 595
1562750 595
1562760 595
1562770 595
1562780 596
1562790 596
1562800 596
1562810 596
1562820 597
1562830 597
1562840 597
1562850 598
1562860 598
1562870 599
1562880 599
1562890 599
1562900 601
1562910 601
1562920 602
1562930 602
1562940 602
1562950 602
1562960 602
1562970 602
1562980 602
1562990 602
1563000 602
1563010 602
1563020 602
1563030 601
1563040 601
1563050 600
1563060 600
1563070 600
1563080 600
1563090 600
1563100 600
1563110 599
1563120 599
1563130 599
1563140 599
1563150 599
1563160 599
1563170 598
1563180 598
1563190 598
1563200 598
1563210 598
1563220 598
1563230 598
1563240 597
1563250 597
1563260 595
1563270 593
1563280 593
1563290 591
1563300 589
1563310 589
1563320 587
1563330 585
1563340 585
1563350 583
1563360 581
1563370 580
1563380 580
1563390 579
1563400 578
1563410 578
1563420 577
1563430 575
1563440 575
1563450 569
1563460 552
1563470 552
1563480 547
1563490 545
1563500 543
1563510 543
1563520 542
1563530 542
1563540 542
1563550 542
1563560 542
1563570 542
1563580 542
1563590 542
1563600 542
1563610 542
1563620 543
1563630 543
1563640 543
1563650 543
1563660 544
1563670 544
1563680 545
1563690 549
1563700 549
1563710 553
1563720 557
1563730 557
1563740 561
1563750 562
1563760 562
1563770 562
1563780 561
1563790 561
1563800 557
1563810 554
1563820 553
1563830 553
1563840 553
1563850 553
1563860 553
1563870 551
1563880 551
1563890 551
1563900 550
1563910 549
1563920 549
1563930 548
1563940 548
1563950 547
1563960 547
1563970 546
1563980 546
1563990 546
1564000 545
1564010 545
1564020 545
1564030 545
1564040 544
1564050 544
1564060 544
1564070 545
1564080 545
1564090 545
1564100 546
1564110 547
1564120 547
1564130 547
1564140 548
1564150 548
1564160 547
1564170 547
1564180 547
1564190 546
1564200 545
1564210 545
1564220 544
1564230 544
1564240 544
1564250 543
1564260 543
1564270 542
1564280 542
1564290 540
1564300 539
1564310 539
1564320 538
1564330 537
1564340 537
1564350 535
1564360 534
1564370 534
1564380 533
1564390 533
1564400 533
1564410 533
1564420 533
1564430 532
1564440 532
1564450 531
1564460 531
1564470 531
1564480 531
1564490 530
1564500 530
1564510 530
1564520 529
1564530 529
1564540 529
1564550 529
1564560 529
1564570 529
1564580 528
1564590 528
1564600 528
1564610 528
1564620 527
1564630 527
1564640 527
1564650 527
1564660 527
1564670 527
1564680 526
1564690 526
1564700 526
1564710 526
1564720 526
1564730 526
1564740 525
1564750 525
1564760 525
1564770 525
1564780 524
1564790 524
1564800 519
1564810 518
1564820 518
1564830 516
1564840 517
1564850 515
1564860 515
1564870 515
1564880 518
1564890 518
1564900 518
1564910 517
1564920 517
1564930 515
1564940 517
1564950 517
1564960 520
1564970 512
1564980 512
1564990 511
1565000 514
1565010 517
1565020 517
1565030 518
1565040 518
1565050 518
1565060 516
1565070 512
1565080 512
1565090 510
1565100 510
1565110 510
1565120 510
1565130 509
1565140 509
1565150 507
1565160 507
1565170 509
1565180 509
1565190 510
1565200 511
1565210 511
1565220 510
1565230 507
1565240 507
1565250 506
1565260 505
1565270 505
1565280 504
1565290 505
1565300 506
1565310 506
1565320 507
1565330 508
1565340 508
1565350 509
1565360 509
1565370 509
1565380 508
1565390 504
1565400 504
1565410 500
1565420 497
1565430 497
1565440 495
1565450 494
1565460 493
1565470 493
1565480 493
1565490 492
1565500 492
1565510 492
1565520 492
1565530 492
1565540 491
1565550 491
1565560 491
1565570 490
1565580 489
1565590 489
1565600 488
1565610 489
1565620 489
1565630 489
1565640 490
1565650 490
1565660 490
1565670 490
1565680 490
1565690 490
1565700 490
1565710 490
1565720 490
1565730 490
1565740 489
1565750 489
1565760 489
1565770 490
1565780 492
1565790 492
1565800 496
1565810 500
1565820 500
1565830 504
1565840 508
1565850 508
1565860 510
1565870 510
1565880 510
1565890 510
1565900 509
1565910 509
1565920 509
1565930 509
1565940 509
1565950 509
1565960 510
1565970 510
1565980 510
1565990 510
1566000 509
1566010 509
1566020 509
1566030 509
1566040 509
1566050 509
1566060 509
1566070 509
1566080 509
1566090 509
1566100 510
1566110 510
1566120 509
1566130 509
1566140 509
1566150 509
1566160 508
1566170 508
1566180 508
1566190 508
1566200 508
1566210 508
1566220 508
1566230 508
1566240 508
1566250 508
1566260 508
1566270 508
1566280 508
1566290 508
1566300 508
1566310 508
1566320 508
1566330 508
1566340 508
1566350 508
1566360 508
1566370 508
1566380 507
1566390 507
1566400 507
1566410 507
1566420 507
1566430 507
1566440 507
1566450 507
1566460 507
1566470 507
1566480 506
1566490 506
1566500 506
1566510 506
1566520 506
1566530 506
1566540 505
1566550 505
1566560 505
1566570 505
1566580 504
1566590 504
1566600 504
1566610 504
1566620 504
1566630 503
1566640 503
1566650 503
1566660 503
1566670 502
1566680 502
1566690 502
1566700 502
1566710 501
1566720 501
1566730 501
1566740 501
1566750 501
1566760 501
1566770 501
1566780 501
1566790 501
1566800 500
1566810 500
1566820 500
1566830 500
1566840 500
1566850 500
1566860 499
1566870 499
1566880 499
1566890 499
1566900 499
1566910 499
1566920 498
1566930 498
1566940 498
1566950 498
1566960 497
1566970 497
1566980 497
1566990 497
1567000 496
1567010 496
1567020 496
1567030 496
1567040 496
1567050 495
1567060 495
1567070 495
1567080 495
1567090 495
1567100 495
1567110 495
1567120 494
1567130 494
1567140 494
1567150 494
1567160 494
1567170 494
1567180 494
1567190 494
1567200 494
1567210 494
1567220 495
1567230 495
1567240 495
1567250 494
1567260 494
1567270 494
1567280 494
1567290 494
1567300 494
1567310 494
1567320 493
1567330 493
1567340 493
1567350 493
1567360 493
1567370 493
1567380 493
1567390 493
1567400 493
1567410 493
1567420 493
1567430 493
1567440 493
1567450 493
1567460 493
1567470 492
1567480 492
1567490 492
1567500 492
1567510 491
1567520 491
1567530 491
1567540 491
1567550 490
1567560 490
1567570 490
1567580 489
1567590 489
1567600 489
1567610 488
1567620 488
1567630 488
1567640 488
1567650 488
1567660 488
1567670 488
1567680 488
1567690 487
1567700 486
1567710 486
1567720 486
1567730 485
1567740 485
1567750 485
1567760 485
1567770 484
1567780 484
1567790 484
1567800 484
1567810 484
1567820 484
1567830 483
1567840 483
1567850 483
1567860 483
1567870 482
1567880 482
1567890 482
1567900 482
1567910 482
1567920 482
1567930 482
1567940 482
1567950 481
1567960 480
1567970 480
1567980 480
1567990 479
1568000 475
1568010 475
1568020 473
1568030 467
1568040 467
1568050 463
1568060 462
1568070 462
1568080 460
1568090 459
1568100 459
1568110 459
1568120 459
1568130 459
1568140 459
1568150 459
1568160 459
1568170 459
1568180 459
1568190 459
1568200 459
1568210 459
1568220 459
1568230 459
1568240 459
1568250 458
1568260 458
1568270 458
1568280 459
1568290 459
1568300 459
1568310 459
1568320 459
1568330 459
1568340 459
1568350 459
1568360 459
1568370 459
1568380 459
1568390 459
1568400 460
1568410 463
1568420 463
1568430 462
1568440 462
1568450 462
1568460 462
1568470 461
1568480 461
1568490 461
1568500 461
1568510 461
1568520 461
1568530 461
1568540 461
1568550 461
1568560 461
1568570 461
1568580 461
1568590 461
1568600 461
1568610 461
1568620 461
1568630 461
1568640 461
1568650 461
1568660 461
1568670 461
1568680 461
1568690 461
1568700 461
1568710 461
1568720 461
1568730 461
1568740 461
1568750 461
1568760 461
1568770 461
1568780 461
1568790 461
1568800 461
1568810 461
1568820 461
1568830 461
1568840 461
1568850 461
1568860 461
1568870 461
1568880 461
1568890 461
1568900 461
1568910 461
1568920 461
1568930 461
1568940 461
1568950 461
1568960 461
1568970 461
1568980 461
1568990 462
1569000 462
1569010 462
1569020 461
1569030 461
1569040 460
1569050 460
1569060 460
1569070 460
1569080 460
1569090 460
1569100 460
1569110 460
1569120 460
1569130 460
1569140 460
1569150 460
1569160 460
1569170 460
1569180 460
1569190 460
1569200 460
1569210 460
1569220 460
1569230 460
1569240 460
1569250 460
1569260 460
1569270 460
1569280 460
1569290 460
1569300 460
1569310 459
1569320 459
1569330 459
1569340 459
1569350 459
1569360 459
1569370 459
1569380 459
1569390 459
1569400 459
1569410 459
1569420 459
1569430 459
1569440 459
1569450 459
1569460 459
1569470 462
1569480 462
1569490 463
1569500 462
1569510 461
1569520 462
1569530 461
1569540 461
1569550 461
1569560 461
1569570 461
1569580 461
1569590 461
1569600 461
1569610 461
1569620 461
1569630 461
1569640 461
1569650 461
1569660 461
1569670 461
1569680 461
1569690 461
1569700 461
1569710 461
1569720 461
1569730 461
1569740 461
1569750 461
1569760 461
1569770 461
1569780 461
1569790 461
1569800 461
1569810 461
1569820 461
1569830 461
1569840 461
1569850 461
1569860 461
1569870 461
1569880 461
1569890 461
1569900 461
1569910 461
1569920 461
1569930 461
1569940 461
1569950 461
1569960 461
1569970 461
1569980 461
1569990 461
1570000 461
1570010 461
1570020 461
1570030 461
1570040 461
1570050 461
1570060 461
1570070 461
1570080 461
1570090 461
1570100 461
1570110 461
1570120 461
1570130 461
1570140 461
1570150 461
1570160 461
1570170 461
1570180 461
1570190 461
1570200 461
1570210 461
1570220 461
1570230 461
1570240 461
1570250 461
1570260 461
1570270 461
1570280 461
1570290 461
1570300 461
1570310 461
1570320 461
1570330 461
1570340 461
1570350 461
1570360 461
1570370 462
1570380 462
1570390 465
1570400 469
1570410 474
1570420 474
1570430 478
1570440 480
1570450 480
1570460 481
1570470 482
1570480 482
1570490 483
1570500 484
1570510 484
1570520 485
1570530 486
1570540 486
1570550 487
1570560 487
1570570 488
1570580 488
1570590 488
1570600 489
1570610 489
1570620 490
1570630 490
1570640 490
1570650 491
1570660 492
1570670 492
1570680 492
1570690 492
1570700 495
1570710 495
1570720 499
1570730 501
1570740 501
1570750 502
1570760 503
1570770 503
1570780 504
1570790 505
1570800 505
1570810 507
1570820 508
1570830 508
1570840 509
1570850 511
1570860 514
1570870 514
1570880 516
1570890 518
1570900 518
1570910 520
1570920 522
1570930 522
1570940 525
1570950 529
1570960 529
1570970 532
1570980 535
1570990 538
1571000 541
1571010 544
1571020 547
1571030 547
1571040 549
1571050 551
1571060 551
1571070 552
1571080 554
1571090 554
1571100 555
1571110 557
1571120 557
1571130 558
1571140 559
1571150 560
1571160 560
1571170 561
1571180 562
1571190 562
1571200 563
1571210 564
1571220 564
1571230 565
1571240 565
1571250 565
1571260 566
1571270 567
1571280 567
1571290 568
1571300 569
1571310 570
1571320 570
1571330 570
1571340 569
1571350 569
1571360 568
1571370 569
1571380 569
1571390 572
1571400 576
1571410 576
1571420 577
1571430 577
1571440 577
1571450 577
1571460 577
1571470 577
1571480 577
1571490 577
1571500 577
1571510 577
1571520 577
1571530 576
1571540 576
1571550 576
1571560 577
1571570 577
1571580 577
1571590 577
1571600 577
1571610 577
1571620 576
1571630 574
1571640 574
1571650 573
1571660 575
1571670 575
1571680 576
1571690 577
1571700 577
1571710 577
1571720 577
1571730 577
1571740 577
1571750 576
1571760 576
1571770 576
1571780 576
1571790 574
1571800 574
1571810 573
1571820 572
1571830 572
1571840 572
1571850 571
1571860 571
1571870 571
1571880 571
1571890 571
1571900 571
1571910 571
1571920 570
1571930 570
1571940 570
1571950 570
1571960 570
1571970 570
1571980 570
1571990 570
1572000 570
1572010 569
1572020 569
1572030 569
1572040 569
1572050 568
1572060 568
1572070 568
1572080 568
1572090 568
1572100 567
1572110 563
1572120 563
1572130 567
1572140 572
1572150 572
1572160 573
1572170 573
1572180 573
1572190 573
1572200 572
1572210 572
1572220 572
1572230 572
1572240 572
1572250 572
1572260 572
1572270 572
1572280 572
1572290 573
1572300 573
1572310 573
1572320 574
1572330 574
1572340 574
1572350 574
1572360 574
1572370 574
1572380 574
1572390 574
1572400 574
1572410 574
1572420 574
1572430 575
1572440 575
1572450 575
1572460 575
1572470 575
1572480 576
1572490 576
1572500 576
1572510 576
1572520 576
1572530 577
1572540 577
1572550 577
1572560 577
1572570 577
1572580 577
1572590 577
1572600 577
1572610 577
1572620 577
1572630 577
1572640 577
1572650 577
1572660 577
1572670 577
1572680 577
1572690 577
1572700 577
1572710 576
1572720 576
1572730 576
1572740 576
1572750 575
1572760 575
1572770 575
1572780 575
1572790 575
1572800 574
1572810 574
1572820 574
1572830 574
1572840 573
1572850 572
1572860 572
1572870 572
1572880 571
1572890 571
1572900 570
1572910 570
1572920 570
1572930 569
1572940 568
1572950 568
1572960 568
1572970 568
1572980 567
1572990 567
1573000 567
1573010 566
1573020 566
1573030 566
1573040 565
1573050 565
1573060 565
1573070 564
1573080 564
1573090 564
1573100 564
1573110 564
1573120 564
1573130 564
1573140 564
1573150 564
1573160 564
1573170 565
1573180 565
1573190 565
1573200 565
1573210 565
1573220 565
1573230 564
1573240 564
1573250 564
1573260 564
1573270 564
1573280 564
1573290 563
1573300 563
1573310 563
1573320 563
1573330 563
1573340 563
1573350 563
1573360 562
1573370 562
1573380 562
1573390 562
1573400 562
1573410 562
1573420 563
1573430 563
1573440 563
1573450 562
1573460 562
1573470 562
1573480 562
1573490 562
1573500 562
1573510 562
1573520 561
1573530 561
1573540 561
1573550 560
1573560 560
1573570 560
1573580 561
1573590 561
1573600 561
1573610 561
1573620 561
1573630 561
1573640 561
1573650 560
1573660 560
1573670 560
1573680 560
1573690 560
1573700 560
1573710 560
1573720 560
1573730 560
1573740 559
1573750 559
1573760 559
1573770 559
1573780 559
1573790 559
1573800 558
1573810 558
1573820 558
1573830 558
1573840 559
1573850 558
1573860 558
1573870 558
1573880 558
1573890 558
1573900 558
1573910 558
1573920 558
1573930 558
1573940 558
1573950 558
1573960 558
1573970 557
1573980 557
1573990 557
1574000 557
1574010 557
1574020 557
1574030 557
1574040 557
1574050 557
1574060 557
1574070 556
1574080 556
1574090 556
1574100 556
1574110 556
1574120 556
1574130 555
1574140 555
1574150 555
1574160 554
1574170 554
1574180 554
1574190 554
1574200 553
1574210 553
1574220 553
1574230 553
1574240 553
1574250 553
1574260 552
1574270 552
1574280 551
1574290 550
1574300 549
1574310 549
1574320 549
1574330 548
1574340 548
1574350 546
1574360 545
1574370 545
1574380 543
1574390 541
1574400 541
1574410 540
1574420 538
1574430 538
1574440 536
1574450 535
1574460 534
1574470 534
1574480 533
1574490 533
1574500 533
1574510 532
1574520 531
1574530 531
1574540 531
1574550 530
1574560 530
1574570 530
1574580 529
1574590 529
1574600 528
1574610 528
1574620 527
1574630 527
1574640 526
1574650 526
1574660 526
1574670 526
1574680 526
1574690 526
1574700 525
1574710 525
1574720 525
1574730 525
1574740 524
1574750 523
1574760 523
1574770 520
1574780 518
1574790 518
1574800 517
1574810 516
1574820 516
1574830 516
1574840 515
1574850 515
1574860 514
1574870 514
1574880 514
1574890 514
1574900 516
1574910 517
1574920 517
1574930 518
1574940 518
1574950 518
1574960 518
1574970 517
1574980 517
1574990 516
1575000 516
1575010 516
1575020 516
1575030 516
1575040 516
1575050 516
1575060 516
1575070 516
1575080 516
1575090 516
1575100 515
1575110 515
1575120 515
1575130 514
1575140 514
1575150 514
1575160 514
1575170 514
1575180 515
1575190 515
1575200 515
1575210 515
1575220 516
1575230 515
1575240 517
1575250 517
1575260 517
1575270 517
1575280 517
1575290 517
1575300 517
1575310 517
1575320 517
1575330 517
1575340 517
1575350 517
1575360 517
1575370 517
1575380 517
1575390 517
1575400 517
1575410 514
1575420 499
1575430 499
1575440 496
1575450 508
1575460 508
1575470 514
1575480 514
1575490 514
1575500 515
1575510 514
1575520 514
1575530 514
1575540 514
1575550 514
1575560 514
1575570 513
1575580 513
1575590 513
1575600 512
1575610 511
1575620 511
1575630 511
1575640 510
1575650 510
1575660 510
1575670 508
1575680 506
1575690 506
1575700 505
1575710 504
1575720 504
1575730 502
1575740 501
1575750 501
1575760 500
1575770 499
1575780 499
1575790 498
1575800 497
1575810 496
1575820 496
1575830 496
1575840 496
1575850 496
1575860 495
1575870 495
1575880 495
1575890 495
1575900 495
1575910 495
1575920 495
1575930 495
1575940 495
1575950 495
1575960 495
1575970 495
1575980 495
1575990 495
1576000 495
1576010 495
1576020 495
1576030 495
1576040 495
1576050 495
1576060 495
1576070 495
1576080 494
1576090 494
1576100 493
1576110 493
1576120 493
1576130 492
1576140 492
1576150 492
1576160 492
1576170 492
1576180 492
1576190 491
1576200 491
1576210 491
1576220 491
1576230 491
1576240 490
1576250 490
1576260 489
1576270 489
1576280 489
1576290 488
1576300 488
1576310 488
1576320 487
1576330 487
1576340 487
1576350 486
1576360 486
1576370 486
1576380 485
1576390 485
1576400 485
1576410 484
1576420 484
1576430 484
1576440 484
1576450 483
1576460 483
1576470 482
1576480 482
1576490 482
1576500 481
1576510 481
1576520 481
1576530 480
1576540 480
1576550 480
1576560 480
1576570 480
1576580 480
1576590 480
1576600 480
1576610 481
1576620 481
1576630 481
1576640 481
1576650 481
1576660 481
1576670 481
1576680 481
1576690 481
1576700 480
1576710 480
1576720 480
1576730 479
1576740 479
1576750 479
1576760 479
1576770 478
1576780 478
1576790 478
1576800 477
1576810 477
1576820 477
1576830 476
1576840 476
1576850 475
1576860 475
1576870 474
1576880 474
1576890 474
1576900 473
1576910 473
1576920 473
1576930 472
1576940 472
1576950 472
1576960 472
1576970 472
1576980 471
1576990 471
1577000 471
1577010 471
1577020 471
1577030 471
1577040 471
1577050 470
1577060 470
1577070 470
1577080 470
1577090 470
1577100 470
1577110 470
1577120 470
1577130 470
1577140 470
1577150 470
1577160 470
1577170 470
1577180 470
1577190 471
1577200 471
1577210 471
1577220 471
1577230 471
1577240 471
1577250 472
1577260 472
1577270 472
1577280 472
1577290 472
1577300 473
1577310 473
1577320 473
1577330 473
1577340 473
1577350 473
1577360 473
1577370 473
1577380 473
1577390 473
1577400 473
1577410 473
1577420 473
1577430 474
1577440 474
1577450 474
1577460 474
1577470 474
1577480 474
1577490 474
1577500 474
1577510 474
1577520 474
1577530 475
1577540 475
1577550 475
1577560 476
1577570 476
1577580 476
1577590 476
1577600 476
1577610 476
1577620 476
1577630 476
1577640 475
1577650 475
1577660 475
1577670 475
1577680 475
1577690 474
1577700 474
1577710 474
1577720 474
1577730 474
1577740 474
1577750 473
1577760 473
1577770 472
1577780 472
1577790 472
1577800 472
1577810 472
1577820 471
1577830 471
1577840 471
1577850 471
1577860 470
1577870 470
1577880 470
1577890 470
1577900 469
1577910 469
1577920 469
1577930 468
1577940 468
1577950 468
1577960 467
1577970 467
1577980 467
1577990 466
1578000 466
1578010 466
1578020 465
1578030 465
1578040 465
1578050 464
1578060 464
1578070 464
1578080 463
1578090 463
1578100 463
1578110 463
1578120 462
1578130 462
1578140 462
1578150 461
1578160 461
1578170 461
1578180 460
1578190 460
1578200 460
1578210 459
1578220 459
1578230 459
1578240 459
1578250 459
1578260 459
1578270 459
1578280 458
1578290 458
1578300 458
1578310 458
1578320 458
1578330 458
1578340 457
1578350 457
1578360 457
1578370 457
1578380 457
1578390 457
1578400 457
1578410 457
1578420 457
1578430 456
1578440 456
1578450 456
1578460 456
1578470 456
1578480 456
1578490 456
1578500 456
1578510 456
1578520 456
1578530 456
1578540 455
1578550 455
1578560 455
1578570 455
1578580 455
1578590 455
1578600 455
1578610 455
1578620 455
1578630 455
1578640 455
1578650 454
1578660 454
1578670 454
1578680 454
1578690 454
1578700 454
1578710 454
1578720 454
1578730 453
1578740 453
1578750 453
1578760 453
1578770 453
1578780 453
1578790 453
1578800 453
1578810 453
1578820 453
1578830 453
1578840 453
1578850 452
1578860 452
1578870 452
1578880 452
1578890 452
1578900 452
1578910 452
1578920 452
1578930 452
1578940 452
1578950 452
1578960 451
1578970 451
1578980 451
1578990 451
1579000 451
1579010 451
1579020 451
1579030 451
1579040 451
1579050 451
1579060 451
1579070 451
1579080 451
1579090 451
1579100 451
1579110 451
1579120 451
1579130 451
1579140 452
1579150 452
1579160 452
1579170 452
1579180 453
1579190 453
1579200 454
1579210 454
1579220 454
1579230 454
1579240 454
1579250 455
1579260 455
1579270 455
1579280 455
1579290 455
1579300 455
1579310 454
1579320 454
1579330 453
1579340 453
1579350 453
1579360 452
1579370 452
1579380 452
1579390 452
1579400 452
1579410 451
1579420 451
1579430 451
1579440 451
1579450 451
1579460 450
1579470 449
1579480 449
1579490 449
1579500 448
1579510 448
1579520 448
1579530 449
1579540 449
1579550 449
1579560 449
1579570 449
1579580 449
1579590 449
1579600 449
1579610 449
1579620 448
1579630 448
1579640 448
1579650 448
1579660 448
1579670 448
1579680 448
1579690 448
1579700 448
1579710 448
1579720 448
1579730 448
1579740 448
1579750 448
1579760 448
1579770 448
1579780 448
1579790 448
1579800 448
1579810 448
1579820 448
1579830 448
1579840 448
1579850 446
1579860 443
1579870 443
1579880 442
1579890 442
1579900 442
1579910 441
1579920 439
1579930 439
1579940 438
1579950 438
1579960 438
1579970 438
1579980 438
1579990 438
