1560000 571
1560010 571
1560020 571
1560030 571
1560040 571
1560050 571
1560060 572
1560070 572
1560080 572
1560090 573
1560100 573
1560110 573
1560120 573
1560130 573
1560140 573
1560150 574
1560160 574
1560170 574
1560180 574
1560190 576
1560200 576
1560210 582
1560220 587
1560230 587
1560240 589
1560250 592
1560260 593
1560270 593
1560280 594
1560290 593
1560300 593
1560310 588
1560320 587
1560330 587
1560340 586
1560350 585
1560360 585
1560370 584
1560380 584
1560390 584
1560400 585
1560410 587
1560420 588
1560430 588
1560440 590
1560450 592
1560460 592
1560470 594
1560480 594
1560490 594
1560500 594
1560510 594
1560520 594
1560530 594
1560540 593
1560550 593
1560560 593
1560570 593
1560580 592
1560590 592
1560600 591
1560610 589
1560620 589
1560630 587
1560640 586
1560650 586
1560660 585
1560670 585
1560680 585
1560690 583
1560700 581
1560710 579
1560720 579
1560730 576
1560740 575
1560750 575
1560760 574
1560770 575
1560780 575
1560790 575
1560800 575
1560810 575
1560820 575
1560830 575
1560840 575
1560850 574
1560860 573
1560870 572
1560880 572
1560890 571
1560900 572
1560910 572
1560920 574
1560930 576
1560940 576
1560950 578
1560960 580
1560970 580
1560980 582
1560990 583
1561000 583
1561010 583
1561020 583
1561030 583
1561040 583
1561050 582
1561060 582
1561070 582
1561080 581
1561090 579
1561100 579
1561110 578
1561120 578
1561130 578
1561140 577
1561150 577
1561160 578
1561170 578
1561180 578
1561190 579
1561200 579
1561210 578
1561220 575
1561230 575
1561240 570
1561250 567
1561260 567
1561270 565
1561280 562
1561290 562
1561300 562
1561310 562
1561320 562
1561330 562
1561340 562
1561350 562
1561360 562
1561370 561
1561380 560
1561390 560
1561400 559
1561410 559
1561420 559
1561430 558
1561440 558
1561450 558
1561460 558
1561470 557
1561480 557
1561490 557
1561500 557
1561510 558
1561520 558
1561530 561
1561540 563
1561550 563
1561560 567
1561570 571
1561580 571
1561590 573
1561600 576
1561610 578
1561620 578
1561630 580
1561640 582
1561650 582
1561660 583
1561670 584
1561680 584
1561690 583
1561700 583
1561710 583
1561720 582
1561730 582
1561740 582
1561750 581
1561760 580
1561770 580
1561780 580
1561790 581
1561800 580
1561810 580
1561820 580
1561830 580
1561840 580
1561850 580
1561860 581
1561870 581
1561880 581
1561890 582
1561900 582
1561910 582
1561920 582
1561930 582
1561940 582
1561950 581
1561960 581
1561970 581
1561980 581
1561990 581
1562000 581
1562010 581
1562020 580
1562030 580
1562040 578
1562050 573
1562060 569
1562070 569
1562080 565
1562090 562
1562100 562
1562110 558
1562120 556
1562130 556
1562140 554
1562150 552
1562160 552
1562170 552
1562180 552
1562190 552
1562200 552
1562210 549
1562220 545
1562230 545
1562240 541
1562250 538
1562260 538
1562270 538
1562280 540
1562290 540
1562300 544
1562310 541
1562320 541
1562330 537
1562340 534
1562350 534
1562360 534
1562370 534
1562380 536
1562390 536
1562400 541
1562410 544
1562420 544
1562430 547
1562440 548
1562450 548
1562460 548
1562470 547
1562480 547
1562490 546
1562500 545
1562510 544
1562520 544
1562530 543
1562540 541
1562550 541
1562560 540
1562570 539
1562580 539
1562590 538
1562600 537
1562610 537
1562620 536
1562630 535
1562640 535
1562650 534
1562660 533
1562670 533
1562680 533
1562690 536
1562700 536
1562710 536
1562720 534
1562730 532
1562740 532
1562750 531
1562760 530
1562770 530
1562780 529
1562790 528
1562800 528
1562810 527
1562820 526
1562830 524
1562840 524
1562850 523
1562860 524
1562870 524
1562880 526
1562890 527
1562900 527
1562910 528
1562920 529
1562930 529
1562940 531
1562950 534
1562960 534
1562970 534
1562980 533
1562990 532
1563000 532
1563010 532
1563020 532
1563030 532
1563040 532
1563050 532
1563060 532
1563070 532
1563080 533
1563090 533
1563100 533
1563110 533
1563120 533
1563130 533
1563140 534
1563150 535
1563160 535
1563170 536
1563180 537
1563190 537
1563200 537
1563210 538
1563220 538
1563230 537
1563240 537
1563250 537
1563260 537
1563270 537
1563280 537
1563290 537
1563300 538
1563310 538
1563320 538
1563330 538
1563340 538
1563350 538
1563360 539
1563370 539
1563380 539
1563390 538
1563400 538
1563410 537
1563420 537
1563430 537
1563440 536
1563450 536
1563460 535
1563470 534
1563480 534
1563490 533
1563500 532
1563510 532
1563520 531
1563530 530
1563540 530
1563550 529
1563560 525
1563570 523
1563580 523
1563590 522
1563600 520
1563610 520
1563620 519
1563630 517
1563640 517
1563650 516
1563660 514
1563670 514
1563680 512
1563690 510
1563700 510
1563710 509
1563720 506
1563730 503
1563740 503
1563750 499
1563760 497
1563770 497
1563780 496
1563790 496
1563800 496
1563810 495
1563820 494
1563830 494
1563840 493
1563850 491
1563860 490
1563870 490
1563880 489
1563890 489
1563900 489
1563910 488
1563920 487
1563930 487
1563940 486
1563950 486
1563960 486
1563970 485
1563980 484
1563990 484
1564000 483
1564010 483
1564020 483
1564030 483
1564040 483
1564050 483
1564060 483
1564070 483
1564080 483
1564090 483
1564100 482
1564110 482
1564120 482
1564130 482
1564140 481
1564150 481
1564160 481
1564170 481
1564180 481
1564190 481
1564200 480
1564210 480
1564220 480
1564230 480
1564240 480
1564250 480
1564260 479
1564270 479
1564280 479
1564290 479
1564300 478
1564310 477
1564320 477
1564330 476
1564340 476
1564350 476
1564360 475
1564370 475
1564380 475
1564390 475
1564400 476
1564410 476
1564420 476
1564430 477
1564440 477
1564450 477
1564460 478
1564470 478
1564480 478
1564490 479
1564500 480
1564510 480
1564520 481
1564530 481
1564540 481
1564550 482
1564560 482
1564570 482
1564580 482
1564590 483
1564600 483
1564610 483
1564620 483
1564630 483
1564640 483
1564650 484
1564660 484
1564670 484
1564680 484
1564690 484
1564700 484
1564710 485
1564720 485
1564730 485
1564740 485
1564750 485
1564760 485
1564770 486
1564780 486
1564790 486
1564800 486
1564810 486
1564820 487
1564830 487
1564840 487
1564850 487
1564860 487
1564870 487
1564880 487
1564890 487
1564900 487
1564910 487
1564920 487
1564930 487
1564940 487
1564950 487
1564960 487
1564970 488
1564980 488
1564990 488
1565000 488
1565010 488
1565020 488
1565030 488
1565040 488
1565050 488
1565060 488
1565070 488
1565080 488
1565090 488
1565100 488
1565110 488
1565120 488
1565130 489
1565140 488
1565150 488
1565160 489
1565170 489
1565180 489
1565190 489
1565200 489
1565210 489
1565220 489
1565230 489
1565240 489
1565250 489
1565260 489
1565270 489
1565280 489
1565290 489
1565300 489
1565310 489
1565320 489
1565330 489
1565340 489
1565350 489
1565360 490
1565370 490
1565380 490
1565390 490
1565400 490
1565410 490
1565420 490
1565430 490
1565440 490
1565450 490
1565460 490
1565470 490
1565480 490
1565490 490
1565500 490
1565510 490
1565520 490
1565530 490
1565540 490
1565550 490
1565560 490
1565570 490
1565580 490
1565590 490
1565600 490
1565610 491
1565620 491
1565630 491
1565640 491
1565650 491
1565660 491
1565670 491
1565680 491
1565690 491
1565700 491
1565710 491
1565720 491
1565730 491
1565740 490
1565750 488
1565760 488
1565770 487
1565780 486
1565790 486
1565800 487
1565810 487
1565820 487
1565830 487
1565840 487
1565850 487
1565860 487
1565870 487
1565880 487
1565890 487
1565900 488
1565910 490
1565920 490
1565930 490
1565940 490
1565950 490
1565960 490
1565970 489
1565980 489
1565990 489
1566000 489
1566010 489
1566020 489
1566030 489
1566040 489
1566050 489
1566060 489
1566070 489
1566080 489
1566090 489
1566100 489
1566110 489
1566120 489
1566130 488
1566140 487
1566150 487
1566160 487
1566170 487
1566180 487
1566190 486
1566200 486
1566210 486
1566220 486
1566230 486
1566240 486
1566250 486
1566260 486
1566270 486
1566280 486
1566290 486
1566300 485
1566310 485
1566320 485
1566330 485
1566340 485
1566350 485
1566360 485
1566370 485
1566380 485
1566390 484
1566400 484
1566410 484
1566420 480
1566430 479
1566440 479
1566450 478
1566460 478
1566470 478
1566480 478
1566490 477
1566500 477
1566510 475
1566520 472
1566530 472
1566540 471
1566550 471
1566560 471
1566570 470
1566580 469
1566590 469
1566600 469
1566610 469
1566620 469
1566630 469
1566640 469
1566650 468
1566660 468
1566670 468
1566680 467
1566690 467
1566700 467
1566710 465
1566720 464
1566730 464
1566740 465
1566750 464
1566760 464
1566770 464
1566780 464
1566790 464
1566800 465
1566810 466
1566820 466
1566830 466
1566840 466
1566850 466
1566860 466
1566870 466
1566880 466
1566890 466
1566900 466
1566910 466
1566920 466
1566930 467
1566940 467
1566950 467
1566960 467
1566970 467
1566980 467
1566990 467
1567000 467
1567010 467
1567020 467
1567030 470
1567040 475
1567050 475
1567060 477
1567070 477
1567080 477
1567090 477
1567100 477
1567110 477
1567120 477
1567130 477
1567140 477
1567150 477
1567160 477
1567170 477
1567180 477
1567190 477
1567200 477
1567210 477
1567220 477
1567230 477
1567240 477
1567250 476
1567260 476
1567270 476
1567280 476
1567290 475
1567300 475
1567310 475
1567320 475
1567330 475
1567340 475
1567350 474
1567360 472
1567370 472
1567380 469
1567390 468
1567400 468
1567410 467
1567420 467
1567430 467
1567440 467
1567450 467
1567460 467
1567470 467
1567480 467
1567490 467
1567500 467
1567510 467
1567520 467
1567530 467
1567540 466
1567550 466
1567560 466
1567570 466
1567580 466
1567590 466
1567600 466
1567610 466
1567620 466
1567630 466
1567640 466
1567650 466
1567660 466
1567670 465
1567680 463
1567690 463
1567700 463
1567710 463
1567720 463
1567730 463
1567740 461
1567750 461
1567760 461
1567770 461
1567780 461
1567790 461
1567800 461
1567810 461
1567820 461
1567830 462
1567840 463
1567850 463
1567860 463
1567870 461
1567880 461
1567890 461
1567900 461
1567910 461
1567920 461
1567930 461
1567940 461
1567950 461
1567960 461
1567970 461
1567980 461
1567990 461
1568000 461
1568010 461
1568020 461
1568030 461
1568040 461
1568050 461
1568060 461
1568070 461
1568080 461
1568090 461
1568100 461
1568110 461
1568120 461
1568130 461
1568140 461
1568150 461
1568160 461
1568170 461
1568180 461
1568190 461
1568200 461
1568210 461
1568220 461
1568230 461
1568240 461
1568250 463
1568260 466
1568270 466
1568280 466
1568290 466
1568300 466
1568310 466
1568320 466
1568330 466
1568340 466
1568350 466
1568360 466
1568370 466
1568380 466
1568390 466
1568400 466
1568410 466
1568420 467
1568430 467
1568440 467
1568450 465
1568460 465
1568470 465
1568480 466
1568490 466
1568500 466
1568510 467
1568520 467
1568530 468
1568540 469
1568550 471
1568560 471
1568570 473
1568580 477
1568590 477
1568600 482
1568610 485
1568620 485
1568630 486
1568640 488
1568650 488
1568660 490
1568670 492
1568680 492
1568690 492
1568700 492
1568710 494
1568720 494
1568730 495
1568740 497
1568750 497
1568760 500
1568770 501
1568780 501
1568790 502
1568800 503
1568810 503
1568820 504
1568830 505
1568840 507
1568850 507
1568860 508
1568870 509
1568880 509
1568890 512
1568900 515
1568910 515
1568920 517
1568930 519
1568940 519
1568950 520
1568960 521
1568970 521
1568980 524
1568990 527
1569000 530
1569010 530
1569020 532
1569030 534
1569040 534
1569050 535
1569060 536
1569070 536
1569080 537
1569090 538
1569100 538
1569110 539
1569120 541
1569130 541
1569140 542
1569150 543
1569160 544
1569170 544
1569180 544
1569190 544
1569200 544
1569210 544
1569220 544
1569230 544
1569240 545
1569250 546
1569260 546
1569270 548
1569280 550
1569290 551
1569300 551
1569310 552
1569320 553
1569330 553
1569340 555
1569350 556
1569360 556
1569370 557
1569380 558
1569390 558
1569400 559
1569410 560
1569420 560
1569430 561
1569440 562
1569450 563
1569460 563
1569470 563
1569480 561
1569490 561
1569500 553
1569510 549
1569520 549
1569530 552
1569540 554
1569550 554
1569560 556
1569570 559
1569580 559
1569590 562
1569600 566
1569610 571
1569620 571
1569630 575
1569640 576
1569650 576
1569660 577
1569670 578
1569680 580
1569690 581
1569700 582
1569710 582
1569720 584
1569730 585
1569740 586
1569750 586
1569760 585
1569770 588
1569780 588
1569790 590
1569800 592
1569810 592
1569820 594
1569830 596
1569840 596
1569850 598
1569860 598
1569870 598
1569880 598
1569890 596
1569900 596
1569910 596
1569920 599
1569930 600
1569940 600
1569950 600
1569960 601
1569970 601
1569980 603
1569990 604
1570000 604
1570010 605
1570020 607
1570030 607
1570040 609
1570050 611
1570060 612
1570070 612
1570080 612
1570090 612
1570100 612
1570110 612
1570120 612
1570130 612
1570140 612
1570150 612
1570160 612
1570170 612
1570180 612
1570190 612
1570200 612
1570210 613
1570220 614
1570230 614
1570240 615
1570250 616
1570260 616
1570270 617
1570280 618
1570290 618
1570300 619
1570310 620
1570320 620
1570330 621
1570340 622
1570350 624
1570360 624
1570370 625
1570380 627
1570390 627
1570400 628
1570410 629
1570420 629
1570430 629
1570440 630
1570450 630
1570460 630
1570470 631
1570480 631
1570490 631
1570500 631
1570510 630
1570520 630
1570530 629
1570540 628
1570550 628
1570560 627
1570570 625
1570580 625
1570590 624
1570600 623
1570610 623
1570620 622
1570630 621
1570640 618
1570650 618
1570660 612
1570670 608
1570680 608
1570690 607
1570700 612
1570710 612
1570720 614
1570730 616
1570740 616
1570750 615
1570760 613
1570770 613
1570780 614
1570790 615
1570800 617
1570810 617
1570820 618
1570830 618
1570840 618
1570850 619
1570860 619
1570870 619
1570880 619
1570890 619
1570900 619
1570910 620
1570920 621
1570930 621
1570940 622
1570950 623
1570960 624
1570970 624
1570980 625
1570990 625
1571000 625
1571010 625
1571020 625
1571030 625
1571040 624
1571050 621
1571060 621
1571070 617
1571080 615
1571090 615
1571100 615
1571110 617
1571120 619
1571130 619
1571140 621
1571150 624
1571160 624
1571170 625
1571180 628
1571190 628
1571200 628
1571210 630
1571220 630
1571230 631
1571240 632
1571250 633
1571260 633
1571270 635
1571280 636
1571290 636
1571300 638
1571310 639
1571320 639
1571330 640
1571340 641
1571350 641
1571360 642
1571370 643
1571380 643
1571390 644
1571400 644
1571410 645
1571420 645
1571430 645
1571440 646
1571450 646
1571460 648
1571470 649
1571480 649
1571490 651
1571500 654
1571510 654
1571520 657
1571530 660
1571540 660
1571550 661
1571560 662
1571570 662
1571580 662
1571590 663
1571600 664
1571610 664
1571620 665
1571630 666
1571640 666
1571650 667
1571660 668
1571670 668
1571680 668
1571690 669
1571700 671
1571710 671
1571720 672
1571730 673
1571740 673
1571750 675
1571760 676
1571770 676
1571780 678
1571790 679
1571800 679
1571810 681
1571820 683
1571830 683
1571840 684
1571850 685
1571860 685
1571870 685
1571880 683
1571890 685
1571900 685
1571910 688
1571920 690
1571930 690
1571940 691
1571950 691
1571960 691
1571970 691
1571980 690
1571990 690
1572000 690
1572010 691
1572020 691
1572030 691
1572040 692
1572050 692
1572060 692
1572070 693
1572080 694
1572090 694
1572100 694
1572110 694
1572120 694
1572130 695
1572140 695
1572150 696
1572160 696
1572170 699
1572180 700
1572190 700
1572200 701
1572210 702
1572220 702
1572230 702
1572240 703
1572250 703
1572260 704
1572270 704
1572280 704
1572290 705
1572300 706
1572310 706
1572320 706
1572330 707
1572340 707
1572350 707
1572360 708
1572370 708
1572380 708
1572390 709
1572400 710
1572410 710
1572420 711
1572430 712
1572440 712
1572450 713
1572460 713
1572470 713
1572480 713
1572490 713
1572500 712
1572510 712
1572520 712
1572530 711
1572540 711
1572550 712
1572560 713
1572570 713
1572580 713
1572590 718
1572600 717
1572610 717
1572620 716
1572630 715
1572640 715
1572650 716
1572660 718
1572670 718
1572680 718
1572690 719
1572700 719
1572710 721
1572720 722
1572730 722
1572740 722
1572750 722
1572760 722
1572770 722
1572780 725
1572790 728
1572800 728
1572810 729
1572820 730
1572830 730
1572840 728
1572850 726
1572860 726
1572870 727
1572880 728
1572890 728
1572900 728
1572910 726
1572920 726
1572930 726
1572940 728
1572950 728
1572960 728
1572970 728
1572980 727
1572990 727
1573000 726
1573010 726
1573020 726
1573030 725
1573040 725
1573050 724
1573060 724
1573070 724
1573080 724
1573090 724
1573100 724
1573110 723
1573120 723
1573130 723
1573140 722
1573150 722
1573160 721
1573170 721
1573180 721
1573190 720
1573200 719
1573210 719
1573220 719
1573230 718
1573240 717
1573250 717
1573260 716
1573270 716
1573280 716
1573290 715
1573300 714
1573310 714
1573320 713
1573330 712
1573340 712
1573350 710
1573360 709
1573370 707
1573380 707
1573390 706
1573400 704
1573410 704
1573420 703
1573430 702
1573440 702
1573450 700
1573460 699
1573470 699
1573480 698
1573490 696
1573500 694
1573510 694
1573520 693
1573530 691
1573540 691
1573550 689
1573560 686
1573570 686
1573580 685
1573590 682
1573600 682
1573610 681
1573620 679
1573630 679
1573640 678
1573650 677
1573660 676
1573670 676
1573680 673
1573690 671
1573700 671
1573710 671
1573720 671
1573730 671
1573740 671
1573750 671
1573760 671
1573770 671
1573780 671
1573790 671
1573800 671
1573810 670
1573820 668
1573830 668
1573840 667
1573850 667
1573860 667
1573870 667
1573880 666
1573890 666
1573900 666
1573910 666
1573920 666
1573930 665
1573940 663
1573950 663
1573960 663
1573970 662
1573980 661
1573990 661
1574000 665
1574010 664
1574020 664
1574030 663
1574040 663
1574050 663
1574060 662
1574070 661
1574080 661
1574090 660
1574100 659
1574110 658
1574120 658
1574130 657
1574140 656
1574150 656
1574160 655
1574170 654
1574180 654
1574190 654
1574200 652
1574210 652
1574220 651
1574230 650
1574240 650
1574250 649
1574260 649
1574270 648
1574280 648
1574290 645
1574300 642
1574310 642
1574320 640
1574330 638
1574340 638
1574350 636
1574360 635
1574370 635
1574380 634
1574390 632
1574400 632
1574410 630
1574420 628
1574430 627
1574440 627
1574450 626
1574460 624
1574470 624
1574480 622
1574490 620
1574500 620
1574510 618
1574520 617
1574530 617
1574540 616
1574550 614
1574560 614
1574570 614
1574580 613
1574590 612
1574600 612
1574610 610
1574620 609
1574630 609
1574640 608
1574650 607
1574660 607
1574670 603
1574680 597
1574690 597
1574700 591
1574710 591
1574720 595
1574730 595
1574740 594
1574750 586
1574760 586
1574770 582
1574780 583
1574790 583
1574800 589
1574810 594
1574820 594
1574830 594
1574840 594
1574850 594
1574860 595
1574870 596
1574880 596
1574890 596
1574900 597
1574910 597
1574920 597
1574930 597
1574940 596
1574950 596
1574960 596
1574970 596
1574980 596
1574990 596
1575000 597
1575010 596
1575020 596
1575030 596
1575040 596
1575050 596
1575060 595
1575070 594
1575080 594
1575090 593
1575100 591
1575110 591
1575120 589
1575130 586
1575140 586
1575150 583
1575160 583
1575170 586
1575180 586
1575190 589
1575200 590
1575210 590
1575220 590
1575230 591
1575240 591
1575250 591
1575260 591
1575270 591
1575280 592
1575290 593
1575300 593
1575310 593
1575320 593
1575330 593
1575340 593
1575350 593
1575360 593
1575370 593
1575380 593
1575390 595
1575400 595
1575410 593
1575420 592
1575430 592
1575440 592
1575450 593
1575460 593
1575470 593
1575480 594
1575490 596
1575500 596
1575510 597
1575520 598
1575530 598
1575540 599
1575550 599
1575560 599
1575570 600
1575580 601
1575590 601
1575600 603
1575610 604
1575620 605
1575630 605
1575640 606
1575650 607
1575660 607
1575670 608
1575680 610
1575690 610
1575700 611
1575710 612
1575720 612
1575730 613
1575740 614
1575750 614
1575760 615
1575770 615
1575780 613
1575790 613
1575800 611
1575810 608
1575820 608
1575830 604
1575840 601
1575850 601
1575860 604
1575870 610
1575880 610
1575890 615
1575900 620
1575910 626
1575920 626
1575930 632
1575940 639
1575950 639
1575960 644
1575970 649
1575980 649
1575990 653
1576000 656
1576010 656
1576020 658
1576030 661
1576040 661
1576050 664
1576060 666
1576070 669
1576080 669
1576090 670
1576100 672
1576110 672
1576120 674
1576130 675
1576140 675
1576150 677
1576160 679
1576170 679
1576180 681
1576190 683
1576200 683
1576210 685
1576220 687
1576230 689
1576240 689
1576250 691
1576260 691
1576270 691
1576280 691
1576290 691
1576300 691
1576310 690
1576320 687
1576330 687
1576340 682
1576350 678
1576360 678
1576370 675
1576380 672
1576390 671
1576400 671
1576410 673
1576420 676
1576430 676
1576440 678
1576450 679
1576460 679
1576470 682
1576480 685
1576490 685
1576500 688
1576510 690
1576520 693
1576530 693
1576540 694
1576550 696
1576560 696
1576570 698
1576580 699
1576590 699
1576600 699
1576610 700
1576620 700
1576630 700
1576640 698
1576650 698
1576660 694
1576670 687
1576680 680
1576690 680
1576700 673
1576710 667
1576720 667
1576730 662
1576740 657
1576750 657
1576760 654
1576770 650
1576780 650
1576790 648
1576800 645
1576810 645
1576820 643
1576830 641
1576840 639
1576850 639
1576860 637
1576870 636
1576880 636
1576890 634
1576900 632
1576910 632
1576920 631
1576930 630
1576940 630
1576950 629
1576960 627
1576970 627
1576980 627
1576990 626
1577000 625
1577010 625
1577020 624
1577030 623
1577040 623
1577050 622
1577060 620
1577070 620
1577080 618
1577090 616
1577100 616
1577110 612
1577120 607
1577130 609
1577140 609
1577150 610
1577160 611
1577170 611
1577180 610
1577190 611
1577200 611
1577210 609
1577220 604
1577230 604
1577240 608
1577250 612
1577260 612
1577270 612
1577280 604
1577290 598
1577300 598
1577310 606
1577320 612
1577330 612
1577340 613
1577350 613
1577360 613
1577370 609
1577380 600
1577390 600
1577400 592
1577410 582
1577420 576
1577430 576
1577440 582
1577450 590
1577460 590
1577470 598
1577480 606
1577490 606
1577500 609
1577510 610
1577520 610
1577530 610
1577540 609
1577550 609
1577560 607
1577570 605
1577580 603
1577590 603
1577600 603
1577610 603
1577620 603
1577630 605
1577640 609
1577650 609
1577660 612
1577670 613
1577680 613
1577690 616
1577700 618
1577710 618
1577720 619
1577730 620
1577740 620
1577750 620
1577760 620
1577770 622
1577780 622
1577790 624
1577800 624
1577810 624
1577820 624
1577830 624
1577840 624
1577850 624
1577860 623
1577870 622
1577880 622
1577890 621
1577900 619
1577910 619
1577920 618
1577930 618
1577940 618
1577950 617
1577960 617
1577970 617
1577980 618
1577990 618
1578000 618
1578010 618
1578020 618
1578030 618
1578040 618
1578050 617
1578060 616
1578070 616
1578080 615
1578090 614
1578100 614
1578110 614
1578120 617
1578130 617
1578140 618
1578150 618
1578160 618
1578170 618
1578180 617
1578190 616
1578200 616
1578210 615
1578220 615
1578230 615
1578240 615
1578250 614
1578260 614
1578270 614
1578280 613
1578290 613
1578300 613
1578310 613
1578320 613
1578330 612
1578340 610
1578350 609
1578360 609
1578370 608
1578380 607
1578390 607
1578400 606
1578410 606
1578420 606
1578430 605
1578440 604
1578450 604
1578460 603
1578470 602
1578480 600
1578490 600
1578500 598
1578510 596
1578520 596
1578530 594
1578540 593
1578550 593
1578560 590
1578570 588
1578580 588
1578590 587
1578600 587
1578610 587
1578620 586
1578630 585
1578640 584
1578650 584
1578660 584
1578670 583
1578680 583
1578690 580
1578700 580
1578710 580
1578720 580
1578730 579
1578740 579
1578750 578
1578760 578
1578770 578
1578780 578
1578790 578
1578800 577
1578810 577
1578820 577
1578830 576
1578840 576
1578850 576
1578860 574
1578870 574
1578880 573
1578890 574
1578900 574
1578910 574
1578920 574
1578930 573
1578940 573
1578950 573
1578960 570
1578970 570
1578980 569
1578990 568
1579000 568
1579010 565
1579020 563
1579030 563
1579040 567
1579050 571
1579060 571
1579070 572
1579080 571
1579090 571
1579100 571
1579110 570
1579120 570
1579130 570
1579140 570
1579150 570
1579160 570
1579170 570
1579180 569
1579190 569
1579200 569
1579210 569
1579220 569
1579230 568
1579240 568
1579250 568
1579260 568
1579270 568
1579280 569
1579290 569
1579300 569
1579310 568
1579320 568
1579330 568
1579340 568
1579350 568
1579360 567
1579370 567
1579380 566
1579390 566
1579400 566
1579410 566
1579420 566
1579430 565
1579440 565
1579450 566
1579460 566
1579470 566
1579480 566
1579490 566
1579500 565
1579510 565
1579520 565
1579530 565
1579540 564
1579550 564
1579560 564
1579570 563
1579580 563
1579590 563
1579600 563
1579610 563
1579620 563
1579630 563
1579640 563
1579650 563
1579660 563
1579670 563
1579680 563
1579690 563
1579700 562
1579710 562
1579720 562
1579730 562
1579740 562
1579750 561
1579760 561
1579770 561
1579780 561
1579790 561
1579800 561
1579810 561
1579820 561
1579830 561
1579840 561
1579850 561
1579860 561
1579870 561
1579880 559
1579890 560
1579900 560
1579910 561
1579920 562
1579930 562
1579940 562
1579950 561
1579960 561
1579970 561
1579980 561
1579990 561
