1560000 544
1560010 540
1560020 540
1560030 538
1560040 535
1560050 535
1560060 534
1560070 533
1560080 533
1560090 529
1560100 527
1560110 525
1560120 525
1560130 523
1560140 522
1560150 522
1560160 521
1560170 521
1560180 521
1560190 520
1560200 519
1560210 519
1560220 519
1560230 518
1560240 518
1560250 518
1560260 518
1560270 517
1560280 517
1560290 516
1560300 515
1560310 515
1560320 515
1560330 515
1560340 515
1560350 515
1560360 515
1560370 515
1560380 515
1560390 516
1560400 519
1560410 519
1560420 520
1560430 517
1560440 517
1560450 513
1560460 513
1560470 513
1560480 513
1560490 513
1560500 513
1560510 513
1560520 513
1560530 513
1560540 513
1560550 513
1560560 513
1560570 513
1560580 513
1560590 513
1560600 513
1560610 513
1560620 514
1560630 514
1560640 513
1560650 512
1560660 512
1560670 512
1560680 511
1560690 511
1560700 511
1560710 511
1560720 511
1560730 511
1560740 510
1560750 509
1560760 509
1560770 509
1560780 508
1560790 508
1560800 508
1560810 508
1560820 508
1560830 508
1560840 508
1560850 508
1560860 508
1560870 509
1560880 509
1560890 509
1560900 509
1560910 509
1560920 509
1560930 509
1560940 509
1560950 509
1560960 509
1560970 508
1560980 508
1560990 509
1561000 508
1561010 508
1561020 508
1561030 508
1561040 508
1561050 508
1561060 508
1561070 508
1561080 508
1561090 507
1561100 506
1561110 506
1561120 506
1561130 506
1561140 506
1561150 506
1561160 506
1561170 506
1561180 506
1561190 506
1561200 506
1561210 506
1561220 506
1561230 506
1561240 506
1561250 505
1561260 505
1561270 505
1561280 505
1561290 505
1561300 504
1561310 504
1561320 504
1561330 504
1561340 504
1561350 504
1561360 503
1561370 503
1561380 503
1561390 502
1561400 502
1561410 502
1561420 502
1561430 502
1561440 502
1561450 502
1561460 501
1561470 501
1561480 501
1561490 501
1561500 501
1561510 501
1561520 501
1561530 501
1561540 501
1561550 501
1561560 501
1561570 501
1561580 500
1561590 500
1561600 500
1561610 500
1561620 500
1561630 500
1561640 500
1561650 500
1561660 500
1561670 499
1561680 499
1561690 499
1561700 498
1561710 498
1561720 498
1561730 497
1561740 497
1561750 496
1561760 496
1561770 496
1561780 496
1561790 496
1561800 496
1561810 495
1561820 495
1561830 495
1561840 495
1561850 495
1561860 495
1561870 494
1561880 494
1561890 494
1561900 494
1561910 494
1561920 494
1561930 494
1561940 494
1561950 494
1561960 494
1561970 493
1561980 493
1561990 493
1562000 493
1562010 493
1562020 493
1562030 493
1562040 493
1562050 493
1562060 492
1562070 492
1562080 492
1562090 492
1562100 492
1562110 492
1562120 492
1562130 492
1562140 492
1562150 492
1562160 492
1562170 492
1562180 492
1562190 492
1562200 492
1562210 491
1562220 492
1562230 492
1562240 492
1562250 492
1562260 491
1562270 491
1562280 491
1562290 491
1562300 491
1562310 491
1562320 491
1562330 491
1562340 491
1562350 491
1562360 490
1562370 490
1562380 490
1562390 490
1562400 490
1562410 490
1562420 490
1562430 490
1562440 488
1562450 487
1562460 487
1562470 487
1562480 488
1562490 488
1562500 487
1562510 488
1562520 488
1562530 488
1562540 488
1562550 488
1562560 488
1562570 488
1562580 488
1562590 488
1562600 488
1562610 488
1562620 488
1562630 488
1562640 488
1562650 488
1562660 487
1562670 487
1562680 487
1562690 487
1562700 487
1562710 487
1562720 487
1562730 487
1562740 486
1562750 486
1562760 486
1562770 485
1562780 485
1562790 485
1562800 485
1562810 486
1562820 486
1562830 486
1562840 486
1562850 486
1562860 486
1562870 486
1562880 486
1562890 486
1562900 485
1562910 485
1562920 483
1562930 484
1562940 484
1562950 486
1562960 484
1562970 482
1562980 482
1562990 482
1563000 482
1563010 482
1563020 481
1563030 481
1563040 481
1563050 481
1563060 480
1563070 480
1563080 480
1563090 479
1563100 479
1563110 479
1563120 478
1563130 477
1563140 477
1563150 476
1563160 475
1563170 475
1563180 474
1563190 474
1563200 474
1563210 474
1563220 474
1563230 474
1563240 474
1563250 474
1563260 474
1563270 473
1563280 473
1563290 473
1563300 473
1563310 473
1563320 472
1563330 472
1563340 472
1563350 472
1563360 472
1563370 472
1563380 472
1563390 472
1563400 471
1563410 471
1563420 471
1563430 471
1563440 471
1563450 471
1563460 471
1563470 471
1563480 471
1563490 471
1563500 471
1563510 470
1563520 470
1563530 470
1563540 470
1563550 470
1563560 470
1563570 470
1563580 469
1563590 469
1563600 469
1563610 469
1563620 469
1563630 469
1563640 468
1563650 468
1563660 468
1563670 468
1563680 468
1563690 468
1563700 468
1563710 468
1563720 468
1563730 468
1563740 468
1563750 468
1563760 468
1563770 468
1563780 468
1563790 468
1563800 468
1563810 468
1563820 468
1563830 468
1563840 468
1563850 468
1563860 468
1563870 468
1563880 468
1563890 468
1563900 468
1563910 468
1563920 468
1563930 468
1563940 468
1563950 468
1563960 469
1563970 469
1563980 469
1563990 469
1564000 469
1564010 468
1564020 468
1564030 468
1564040 468
1564050 468
1564060 468
1564070 468
1564080 468
1564090 468
1564100 468
1564110 468
1564120 468
1564130 468
1564140 468
1564150 468
1564160 468
1564170 468
1564180 468
1564190 467
1564200 467
1564210 467
1564220 467
1564230 467
1564240 467
1564250 467
1564260 467
1564270 467
1564280 467
1564290 467
1564300 467
1564310 468
1564320 468
1564330 468
1564340 467
1564350 467
1564360 467
1564370 467
1564380 467
1564390 467
1564400 467
1564410 467
1564420 467
1564430 467
1564440 467
1564450 467
1564460 468
1564470 467
1564480 467
1564490 467
1564500 467
1564510 467
1564520 467
1564530 467
1564540 467
1564550 467
1564560 467
1564570 468
1564580 468
1564590 468
1564600 468
1564610 468
1564620 468
1564630 468
1564640 468
1564650 468
1564660 467
1564670 467
1564680 467
1564690 467
1564700 467
1564710 467
1564720 467
1564730 467
1564740 467
1564750 467
1564760 466
1564770 466
1564780 466
1564790 466
1564800 466
1564810 466
1564820 466
1564830 466
1564840 466
1564850 466
1564860 466
1564870 466
1564880 466
1564890 466
1564900 466
1564910 467
1564920 467
1564930 467
1564940 467
1564950 467
1564960 467
1564970 467
1564980 467
1564990 467
1565000 467
1565010 468
1565020 467
1565030 467
1565040 467
1565050 467
1565060 467
1565070 467
1565080 467
1565090 467
1565100 467
1565110 467
1565120 467
1565130 467
1565140 467
1565150 466
1565160 466
1565170 466
1565180 466
1565190 466
1565200 466
1565210 467
1565220 467
1565230 467
1565240 467
1565250 467
1565260 467
1565270 467
1565280 467
1565290 467
1565300 467
1565310 467
1565320 467
1565330 467
1565340 466
1565350 466
1565360 466
1565370 466
1565380 466
1565390 466
1565400 466
1565410 466
1565420 466
1565430 466
1565440 466
1565450 466
1565460 466
1565470 466
1565480 466
1565490 466
1565500 466
1565510 466
1565520 466
1565530 466
1565540 466
1565550 466
1565560 466
1565570 466
1565580 466
1565590 466
1565600 466
1565610 466
1565620 466
1565630 466
1565640 466
1565650 465
1565660 465
1565670 465
1565680 465
1565690 465
1565700 465
1565710 465
1565720 465
1565730 465
1565740 465
1565750 465
1565760 465
1565770 465
1565780 464
1565790 464
1565800 464
1565810 464
1565820 464
1565830 464
1565840 464
1565850 464
1565860 464
1565870 464
1565880 464
1565890 464
1565900 464
1565910 465
1565920 465
1565930 465
1565940 466
1565950 467
1565960 467
1565970 467
1565980 467
1565990 467
1566000 467
1566010 467
1566020 467
1566030 467
1566040 467
1566050 467
1566060 467
1566070 467
1566080 467
1566090 467
1566100 467
1566110 467
1566120 467
1566130 467
1566140 467
1566150 467
1566160 467
1566170 467
1566180 467
1566190 467
1566200 467
1566210 467
1566220 467
1566230 467
1566240 467
1566250 467
1566260 467
1566270 467
1566280 467
1566290 467
1566300 467
1566310 467
1566320 467
1566330 467
1566340 467
1566350 467
1566360 467
1566370 467
1566380 467
1566390 466
1566400 466
1566410 466
1566420 466
1566430 466
1566440 465
1566450 465
1566460 465
1566470 464
1566480 464
1566490 464
1566500 464
1566510 464
1566520 464
1566530 464
1566540 464
1566550 464
1566560 463
1566570 463
1566580 463
1566590 463
1566600 463
1566610 463
1566620 463
1566630 463
1566640 463
1566650 463
1566660 463
1566670 463
1566680 463
1566690 463
1566700 463
1566710 463
1566720 463
1566730 463
1566740 463
1566750 461
1566760 461
1566770 461
1566780 461
1566790 461
1566800 461
1566810 461
1566820 461
1566830 461
1566840 461
1566850 461
1566860 461
1566870 461
1566880 461
1566890 461
1566900 461
1566910 461
1566920 461
1566930 461
1566940 461
1566950 461
1566960 461
1566970 461
1566980 461
1566990 461
1567000 461
1567010 461
1567020 461
1567030 461
1567040 461
1567050 461
1567060 461
1567070 461
1567080 462
1567090 462
1567100 463
1567110 463
1567120 463
1567130 463
1567140 465
1567150 465
1567160 466
1567170 469
1567180 469
1567190 472
1567200 473
1567210 474
1567220 474
1567230 475
1567240 477
1567250 477
1567260 479
1567270 481
1567280 481
1567290 484
1567300 486
1567310 486
1567320 488
1567330 490
1567340 490
1567350 491
1567360 492
1567370 493
1567380 493
1567390 494
1567400 495
1567410 495
1567420 495
1567430 496
1567440 496
1567450 498
1567460 499
1567470 499
1567480 501
1567490 503
1567500 504
1567510 504
1567520 506
1567530 508
1567540 508
1567550 510
1567560 510
1567570 510
1567580 511
1567590 511
1567600 511
1567610 512
1567620 513
1567630 513
1567640 514
1567650 515
1567660 517
1567670 517
1567680 518
1567690 519
1567700 519
1567710 520
1567720 520
1567730 520
1567740 519
1567750 518
1567760 518
1567770 517
1567780 518
1567790 518
1567800 520
1567810 521
1567820 522
1567830 522
1567840 523
1567850 524
1567860 524
1567870 524
1567880 524
1567890 524
1567900 523
1567910 522
1567920 522
1567930 521
1567940 520
1567950 519
1567960 519
1567970 513
1567980 514
1567990 514
1568000 518
1568010 522
1568020 522
1568030 525
1568040 528
1568050 528
1568060 530
1568070 531
1568080 531
1568090 532
1568100 532
1568110 534
1568120 534
1568130 535
1568140 537
1568150 537
1568160 537
1568170 538
1568180 538
1568190 540
1568200 542
1568210 542
1568220 544
1568230 544
1568240 544
1568250 540
1568260 543
1568270 546
1568280 546
1568290 547
1568300 547
1568310 547
1568320 546
1568330 546
1568340 546
1568350 547
1568360 546
1568370 546
1568380 546
1568390 546
1568400 546
1568410 548
1568420 554
1568430 561
1568440 558
1568450 562
1568460 565
1568470 565
1568480 567
1568490 570
1568500 570
1568510 573
1568520 575
1568530 575
1568540 577
1568550 580
1568560 583
1568570 583
1568580 586
1568590 586
1568600 586
1568610 586
1568620 586
1568630 586
1568640 585
1568650 582
1568660 582
1568670 579
1568680 580
1568690 580
1568700 581
1568710 585
1568720 588
1568730 588
1568740 590
1568750 592
1568760 592
1568770 593
1568780 596
1568790 596
1568800 599
1568810 603
1568820 603
1568830 607
1568840 608
1568850 608
1568860 607
1568870 609
1568880 613
1568890 613
1568900 615
1568910 615
1568920 615
1568930 615
1568940 615
1568950 615
1568960 617
1568970 621
1568980 621
1568990 624
1569000 627
1569010 630
1569020 630
1569030 633
1569040 636
1569050 636
1569060 639
1569070 644
1569080 644
1569090 647
1569100 649
1569110 649
1569120 649
1569130 649
1569140 649
1569150 648
1569160 647
1569170 646
1569180 646
1569190 645
1569200 644
1569210 644
1569220 644
1569230 643
1569240 643
1569250 643
1569260 642
1569270 642
1569280 641
1569290 640
1569300 640
1569310 641
1569320 642
1569330 644
1569340 644
1569350 646
1569360 649
1569370 649
1569380 651
1569390 652
1569400 652
1569410 654
1569420 656
1569430 656
1569440 657
1569450 659
1569460 659
1569470 661
1569480 662
1569490 664
1569500 664
1569510 665
1569520 667
1569530 667
1569540 668
1569550 670
1569560 670
1569570 671
1569580 673
1569590 673
1569600 674
1569610 675
1569620 676
1569630 676
1569640 677
1569650 677
1569660 677
1569670 676
1569680 676
1569690 676
1569700 675
1569710 675
1569720 675
1569730 674
1569740 673
1569750 673
1569760 672
1569770 671
1569780 669
1569790 669
1569800 668
1569810 666
1569820 666
1569830 665
1569840 664
1569850 664
1569860 663
1569870 661
1569880 661
1569890 660
1569900 659
1569910 659
1569920 659
1569930 658
1569940 657
1569950 657
1569960 656
1569970 656
1569980 656
1569990 654
1570000 653
1570010 653
1570020 652
1570030 651
1570040 651
1570050 651
1570060 650
1570070 650
1570080 650
1570090 649
1570100 649
1570110 649
1570120 649
1570130 648
1570140 648
1570150 647
1570160 647
1570170 647
1570180 647
1570190 647
1570200 647
1570210 647
1570220 647
1570230 648
1570240 648
1570250 649
1570260 649
1570270 649
1570280 649
1570290 649
1570300 649
1570310 650
1570320 650
1570330 650
1570340 650
1570350 650
1570360 650
1570370 651
1570380 651
1570390 650
1570400 650
1570410 651
1570420 651
1570430 651
1570440 651
1570450 652
1570460 652
1570470 653
1570480 656
1570490 656
1570500 661
1570510 662
1570520 662
1570530 664
1570540 666
1570550 668
1570560 668
1570570 669
1570580 670
1570590 670
1570600 667
1570610 668
1570620 668
1570630 672
1570640 675
1570650 675
1570660 676
1570670 678
1570680 679
1570690 679
1570700 680
1570710 682
1570720 682
1570730 683
1570740 685
1570750 685
1570760 687
1570770 688
1570780 688
1570790 689
1570800 691
1570810 691
1570820 693
1570830 694
1570840 696
1570850 696
1570860 698
1570870 698
1570880 698
1570890 699
1570900 701
1570910 701
1570920 703
1570930 706
1570940 706
1570950 708
1570960 709
1570970 709
1570980 710
1570990 711
1571000 712
1571010 712
1571020 713
1571030 714
1571040 714
1571050 715
1571060 721
1571070 721
1571080 725
1571090 727
1571100 727
1571110 730
1571120 731
1571130 732
1571140 732
1571150 733
1571160 734
1571170 734
1571180 735
1571190 737
1571200 737
1571210 738
1571220 739
1571230 739
1571240 741
1571250 742
1571260 742
1571270 744
1571280 744
1571290 746
1571300 746
1571310 748
1571320 751
1571330 751
1571340 753
1571350 757
1571360 757
1571370 760
1571380 764
1571390 763
1571400 763
1571410 765
1571420 765
1571430 767
1571440 769
1571450 771
1571460 771
1571470 773
1571480 776
1571490 776
1571500 778
1571510 781
1571520 781
1571530 784
1571540 786
1571550 786
1571560 787
1571570 790
1571580 790
1571590 795
1571600 802
1571610 805
1571620 805
1571630 806
1571640 809
1571650 809
1571660 814
1571670 819
1571680 819
1571690 822
1571700 826
1571710 826
1571720 830
1571730 837
1571740 844
1571750 844
1571760 850
1571770 857
1571780 857
1571790 860
1571800 862
1571810 862
1571820 853
1571830 845
1571840 845
1571850 844
1571860 852
1571870 852
1571880 871
1571890 887
1571900 894
1571910 894
1571920 891
1571930 893
1571940 893
1571950 897
1571960 898
1571970 898
1571980 899
1571990 900
1572000 900
1572010 901
1572020 901
1572030 901
1572040 904
1572050 905
1572060 906
1572070 906
1572080 907
1572090 908
1572100 908
1572110 908
1572120 908
1572130 908
1572140 908
1572150 908
1572160 908
1572170 908
1572180 907
1572190 906
1572200 906
1572210 906
1572220 905
1572230 905
1572240 905
1572250 904
1572260 904
1572270 904
1572280 903
1572290 903
1572300 902
1572310 901
1572320 901
1572330 900
1572340 899
1572350 898
1572360 898
1572370 897
1572380 897
1572390 897
1572400 898
1572410 898
1572420 898
1572430 898
1572440 897
1572450 897
1572460 896
1572470 897
1572480 897
1572490 898
1572500 900
1572510 901
1572520 901
1572530 901
1572540 901
1572550 901
1572560 900
1572570 901
1572580 901
1572590 901
1572600 901
1572610 901
1572620 902
1572630 902
1572640 902
1572650 902
1572660 902
1572670 902
1572680 902
1572690 902
1572700 901
1572710 901
1572720 897
1572730 894
1572740 894
1572750 890
1572760 888
1572770 888
1572780 888
1572790 887
1572800 887
1572810 887
1572820 891
1572830 891
1572840 891
1572850 894
1572860 898
1572870 898
1572880 901
1572890 904
1572900 904
1572910 907
1572920 910
1572930 910
1572940 911
1572950 913
1572960 915
1572970 915
1572980 915
1572990 915
1573000 915
1573010 914
1573020 911
1573030 911
1573040 908
1573050 906
1573060 906
1573070 901
1573080 898
1573090 898
1573100 896
1573110 896
1573120 896
1573130 896
1573140 897
1573150 899
1573160 899
1573170 902
1573180 904
1573190 904
1573200 905
1573210 904
1573220 904
1573230 904
1573240 903
1573250 900
1573260 900
1573270 897
1573280 895
1573290 895
1573300 894
1573310 893
1573320 893
1573330 889
1573340 883
1573350 883
1573360 878
1573370 873
1573380 873
1573390 864
1573400 854
1573410 839
1573420 839
1573430 830
1573440 823
1573450 823
1573460 815
1573470 807
1573480 807
1573490 800
1573500 795
1573510 795
1573520 790
1573530 786
1573540 786
1573550 783
1573560 779
1573570 773
1573580 773
1573590 766
1573600 763
1573610 763
1573620 763
1573630 762
1573640 762
1573650 761
1573660 757
1573670 757
1573680 754
1573690 751
1573700 748
1573710 748
1573720 745
1573730 743
1573740 743
1573750 739
1573760 736
1573770 736
1573780 733
1573790 730
1573800 730
1573810 726
1573820 720
1573830 720
1573840 713
1573850 706
1573860 699
1573870 699
1573880 692
1573890 689
1573900 689
1573910 687
1573920 688
1573930 688
1573940 687
1573950 688
1573960 688
1573970 689
1573980 689
1573990 689
1574000 691
1574010 694
1574020 694
1574030 694
1574040 688
1574050 685
1574060 685
1574070 685
1574080 683
1574090 683
1574100 682
1574110 682
1574120 682
1574130 680
1574140 674
1574150 674
1574160 671
1574170 665
1574180 665
1574190 665
1574200 668
1574210 670
1574220 670
1574230 675
1574240 677
1574250 677
1574260 678
1574270 683
1574280 683
1574290 691
1574300 699
1574310 705
1574320 705
1574330 712
1574340 721
1574350 721
1574360 728
1574370 732
1574380 732
1574390 738
1574400 740
1574410 740
1574420 741
1574430 743
1574440 743
1574450 747
1574460 752
1574470 757
1574480 757
1574490 761
1574500 764
1574510 764
1574520 765
1574530 767
1574540 767
1574550 768
1574560 770
1574570 770
1574580 773
1574590 776
1574600 776
1574610 780
1574620 786
1574630 792
1574640 792
1574650 796
1574660 799
1574670 799
1574680 802
1574690 804
1574700 804
1574710 806
1574720 807
1574730 807
1574740 807
1574750 807
1574760 807
1574770 807
1574780 807
1574790 806
1574800 806
1574810 804
1574820 803
1574830 803
1574840 801
1574850 800
1574860 800
1574870 799
1574880 797
1574890 797
1574900 796
1574910 795
1574920 794
1574930 794
1574940 794
1574950 793
1574960 793
1574970 791
1574980 790
1574990 790
1575000 789
1575010 788
1575020 788
1575030 786
1575040 784
1575050 784
1575060 782
1575070 781
1575080 780
1575090 780
1575100 779
1575110 778
1575120 778
1575130 777
1575140 776
1575150 776
1575160 776
1575170 776
1575180 776
1575190 775
1575200 774
1575210 774
1575220 774
1575230 774
1575240 774
1575250 774
1575260 774
1575270 774
1575280 774
1575290 774
1575300 774
1575310 774
1575320 774
1575330 773
1575340 773
1575350 773
1575360 773
1575370 772
1575380 772
1575390 772
1575400 772
1575410 772
1575420 771
1575430 770
1575440 770
1575450 770
1575460 770
1575470 770
1575480 770
1575490 770
1575500 770
1575510 770
1575520 771
1575530 771
1575540 771
1575550 771
1575560 771
1575570 771
1575580 772
1575590 772
1575600 772
1575610 773
1575620 774
1575630 774
1575640 776
1575650 778
1575660 778
1575670 779
1575680 779
1575690 779
1575700 779
1575710 780
1575720 779
1575730 779
1575740 778
1575750 778
1575760 778
1575770 778
1575780 776
1575790 776
1575800 774
1575810 774
1575820 772
1575830 772
1575840 769
1575850 767
1575860 767
1575870 768
1575880 767
1575890 767
1575900 766
1575910 766
1575920 766
1575930 766
1575940 764
1575950 764
1575960 762
1575970 761
1575980 758
1575990 758
1576000 756
1576010 756
1576020 756
1576030 752
1576040 749
1576050 749
1576060 747
1576070 743
1576080 743
1576090 742
1576100 739
1576110 739
1576120 738
1576130 734
1576140 730
1576150 730
1576160 725
1576170 719
1576180 719
1576190 714
1576200 717
1576210 717
1576220 722
1576230 723
1576240 723
1576250 726
1576260 730
1576270 734
1576280 734
1576290 736
1576300 741
1576310 741
1576320 750
1576330 759
1576340 759
1576350 761
1576360 765
1576370 765
1576380 765
1576390 765
1576400 765
1576410 765
1576420 766
1576430 767
1576440 767
1576450 769
1576460 769
1576470 769
1576480 770
1576490 771
1576500 771
1576510 772
1576520 773
1576530 773
1576540 773
1576550 772
1576560 772
1576570 771
1576580 770
1576590 768
1576600 768
1576610 767
1576620 765
1576630 765
1576640 764
1576650 763
1576660 763
1576670 763
1576680 762
1576690 762
1576700 760
1576710 758
1576720 758
1576730 757
1576740 756
1576750 755
1576760 755
1576770 755
1576780 755
1576790 755
1576800 755
1576810 756
1576820 756
1576830 757
1576840 756
1576850 756
1576860 755
1576870 753
1576880 752
1576890 752
1576900 751
1576910 751
1576920 751
1576930 750
1576940 750
1576950 750
1576960 750
1576970 750
1576980 750
1576990 751
1577000 751
1577010 751
1577020 751
1577030 750
1577040 750
1577050 750
1577060 749
1577070 749
1577080 749
1577090 749
1577100 748
1577110 748
1577120 747
1577130 746
1577140 746
1577150 747
1577160 747
1577170 747
1577180 747
1577190 746
1577200 746
1577210 746
1577220 747
1577230 747
1577240 747
1577250 745
1577260 743
1577270 743
1577280 743
1577290 742
1577300 742
1577310 739
1577320 735
1577330 731
1577340 731
1577350 725
1577360 718
1577370 718
1577380 711
1577390 711
1577400 711
1577410 712
1577420 715
1577430 715
1577440 716
1577450 716
1577460 716
1577470 717
1577480 718
1577490 716
1577500 716
1577510 711
1577520 704
1577530 704
1577540 702
1577550 710
1577560 710
1577570 714
1577580 718
1577590 718
1577600 723
1577610 724
1577620 724
1577630 723
1577640 721
1577650 720
1577660 720
1577670 722
1577680 725
1577690 725
1577700 729
1577710 730
1577720 730
1577730 727
1577740 723
1577750 723
1577760 720
1577770 720
1577780 720
1577790 725
1577800 730
1577810 733
1577820 733
1577830 738
1577840 744
1577850 744
1577860 751
1577870 758
1577880 758
1577890 764
1577900 770
1577910 770
1577920 777
1577930 784
1577940 788
1577950 788
1577960 790
1577970 790
1577980 790
1577990 790
1578000 790
1578010 790
1578020 790
1578030 789
1578040 789
1578050 786
1578060 783
1578070 783
1578080 780
1578090 779
1578100 779
1578110 779
1578120 778
1578130 777
1578140 777
1578150 777
1578160 778
1578170 778
1578180 777
1578190 777
1578200 777
1578210 777
1578220 776
1578230 776
1578240 775
1578250 774
1578260 773
1578270 773
1578280 772
1578290 771
1578300 771
1578310 771
1578320 770
1578330 770
1578340 771
1578350 770
1578360 770
1578370 770
1578380 770
1578390 769
1578400 769
1578410 767
1578420 765
1578430 765
1578440 764
1578450 762
1578460 762
1578470 761
1578480 758
1578490 758
1578500 755
1578510 754
1578520 754
1578530 754
1578540 753
1578550 753
1578560 753
1578570 752
1578580 752
1578590 752
1578600 752
1578610 752
1578620 752
1578630 752
1578640 751
1578650 751
1578660 750
1578670 750
1578680 750
1578690 749
1578700 747
1578710 746
1578720 746
1578730 745
1578740 744
1578750 744
1578760 743
1578770 742
1578780 742
1578790 741
1578800 740
1578810 740
1578820 739
1578830 738
1578840 738
1578850 737
1578860 737
1578870 736
1578880 736
1578890 735
1578900 734
1578910 734
1578920 733
1578930 732
1578940 732
1578950 731
1578960 729
1578970 729
1578980 730
1578990 730
1579000 731
1579010 731
1579020 731
1579030 731
1579040 731
1579050 732
1579060 732
1579070 732
1579080 732
1579090 731
1579100 731
1579110 731
1579120 732
1579130 732
1579140 734
1579150 734
1579160 736
1579170 736
1579180 740
1579190 743
1579200 743
1579210 746
1579220 749
1579230 749
1579240 752
1579250 754
1579260 754
1579270 756
1579280 757
1579290 757
1579300 758
1579310 758
1579320 758
1579330 758
1579340 757
1579350 757
1579360 757
1579370 756
1579380 755
1579390 755
1579400 755
1579410 754
1579420 754
1579430 754
1579440 754
1579450 754
1579460 754
1579470 754
1579480 754
1579490 754
1579500 755
1579510 755
1579520 755
1579530 757
1579540 757
1579550 757
1579560 758
1579570 759
1579580 759
1579590 759
1579600 759
1579610 759
1579620 759
1579630 759
1579640 759
1579650 759
1579660 759
1579670 759
1579680 759
1579690 759
1579700 759
1579710 759
1579720 758
1579730 758
1579740 758
1579750 758
1579760 757
1579770 757
1579780 757
1579790 757
1579800 757
1579810 757
1579820 757
1579830 757
1579840 757
1579850 757
1579860 757
1579870 757
1579880 757
1579890 757
1579900 757
1579910 757
1579920 758
1579930 758
1579940 758
1579950 759
1579960 759
1579970 759
1579980 760
1579990 760
