1560000 531
1560010 531
1560020 530
1560030 529
1560040 529
1560050 529
1560060 528
1560070 528
1560080 527
1560090 527
1560100 527
1560110 526
1560120 526
1560130 526
1560140 526
1560150 526
1560160 525
1560170 525
1560180 525
1560190 524
1560200 524
1560210 523
1560220 522
1560230 522
1560240 522
1560250 521
1560260 521
1560270 521
1560280 520
1560290 520
1560300 519
1560310 519
1560320 519
1560330 519
1560340 518
1560350 518
1560360 518
1560370 518
1560380 517
1560390 517
1560400 516
1560410 516
1560420 516
1560430 516
1560440 515
1560450 515
1560460 515
1560470 514
1560480 513
1560490 513
1560500 513
1560510 512
1560520 512
1560530 512
1560540 511
1560550 511
1560560 511
1560570 510
1560580 510
1560590 509
1560600 509
1560610 509
1560620 509
1560630 508
1560640 507
1560650 507
1560660 505
1560670 504
1560680 504
1560690 503
1560700 503
1560710 503
1560720 503
1560730 502
1560740 502
1560750 502
1560760 501
1560770 498
1560780 498
1560790 497
1560800 496
1560810 493
1560820 493
1560830 494
1560840 494
1560850 493
1560860 491
1560870 491
1560880 490
1560890 491
1560900 491
1560910 495
1560920 498
1560930 499
1560940 499
1560950 499
1560960 499
1560970 499
1560980 499
1560990 499
1561000 499
1561010 499
1561020 498
1561030 498
1561040 496
1561050 492
1561060 492
1561070 490
1561080 488
1561090 486
1561100 486
1561110 485
1561120 485
1561130 485
1561140 485
1561150 485
1561160 485
1561170 485
1561180 485
1561190 485
1561200 485
1561210 487
1561220 487
1561230 487
1561240 486
1561250 485
1561260 485
1561270 487
1561280 490
1561290 490
1561300 489
1561310 487
1561320 487
1561330 487
1561340 488
1561350 488
1561360 487
1561370 483
1561380 480
1561390 480
1561400 477
1561410 475
1561420 475
1561430 472
1561440 470
1561450 470
1561460 469
1561470 466
1561480 466
1561490 464
1561500 464
1561510 464
1561520 463
1561530 462
1561540 462
1561550 462
1561560 462
1561570 462
1561580 462
1561590 462
1561600 462
1561610 462
1561620 461
1561630 461
1561640 461
1561650 461
1561660 461
1561670 461
1561680 462
1561690 464
1561700 467
1561710 467
1561720 469
1561730 470
1561740 470
1561750 470
1561760 470
1561770 470
1561780 470
1561790 470
1561800 470
1561810 470
1561820 470
1561830 470
1561840 470
1561850 470
1561860 470
1561870 470
1561880 470
1561890 470
1561900 470
1561910 469
1561920 469
1561930 469
1561940 469
1561950 469
1561960 469
1561970 469
1561980 469
1561990 469
1562000 469
1562010 469
1562020 469
1562030 469
1562040 469
1562050 469
1562060 469
1562070 468
1562080 467
1562090 467
1562100 467
1562110 467
1562120 467
1562130 467
1562140 467
1562150 467
1562160 467
1562170 467
1562180 467
1562190 467
1562200 467
1562210 467
1562220 467
1562230 467
1562240 467
1562250 467
1562260 467
1562270 466
1562280 466
1562290 465
1562300 463
1562310 461
1562320 461
1562330 461
1562340 461
1562350 461
1562360 461
1562370 461
1562380 461
1562390 461
1562400 461
1562410 461
1562420 461
1562430 461
1562440 461
1562450 461
1562460 461
1562470 461
1562480 461
1562490 461
1562500 461
1562510 461
1562520 461
1562530 461
1562540 461
1562550 461
1562560 461
1562570 461
1562580 463
1562590 465
1562600 466
1562610 466
1562620 466
1562630 466
1562640 466
1562650 466
1562660 466
1562670 466
1562680 467
1562690 467
1562700 467
1562710 467
1562720 467
1562730 467
1562740 467
1562750 468
1562760 468
1562770 468
1562780 468
1562790 468
1562800 468
1562810 468
1562820 468
1562830 468
1562840 468
1562850 468
1562860 468
1562870 468
1562880 468
1562890 468
1562900 468
1562910 468
1562920 468
1562930 468
1562940 468
1562950 468
1562960 468
1562970 468
1562980 468
1562990 468
1563000 469
1563010 469
1563020 469
1563030 469
1563040 469
1563050 469
1563060 469
1563070 469
1563080 469
1563090 469
1563100 469
1563110 469
1563120 469
1563130 469
1563140 469
1563150 469
1563160 469
1563170 469
1563180 469
1563190 469
1563200 469
1563210 469
1563220 469
1563230 469
1563240 469
1563250 469
1563260 469
1563270 469
1563280 469
1563290 469
1563300 469
1563310 469
1563320 469
1563330 469
1563340 469
1563350 469
1563360 468
1563370 468
1563380 468
1563390 468
1563400 468
1563410 468
1563420 468
1563430 468
1563440 468
1563450 468
1563460 468
1563470 468
1563480 468
1563490 468
1563500 468
1563510 468
1563520 468
1563530 468
1563540 468
1563550 468
1563560 468
1563570 468
1563580 468
1563590 468
1563600 468
1563610 468
1563620 468
1563630 468
1563640 468
1563650 468
1563660 468
1563670 468
1563680 468
1563690 468
1563700 468
1563710 468
1563720 468
1563730 468
1563740 468
1563750 468
1563760 468
1563770 468
1563780 468
1563790 468
1563800 468
1563810 468
1563820 468
1563830 468
1563840 468
1563850 468
1563860 468
1563870 468
1563880 468
1563890 468
1563900 468
1563910 468
1563920 468
1563930 468
1563940 468
1563950 468
1563960 468
1563970 468
1563980 468
1563990 468
1564000 468
1564010 468
1564020 468
1564030 468
1564040 468
1564050 468
1564060 468
1564070 468
1564080 468
1564090 468
1564100 468
1564110 468
1564120 468
1564130 468
1564140 468
1564150 468
1564160 468
1564170 468
1564180 468
1564190 468
1564200 468
1564210 468
1564220 468
1564230 468
1564240 468
1564250 468
1564260 467
1564270 467
1564280 467
1564290 467
1564300 467
1564310 467
1564320 467
1564330 467
1564340 467
1564350 467
1564360 467
1564370 467
1564380 467
1564390 467
1564400 467
1564410 467
1564420 467
1564430 467
1564440 467
1564450 467
1564460 467
1564470 467
1564480 467
1564490 467
1564500 467
1564510 467
1564520 467
1564530 467
1564540 467
1564550 467
1564560 467
1564570 467
1564580 467
1564590 467
1564600 467
1564610 467
1564620 467
1564630 467
1564640 467
1564650 467
1564660 467
1564670 467
1564680 466
1564690 466
1564700 466
1564710 466
1564720 466
1564730 466
1564740 466
1564750 467
1564760 467
1564770 467
1564780 467
1564790 467
1564800 467
1564810 467
1564820 467
1564830 467
1564840 466
1564850 466
1564860 466
1564870 466
1564880 464
1564890 464
1564900 463
1564910 462
1564920 462
1564930 461
1564940 461
1564950 461
1564960 461
1564970 461
1564980 461
1564990 461
1565000 461
1565010 461
1565020 461
1565030 461
1565040 461
1565050 461
1565060 461
1565070 461
1565080 461
1565090 461
1565100 461
1565110 461
1565120 461
1565130 461
1565140 461
1565150 461
1565160 461
1565170 461
1565180 462
1565190 466
1565200 468
1565210 468
1565220 471
1565230 474
1565240 474
1565250 476
1565260 477
1565270 477
1565280 477
1565290 478
1565300 478
1565310 480
1565320 482
1565330 482
1565340 484
1565350 487
1565360 489
1565370 489
1565380 490
1565390 491
1565400 491
1565410 492
1565420 492
1565430 492
1565440 492
1565450 492
1565460 492
1565470 493
1565480 494
1565490 494
1565500 494
1565510 495
1565520 496
1565530 496
1565540 497
1565550 497
1565560 497
1565570 497
1565580 498
1565590 498
1565600 499
1565610 503
1565620 503
1565630 503
1565640 503
1565650 503
1565660 503
1565670 503
1565680 503
1565690 503
1565700 501
1565710 499
1565720 499
1565730 497
1565740 494
1565750 494
1565760 494
1565770 498
1565780 498
1565790 502
1565800 506
1565810 508
1565820 508
1565830 509
1565840 509
1565850 509
1565860 510
1565870 511
1565880 511
1565890 512
1565900 513
1565910 513
1565920 514
1565930 515
1565940 515
1565950 516
1565960 517
1565970 518
1565980 518
1565990 519
1566000 520
1566010 520
1566020 520
1566030 521
1566040 521
1566050 522
1566060 524
1566070 524
1566080 526
1566090 529
1566100 532
1566110 532
1566120 533
1566130 534
1566140 534
1566150 536
1566160 538
1566170 538
1566180 540
1566190 542
1566200 542
1566210 543
1566220 545
1566230 545
1566240 546
1566250 546
1566260 547
1566270 547
1566280 547
1566290 547
1566300 547
1566310 546
1566320 546
1566330 546
1566340 544
1566350 543
1566360 543
1566370 542
1566380 540
1566390 540
1566400 538
1566410 537
1566420 535
1566430 535
1566440 533
1566450 530
1566460 530
1566470 527
1566480 524
1566490 524
1566500 522
1566510 521
1566520 521
1566530 519
1566540 516
1566550 516
1566560 516
1566570 518
1566580 521
1566590 521
1566600 524
1566610 526
1566620 526
1566630 528
1566640 528
1566650 528
1566660 528
1566670 529
1566680 529
1566690 530
1566700 535
1566710 535
1566720 540
1566730 542
1566740 544
1566750 544
1566760 545
1566770 546
1566780 546
1566790 547
1566800 549
1566810 549
1566820 549
1566830 550
1566840 550
1566850 550
1566860 551
1566870 551
1566880 551
1566890 552
1566900 552
1566910 552
1566920 552
1566930 552
1566940 552
1566950 552
1566960 552
1566970 552
1566980 552
1566990 552
1567000 552
1567010 551
1567020 550
1567030 549
1567040 549
1567050 549
1567060 549
1567070 549
1567080 550
1567090 551
1567100 551
1567110 552
1567120 554
1567130 554
1567140 556
1567150 555
1567160 555
1567170 556
1567180 557
1567190 557
1567200 557
1567210 557
1567220 556
1567230 556
1567240 555
1567250 555
1567260 555
1567270 554
1567280 553
1567290 553
1567300 553
1567310 552
1567320 552
1567330 551
1567340 551
1567350 550
1567360 550
1567370 549
1567380 549
1567390 549
1567400 550
1567410 549
1567420 549
1567430 548
1567440 549
1567450 549
1567460 550
1567470 552
1567480 553
1567490 553
1567500 554
1567510 554
1567520 554
1567530 554
1567540 556
1567550 556
1567560 559
1567570 562
1567580 562
1567590 566
1567600 569
1567610 569
1567620 573
1567630 575
1567640 578
1567650 578
1567660 582
1567670 587
1567680 587
1567690 591
1567700 594
1567710 594
1567720 596
1567730 597
1567740 597
1567750 597
1567760 597
1567770 597
1567780 598
1567790 598
1567800 597
1567810 597
1567820 595
1567830 593
1567840 593
1567850 595
1567860 596
1567870 596
1567880 597
1567890 599
1567900 599
1567910 601
1567920 604
1567930 604
1567940 607
1567950 609
1567960 610
1567970 610
1567980 612
1567990 614
1568000 614
1568010 615
1568020 616
1568030 616
1568040 618
1568050 622
1568060 622
1568070 624
1568080 625
1568090 622
1568100 622
1568110 621
1568120 623
1568130 623
1568140 623
1568150 623
1568160 623
1568170 625
1568180 628
1568190 628
1568200 631
1568210 635
1568220 635
1568230 638
1568240 642
1568250 645
1568260 645
1568270 645
1568280 647
1568290 647
1568300 650
1568310 655
1568320 655
1568330 658
1568340 660
1568350 660
1568360 660
1568370 663
1568380 663
1568390 663
1568400 662
1568410 659
1568420 659
1568430 658
1568440 662
1568450 662
1568460 664
1568470 664
1568480 664
1568490 663
1568500 665
1568510 665
1568520 671
1568530 673
1568540 673
1568550 674
1568560 677
1568570 682
1568580 682
1568590 689
1568600 696
1568610 696
1568620 699
1568630 701
1568640 701
1568650 699
1568660 698
1568670 698
1568680 697
1568690 695
1568700 695
1568710 695
1568720 694
1568730 693
1568740 693
1568750 693
1568760 692
1568770 692
1568780 691
1568790 690
1568800 690
1568810 691
1568820 693
1568830 693
1568840 695
1568850 698
1568860 700
1568870 700
1568880 705
1568890 711
1568900 711
1568910 717
1568920 716
1568930 716
1568940 716
1568950 720
1568960 720
1568970 723
1568980 725
1568990 725
1569000 727
1569010 731
1569020 737
1569030 737
1569040 742
1569050 750
1569060 750
1569070 761
1569080 776
1569090 776
1569100 802
1569110 817
1569120 817
1569130 818
1569140 819
1569150 819
1569160 819
1569170 818
1569180 819
1569190 819
1569200 820
1569210 821
1569220 821
1569230 819
1569240 819
1569250 819
1569260 821
1569270 820
1569280 820
1569290 818
1569300 818
1569310 817
1569320 817
1569330 816
1569340 818
1569350 818
1569360 819
1569370 820
1569380 820
1569390 821
1569400 821
1569410 821
1569420 820
1569430 820
1569440 820
1569450 820
1569460 818
1569470 815
1569480 815
1569490 814
1569500 813
1569510 813
1569520 812
1569530 810
1569540 810
1569550 809
1569560 808
1569570 808
1569580 807
1569590 806
1569600 806
1569610 806
1569620 805
1569630 803
1569640 803
1569650 802
1569660 801
1569670 801
1569680 801
1569690 800
1569700 800
1569710 800
1569720 800
1569730 800
1569740 800
1569750 801
1569760 801
1569770 800
1569780 800
1569790 800
1569800 800
1569810 800
1569820 800
1569830 800
1569840 801
1569850 801
1569860 801
1569870 801
1569880 802
1569890 802
1569900 803
1569910 804
1569920 804
1569930 804
1569940 804
1569950 804
1569960 804
1569970 806
1569980 807
1569990 807
1570000 808
1570010 809
1570020 809
1570030 810
1570040 811
1570050 811
1570060 812
1570070 814
1570080 815
1570090 815
1570100 815
1570110 815
1570120 815
1570130 814
1570140 814
1570150 814
1570160 814
1570170 814
1570180 814
1570190 815
1570200 816
1570210 816
1570220 813
1570230 807
1570240 805
1570250 805
1570260 807
1570270 807
1570280 807
1570290 807
1570300 806
1570310 806
1570320 803
1570330 799
1570340 799
1570350 794
1570360 792
1570370 792
1570380 791
1570390 791
1570400 793
1570410 793
1570420 795
1570430 793
1570440 793
1570450 789
1570460 785
1570470 785
1570480 784
1570490 784
1570500 784
1570510 785
1570520 786
1570530 789
1570540 789
1570550 791
1570560 792
1570570 792
1570580 793
1570590 793
1570600 793
1570610 792
1570620 791
1570630 791
1570640 790
1570650 789
1570660 789
1570670 790
1570680 787
1570690 784
1570700 784
1570710 783
1570720 784
1570730 784
1570740 784
1570750 785
1570760 785
1570770 785
1570780 785
1570790 785
1570800 785
1570810 785
1570820 785
1570830 786
1570840 787
1570850 789
1570860 789
1570870 791
1570880 794
1570890 794
1570900 796
1570910 798
1570920 798
1570930 799
1570940 800
1570950 800
1570960 800
1570970 801
1570980 801
1570990 802
1571000 802
1571010 802
1571020 802
1571030 803
1571040 803
1571050 803
1571060 803
1571070 804
1571080 804
1571090 804
1571100 804
1571110 804
1571120 803
1571130 802
1571140 802
1571150 802
1571160 801
1571170 801
1571180 801
1571190 800
1571200 800
1571210 800
1571220 800
1571230 802
1571240 802
1571250 803
1571260 802
1571270 802
1571280 800
1571290 798
1571300 797
1571310 797
1571320 800
1571330 804
1571340 804
1571350 806
1571360 808
1571370 808
1571380 808
1571390 808
1571400 808
1571410 806
1571420 802
1571430 802
1571440 802
1571450 805
1571460 806
1571470 806
1571480 807
1571490 807
1571500 807
1571510 807
1571520 807
1571530 807
1571540 807
1571550 807
1571560 807
1571570 807
1571580 807
1571590 806
1571600 805
1571610 804
1571620 804
1571630 804
1571640 805
1571650 805
1571660 805
1571670 805
1571680 805
1571690 805
1571700 805
1571710 805
1571720 805
1571730 805
1571740 805
1571750 805
1571760 805
1571770 805
1571780 806
1571790 806
1571800 807
1571810 808
1571820 808
1571830 809
1571840 810
1571850 810
1571860 810
1571870 810
1571880 810
1571890 810
1571900 811
1571910 812
1571920 812
1571930 812
1571940 813
1571950 813
1571960 812
1571970 813
1571980 813
1571990 813
1572000 814
1572010 814
1572020 814
1572030 814
1572040 814
1572050 814
1572060 813
1572070 812
1572080 812
1572090 813
1572100 814
1572110 814
1572120 814
1572130 815
1572140 815
1572150 816
1572160 816
1572170 816
1572180 817
1572190 817
1572200 817
1572210 816
1572220 817
1572230 818
1572240 818
1572250 819
1572260 821
1572270 821
1572280 821
1572290 821
1572300 821
1572310 821
1572320 822
1572330 822
1572340 823
1572350 824
1572360 823
1572370 823
1572380 822
1572390 822
1572400 822
1572410 822
1572420 822
1572430 822
1572440 823
1572450 825
1572460 825
1572470 827
1572480 830
1572490 830
1572500 832
1572510 832
1572520 830
1572530 830
1572540 830
1572550 829
1572560 829
1572570 828
1572580 827
1572590 827
1572600 828
1572610 828
1572620 828
1572630 827
1572640 826
1572650 826
1572660 826
1572670 826
1572680 825
1572690 825
1572700 817
1572710 806
1572720 806
1572730 794
1572740 786
1572750 786
1572760 779
1572770 771
1572780 771
1572790 766
1572800 760
1572810 760
1572820 755
1572830 750
1572840 748
1572850 748
1572860 745
1572870 743
1572880 743
1572890 740
1572900 736
1572910 736
1572920 732
1572930 729
1572940 729
1572950 727
1572960 723
1572970 721
1572980 721
1572990 719
1573000 717
1573010 717
1573020 714
1573030 712
1573040 712
1573050 710
1573060 707
1573070 707
1573080 704
1573090 702
1573100 702
1573110 700
1573120 698
1573130 697
1573140 697
1573150 694
1573160 694
1573170 694
1573180 693
1573190 692
1573200 692
1573210 690
1573220 689
1573230 689
1573240 686
1573250 682
1573260 682
1573270 683
1573280 684
1573290 684
1573300 684
1573310 684
1573320 684
1573330 684
1573340 684
1573350 683
1573360 683
1573370 682
1573380 680
1573390 680
1573400 677
1573410 675
1573420 675
1573430 673
1573440 670
1573450 665
1573460 665
1573470 666
1573480 670
1573490 670
1573500 671
1573510 672
1573520 672
1573530 674
1573540 674
1573550 674
1573560 673
1573570 672
1573580 672
1573590 672
1573600 674
1573610 676
1573620 676
1573630 677
1573640 678
1573650 678
1573660 678
1573670 677
1573680 677
1573690 676
1573700 675
1573710 675
1573720 675
1573730 674
1573740 674
1573750 674
1573760 673
1573770 673
1573780 673
1573790 673
1573800 674
1573810 674
1573820 676
1573830 677
1573840 677
1573850 677
1573860 680
1573870 680
1573880 685
1573890 689
1573900 692
1573910 692
1573920 695
1573930 699
1573940 699
1573950 703
1573960 705
1573970 705
1573980 707
1573990 709
1574000 709
1574010 710
1574020 711
1574030 711
1574040 711
1574050 711
1574060 711
1574070 711
1574080 711
1574090 710
1574100 710
1574110 710
1574120 710
1574130 710
1574140 708
1574150 707
1574160 707
1574170 705
1574180 703
1574190 703
1574200 701
1574210 698
1574220 696
1574230 696
1574240 697
1574250 695
1574260 695
1574270 693
1574280 693
1574290 693
1574300 692
1574310 689
1574320 689
1574330 685
1574340 681
1574350 676
1574360 676
1574370 670
1574380 664
1574390 664
1574400 669
1574410 673
1574420 673
1574430 668
1574440 667
1574450 667
1574460 666
1574470 664
1574480 664
1574490 664
1574500 664
1574510 663
1574520 663
1574530 662
1574540 661
1574550 661
1574560 662
1574570 662
1574580 662
1574590 662
1574600 661
1574610 661
1574620 661
1574630 659
1574640 659
1574650 658
1574660 657
1574670 656
1574680 656
1574690 656
1574700 656
1574710 656
1574720 656
1574730 656
1574740 656
1574750 657
1574760 657
1574770 657
1574780 657
1574790 657
1574800 657
1574810 658
1574820 659
1574830 659
1574840 659
1574850 660
1574860 660
1574870 660
1574880 660
1574890 660
1574900 660
1574910 659
1574920 658
1574930 658
1574940 658
1574950 658
1574960 658
1574970 658
1574980 658
1574990 660
1575000 660
1575010 661
1575020 662
1575030 662
1575040 663
1575050 663
1575060 663
1575070 663
1575080 664
1575090 664
1575100 666
1575110 669
1575120 671
1575130 671
1575140 672
1575150 673
1575160 673
1575170 673
1575180 673
1575190 673
1575200 673
1575210 672
1575220 672
1575230 671
1575240 670
1575250 670
1575260 668
1575270 668
1575280 668
1575290 668
1575300 668
1575310 668
1575320 668
1575330 667
1575340 666
1575350 666
1575360 665
1575370 663
1575380 663
1575390 662
1575400 661
1575410 661
1575420 660
1575430 660
1575440 660
1575450 660
1575460 661
1575470 661
1575480 661
1575490 662
1575500 662
1575510 662
1575520 663
1575530 663
1575540 663
1575550 663
1575560 664
1575570 664
1575580 664
1575590 664
1575600 665
1575610 665
1575620 665
1575630 665
1575640 665
1575650 666
1575660 668
1575670 668
1575680 668
1575690 668
1575700 668
1575710 668
1575720 669
1575730 668
1575740 668
1575750 667
1575760 665
1575770 665
1575780 663
1575790 660
1575800 660
1575810 657
1575820 655
1575830 655
1575840 653
1575850 652
1575860 652
1575870 653
1575880 654
1575890 654
1575900 654
1575910 655
1575920 657
1575930 657
1575940 660
1575950 661
1575960 661
1575970 663
1575980 665
1575990 665
1576000 666
1576010 666
1576020 666
1576030 667
1576040 669
1576050 672
1576060 672
1576070 675
1576080 676
1576090 676
1576100 678
1576110 683
1576120 683
1576130 686
1576140 689
1576150 689
1576160 690
1576170 690
1576180 692
1576190 692
1576200 692
1576210 692
1576220 692
1576230 691
1576240 688
1576250 688
1576260 685
1576270 686
1576280 686
1576290 687
1576300 686
1576310 686
1576320 686
1576330 686
1576340 687
1576350 687
1576360 688
1576370 688
1576380 688
1576390 688
1576400 688
1576410 688
1576420 687
1576430 688
1576440 688
1576450 688
1576460 688
1576470 688
1576480 687
1576490 688
1576500 688
1576510 688
1576520 688
1576530 689
1576540 689
1576550 691
1576560 693
1576570 693
1576580 696
1576590 698
1576600 698
1576610 699
1576620 700
1576630 700
1576640 701
1576650 701
1576660 701
1576670 701
1576680 701
1576690 703
1576700 703
1576710 703
1576720 703
1576730 703
1576740 704
1576750 705
1576760 705
1576770 706
1576780 708
1576790 710
1576800 710
1576810 713
1576820 716
1576830 716
1576840 717
1576850 717
1576860 717
1576870 717
1576880 718
1576890 718
1576900 720
1576910 721
1576920 721
1576930 721
1576940 722
1576950 722
1576960 722
1576970 722
1576980 722
1576990 722
1577000 722
1577010 722
1577020 722
1577030 723
1577040 725
1577050 725
1577060 724
1577070 722
1577080 722
1577090 720
1577100 719
1577110 719
1577120 719
1577130 721
1577140 723
1577150 723
1577160 726
1577170 730
1577180 730
1577190 730
1577200 733
1577210 733
1577220 736
1577230 740
1577240 740
1577250 744
1577260 748
1577270 752
1577280 752
1577290 755
1577300 760
1577310 760
1577320 766
1577330 772
1577340 772
1577350 775
1577360 777
1577370 777
1577380 779
1577390 782
1577400 785
1577410 785
1577420 787
1577430 787
1577440 787
1577450 788
1577460 789
1577470 789
1577480 790
1577490 791
1577500 791
1577510 791
1577520 792
1577530 792
1577540 795
1577550 800
1577560 811
1577570 811
1577580 816
1577590 821
1577600 821
1577610 823
1577620 829
1577630 829
1577640 832
1577650 834
1577660 834
1577670 835
1577680 836
1577690 836
1577700 838
1577710 839
1577720 840
1577730 840
1577740 841
1577750 841
1577760 841
1577770 841
1577780 841
1577790 841
1577800 841
1577810 841
1577820 841
1577830 841
1577840 841
1577850 841
1577860 841
1577870 841
1577880 841
1577890 841
1577900 841
1577910 841
1577920 841
1577930 842
1577940 842
1577950 842
1577960 842
1577970 842
1577980 842
1577990 842
1578000 841
1578010 841
1578020 841
1578030 842
1578040 843
1578050 843
1578060 843
1578070 844
1578080 844
1578090 844
1578100 844
1578110 844
1578120 844
1578130 844
1578140 844
1578150 844
1578160 844
1578170 842
1578180 842
1578190 842
1578200 841
1578210 841
1578220 842
1578230 841
1578240 841
1578250 840
1578260 839
1578270 839
1578280 837
1578290 837
1578300 837
1578310 837
1578320 837
1578330 837
1578340 837
1578350 838
1578360 838
1578370 838
1578380 840
1578390 841
1578400 841
1578410 843
1578420 844
1578430 844
1578440 844
1578450 844
1578460 844
1578470 844
1578480 843
1578490 843
1578500 843
1578510 843
1578520 844
1578530 842
1578540 843
1578550 843
1578560 843
1578570 843
1578580 842
1578590 842
1578600 842
1578610 843
1578620 843
1578630 843
1578640 844
1578650 844
1578660 844
1578670 844
1578680 844
1578690 844
1578700 845
1578710 846
1578720 846
1578730 846
1578740 846
1578750 846
1578760 844
1578770 840
1578780 837
1578790 837
1578800 835
1578810 834
1578820 834
1578830 834
1578840 834
1578850 834
1578860 835
1578870 835
1578880 835
1578890 835
1578900 835
1578910 835
1578920 834
1578930 834
1578940 833
1578950 833
1578960 831
1578970 831
1578980 831
1578990 831
1579000 831
1579010 831
1579020 832
1579030 832
1579040 832
1579050 830
1579060 830
1579070 830
1579080 829
1579090 829
1579100 828
1579110 828
1579120 828
1579130 827
1579140 827
1579150 825
1579160 823
1579170 823
1579180 822
1579190 820
1579200 820
1579210 819
1579220 817
1579230 814
1579240 814
1579250 812
1579260 809
1579270 809
1579280 806
1579290 803
1579300 803
1579310 800
1579320 797
1579330 797
1579340 794
1579350 790
1579360 790
1579370 786
1579380 781
1579390 777
1579400 777
1579410 773
1579420 770
1579430 770
1579440 768
1579450 767
1579460 767
1579470 767
1579480 766
1579490 766
1579500 763
1579510 759
1579520 759
1579530 756
1579540 753
1579550 751
1579560 751
1579570 748
1579580 745
1579590 745
1579600 744
1579610 743
1579620 743
1579630 742
1579640 740
1579650 740
1579660 739
1579670 738
1579680 738
1579690 737
1579700 736
1579710 734
1579720 734
1579730 732
1579740 730
1579750 730
1579760 728
1579770 726
1579780 726
1579790 724
1579800 722
1579810 722
1579820 719
1579830 716
1579840 714
1579850 714
1579860 713
1579870 710
1579880 710
1579890 709
1579900 707
1579910 707
1579920 706
1579930 705
1579940 705
1579950 704
1579960 703
1579970 703
1579980 702
1579990 701
