1560000 517
1560010 520
1560020 521
1560030 522
1560040 522
1560050 522
1560060 522
1560070 522
1560080 522
1560090 521
1560100 521
1560110 520
1560120 520
1560130 520
1560140 520
1560150 520
1560160 520
1560170 520
1560180 521
1560190 523
1560200 523
1560210 524
1560220 524
1560230 524
1560240 524
1560250 524
1560260 524
1560270 524
1560280 524
1560290 524
1560300 524
1560310 524
1560320 524
1560330 524
1560340 523
1560350 523
1560360 523
1560370 522
1560380 521
1560390 521
1560400 521
1560410 521
1560420 521
1560430 521
1560440 521
1560450 521
1560460 523
1560470 523
1560480 522
1560490 522
1560500 522
1560510 522
1560520 522
1560530 522
1560540 522
1560550 522
1560560 522
1560570 521
1560580 521
1560590 522
1560600 522
1560610 522
1560620 522
1560630 522
1560640 521
1560650 521
1560660 521
1560670 522
1560680 522
1560690 522
1560700 521
1560710 521
1560720 521
1560730 521
1560740 521
1560750 521
1560760 521
1560770 521
1560780 521
1560790 521
1560800 521
1560810 521
1560820 521
1560830 521
1560840 521
1560850 521
1560860 520
1560870 520
1560880 520
1560890 519
1560900 519
1560910 519
1560920 519
1560930 519
1560940 519
1560950 518
1560960 518
1560970 518
1560980 517
1560990 517
1561000 517
1561010 517
1561020 516
1561030 516
1561040 516
1561050 515
1561060 515
1561070 515
1561080 515
1561090 515
1561100 514
1561110 514
1561120 513
1561130 514
1561140 514
1561150 514
1561160 514
1561170 515
1561180 515
1561190 515
1561200 514
1561210 513
1561220 513
1561230 512
1561240 511
1561250 511
1561260 511
1561270 511
1561280 510
1561290 510
1561300 510
1561310 510
1561320 510
1561330 509
1561340 509
1561350 509
1561360 508
1561370 508
1561380 508
1561390 508
1561400 507
1561410 506
1561420 506
1561430 506
1561440 505
1561450 505
1561460 505
1561470 504
1561480 504
1561490 504
1561500 504
1561510 504
1561520 504
1561530 503
1561540 503
1561550 502
1561560 502
1561570 501
1561580 501
1561590 501
1561600 501
1561610 501
1561620 500
1561630 499
1561640 499
1561650 499
1561660 499
1561670 499
1561680 499
1561690 498
1561700 498
1561710 498
1561720 497
1561730 497
1561740 497
1561750 496
1561760 496
1561770 496
1561780 495
1561790 495
1561800 495
1561810 494
1561820 494
1561830 494
1561840 494
1561850 494
1561860 494
1561870 493
1561880 493
1561890 493
1561900 493
1561910 493
1561920 493
1561930 493
1561940 493
1561950 493
1561960 493
1561970 493
1561980 493
1561990 493
1562000 493
1562010 493
1562020 493
1562030 493
1562040 493
1562050 493
1562060 493
1562070 493
1562080 493
1562090 493
1562100 493
1562110 493
1562120 493
1562130 493
1562140 493
1562150 493
1562160 493
1562170 494
1562180 494
1562190 494
1562200 494
1562210 494
1562220 494
1562230 494
1562240 494
1562250 494
1562260 494
1562270 494
1562280 494
1562290 494
1562300 494
1562310 494
1562320 494
1562330 494
1562340 494
1562350 494
1562360 495
1562370 495
1562380 495
1562390 495
1562400 495
1562410 495
1562420 495
1562430 495
1562440 495
1562450 495
1562460 495
1562470 495
1562480 495
1562490 495
1562500 495
1562510 495
1562520 494
1562530 495
1562540 495
1562550 495
1562560 494
1562570 494
1562580 495
1562590 495
1562600 495
1562610 495
1562620 496
1562630 496
1562640 496
1562650 496
1562660 496
1562670 496
1562680 496
1562690 496
1562700 496
1562710 496
1562720 496
1562730 496
1562740 497
1562750 498
1562760 498
1562770 498
1562780 498
1562790 498
1562800 499
1562810 499
1562820 499
1562830 499
1562840 499
1562850 499
1562860 499
1562870 499
1562880 499
1562890 499
1562900 498
1562910 498
1562920 498
1562930 498
1562940 498
1562950 498
1562960 498
1562970 498
1562980 498
1562990 498
1563000 498
1563010 498
1563020 498
1563030 498
1563040 498
1563050 498
1563060 498
1563070 498
1563080 498
1563090 498
1563100 498
1563110 498
1563120 498
1563130 498
1563140 498
1563150 498
1563160 498
1563170 498
1563180 498
1563190 497
1563200 497
1563210 497
1563220 497
1563230 497
1563240 497
1563250 496
1563260 496
1563270 496
1563280 496
1563290 495
1563300 495
1563310 495
1563320 495
1563330 495
1563340 495
1563350 494
1563360 493
1563370 493
1563380 493
1563390 493
1563400 493
1563410 493
1563420 493
1563430 491
1563440 491
1563450 490
1563460 490
1563470 490
1563480 490
1563490 490
1563500 490
1563510 490
1563520 490
1563530 490
1563540 490
1563550 490
1563560 490
1563570 490
1563580 490
1563590 490
1563600 490
1563610 490
1563620 490
1563630 490
1563640 491
1563650 492
1563660 492
1563670 493
1563680 492
1563690 492
1563700 493
1563710 493
1563720 493
1563730 493
1563740 493
1563750 494
1563760 494
1563770 495
1563780 495
1563790 495
1563800 496
1563810 497
1563820 497
1563830 498
1563840 498
1563850 498
1563860 499
1563870 500
1563880 500
1563890 500
1563900 500
1563910 500
1563920 500
1563930 500
1563940 501
1563950 501
1563960 501
1563970 501
1563980 501
1563990 501
1564000 501
1564010 501
1564020 501
1564030 501
1564040 501
1564050 502
1564060 502
1564070 502
1564080 502
1564090 502
1564100 502
1564110 502
1564120 502
1564130 503
1564140 503
1564150 503
1564160 503
1564170 503
1564180 503
1564190 503
1564200 503
1564210 503
1564220 504
1564230 504
1564240 504
1564250 505
1564260 505
1564270 505
1564280 505
1564290 505
1564300 505
1564310 505
1564320 505
1564330 505
1564340 506
1564350 506
1564360 507
1564370 507
1564380 507
1564390 507
1564400 507
1564410 508
1564420 509
1564430 509
1564440 509
1564450 510
1564460 510
1564470 510
1564480 511
1564490 511
1564500 512
1564510 512
1564520 512
1564530 512
1564540 513
1564550 515
1564560 515
1564570 517
1564580 519
1564590 519
1564600 522
1564610 525
1564620 525
1564630 529
1564640 532
1564650 532
1564660 534
1564670 536
1564680 538
1564690 538
1564700 539
1564710 541
1564720 541
1564730 542
1564740 543
1564750 543
1564760 543
1564770 544
1564780 544
1564790 544
1564800 545
1564810 545
1564820 545
1564830 545
1564840 545
1564850 545
1564860 545
1564870 544
1564880 544
1564890 544
1564900 544
1564910 544
1564920 544
1564930 543
1564940 543
1564950 542
1564960 542
1564970 542
1564980 541
1564990 540
1565000 539
1565010 539
1565020 538
1565030 537
1565040 537
1565050 536
1565060 535
1565070 535
1565080 533
1565090 531
1565100 531
1565110 530
1565120 528
1565130 528
1565140 527
1565150 527
1565160 527
1565170 527
1565180 527
1565190 527
1565200 527
1565210 528
1565220 529
1565230 529
1565240 529
1565250 530
1565260 530
1565270 530
1565280 531
1565290 531
1565300 531
1565310 532
1565320 532
1565330 532
1565340 533
1565350 534
1565360 534
1565370 535
1565380 536
1565390 536
1565400 536
1565410 536
1565420 536
1565430 537
1565440 538
1565450 539
1565460 539
1565470 539
1565480 540
1565490 540
1565500 539
1565510 534
1565520 534
1565530 529
1565540 523
1565550 523
1565560 518
1565570 511
1565580 511
1565590 506
1565600 505
1565610 506
1565620 506
1565630 509
1565640 512
1565650 512
1565660 513
1565670 516
1565680 516
1565690 518
1565700 518
1565710 518
1565720 520
1565730 523
1565740 523
1565750 527
1565760 530
1565770 532
1565780 532
1565790 535
1565800 538
1565810 538
1565820 540
1565830 541
1565840 541
1565850 541
1565860 541
1565870 541
1565880 541
1565890 541
1565900 541
1565910 542
1565920 541
1565930 541
1565940 541
1565950 542
1565960 542
1565970 542
1565980 542
1565990 542
1566000 542
1566010 542
1566020 542
1566030 542
1566040 541
1566050 541
1566060 541
1566070 541
1566080 541
1566090 540
1566100 540
1566110 540
1566120 540
1566130 540
1566140 540
1566150 540
1566160 540
1566170 540
1566180 541
1566190 541
1566200 541
1566210 542
1566220 542
1566230 542
1566240 542
1566250 543
1566260 543
1566270 543
1566280 543
1566290 543
1566300 543
1566310 543
1566320 543
1566330 543
1566340 543
1566350 543
1566360 543
1566370 543
1566380 542
1566390 542
1566400 542
1566410 542
1566420 542
1566430 542
1566440 541
1566450 541
1566460 541
1566470 541
1566480 541
1566490 541
1566500 540
1566510 540
1566520 540
1566530 540
1566540 540
1566550 540
1566560 540
1566570 539
1566580 539
1566590 539
1566600 539
1566610 539
1566620 539
1566630 539
1566640 539
1566650 540
1566660 540
1566670 540
1566680 541
1566690 542
1566700 543
1566710 543
1566720 543
1566730 544
1566740 544
1566750 545
1566760 545
1566770 545
1566780 545
1566790 545
1566800 545
1566810 545
1566820 546
1566830 546
1566840 546
1566850 546
1566860 547
1566870 547
1566880 547
1566890 546
1566900 546
1566910 545
1566920 544
1566930 544
1566940 544
1566950 544
1566960 544
1566970 545
1566980 546
1566990 546
1567000 547
1567010 549
1567020 550
1567030 550
1567040 552
1567050 553
1567060 553
1567070 553
1567080 554
1567090 554
1567100 555
1567110 556
1567120 556
1567130 556
1567140 557
1567150 557
1567160 558
1567170 558
1567180 559
1567190 559
1567200 559
1567210 560
1567220 560
1567230 560
1567240 561
1567250 561
1567260 562
1567270 563
1567280 563
1567290 563
1567300 564
1567310 564
1567320 565
1567330 565
1567340 566
1567350 566
1567360 567
1567370 568
1567380 568
1567390 568
1567400 569
1567410 569
1567420 570
1567430 571
1567440 571
1567450 571
1567460 572
1567470 573
1567480 573
1567490 574
1567500 574
1567510 574
1567520 575
1567530 576
1567540 576
1567550 576
1567560 577
1567570 577
1567580 577
1567590 577
1567600 577
1567610 578
1567620 578
1567630 578
1567640 578
1567650 579
1567660 579
1567670 579
1567680 579
1567690 579
1567700 579
1567710 579
1567720 579
1567730 579
1567740 579
1567750 580
1567760 580
1567770 580
1567780 580
1567790 580
1567800 580
1567810 580
1567820 580
1567830 580
1567840 580
1567850 580
1567860 580
1567870 579
1567880 579
1567890 579
1567900 579
1567910 579
1567920 579
1567930 579
1567940 579
1567950 579
1567960 579
1567970 579
1567980 579
1567990 579
1568000 578
1568010 578
1568020 578
1568030 578
1568040 578
1568050 578
1568060 577
1568070 577
1568080 577
1568090 577
1568100 577
1568110 576
1568120 576
1568130 576
1568140 576
1568150 576
1568160 575
1568170 575
1568180 575
1568190 574
1568200 573
1568210 573
1568220 573
1568230 573
1568240 573
1568250 571
1568260 571
1568270 570
1568280 570
1568290 570
1568300 570
1568310 570
1568320 571
1568330 571
1568340 571
1568350 571
1568360 571
1568370 571
1568380 571
1568390 571
1568400 571
1568410 571
1568420 572
1568430 572
1568440 572
1568450 572
1568460 572
1568470 572
1568480 572
1568490 572
1568500 572
1568510 572
1568520 572
1568530 572
1568540 572
1568550 571
1568560 571
1568570 571
1568580 571
1568590 571
1568600 571
1568610 571
1568620 571
1568630 571
1568640 571
1568650 570
1568660 570
1568670 570
1568680 570
1568690 570
1568700 570
1568710 570
1568720 569
1568730 569
1568740 569
1568750 568
1568760 568
1568770 566
1568780 564
1568790 564
1568800 563
1568810 561
1568820 561
1568830 559
1568840 559
1568850 559
1568860 558
1568870 558
1568880 557
1568890 557
1568900 556
1568910 556
1568920 556
1568930 556
1568940 556
1568950 556
1568960 556
1568970 555
1568980 555
1568990 555
1569000 555
1569010 555
1569020 555
1569030 555
1569040 555
1569050 555
1569060 555
1569070 555
1569080 555
1569090 555
1569100 555
1569110 555
1569120 555
1569130 555
1569140 555
1569150 555
1569160 554
1569170 554
1569180 553
1569190 553
1569200 552
1569210 552
1569220 552
1569230 552
1569240 552
1569250 551
1569260 551
1569270 551
1569280 550
1569290 549
1569300 549
1569310 549
1569320 548
1569330 548
1569340 548
1569350 548
1569360 548
1569370 548
1569380 548
1569390 548
1569400 548
1569410 548
1569420 547
1569430 547
1569440 547
1569450 547
1569460 547
1569470 547
1569480 547
1569490 547
1569500 547
1569510 547
1569520 548
1569530 548
1569540 548
1569550 548
1569560 548
1569570 548
1569580 548
1569590 548
1569600 548
1569610 547
1569620 547
1569630 547
1569640 547
1569650 548
1569660 548
1569670 548
1569680 547
1569690 547
1569700 547
1569710 546
1569720 546
1569730 546
1569740 546
1569750 546
1569760 545
1569770 545
1569780 545
1569790 545
1569800 545
1569810 545
1569820 545
1569830 544
1569840 543
1569850 543
1569860 542
1569870 541
1569880 541
1569890 541
1569900 540
1569910 540
1569920 540
1569930 538
1569940 538
1569950 537
1569960 535
1569970 534
1569980 534
1569990 533
1570000 532
1570010 532
1570020 531
1570030 530
1570040 530
1570050 529
1570060 528
1570070 528
1570080 528
1570090 528
1570100 528
1570110 527
1570120 527
1570130 526
1570140 526
1570150 526
1570160 525
1570170 525
1570180 524
1570190 524
1570200 524
1570210 523
1570220 523
1570230 523
1570240 522
1570250 522
1570260 522
1570270 522
1570280 522
1570290 522
1570300 522
1570310 522
1570320 522
1570330 522
1570340 522
1570350 522
1570360 522
1570370 522
1570380 522
1570390 522
1570400 522
1570410 522
1570420 523
1570430 523
1570440 524
1570450 524
1570460 524
1570470 524
1570480 524
1570490 524
1570500 525
1570510 525
1570520 525
1570530 525
1570540 526
1570550 526
1570560 528
1570570 529
1570580 530
1570590 530
1570600 531
1570610 533
1570620 533
1570630 535
1570640 536
1570650 536
1570660 537
1570670 538
1570680 538
1570690 539
1570700 539
1570710 539
1570720 539
1570730 539
1570740 540
1570750 540
1570760 540
1570770 542
1570780 542
1570790 542
1570800 541
1570810 541
1570820 541
1570830 540
1570840 540
1570850 539
1570860 535
1570870 535
1570880 534
1570890 540
1570900 543
1570910 543
1570920 544
1570930 545
1570940 545
1570950 545
1570960 546
1570970 546
1570980 547
1570990 547
1571000 547
1571010 548
1571020 549
1571030 549
1571040 550
1571050 550
1571060 550
1571070 550
1571080 551
1571090 552
1571100 552
1571110 552
1571120 553
1571130 553
1571140 554
1571150 555
1571160 555
1571170 556
1571180 557
1571190 557
1571200 558
1571210 560
1571220 561
1571230 561
1571240 561
1571250 562
1571260 562
1571270 563
1571280 563
1571290 563
1571300 564
1571310 564
1571320 564
1571330 565
1571340 565
1571350 565
1571360 566
1571370 566
1571380 566
1571390 566
1571400 566
1571410 565
1571420 565
1571430 564
1571440 564
1571450 564
1571460 565
1571470 565
1571480 565
1571490 566
1571500 566
1571510 565
1571520 565
1571530 565
1571540 565
1571550 565
1571560 565
1571570 565
1571580 565
1571590 566
1571600 565
1571610 565
1571620 565
1571630 565
1571640 565
1571650 565
1571660 565
1571670 566
1571680 566
1571690 569
1571700 570
1571710 570
1571720 570
1571730 571
1571740 571
1571750 571
1571760 572
1571770 572
1571780 572
1571790 573
1571800 573
1571810 574
1571820 575
1571830 576
1571840 576
1571850 577
1571860 577
1571870 577
1571880 578
1571890 580
1571900 580
1571910 581
1571920 582
1571930 582
1571940 581
1571950 580
1571960 580
1571970 580
1571980 580
1571990 580
1572000 580
1572010 581
1572020 581
1572030 581
1572040 581
1572050 582
1572060 582
1572070 583
1572080 584
1572090 584
1572100 584
1572110 584
1572120 584
1572130 584
1572140 584
1572150 584
1572160 584
1572170 584
1572180 585
1572190 585
1572200 586
1572210 586
1572220 586
1572230 586
1572240 587
1572250 587
1572260 587
1572270 587
1572280 587
1572290 588
1572300 589
1572310 590
1572320 590
1572330 591
1572340 592
1572350 592
1572360 593
1572370 594
1572380 594
1572390 595
1572400 597
1572410 597
1572420 598
1572430 600
1572440 600
1572450 603
1572460 606
1572470 607
1572480 607
1572490 608
1572500 610
1572510 610
1572520 611
1572530 612
1572540 612
1572550 613
1572560 614
1572570 614
1572580 616
1572590 617
1572600 618
1572610 618
1572620 620
1572630 621
1572640 621
1572650 622
1572660 623
1572670 623
1572680 623
1572690 624
1572700 624
1572710 626
1572720 627
1572730 627
1572740 627
1572750 628
1572760 629
1572770 629
1572780 630
1572790 630
1572800 630
1572810 631
1572820 632
1572830 632
1572840 633
1572850 634
1572860 634
1572870 635
1572880 636
1572890 636
1572900 636
1572910 637
1572920 638
1572930 638
1572940 639
1572950 642
1572960 642
1572970 644
1572980 646
1572990 646
1573000 648
1573010 651
1573020 651
1573030 653
1573040 654
1573050 654
1573060 655
1573070 655
1573080 655
1573090 655
1573100 655
1573110 655
1573120 655
1573130 656
1573140 657
1573150 657
1573160 658
1573170 658
1573180 658
1573190 659
1573200 659
1573210 659
1573220 660
1573230 661
1573240 662
1573250 662
1573260 663
1573270 664
1573280 664
1573290 665
1573300 669
1573310 669
1573320 670
1573330 670
1573340 670
1573350 670
1573360 671
1573370 671
1573380 672
1573390 673
1573400 674
1573410 674
1573420 675
1573430 676
1573440 676
1573450 676
1573460 676
1573470 676
1573480 676
1573490 676
1573500 676
1573510 677
1573520 677
1573530 677
1573540 677
1573550 677
1573560 677
1573570 677
1573580 677
1573590 676
1573600 676
1573610 676
1573620 676
1573630 676
1573640 675
1573650 675
1573660 675
1573670 674
1573680 674
1573690 675
1573700 675
1573710 675
1573720 674
1573730 674
1573740 674
1573750 674
1573760 674
1573770 674
1573780 674
1573790 674
1573800 673
1573810 672
1573820 672
1573830 672
1573840 672
1573850 672
1573860 672
1573870 672
1573880 672
1573890 672
1573900 671
1573910 671
1573920 671
1573930 671
1573940 671
1573950 671
1573960 671
1573970 671
1573980 671
1573990 671
1574000 671
1574010 671
1574020 671
1574030 670
1574040 671
1574050 671
1574060 672
1574070 672
1574080 672
1574090 672
1574100 672
1574110 672
1574120 672
1574130 672
1574140 672
1574150 673
1574160 673
1574170 673
1574180 673
1574190 673
1574200 673
1574210 673
1574220 674
1574230 674
1574240 674
1574250 673
1574260 673
1574270 673
1574280 673
1574290 673
1574300 673
1574310 674
1574320 675
1574330 675
1574340 675
1574350 676
1574360 676
1574370 676
1574380 677
1574390 677
1574400 677
1574410 678
1574420 679
1574430 679
1574440 680
1574450 681
1574460 681
1574470 681
1574480 682
1574490 683
1574500 683
1574510 683
1574520 683
1574530 683
1574540 684
1574550 684
1574560 684
1574570 684
1574580 685
1574590 685
1574600 685
1574610 687
1574620 687
1574630 687
1574640 687
1574650 688
1574660 688
1574670 690
1574680 692
1574690 692
1574700 695
1574710 691
1574720 691
1574730 692
1574740 694
1574750 694
1574760 695
1574770 697
1574780 700
1574790 700
1574800 705
1574810 710
1574820 710
1574830 709
1574840 709
1574850 709
1574860 707
1574870 707
1574880 707
1574890 708
1574900 709
1574910 709
1574920 709
1574930 708
1574940 708
1574950 708
1574960 707
1574970 708
1574980 708
1574990 706
1575000 703
1575010 703
1575020 699
1575030 696
1575040 696
1575050 693
1575060 688
1575070 688
1575080 682
1575090 677
1575100 674
1575110 674
1575120 673
1575130 672
1575140 672
1575150 671
1575160 670
1575170 670
1575180 669
1575190 668
1575200 668
1575210 667
1575220 664
1575230 664
1575240 664
1575250 663
1575260 661
1575270 661
1575280 660
1575290 658
1575300 658
1575310 657
1575320 655
1575330 655
1575340 653
1575350 652
1575360 652
1575370 650
1575380 649
1575390 649
1575400 647
1575410 646
1575420 645
1575430 645
1575440 644
1575450 644
1575460 644
1575470 643
1575480 640
1575490 640
1575500 638
1575510 636
1575520 636
1575530 635
1575540 633
1575550 633
1575560 632
1575570 630
1575580 628
1575590 628
1575600 626
1575610 624
1575620 624
1575630 622
1575640 620
1575650 620
1575660 618
1575670 616
1575680 616
1575690 615
1575700 614
1575710 613
1575720 613
1575730 612
1575740 610
1575750 610
1575760 609
1575770 608
1575780 608
1575790 606
1575800 605
1575810 605
1575820 604
1575830 603
1575840 603
1575850 602
1575860 600
1575870 599
1575880 599
1575890 599
1575900 598
1575910 598
1575920 597
1575930 596
1575940 596
1575950 596
1575960 595
1575970 595
1575980 595
1575990 594
1576000 594
1576010 593
1576020 592
1576030 591
1576040 591
1576050 590
1576060 589
1576070 589
1576080 588
1576090 588
1576100 588
1576110 587
1576120 586
1576130 586
1576140 584
1576150 583
1576160 583
1576170 582
1576180 581
1576190 580
1576200 580
1576210 580
1576220 579
1576230 579
1576240 579
1576250 578
1576260 578
1576270 578
1576280 577
1576290 577
1576300 577
1576310 577
1576320 577
1576330 577
1576340 577
1576350 577
1576360 577
1576370 577
1576380 578
1576390 578
1576400 579
1576410 582
1576420 582
1576430 584
1576440 585
1576450 585
1576460 585
1576470 583
1576480 583
1576490 582
1576500 581
1576510 578
1576520 578
1576530 574
1576540 570
1576550 570
1576560 567
1576570 565
1576580 565
1576590 564
1576600 564
1576610 564
1576620 562
1576630 561
1576640 561
1576650 559
1576660 559
1576670 558
1576680 558
1576690 553
1576700 549
1576710 549
1576720 544
1576730 537
1576740 537
1576750 531
1576760 526
1576770 526
1576780 521
1576790 517
1576800 512
1576810 512
1576820 507
1576830 505
1576840 505
1576850 502
1576860 500
1576870 500
1576880 498
1576890 497
1576900 497
1576910 494
1576920 491
1576930 491
1576940 488
1576950 485
1576960 483
1576970 483
1576980 480
1576990 477
1577000 477
1577010 475
1577020 474
1577030 474
1577040 472
1577050 472
1577060 472
1577070 471
1577080 471
1577090 471
1577100 470
1577110 470
1577120 469
1577130 469
1577140 469
1577150 469
1577160 469
1577170 470
1577180 472
1577190 472
1577200 473
1577210 474
1577220 474
1577230 473
1577240 472
1577250 472
1577260 471
1577270 471
1577280 469
1577290 469
1577300 468
1577310 468
1577320 468
1577330 468
1577340 466
1577350 466
1577360 464
1577370 463
1577380 463
1577390 462
1577400 461
1577410 461
1577420 461
1577430 460
1577440 459
1577450 459
1577460 458
1577470 457
1577480 457
1577490 457
1577500 457
1577510 457
1577520 457
1577530 457
1577540 457
1577550 456
1577560 455
1577570 455
1577580 455
1577590 454
1577600 454
1577610 454
1577620 454
1577630 453
1577640 453
1577650 453
1577660 453
1577670 453
1577680 453
1577690 452
1577700 452
1577710 452
1577720 451
1577730 451
1577740 451
1577750 452
1577760 452
1577770 452
1577780 454
1577790 455
1577800 455
1577810 455
1577820 455
1577830 455
1577840 455
1577850 456
1577860 456
1577870 456
1577880 456
1577890 456
1577900 456
1577910 457
1577920 458
1577930 458
1577940 458
1577950 459
1577960 459
1577970 460
1577980 460
1577990 460
1578000 461
1578010 462
1578020 462
1578030 462
1578040 462
1578050 465
1578060 465
1578070 472
1578080 475
1578090 475
1578100 475
1578110 475
1578120 475
1578130 475
1578140 475
1578150 475
1578160 475
1578170 475
1578180 475
1578190 476
1578200 476
1578210 476
1578220 476
1578230 476
1578240 476
1578250 476
1578260 476
1578270 476
1578280 476
1578290 476
1578300 476
1578310 476
1578320 476
1578330 476
1578340 476
1578350 476
1578360 476
1578370 476
1578380 476
1578390 476
1578400 476
1578410 476
1578420 476
1578430 476
1578440 476
1578450 476
1578460 476
1578470 476
1578480 476
1578490 476
1578500 476
1578510 476
1578520 476
1578530 476
1578540 476
1578550 476
1578560 476
1578570 476
1578580 476
1578590 476
1578600 476
1578610 476
1578620 476
1578630 476
1578640 476
1578650 476
1578660 476
1578670 475
1578680 475
1578690 475
1578700 475
1578710 476
1578720 476
1578730 476
1578740 476
1578750 477
1578760 477
1578770 478
1578780 479
1578790 478
1578800 479
1578810 480
1578820 481
1578830 481
1578840 482
1578850 484
1578860 484
1578870 486
1578880 488
1578890 488
1578900 489
1578910 490
1578920 490
1578930 489
1578940 489
1578950 489
1578960 489
1578970 490
1578980 489
1578990 489
1579000 489
1579010 489
1579020 489
1579030 487
1579040 486
1579050 486
1579060 484
1579070 483
1579080 483
1579090 483
1579100 484
1579110 484
1579120 486
1579130 487
1579140 489
1579150 489
1579160 491
1579170 494
1579180 494
1579190 496
1579200 499
1579210 499
1579220 502
1579230 504
1579240 504
1579250 508
1579260 511
1579270 511
1579280 514
1579290 516
1579300 519
1579310 519
1579320 521
1579330 525
1579340 525
1579350 529
1579360 534
1579370 534
1579380 538
1579390 542
1579400 542
1579410 545
1579420 548
1579430 548
1579440 550
1579450 553
1579460 556
1579470 556
1579480 559
1579490 561
1579500 561
1579510 564
1579520 566
1579530 566
1579540 569
1579550 571
1579560 571
1579570 574
1579580 576
1579590 576
1579600 579
1579610 581
1579620 583
1579630 583
1579640 586
1579650 588
1579660 588
1579670 590
1579680 593
1579690 593
1579700 596
1579710 599
1579720 599
1579730 601
1579740 604
1579750 604
1579760 608
1579770 611
1579780 615
1579790 615
1579800 618
1579810 621
1579820 621
1579830 623
1579840 626
1579850 626
1579860 629
1579870 631
1579880 631
1579890 634
1579900 635
1579910 637
1579920 637
1579930 638
1579940 640
1579950 640
1579960 641
1579970 642
1579980 642
1579990 643
