1560000 579
1560010 580
1560020 580
1560030 580
1560040 580
1560050 580
1560060 581
1560070 581
1560080 581
1560090 581
1560100 581
1560110 581
1560120 581
1560130 580
1560140 580
1560150 580
1560160 579
1560170 579
1560180 579
1560190 578
1560200 577
1560210 577
1560220 576
1560230 576
1560240 576
1560250 575
1560260 574
1560270 572
1560280 572
1560290 571
1560300 570
1560310 570
1560320 569
1560330 568
1560340 568
1560350 567
1560360 566
1560370 566
1560380 565
1560390 563
1560400 563
1560410 562
1560420 561
1560430 559
1560440 559
1560450 557
1560460 556
1560470 556
1560480 554
1560490 553
1560500 553
1560510 551
1560520 550
1560530 550
1560540 548
1560550 546
1560560 546
1560570 545
1560580 544
1560590 541
1560600 541
1560610 539
1560620 537
1560630 537
1560640 534
1560650 533
1560660 533
1560670 530
1560680 528
1560690 528
1560700 526
1560710 524
1560720 524
1560730 523
1560740 521
1560750 519
1560760 519
1560770 517
1560780 516
1560790 516
1560800 515
1560810 514
1560820 514
1560830 513
1560840 512
1560850 512
1560860 511
1560870 510
1560880 510
1560890 510
1560900 509
1560910 508
1560920 508
1560930 508
1560940 507
1560950 507
1560960 507
1560970 507
1560980 507
1560990 506
1561000 506
1561010 506
1561020 506
1561030 505
1561040 505
1561050 505
1561060 505
1561070 505
1561080 505
1561090 505
1561100 504
1561110 504
1561120 504
1561130 504
1561140 504
1561150 504
1561160 504
1561170 504
1561180 505
1561190 505
1561200 505
1561210 504
1561220 504
1561230 504
1561240 504
1561250 504
1561260 503
1561270 503
1561280 503
1561290 503
1561300 503
1561310 502
1561320 500
1561330 500
1561340 498
1561350 498
1561360 498
1561370 499
1561380 500
1561390 501
1561400 501
1561410 501
1561420 501
1561430 501
1561440 501
1561450 500
1561460 500
1561470 500
1561480 500
1561490 500
1561500 499
1561510 498
1561520 497
1561530 497
1561540 496
1561550 495
1561560 495
1561570 495
1561580 495
1561590 495
1561600 494
1561610 494
1561620 494
1561630 493
1561640 493
1561650 493
1561660 493
1561670 494
1561680 495
1561690 495
1561700 495
1561710 496
1561720 496
1561730 496
1561740 496
1561750 496
1561760 496
1561770 497
1561780 497
1561790 497
1561800 497
1561810 497
1561820 497
1561830 498
1561840 498
1561850 498
1561860 498
1561870 497
1561880 497
1561890 497
1561900 497
1561910 497
1561920 496
1561930 494
1561940 494
1561950 492
1561960 489
1561970 489
1561980 488
1561990 487
1562000 487
1562010 487
1562020 486
1562030 485
1562040 485
1562050 484
1562060 483
1562070 483
1562080 482
1562090 481
1562100 481
1562110 480
1562120 479
1562130 479
1562140 476
1562150 475
1562160 474
1562170 474
1562180 474
1562190 474
1562200 474
1562210 473
1562220 471
1562230 471
1562240 467
1562250 465
1562260 465
1562270 464
1562280 463
1562290 463
1562300 463
1562310 463
1562320 461
1562330 461
1562340 461
1562350 461
1562360 461
1562370 460
1562380 460
1562390 460
1562400 460
1562410 459
1562420 459
1562430 459
1562440 459
1562450 459
1562460 459
1562470 459
1562480 459
1562490 459
1562500 459
1562510 459
1562520 459
1562530 458
1562540 458
1562550 458
1562560 458
1562570 458
1562580 458
1562590 459
1562600 460
1562610 460
1562620 461
1562630 463
1562640 464
1562650 464
1562660 466
1562670 467
1562680 467
1562690 468
1562700 467
1562710 467
1562720 467
1562730 467
1562740 467
1562750 466
1562760 465
1562770 465
1562780 464
1562790 461
1562800 458
1562810 458
1562820 457
1562830 456
1562840 456
1562850 456
1562860 455
1562870 455
1562880 455
1562890 457
1562900 457
1562910 460
1562920 460
1562930 460
1562940 459
1562950 459
1562960 459
1562970 459
1562980 458
1562990 457
1563000 457
1563010 458
1563020 457
1563030 457
1563040 457
1563050 457
1563060 457
1563070 456
1563080 455
1563090 454
1563100 454
1563110 454
1563120 453
1563130 453
1563140 453
1563150 452
1563160 452
1563170 452
1563180 452
1563190 452
1563200 452
1563210 452
1563220 452
1563230 452
1563240 452
1563250 452
1563260 452
1563270 452
1563280 451
1563290 451
1563300 451
1563310 452
1563320 452
1563330 451
1563340 451
1563350 451
1563360 451
1563370 451
1563380 451
1563390 451
1563400 451
1563410 451
1563420 451
1563430 451
1563440 451
1563450 451
1563460 450
1563470 450
1563480 450
1563490 450
1563500 450
1563510 450
1563520 450
1563530 450
1563540 450
1563550 450
1563560 450
1563570 451
1563580 451
1563590 450
1563600 450
1563610 450
1563620 450
1563630 450
1563640 450
1563650 450
1563660 450
1563670 450
1563680 450
1563690 450
1563700 450
1563710 449
1563720 449
1563730 448
1563740 448
1563750 449
1563760 449
1563770 449
1563780 449
1563790 450
1563800 450
1563810 450
1563820 449
1563830 449
1563840 449
1563850 449
1563860 449
1563870 449
1563880 449
1563890 449
1563900 449
1563910 449
1563920 450
1563930 450
1563940 450
1563950 450
1563960 450
1563970 450
1563980 450
1563990 450
1564000 450
1564010 450
1564020 450
1564030 450
1564040 450
1564050 450
1564060 450
1564070 451
1564080 451
1564090 451
1564100 450
1564110 450
1564120 450
1564130 450
1564140 450
1564150 450
1564160 450
1564170 450
1564180 450
1564190 450
1564200 449
1564210 449
1564220 449
1564230 450
1564240 450
1564250 450
1564260 450
1564270 450
1564280 450
1564290 450
1564300 450
1564310 450
1564320 449
1564330 449
1564340 449
1564350 449
1564360 449
1564370 449
1564380 449
1564390 449
1564400 449
1564410 449
1564420 449
1564430 449
1564440 449
1564450 449
1564460 449
1564470 449
1564480 449
1564490 449
1564500 449
1564510 448
1564520 448
1564530 448
1564540 448
1564550 448
1564560 447
1564570 447
1564580 446
1564590 446
1564600 446
1564610 445
1564620 444
1564630 444
1564640 443
1564650 443
1564660 443
1564670 443
1564680 442
1564690 441
1564700 441
1564710 440
1564720 440
1564730 440
1564740 440
1564750 440
1564760 440
1564770 440
1564780 440
1564790 440
1564800 440
1564810 440
1564820 440
1564830 440
1564840 440
1564850 441
1564860 441
1564870 441
1564880 441
1564890 441
1564900 441
1564910 441
1564920 441
1564930 442
1564940 442
1564950 442
1564960 442
1564970 442
1564980 442
1564990 442
1565000 442
1565010 442
1565020 442
1565030 442
1565040 441
1565050 441
1565060 441
1565070 440
1565080 440
1565090 440
1565100 440
1565110 440
1565120 440
1565130 440
1565140 440
1565150 440
1565160 440
1565170 440
1565180 440
1565190 440
1565200 440
1565210 440
1565220 440
1565230 440
1565240 440
1565250 440
1565260 440
1565270 440
1565280 440
1565290 440
1565300 440
1565310 440
1565320 440
1565330 440
1565340 440
1565350 440
1565360 440
1565370 440
1565380 440
1565390 440
1565400 440
1565410 440
1565420 440
1565430 440
1565440 440
1565450 440
1565460 440
1565470 440
1565480 440
1565490 440
1565500 440
1565510 440
1565520 440
1565530 440
1565540 440
1565550 440
1565560 440
1565570 440
1565580 440
1565590 440
1565600 440
1565610 440
1565620 440
1565630 440
1565640 440
1565650 440
1565660 440
1565670 440
1565680 440
1565690 440
1565700 440
1565710 440
1565720 440
1565730 440
1565740 440
1565750 440
1565760 440
1565770 440
1565780 440
1565790 440
1565800 440
1565810 440
1565820 440
1565830 440
1565840 440
1565850 440
1565860 440
1565870 440
1565880 440
1565890 440
1565900 440
1565910 440
1565920 440
1565930 440
1565940 440
1565950 440
1565960 440
1565970 440
1565980 440
1565990 440
1566000 440
1566010 440
1566020 440
1566030 440
1566040 440
1566050 440
1566060 440
1566070 440
1566080 440
1566090 440
1566100 440
1566110 440
1566120 440
1566130 440
1566140 440
1566150 440
1566160 440
1566170 440
1566180 440
1566190 440
1566200 440
1566210 440
1566220 440
1566230 440
1566240 440
1566250 440
1566260 440
1566270 440
1566280 440
1566290 440
1566300 440
1566310 440
1566320 440
1566330 440
1566340 440
1566350 440
1566360 440
1566370 440
1566380 440
1566390 440
1566400 440
1566410 440
1566420 440
1566430 440
1566440 440
1566450 440
1566460 440
1566470 440
1566480 440
1566490 440
1566500 440
1566510 440
1566520 440
1566530 440
1566540 440
1566550 440
1566560 440
1566570 440
1566580 440
1566590 440
1566600 440
1566610 440
1566620 440
1566630 440
1566640 440
1566650 440
1566660 440
1566670 440
1566680 440
1566690 440
1566700 440
1566710 440
1566720 440
1566730 440
1566740 440
1566750 440
1566760 440
1566770 440
1566780 440
1566790 440
1566800 440
1566810 440
1566820 440
1566830 440
1566840 440
1566850 440
1566860 440
1566870 440
1566880 440
1566890 440
1566900 440
1566910 440
1566920 440
1566930 440
1566940 440
1566950 440
1566960 440
1566970 440
1566980 440
1566990 440
1567000 440
1567010 440
1567020 440
1567030 440
1567040 440
1567050 440
1567060 440
1567070 440
1567080 440
1567090 440
1567100 440
1567110 440
1567120 440
1567130 440
1567140 440
1567150 440
1567160 440
1567170 440
1567180 440
1567190 440
1567200 440
1567210 440
1567220 440
1567230 440
1567240 440
1567250 440
1567260 440
1567270 440
1567280 440
1567290 440
1567300 440
1567310 440
1567320 440
1567330 440
1567340 440
1567350 440
1567360 440
1567370 440
1567380 440
1567390 440
1567400 440
1567410 440
1567420 440
1567430 440
1567440 440
1567450 440
1567460 440
1567470 440
1567480 440
1567490 440
1567500 440
1567510 440
1567520 440
1567530 440
1567540 440
1567550 440
1567560 440
1567570 440
1567580 440
1567590 440
1567600 440
1567610 440
1567620 440
1567630 440
1567640 440
1567650 440
1567660 440
1567670 440
1567680 440
1567690 440
1567700 440
1567710 440
1567720 440
1567730 440
1567740 440
1567750 440
1567760 440
1567770 440
1567780 440
1567790 440
1567800 440
1567810 440
1567820 440
1567830 440
1567840 440
1567850 440
1567860 440
1567870 440
1567880 440
1567890 440
1567900 440
1567910 440
1567920 440
1567930 440
1567940 440
1567950 440
1567960 440
1567970 440
1567980 440
1567990 440
1568000 440
1568010 440
1568020 440
1568030 440
1568040 440
1568050 440
1568060 440
1568070 440
1568080 440
1568090 440
1568100 440
1568110 440
1568120 440
1568130 440
1568140 440
1568150 440
1568160 440
1568170 440
1568180 440
1568190 440
1568200 440
1568210 440
1568220 440
1568230 440
1568240 440
1568250 440
1568260 440
1568270 440
1568280 440
1568290 440
1568300 440
1568310 440
1568320 440
1568330 440
1568340 440
1568350 440
1568360 440
1568370 440
1568380 440
1568390 440
1568400 440
1568410 440
1568420 440
1568430 440
1568440 440
1568450 440
1568460 440
1568470 440
1568480 440
1568490 440
1568500 440
1568510 440
1568520 440
1568530 440
1568540 440
1568550 440
1568560 440
1568570 440
1568580 440
1568590 440
1568600 440
1568610 440
1568620 440
1568630 440
1568640 440
1568650 440
1568660 440
1568670 440
1568680 440
1568690 440
1568700 440
1568710 440
1568720 440
1568730 440
1568740 440
1568750 440
1568760 440
1568770 440
1568780 440
1568790 440
1568800 440
1568810 440
1568820 440
1568830 440
1568840 440
1568850 440
1568860 440
1568870 440
1568880 440
1568890 440
1568900 440
1568910 440
1568920 440
1568930 440
1568940 440
1568950 440
1568960 440
1568970 441
1568980 441
1568990 441
1569000 441
1569010 440
1569020 440
1569030 440
1569040 440
1569050 440
1569060 440
1569070 440
1569080 440
1569090 440
1569100 440
1569110 440
1569120 440
1569130 440
1569140 440
1569150 440
1569160 440
1569170 440
1569180 440
1569190 440
1569200 441
1569210 441
1569220 441
1569230 441
1569240 442
1569250 442
1569260 442
1569270 443
1569280 443
1569290 444
1569300 445
1569310 445
1569320 448
1569330 449
1569340 449
1569350 450
1569360 452
1569370 453
1569380 453
1569390 454
1569400 454
1569410 454
1569420 455
1569430 457
1569440 457
1569450 459
1569460 462
1569470 462
1569480 461
1569490 459
1569500 457
1569510 461
1569520 466
1569530 470
1569540 470
1569550 473
1569560 474
1569570 474
1569580 472
1569590 470
1569600 470
1569610 473
1569620 478
1569630 478
1569640 480
1569650 481
1569660 481
1569670 482
1569680 482
1569690 483
1569700 483
1569710 483
1569720 484
1569730 484
1569740 485
1569750 485
1569760 485
1569770 486
1569780 486
1569790 486
1569800 486
1569810 486
1569820 486
1569830 486
1569840 486
1569850 485
1569860 485
1569870 485
1569880 485
1569890 485
1569900 485
1569910 487
1569920 487
1569930 488
1569940 489
1569950 489
1569960 490
1569970 491
1569980 491
1569990 491
1570000 491
1570010 491
1570020 491
1570030 490
1570040 490
1570050 490
1570060 490
1570070 489
1570080 489
1570090 488
1570100 488
1570110 488
1570120 487
1570130 487
1570140 487
1570150 484
1570160 481
1570170 478
1570180 478
1570190 474
1570200 476
1570210 476
1570220 477
1570230 479
1570240 479
1570250 482
1570260 483
1570270 483
1570280 484
1570290 485
1570300 485
1570310 485
1570320 486
1570330 487
1570340 487
1570350 488
1570360 488
1570370 488
1570380 488
1570390 490
1570400 490
1570410 490
1570420 490
1570430 490
1570440 490
1570450 492
1570460 492
1570470 494
1570480 496
1570490 499
1570500 499
1570510 501
1570520 503
1570530 503
1570540 504
1570550 504
1570560 504
1570570 503
1570580 503
1570590 503
1570600 503
1570610 503
1570620 503
1570630 503
1570640 502
1570650 501
1570660 501
1570670 501
1570680 500
1570690 500
1570700 500
1570710 500
1570720 500
1570730 501
1570740 501
1570750 501
1570760 502
1570770 502
1570780 503
1570790 503
1570800 502
1570810 502
1570820 502
1570830 502
1570840 502
1570850 502
1570860 501
1570870 500
1570880 500
1570890 500
1570900 500
1570910 500
1570920 499
1570930 499
1570940 498
1570950 498
1570960 499
1570970 497
1570980 497
1570990 497
1571000 498
1571010 498
1571020 500
1571030 501
1571040 501
1571050 502
1571060 502
1571070 502
1571080 502
1571090 502
1571100 501
1571110 501
1571120 501
1571130 500
1571140 500
1571150 499
1571160 498
1571170 498
1571180 497
1571190 496
1571200 496
1571210 494
1571220 494
1571230 494
1571240 495
1571250 498
1571260 501
1571270 501
1571280 504
1571290 506
1571300 506
1571310 509
1571320 511
1571330 511
1571340 511
1571350 510
1571360 510
1571370 509
1571380 507
1571390 507
1571400 506
1571410 506
1571420 506
1571430 506
1571440 506
1571450 506
1571460 506
1571470 505
1571480 504
1571490 504
1571500 504
1571510 503
1571520 503
1571530 502
1571540 501
1571550 501
1571560 501
1571570 500
1571580 499
1571590 499
1571600 499
1571610 496
1571620 496
1571630 492
1571640 490
1571650 490
1571660 488
1571670 486
1571680 486
1571690 486
1571700 485
1571710 485
1571720 482
1571730 480
1571740 477
1571750 477
1571760 475
1571770 474
1571780 474
1571790 473
1571800 472
1571810 472
1571820 471
1571830 470
1571840 470
1571850 470
1571860 470
1571870 470
1571880 471
1571890 471
1571900 473
1571910 473
1571920 474
1571930 476
1571940 476
1571950 479
1571960 482
1571970 482
1571980 487
1571990 493
1572000 493
1572010 499
1572020 502
1572030 502
1572040 503
1572050 504
1572060 505
1572070 505
1572080 507
1572090 508
1572100 508
1572110 509
1572120 511
1572130 511
1572140 512
1572150 511
1572160 511
1572170 508
1572180 506
1572190 506
1572200 504
1572210 499
1572220 493
1572230 493
1572240 490
1572250 489
1572260 489
1572270 488
1572280 488
1572290 488
1572300 487
1572310 486
1572320 486
1572330 485
1572340 484
1572350 484
1572360 483
1572370 481
1572380 480
1572390 480
1572400 479
1572410 478
1572420 478
1572430 477
1572440 475
1572450 475
1572460 474
1572470 471
1572480 471
1572490 469
1572500 466
1572510 467
1572520 467
1572530 468
1572540 469
1572550 469
1572560 470
1572570 472
1572580 472
1572590 474
1572600 477
1572610 477
1572620 479
1572630 483
1572640 483
1572650 486
1572660 488
1572670 491
1572680 491
1572690 493
1572700 495
1572710 495
1572720 496
1572730 497
1572740 497
1572750 498
1572760 497
1572770 497
1572780 497
1572790 498
1572800 498
1572810 501
1572820 506
1572830 511
1572840 511
1572850 516
1572860 525
1572870 525
1572880 532
1572890 535
1572900 535
1572910 535
1572920 533
1572930 533
1572940 533
1572950 535
1572960 535
1572970 538
1572980 541
1572990 542
1573000 542
1573010 542
1573020 541
1573030 541
1573040 542
1573050 544
1573060 544
1573070 546
1573080 549
1573090 549
1573100 551
1573110 554
1573120 554
1573130 560
1573140 566
1573150 570
1573160 570
1573170 575
1573180 578
1573190 578
1573200 585
1573210 589
1573220 589
1573230 591
1573240 593
1573250 593
1573260 595
1573270 596
1573280 596
1573290 599
1573300 602
1573310 603
1573320 603
1573330 606
1573340 607
1573350 607
1573360 606
1573370 603
1573380 603
1573390 599
1573400 594
1573410 594
1573420 589
1573430 583
1573440 583
1573450 579
1573460 581
1573470 586
1573480 586
1573490 592
1573500 597
1573510 597
1573520 600
1573530 600
1573540 600
1573550 599
1573560 600
1573570 600
1573580 602
1573590 604
1573600 604
1573610 606
1573620 608
1573630 608
1573640 608
1573650 608
1573660 605
1573670 605
1573680 603
1573690 599
1573700 599
1573710 594
1573720 591
1573730 591
1573740 588
1573750 586
1573760 586
1573770 584
1573780 584
1573790 584
1573800 584
1573810 584
1573820 585
1573830 582
1573840 581
1573850 579
1573860 579
1573870 579
1573880 580
1573890 580
1573900 582
1573910 583
1573920 583
1573930 581
1573940 579
1573950 577
1573960 577
1573970 572
1573980 568
1573990 568
1574000 565
1574010 560
1574020 560
1574030 555
1574040 552
1574050 552
1574060 549
1574070 547
1574080 548
1574090 548
1574100 550
1574110 550
1574120 550
1574130 549
1574140 549
1574150 549
1574160 550
1574170 551
1574180 551
1574190 549
1574200 546
1574210 546
1574220 543
1574230 540
1574240 536
1574250 536
1574260 534
1574270 532
1574280 532
1574290 531
1574300 529
1574310 529
1574320 529
1574330 529
1574340 529
1574350 526
1574360 523
1574370 523
1574380 520
1574390 517
1574400 513
1574410 513
1574420 509
1574430 506
1574440 506
1574450 504
1574460 501
1574470 501
1574480 496
1574490 494
1574500 494
1574510 490
1574520 487
1574530 487
1574540 485
1574550 485
1574560 485
1574570 485
1574580 483
1574590 480
1574600 480
1574610 476
1574620 473
1574630 473
1574640 470
1574650 468
1574660 468
1574670 466
1574680 464
1574690 464
1574700 463
1574710 461
1574720 459
1574730 459
1574740 457
1574750 456
1574760 456
1574770 453
1574780 451
1574790 451
1574800 449
1574810 448
1574820 448
1574830 448
1574840 447
1574850 447
1574860 447
1574870 447
1574880 447
1574890 447
1574900 447
1574910 447
1574920 447
1574930 447
1574940 447
1574950 447
1574960 448
1574970 449
1574980 449
1574990 450
1575000 453
1575010 453
1575020 455
1575030 457
1575040 461
1575050 461
1575060 464
1575070 466
1575080 466
1575090 467
1575100 469
1575110 469
1575120 470
1575130 472
1575140 472
1575150 474
1575160 478
1575170 478
1575180 482
1575190 486
1575200 491
1575210 491
1575220 493
1575230 487
1575240 487
1575250 486
1575260 486
1575270 486
1575280 488
1575290 491
1575300 491
1575310 492
1575320 490
1575330 490
1575340 488
1575350 487
1575360 487
1575370 487
1575380 485
1575390 480
1575400 480
1575410 478
1575420 478
1575430 478
1575440 478
1575450 476
1575460 476
1575470 474
1575480 472
1575490 472
1575500 469
1575510 467
1575520 465
1575530 465
1575540 464
1575550 463
1575560 463
1575570 462
1575580 462
1575590 462
1575600 461
1575610 463
1575620 463
1575630 464
1575640 461
1575650 460
1575660 460
1575670 462
1575680 461
1575690 461
1575700 461
1575710 459
1575720 459
1575730 457
1575740 455
1575750 455
1575760 455
1575770 454
1575780 454
1575790 453
1575800 453
1575810 452
1575820 452
1575830 451
1575840 450
1575850 450
1575860 449
1575870 448
1575880 448
1575890 446
1575900 445
1575910 445
1575920 444
1575930 444
1575940 444
1575950 443
1575960 442
1575970 441
1575980 441
1575990 441
1576000 440
1576010 440
1576020 439
1576030 439
1576040 439
1576050 439
1576060 439
1576070 439
1576080 439
1576090 439
1576100 439
1576110 439
1576120 439
1576130 439
1576140 439
1576150 439
1576160 439
1576170 439
1576180 439
1576190 439
1576200 439
1576210 439
1576220 439
1576230 439
1576240 439
1576250 439
1576260 439
1576270 439
1576280 439
1576290 439
1576300 439
1576310 439
1576320 439
1576330 439
1576340 439
1576350 439
1576360 439
1576370 439
1576380 439
1576390 439
1576400 439
1576410 439
1576420 439
1576430 439
1576440 439
1576450 440
1576460 440
1576470 440
1576480 441
1576490 441
1576500 441
1576510 441
1576520 441
1576530 442
1576540 444
1576550 444
1576560 445
1576570 445
1576580 445
1576590 445
1576600 446
1576610 447
1576620 447
1576630 447
1576640 447
1576650 447
1576660 448
1576670 451
1576680 451
1576690 451
1576700 448
1576710 448
1576720 445
1576730 444
1576740 444
1576750 443
1576760 444
1576770 443
1576780 443
1576790 443
1576800 444
1576810 444
1576820 444
1576830 443
1576840 443
1576850 441
1576860 440
1576870 440
1576880 440
1576890 440
1576900 440
1576910 440
1576920 440
1576930 440
1576940 440
1576950 440
1576960 440
1576970 440
1576980 440
1576990 440
1577000 440
1577010 440
1577020 440
1577030 440
1577040 440
1577050 440
1577060 440
1577070 440
1577080 440
1577090 440
1577100 440
1577110 440
1577120 440
1577130 440
1577140 440
1577150 440
1577160 440
1577170 440
1577180 440
1577190 440
1577200 440
1577210 440
1577220 440
1577230 440
1577240 440
1577250 440
1577260 440
1577270 440
1577280 440
1577290 440
1577300 440
1577310 440
1577320 440
1577330 440
1577340 440
1577350 440
1577360 440
1577370 440
1577380 440
1577390 440
1577400 440
1577410 440
1577420 440
1577430 440
1577440 440
1577450 440
1577460 440
1577470 440
1577480 440
1577490 440
1577500 440
1577510 440
1577520 440
1577530 440
1577540 440
1577550 440
1577560 440
1577570 440
1577580 440
1577590 440
1577600 440
1577610 440
1577620 440
1577630 440
1577640 440
1577650 440
1577660 440
1577670 440
1577680 440
1577690 440
1577700 440
1577710 440
1577720 440
1577730 440
1577740 440
1577750 440
1577760 440
1577770 440
1577780 440
1577790 440
1577800 440
1577810 439
1577820 440
1577830 440
1577840 440
1577850 440
1577860 440
1577870 440
1577880 440
1577890 440
1577900 440
1577910 440
1577920 440
1577930 440
1577940 440
1577950 439
1577960 439
1577970 439
1577980 439
1577990 439
1578000 439
1578010 439
1578020 439
1578030 439
1578040 439
1578050 439
1578060 439
1578070 439
1578080 439
1578090 439
1578100 439
1578110 439
1578120 439
1578130 439
1578140 439
1578150 439
1578160 439
1578170 439
1578180 439
1578190 439
1578200 439
1578210 439
1578220 439
1578230 439
1578240 439
1578250 439
1578260 439
1578270 439
1578280 439
1578290 439
1578300 439
1578310 439
1578320 439
1578330 439
1578340 439
1578350 439
1578360 439
1578370 439
1578380 439
1578390 439
1578400 439
1578410 439
1578420 439
1578430 439
1578440 439
1578450 439
1578460 439
1578470 439
1578480 439
1578490 439
1578500 439
1578510 439
1578520 439
1578530 439
1578540 439
1578550 439
1578560 440
1578570 440
1578580 440
1578590 440
1578600 440
1578610 440
1578620 440
1578630 440
1578640 440
1578650 440
1578660 440
1578670 440
1578680 440
1578690 440
1578700 440
1578710 440
1578720 440
1578730 440
1578740 440
1578750 440
1578760 440
1578770 440
1578780 440
1578790 440
1578800 440
1578810 440
1578820 440
1578830 440
1578840 440
1578850 440
1578860 440
1578870 440
1578880 440
1578890 440
1578900 440
1578910 440
1578920 440
1578930 440
1578940 440
1578950 440
1578960 440
1578970 440
1578980 440
1578990 440
1579000 440
1579010 440
1579020 440
1579030 440
1579040 440
1579050 440
1579060 439
1579070 439
1579080 439
1579090 440
1579100 439
1579110 439
1579120 439
1579130 439
1579140 439
1579150 439
1579160 439
1579170 439
1579180 439
1579190 440
1579200 440
1579210 440
1579220 440
1579230 440
1579240 440
1579250 439
1579260 439
1579270 439
1579280 439
1579290 439
1579300 439
1579310 439
1579320 439
1579330 439
1579340 439
1579350 439
1579360 439
1579370 439
1579380 439
1579390 439
1579400 439
1579410 439
1579420 439
1579430 439
1579440 439
1579450 439
1579460 439
1579470 439
1579480 439
1579490 439
1579500 439
1579510 439
1579520 439
1579530 439
1579540 439
1579550 439
1579560 439
1579570 439
1579580 440
1579590 439
1579600 439
1579610 440
1579620 441
1579630 441
1579640 443
1579650 445
1579660 445
1579670 445
1579680 446
1579690 446
1579700 446
1579710 446
1579720 446
1579730 446
1579740 446
1579750 446
1579760 446
1579770 446
1579780 446
1579790 446
1579800 446
1579810 446
1579820 446
1579830 445
1579840 445
1579850 445
1579860 445
1579870 445
1579880 445
1579890 445
1579900 445
1579910 445
1579920 445
1579930 444
1579940 444
1579950 444
1579960 444
1579970 444
1579980 444
1579990 444
