1560000 555
1560010 555
1560020 558
1560030 556
1560040 556
1560050 554
1560060 556
1560070 558
1560080 558
1560090 558
1560100 556
1560110 556
1560120 555
1560130 555
1560140 555
1560150 555
1560160 555
1560170 555
1560180 554
1560190 553
1560200 553
1560210 551
1560220 549
1560230 548
1560240 548
1560250 547
1560260 546
1560270 546
1560280 544
1560290 543
1560300 543
1560310 541
1560320 540
1560330 540
1560340 537
1560350 536
1560360 536
1560370 534
1560380 533
1560390 532
1560400 532
1560410 531
1560420 529
1560430 529
1560440 528
1560450 527
1560460 527
1560470 525
1560480 522
1560490 522
1560500 521
1560510 519
1560520 519
1560530 518
1560540 516
1560550 514
1560560 514
1560570 513
1560580 511
1560590 511
1560600 510
1560610 509
1560620 509
1560630 508
1560640 507
1560650 507
1560660 505
1560670 504
1560680 504
1560690 507
1560700 507
1560710 504
1560720 504
1560730 503
1560740 501
1560750 501
1560760 501
1560770 501
1560780 501
1560790 502
1560800 501
1560810 501
1560820 501
1560830 501
1560840 501
1560850 502
1560860 502
1560870 502
1560880 502
1560890 502
1560900 502
1560910 502
1560920 502
1560930 502
1560940 502
1560950 502
1560960 502
1560970 502
1560980 502
1560990 502
1561000 502
1561010 502
1561020 503
1561030 503
1561040 503
1561050 503
1561060 502
1561070 502
1561080 502
1561090 501
1561100 501
1561110 501
1561120 501
1561130 501
1561140 501
1561150 501
1561160 501
1561170 501
1561180 500
1561190 498
1561200 498
1561210 496
1561220 496
1561230 496
1561240 495
1561250 495
1561260 495
1561270 495
1561280 494
1561290 494
1561300 493
1561310 493
1561320 493
1561330 493
1561340 493
1561350 492
1561360 492
1561370 492
1561380 492
1561390 492
1561400 491
1561410 491
1561420 491
1561430 491
1561440 490
1561450 490
1561460 490
1561470 489
1561480 489
1561490 489
1561500 489
1561510 488
1561520 488
1561530 487
1561540 487
1561550 487
1561560 487
1561570 487
1561580 487
1561590 488
1561600 488
1561610 488
1561620 489
1561630 490
1561640 490
1561650 490
1561660 491
1561670 491
1561680 491
1561690 492
1561700 492
1561710 492
1561720 492
1561730 493
1561740 493
1561750 492
1561760 488
1561770 488
1561780 483
1561790 479
1561800 479
1561810 479
1561820 479
1561830 479
1561840 479
1561850 478
1561860 477
1561870 477
1561880 477
1561890 477
1561900 477
1561910 477
1561920 478
1561930 478
1561940 481
1561950 483
1561960 485
1561970 485
1561980 486
1561990 486
1562000 486
1562010 484
1562020 484
1562030 484
1562040 484
1562050 485
1562060 485
1562070 486
1562080 487
1562090 487
1562100 487
1562110 486
1562120 485
1562130 485
1562140 485
1562150 484
1562160 484
1562170 476
1562180 477
1562190 477
1562200 484
1562210 487
1562220 487
1562230 491
1562240 492
1562250 492
1562260 492
1562270 492
1562280 491
1562290 491
1562300 490
1562310 489
1562320 489
1562330 488
1562340 487
1562350 487
1562360 487
1562370 488
1562380 488
1562390 489
1562400 492
1562410 492
1562420 495
1562430 498
1562440 498
1562450 498
1562460 498
1562470 499
1562480 499
1562490 499
1562500 499
1562510 499
1562520 499
1562530 500
1562540 500
1562550 500
1562560 501
1562570 501
1562580 502
1562590 503
1562600 503
1562610 503
1562620 503
1562630 503
1562640 503
1562650 504
1562660 507
1562670 507
1562680 508
1562690 509
1562700 509
1562710 509
1562720 509
1562730 509
1562740 509
1562750 508
1562760 508
1562770 508
1562780 509
1562790 508
1562800 508
1562810 508
1562820 508
1562830 508
1562840 508
1562850 508
1562860 508
1562870 507
1562880 506
1562890 506
1562900 506
1562910 505
1562920 504
1562930 504
1562940 503
1562950 501
1562960 501
1562970 501
1562980 500
1562990 500
1563000 499
1563010 498
1563020 498
1563030 497
1563040 497
1563050 496
1563060 496
1563070 494
1563080 493
1563090 493
1563100 493
1563110 491
1563120 491
1563130 490
1563140 489
1563150 489
1563160 489
1563170 488
1563180 488
1563190 487
1563200 486
1563210 484
1563220 484
1563230 483
1563240 482
1563250 482
1563260 482
1563270 481
1563280 481
1563290 480
1563300 478
1563310 478
1563320 477
1563330 476
1563340 476
1563350 475
1563360 475
1563370 476
1563380 476
1563390 476
1563400 476
1563410 476
1563420 475
1563430 474
1563440 474
1563450 472
1563460 470
1563470 470
1563480 468
1563490 468
1563500 468
1563510 468
1563520 468
1563530 468
1563540 468
1563550 468
1563560 468
1563570 468
1563580 467
1563590 468
1563600 468
1563610 468
1563620 468
1563630 468
1563640 466
1563650 463
1563660 463
1563670 463
1563680 463
1563690 463
1563700 463
1563710 463
1563720 463
1563730 463
1563740 462
1563750 462
1563760 462
1563770 461
1563780 460
1563790 460
1563800 461
1563810 464
1563820 464
1563830 468
1563840 470
1563850 470
1563860 470
1563870 470
1563880 469
1563890 469
1563900 467
1563910 464
1563920 464
1563930 462
1563940 460
1563950 460
1563960 459
1563970 459
1563980 459
1563990 458
1564000 459
1564010 458
1564020 458
1564030 459
1564040 459
1564050 459
1564060 460
1564070 460
1564080 460
1564090 461
1564100 462
1564110 462
1564120 463
1564130 463
1564140 463
1564150 463
1564160 463
1564170 463
1564180 463
1564190 463
1564200 463
1564210 463
1564220 462
1564230 462
1564240 462
1564250 464
1564260 464
1564270 464
1564280 464
1564290 463
1564300 463
1564310 463
1564320 462
1564330 462
1564340 462
1564350 462
1564360 460
1564370 460
1564380 459
1564390 459
1564400 459
1564410 459
1564420 457
1564430 457
1564440 456
1564450 454
1564460 454
1564470 453
1564480 453
1564490 452
1564500 452
1564510 452
1564520 452
1564530 452
1564540 452
1564550 452
1564560 452
1564570 452
1564580 453
1564590 453
1564600 453
1564610 453
1564620 453
1564630 453
1564640 453
1564650 453
1564660 453
1564670 453
1564680 453
1564690 453
1564700 453
1564710 454
1564720 454
1564730 455
1564740 455
1564750 455
1564760 456
1564770 457
1564780 458
1564790 458
1564800 458
1564810 457
1564820 457
1564830 457
1564840 456
1564850 456
1564860 455
1564870 452
1564880 452
1564890 450
1564900 450
1564910 450
1564920 450
1564930 450
1564940 449
1564950 449
1564960 448
1564970 450
1564980 450
1564990 451
1565000 452
1565010 452
1565020 451
1565030 451
1565040 451
1565050 451
1565060 451
1565070 451
1565080 450
1565090 450
1565100 450
1565110 450
1565120 451
1565130 451
1565140 451
1565150 451
1565160 450
1565170 450
1565180 450
1565190 450
1565200 450
1565210 450
1565220 450
1565230 450
1565240 451
1565250 450
1565260 450
1565270 450
1565280 450
1565290 450
1565300 450
1565310 449
1565320 449
1565330 449
1565340 449
1565350 448
1565360 448
1565370 445
1565380 444
1565390 444
1565400 444
1565410 442
1565420 441
1565430 441
1565440 441
1565450 440
1565460 440
1565470 440
1565480 440
1565490 440
1565500 440
1565510 440
1565520 440
1565530 440
1565540 440
1565550 440
1565560 440
1565570 440
1565580 440
1565590 440
1565600 440
1565610 440
1565620 440
1565630 440
1565640 440
1565650 440
1565660 440
1565670 440
1565680 440
1565690 440
1565700 440
1565710 440
1565720 440
1565730 440
1565740 440
1565750 440
1565760 440
1565770 440
1565780 440
1565790 440
1565800 440
1565810 440
1565820 440
1565830 440
1565840 440
1565850 440
1565860 440
1565870 440
1565880 440
1565890 440
1565900 440
1565910 440
1565920 440
1565930 440
1565940 440
1565950 440
1565960 440
1565970 440
1565980 440
1565990 440
1566000 440
1566010 440
1566020 440
1566030 440
1566040 440
1566050 440
1566060 440
1566070 440
1566080 440
1566090 440
1566100 440
1566110 440
1566120 440
1566130 440
1566140 440
1566150 440
1566160 440
1566170 440
1566180 440
1566190 440
1566200 440
1566210 440
1566220 440
1566230 440
1566240 440
1566250 440
1566260 440
1566270 440
1566280 440
1566290 440
1566300 440
1566310 440
1566320 440
1566330 440
1566340 440
1566350 440
1566360 440
1566370 440
1566380 440
1566390 440
1566400 440
1566410 440
1566420 440
1566430 440
1566440 440
1566450 440
1566460 440
1566470 440
1566480 440
1566490 440
1566500 440
1566510 440
1566520 440
1566530 440
1566540 440
1566550 440
1566560 440
1566570 440
1566580 440
1566590 440
1566600 440
1566610 440
1566620 440
1566630 440
1566640 440
1566650 440
1566660 440
1566670 440
1566680 440
1566690 440
1566700 440
1566710 440
1566720 440
1566730 440
1566740 440
1566750 440
1566760 440
1566770 440
1566780 440
1566790 440
1566800 440
1566810 440
1566820 440
1566830 440
1566840 440
1566850 440
1566860 440
1566870 440
1566880 440
1566890 440
1566900 440
1566910 440
1566920 440
1566930 440
1566940 440
1566950 440
1566960 440
1566970 440
1566980 440
1566990 440
1567000 440
1567010 440
1567020 440
1567030 440
1567040 440
1567050 440
1567060 440
1567070 440
1567080 440
1567090 440
1567100 440
1567110 440
1567120 440
1567130 440
1567140 440
1567150 440
1567160 440
1567170 440
1567180 440
1567190 440
1567200 440
1567210 440
1567220 440
1567230 440
1567240 440
1567250 440
1567260 440
1567270 440
1567280 440
1567290 440
1567300 440
1567310 440
1567320 440
1567330 440
1567340 440
1567350 440
1567360 440
1567370 440
1567380 440
1567390 440
1567400 440
1567410 440
1567420 440
1567430 440
1567440 440
1567450 440
1567460 440
1567470 440
1567480 440
1567490 440
1567500 440
1567510 440
1567520 440
1567530 440
1567540 440
1567550 440
1567560 440
1567570 440
1567580 440
1567590 440
1567600 440
1567610 440
1567620 440
1567630 440
1567640 440
1567650 440
1567660 440
1567670 440
1567680 440
1567690 440
1567700 440
1567710 440
1567720 440
1567730 440
1567740 440
1567750 440
1567760 440
1567770 440
1567780 440
1567790 440
1567800 440
1567810 440
1567820 440
1567830 440
1567840 440
1567850 440
1567860 440
1567870 440
1567880 440
1567890 440
1567900 440
1567910 440
1567920 440
1567930 440
1567940 440
1567950 440
1567960 440
1567970 440
1567980 440
1567990 440
1568000 440
1568010 440
1568020 440
1568030 440
1568040 440
1568050 440
1568060 440
1568070 440
1568080 440
1568090 440
1568100 440
1568110 440
1568120 440
1568130 440
1568140 440
1568150 440
1568160 440
1568170 440
1568180 440
1568190 440
1568200 440
1568210 440
1568220 440
1568230 440
1568240 440
1568250 440
1568260 440
1568270 440
1568280 440
1568290 440
1568300 440
1568310 440
1568320 440
1568330 440
1568340 440
1568350 440
1568360 440
1568370 440
1568380 440
1568390 440
1568400 440
1568410 440
1568420 440
1568430 440
1568440 440
1568450 440
1568460 440
1568470 440
1568480 440
1568490 440
1568500 440
1568510 440
1568520 440
1568530 440
1568540 440
1568550 440
1568560 440
1568570 440
1568580 440
1568590 440
1568600 440
1568610 440
1568620 440
1568630 440
1568640 440
1568650 440
1568660 440
1568670 440
1568680 440
1568690 440
1568700 440
1568710 440
1568720 440
1568730 440
1568740 440
1568750 440
1568760 440
1568770 440
1568780 440
1568790 440
1568800 440
1568810 440
1568820 440
1568830 440
1568840 440
1568850 440
1568860 440
1568870 440
1568880 440
1568890 440
1568900 440
1568910 440
1568920 440
1568930 440
1568940 440
1568950 440
1568960 440
1568970 440
1568980 440
1568990 440
1569000 440
1569010 440
1569020 440
1569030 440
1569040 440
1569050 440
1569060 440
1569070 440
1569080 440
1569090 440
1569100 440
1569110 440
1569120 440
1569130 440
1569140 440
1569150 440
1569160 440
1569170 440
1569180 440
1569190 440
1569200 440
1569210 440
1569220 440
1569230 440
1569240 440
1569250 440
1569260 440
1569270 440
1569280 440
1569290 440
1569300 440
1569310 440
1569320 440
1569330 440
1569340 440
1569350 440
1569360 440
1569370 440
1569380 440
1569390 440
1569400 440
1569410 440
1569420 440
1569430 440
1569440 440
1569450 440
1569460 440
1569470 440
1569480 440
1569490 440
1569500 440
1569510 440
1569520 440
1569530 440
1569540 440
1569550 440
1569560 440
1569570 440
1569580 440
1569590 440
1569600 440
1569610 440
1569620 440
1569630 440
1569640 440
1569650 440
1569660 440
1569670 440
1569680 440
1569690 440
1569700 440
1569710 440
1569720 440
1569730 440
1569740 440
1569750 440
1569760 440
1569770 440
1569780 440
1569790 440
1569800 440
1569810 440
1569820 440
1569830 440
1569840 440
1569850 440
1569860 440
1569870 440
1569880 440
1569890 440
1569900 440
1569910 440
1569920 440
1569930 440
1569940 440
1569950 440
1569960 440
1569970 440
1569980 440
1569990 440
1570000 440
1570010 440
1570020 440
1570030 440
1570040 440
1570050 440
1570060 440
1570070 440
1570080 440
1570090 440
1570100 440
1570110 440
1570120 440
1570130 440
1570140 440
1570150 441
1570160 441
1570170 441
1570180 442
1570190 443
1570200 443
1570210 444
1570220 445
1570230 445
1570240 447
1570250 448
1570260 448
1570270 450
1570280 451
1570290 453
1570300 453
1570310 455
1570320 456
1570330 456
1570340 455
1570350 455
1570360 455
1570370 455
1570380 455
1570390 455
1570400 455
1570410 453
1570420 453
1570430 452
1570440 450
1570450 450
1570460 450
1570470 452
1570480 453
1570490 453
1570500 454
1570510 456
1570520 456
1570530 456
1570540 456
1570550 456
1570560 456
1570570 457
1570580 457
1570590 459
1570600 459
1570610 460
1570620 460
1570630 461
1570640 461
1570650 461
1570660 462
1570670 463
1570680 463
1570690 464
1570700 465
1570710 465
1570720 466
1570730 467
1570740 467
1570750 469
1570760 470
1570770 472
1570780 472
1570790 473
1570800 475
1570810 475
1570820 477
1570830 478
1570840 478
1570850 481
1570860 484
1570870 484
1570880 485
1570890 486
1570900 486
1570910 488
1570920 490
1570930 491
1570940 491
1570950 492
1570960 492
1570970 492
1570980 491
1570990 491
1571000 491
1571010 491
1571020 493
1571030 493
1571040 494
1571050 494
1571060 494
1571070 494
1571080 493
1571090 493
1571100 493
1571110 492
1571120 491
1571130 491
1571140 491
1571150 490
1571160 490
1571170 488
1571180 485
1571190 485
1571200 484
1571210 482
1571220 482
1571230 481
1571240 480
1571250 479
1571260 479
1571270 478
1571280 477
1571290 477
1571300 476
1571310 476
1571320 476
1571330 475
1571340 475
1571350 475
1571360 474
1571370 474
1571380 474
1571390 473
1571400 473
1571410 472
1571420 472
1571430 472
1571440 471
1571450 471
1571460 471
1571470 470
1571480 470
1571490 470
1571500 471
1571510 471
1571520 472
1571530 473
1571540 474
1571550 474
1571560 474
1571570 474
1571580 474
1571590 475
1571600 475
1571610 475
1571620 476
1571630 477
1571640 477
1571650 478
1571660 479
1571670 479
1571680 480
1571690 481
1571700 481
1571710 481
1571720 481
1571730 481
1571740 481
1571750 482
1571760 482
1571770 482
1571780 483
1571790 478
1571800 478
1571810 478
1571820 478
1571830 478
1571840 479
1571850 480
1571860 480
1571870 480
1571880 481
1571890 481
1571900 481
1571910 482
1571920 483
1571930 483
1571940 483
1571950 483
1571960 483
1571970 483
1571980 483
1571990 483
1572000 483
1572010 484
1572020 483
1572030 483
1572040 483
1572050 483
1572060 483
1572070 481
1572080 478
1572090 478
1572100 474
1572110 472
1572120 472
1572130 470
1572140 468
1572150 468
1572160 467
1572170 466
1572180 464
1572190 464
1572200 463
1572210 460
1572220 460
1572230 458
1572240 457
1572250 457
1572260 456
1572270 456
1572280 456
1572290 455
1572300 455
1572310 455
1572320 455
1572330 455
1572340 454
1572350 454
1572360 454
1572370 454
1572380 454
1572390 455
1572400 455
1572410 455
1572420 456
1572430 457
1572440 457
1572450 458
1572460 459
1572470 459
1572480 461
1572490 462
1572500 463
1572510 463
1572520 463
1572530 464
1572540 464
1572550 464
1572560 464
1572570 464
1572580 464
1572590 463
1572600 463
1572610 461
1572620 459
1572630 459
1572640 457
1572650 455
1572660 454
1572670 454
1572680 452
1572690 451
1572700 451
1572710 450
1572720 450
1572730 450
1572740 450
1572750 450
1572760 450
1572770 449
1572780 449
1572790 449
1572800 449
1572810 449
1572820 449
1572830 449
1572840 449
1572850 449
1572860 449
1572870 449
1572880 448
1572890 448
1572900 448
1572910 447
1572920 447
1572930 447
1572940 447
1572950 447
1572960 447
1572970 447
1572980 446
1572990 446
1573000 446
1573010 446
1573020 446
1573030 446
1573040 446
1573050 446
1573060 447
1573070 447
1573080 447
1573090 448
1573100 450
1573110 450
1573120 451
1573130 452
1573140 452
1573150 452
1573160 453
1573170 454
1573180 454
1573190 455
1573200 456
1573210 456
1573220 457
1573230 454
1573240 454
1573250 455
1573260 458
1573270 463
1573280 463
1573290 468
1573300 474
1573310 474
1573320 478
1573330 482
1573340 482
1573350 486
1573360 485
1573370 485
1573380 485
1573390 485
1573400 485
1573410 483
1573420 481
1573430 479
1573440 479
1573450 475
1573460 472
1573470 472
1573480 468
1573490 465
1573500 465
1573510 463
1573520 459
1573530 459
1573540 456
1573550 455
1573560 455
1573570 455
1573580 456
1573590 456
1573600 456
1573610 456
1573620 456
1573630 456
1573640 457
1573650 458
1573660 458
1573670 459
1573680 460
1573690 460
1573700 462
1573710 463
1573720 463
1573730 464
1573740 464
1573750 466
1573760 466
1573770 468
1573780 469
1573790 469
1573800 470
1573810 472
1573820 472
1573830 473
1573840 473
1573850 473
1573860 473
1573870 475
1573880 475
1573890 478
1573900 481
1573910 485
1573920 485
1573930 489
1573940 494
1573950 494
1573960 499
1573970 505
1573980 505
1573990 508
1574000 512
1574010 512
1574020 516
1574030 518
1574040 518
1574050 518
1574060 517
1574070 519
1574080 519
1574090 522
1574100 525
1574110 525
1574120 528
1574130 532
1574140 532
1574150 533
1574160 534
1574170 534
1574180 536
1574190 535
1574200 535
1574210 533
1574220 530
1574230 528
1574240 528
1574250 523
1574260 518
1574270 518
1574280 511
1574290 503
1574300 503
1574310 496
1574320 492
1574330 492
1574340 489
1574350 487
1574360 487
1574370 485
1574380 485
1574390 485
1574400 485
1574410 485
1574420 482
1574430 482
1574440 476
1574450 473
1574460 473
1574470 472
1574480 467
1574490 467
1574500 465
1574510 462
1574520 462
1574530 460
1574540 458
1574550 458
1574560 458
1574570 458
1574580 459
1574590 459
1574600 461
1574610 461
1574620 461
1574630 457
1574640 455
1574650 455
1574660 453
1574670 451
1574680 451
1574690 449
1574700 448
1574710 443
1574720 443
1574730 442
1574740 441
1574750 441
1574760 441
1574770 440
1574780 440
1574790 439
1574800 439
1574810 439
1574820 439
1574830 440
1574840 440
1574850 440
1574860 440
1574870 440
1574880 440
1574890 440
1574900 440
1574910 440
1574920 440
1574930 440
1574940 440
1574950 440
1574960 440
1574970 440
1574980 440
1574990 440
1575000 440
1575010 440
1575020 439
1575030 439
1575040 439
1575050 439
1575060 439
1575070 439
1575080 439
1575090 439
1575100 439
1575110 439
1575120 439
1575130 439
1575140 439
1575150 439
1575160 439
1575170 439
1575180 439
1575190 439
1575200 439
1575210 439
1575220 440
1575230 440
1575240 440
1575250 440
1575260 440
1575270 440
1575280 440
1575290 440
1575300 440
1575310 440
1575320 440
1575330 440
1575340 440
1575350 440
1575360 440
1575370 440
1575380 440
1575390 440
1575400 440
1575410 440
1575420 440
1575430 440
1575440 440
1575450 440
1575460 440
1575470 440
1575480 440
1575490 440
1575500 440
1575510 440
1575520 440
1575530 440
1575540 440
1575550 440
1575560 440
1575570 440
1575580 440
1575590 440
1575600 440
1575610 440
1575620 440
1575630 440
1575640 440
1575650 440
1575660 440
1575670 440
1575680 440
1575690 440
1575700 440
1575710 440
1575720 440
1575730 440
1575740 440
1575750 440
1575760 440
1575770 440
1575780 440
1575790 440
1575800 440
1575810 440
1575820 440
1575830 440
1575840 440
1575850 440
1575860 440
1575870 440
1575880 440
1575890 440
1575900 440
1575910 440
1575920 440
1575930 440
1575940 440
1575950 440
1575960 440
1575970 440
1575980 440
1575990 440
1576000 440
1576010 440
1576020 440
1576030 440
1576040 440
1576050 440
1576060 440
1576070 440
1576080 440
1576090 440
1576100 440
1576110 440
1576120 440
1576130 440
1576140 440
1576150 440
1576160 440
1576170 440
1576180 440
1576190 440
1576200 440
1576210 440
1576220 440
1576230 440
1576240 440
1576250 440
1576260 440
1576270 440
1576280 440
1576290 440
1576300 440
1576310 440
1576320 440
1576330 440
1576340 440
1576350 440
1576360 440
1576370 440
1576380 440
1576390 440
1576400 440
1576410 440
1576420 440
1576430 440
1576440 440
1576450 440
1576460 440
1576470 440
1576480 440
1576490 440
1576500 440
1576510 440
1576520 440
1576530 440
1576540 440
1576550 440
1576560 440
1576570 440
1576580 440
1576590 440
1576600 440
1576610 440
1576620 440
1576630 440
1576640 440
1576650 440
1576660 440
1576670 440
1576680 440
1576690 440
1576700 440
1576710 440
1576720 440
1576730 440
1576740 440
1576750 440
1576760 440
1576770 440
1576780 440
1576790 440
1576800 440
1576810 440
1576820 440
1576830 440
1576840 440
1576850 440
1576860 440
1576870 440
1576880 440
1576890 440
1576900 440
1576910 440
1576920 440
1576930 440
1576940 440
1576950 440
1576960 440
1576970 440
1576980 440
1576990 440
1577000 440
1577010 440
1577020 440
1577030 439
1577040 440
1577050 440
1577060 440
1577070 440
1577080 440
1577090 440
1577100 440
1577110 440
1577120 440
1577130 440
1577140 440
1577150 440
1577160 440
1577170 440
1577180 440
1577190 440
1577200 440
1577210 440
1577220 440
1577230 440
1577240 440
1577250 440
1577260 439
1577270 439
1577280 439
1577290 439
1577300 439
1577310 439
1577320 439
1577330 439
1577340 439
1577350 439
1577360 439
1577370 439
1577380 439
1577390 439
1577400 439
1577410 439
1577420 439
1577430 439
1577440 439
1577450 439
1577460 439
1577470 439
1577480 439
1577490 439
1577500 439
1577510 439
1577520 439
1577530 439
1577540 439
1577550 439
1577560 439
1577570 439
1577580 439
1577590 439
1577600 439
1577610 439
1577620 439
1577630 439
1577640 439
1577650 440
1577660 440
1577670 441
1577680 441
1577690 443
1577700 443
1577710 444
1577720 445
1577730 445
1577740 445
1577750 445
1577760 445
1577770 445
1577780 445
1577790 445
1577800 445
1577810 445
1577820 445
1577830 445
1577840 445
1577850 445
1577860 445
1577870 445
1577880 445
1577890 445
1577900 445
1577910 445
1577920 445
1577930 445
1577940 445
1577950 445
1577960 446
1577970 446
1577980 446
1577990 446
1578000 446
1578010 446
1578020 446
1578030 446
1578040 446
1578050 446
1578060 446
1578070 446
1578080 446
1578090 446
1578100 446
1578110 446
1578120 446
1578130 446
1578140 446
1578150 446
1578160 446
1578170 445
1578180 445
1578190 445
1578200 445
1578210 445
1578220 445
1578230 446
1578240 446
1578250 446
1578260 446
1578270 446
1578280 446
1578290 446
1578300 446
1578310 446
1578320 446
1578330 446
1578340 446
1578350 446
1578360 446
1578370 446
1578380 446
1578390 446
1578400 446
1578410 446
1578420 446
1578430 446
1578440 446
1578450 446
1578460 446
1578470 446
1578480 446
1578490 446
1578500 446
1578510 446
1578520 446
1578530 446
1578540 446
1578550 446
1578560 446
1578570 446
1578580 446
1578590 446
1578600 446
1578610 446
1578620 446
1578630 446
1578640 445
1578650 445
1578660 445
1578670 445
1578680 444
1578690 444
1578700 444
1578710 444
1578720 444
1578730 444
1578740 444
1578750 444
1578760 444
1578770 444
1578780 444
1578790 444
1578800 444
1578810 444
1578820 444
1578830 444
1578840 443
1578850 443
1578860 443
1578870 443
1578880 443
1578890 443
1578900 442
1578910 442
1578920 442
1578930 441
1578940 442
1578950 442
1578960 441
1578970 441
1578980 441
1578990 441
1579000 442
1579010 442
1579020 442
1579030 442
1579040 442
1579050 442
1579060 442
1579070 442
1579080 442
1579090 442
1579100 443
1579110 443
1579120 443
1579130 443
1579140 443
1579150 444
1579160 444
1579170 444
1579180 444
1579190 444
1579200 444
1579210 444
1579220 444
1579230 444
1579240 444
1579250 444
1579260 444
1579270 444
1579280 444
1579290 444
1579300 444
1579310 444
1579320 444
1579330 444
1579340 444
1579350 444
1579360 444
1579370 444
1579380 445
1579390 445
1579400 445
1579410 444
1579420 444
1579430 444
1579440 445
1579450 445
1579460 445
1579470 444
1579480 444
1579490 444
1579500 444
1579510 444
1579520 444
1579530 444
1579540 444
1579550 444
1579560 444
1579570 444
1579580 444
1579590 444
1579600 444
1579610 444
1579620 444
1579630 444
1579640 443
1579650 443
1579660 443
1579670 443
1579680 443
1579690 443
1579700 443
1579710 443
1579720 443
1579730 444
1579740 444
1579750 444
1579760 444
1579770 444
1579780 444
1579790 444
1579800 443
1579810 443
1579820 443
1579830 443
1579840 443
1579850 443
1579860 443
1579870 443
1579880 443
1579890 442
1579900 441
1579910 441
1579920 442
1579930 442
1579940 442
1579950 442
1579960 442
1579970 442
1579980 442
1579990 442
