1560000 671
1560010 671
1560020 672
1560030 672
1560040 672
1560050 673
1560060 673
1560070 673
1560080 673
1560090 674
1560100 674
1560110 674
1560120 675
1560130 675
1560140 676
1560150 677
1560160 678
1560170 678
1560180 679
1560190 680
1560200 680
1560210 680
1560220 680
1560230 680
1560240 683
1560250 684
1560260 684
1560270 685
1560280 687
1560290 687
1560300 687
1560310 688
1560320 688
1560330 688
1560340 689
1560350 688
1560360 688
1560370 688
1560380 688
1560390 688
1560400 688
1560410 687
1560420 687
1560430 688
1560440 690
1560450 690
1560460 695
1560470 701
1560480 704
1560490 704
1560500 703
1560510 704
1560520 704
1560530 706
1560540 706
1560550 706
1560560 706
1560570 707
1560580 707
1560590 707
1560600 706
1560610 706
1560620 704
1560630 701
1560640 699
1560650 699
1560660 697
1560670 696
1560680 696
1560690 695
1560700 694
1560710 694
1560720 693
1560730 693
1560740 693
1560750 694
1560760 695
1560770 695
1560780 693
1560790 690
1560800 688
1560810 688
1560820 686
1560830 684
1560840 684
1560850 683
1560860 683
1560870 683
1560880 681
1560890 676
1560900 676
1560910 673
1560920 676
1560930 676
1560940 674
1560950 672
1560960 671
1560970 671
1560980 670
1560990 668
1561000 668
1561010 666
1561020 664
1561030 664
1561040 663
1561050 664
1561060 664
1561070 664
1561080 662
1561090 662
1561100 659
1561110 655
1561120 654
1561130 654
1561140 653
1561150 652
1561160 652
1561170 652
1561180 652
1561190 652
1561200 652
1561210 652
1561220 652
1561230 652
1561240 652
1561250 652
1561260 652
1561270 651
1561280 651
1561290 651
1561300 651
1561310 650
1561320 650
1561330 649
1561340 649
1561350 649
1561360 647
1561370 646
1561380 646
1561390 645
1561400 644
1561410 644
1561420 644
1561430 644
1561440 644
1561450 644
1561460 644
1561470 643
1561480 643
1561490 641
1561500 638
1561510 638
1561520 638
1561530 637
1561540 637
1561550 637
1561560 637
1561570 637
1561580 636
1561590 636
1561600 636
1561610 636
1561620 635
1561630 633
1561640 633
1561650 632
1561660 632
1561670 632
1561680 633
1561690 633
1561700 633
1561710 632
1561720 631
1561730 631
1561740 631
1561750 630
1561760 630
1561770 630
1561780 630
1561790 629
1561800 629
1561810 629
1561820 629
1561830 629
1561840 629
1561850 629
1561860 629
1561870 629
1561880 629
1561890 629
1561900 629
1561910 630
1561920 630
1561930 630
1561940 630
1561950 631
1561960 631
1561970 632
1561980 633
1561990 633
1562000 634
1562010 636
1562020 636
1562030 639
1562040 641
1562050 642
1562060 642
1562070 642
1562080 643
1562090 643
1562100 644
1562110 646
1562120 646
1562130 648
1562140 649
1562150 649
1562160 649
1562170 650
1562180 650
1562190 649
1562200 648
1562210 648
1562220 648
1562230 647
1562240 647
1562250 647
1562260 647
1562270 649
1562280 649
1562290 651
1562300 653
1562310 653
1562320 655
1562330 656
1562340 656
1562350 657
1562360 659
1562370 661
1562380 661
1562390 663
1562400 666
1562410 666
1562420 668
1562430 670
1562440 670
1562450 672
1562460 674
1562470 674
1562480 678
1562490 680
1562500 680
1562510 679
1562520 678
1562530 679
1562540 679
1562550 683
1562560 686
1562570 686
1562580 688
1562590 689
1562600 689
1562610 689
1562620 689
1562630 689
1562640 690
1562650 689
1562660 689
1562670 687
1562680 684
1562690 685
1562700 685
1562710 685
1562720 682
1562730 682
1562740 679
1562750 675
1562760 675
1562770 669
1562780 664
1562790 664
1562800 660
1562810 659
1562820 659
1562830 659
1562840 659
1562850 658
1562860 658
1562870 658
1562880 657
1562890 657
1562900 657
1562910 655
1562920 655
1562930 654
1562940 654
1562950 654
1562960 654
1562970 652
1562980 652
1562990 649
1563000 646
1563010 644
1563020 644
1563030 642
1563040 640
1563050 640
1563060 638
1563070 635
1563080 635
1563090 633
1563100 631
1563110 631
1563120 630
1563130 629
1563140 629
1563150 628
1563160 628
1563170 627
1563180 627
1563190 627
1563200 627
1563210 627
1563220 627
1563230 627
1563240 627
1563250 627
1563260 628
1563270 628
1563280 630
1563290 632
1563300 632
1563310 633
1563320 633
1563330 633
1563340 633
1563350 633
1563360 633
1563370 633
1563380 633
1563390 632
1563400 632
1563410 632
1563420 632
1563430 632
1563440 632
1563450 633
1563460 633
1563470 634
1563480 634
1563490 635
1563500 635
1563510 636
1563520 638
1563530 638
1563540 639
1563550 640
1563560 640
1563570 641
1563580 642
1563590 642
1563600 643
1563610 644
1563620 644
1563630 645
1563640 645
1563650 645
1563660 645
1563670 645
1563680 644
1563690 644
1563700 644
1563710 644
1563720 644
1563730 643
1563740 643
1563750 643
1563760 643
1563770 643
1563780 643
1563790 643
1563800 643
1563810 643
1563820 643
1563830 643
1563840 643
1563850 643
1563860 643
1563870 643
1563880 643
1563890 643
1563900 644
1563910 644
1563920 644
1563930 644
1563940 644
1563950 644
1563960 644
1563970 644
1563980 644
1563990 644
1564000 644
1564010 644
1564020 644
1564030 645
1564040 645
1564050 645
1564060 645
1564070 645
1564080 645
1564090 644
1564100 644
1564110 644
1564120 644
1564130 645
1564140 645
1564150 641
1564160 641
1564170 641
1564180 642
1564190 643
1564200 643
1564210 643
1564220 646
1564230 646
1564240 652
1564250 652
1564260 652
1564270 651
1564280 651
1564290 652
1564300 652
1564310 653
1564320 654
1564330 654
1564340 654
1564350 653
1564360 653
1564370 651
1564380 650
1564390 650
1564400 648
1564410 648
1564420 648
1564430 647
1564440 648
1564450 650
1564460 650
1564470 650
1564480 650
1564490 650
1564500 649
1564510 649
1564520 649
1564530 649
1564540 647
1564550 647
1564560 645
1564570 642
1564580 642
1564590 640
1564600 638
1564610 637
1564620 637
1564630 636
1564640 637
1564650 637
1564660 639
1564670 639
1564680 639
1564690 639
1564700 640
1564710 640
1564720 640
1564730 640
1564740 638
1564750 638
1564760 637
1564770 636
1564780 636
1564790 636
1564800 635
1564810 635
1564820 635
1564830 634
1564840 634
1564850 632
1564860 628
1564870 628
1564880 626
1564890 625
1564900 625
1564910 625
1564920 624
1564930 623
1564940 623
1564950 622
1564960 622
1564970 622
1564980 621
1564990 621
1565000 621
1565010 620
1565020 620
1565030 620
1565040 620
1565050 620
1565060 620
1565070 620
1565080 621
1565090 622
1565100 622
1565110 624
1565120 626
1565130 626
1565140 626
1565150 626
1565160 626
1565170 627
1565180 628
1565190 628
1565200 631
1565210 633
1565220 633
1565230 633
1565240 632
1565250 631
1565260 631
1565270 630
1565280 629
1565290 629
1565300 629
1565310 627
1565320 627
1565330 623
1565340 619
1565350 619
1565360 617
1565370 615
1565380 614
1565390 614
1565400 614
1565410 613
1565420 613
1565430 613
1565440 612
1565450 612
1565460 612
1565470 612
1565480 612
1565490 612
1565500 611
1565510 611
1565520 609
1565530 609
1565540 611
1565550 611
1565560 614
1565570 616
1565580 616
1565590 617
1565600 618
1565610 618
1565620 617
1565630 616
1565640 616
1565650 616
1565660 616
1565670 616
1565680 617
1565690 616
1565700 615
1565710 615
1565720 613
1565730 612
1565740 612
1565750 611
1565760 610
1565770 610
1565780 610
1565790 610
1565800 610
1565810 610
1565820 611
1565830 611
1565840 612
1565850 612
1565860 612
1565870 612
1565880 612
1565890 613
1565900 613
1565910 613
1565920 612
1565930 612
1565940 611
1565950 609
1565960 609
1565970 607
1565980 606
1565990 606
1566000 605
1566010 604
1566020 603
1566030 603
1566040 602
1566050 602
1566060 602
1566070 602
1566080 602
1566090 602
1566100 602
1566110 602
1566120 602
1566130 602
1566140 602
1566150 602
1566160 602
1566170 602
1566180 602
1566190 602
1566200 602
1566210 602
1566220 602
1566230 602
1566240 602
1566250 602
1566260 602
1566270 602
1566280 602
1566290 602
1566300 602
1566310 602
1566320 602
1566330 602
1566340 602
1566350 602
1566360 602
1566370 602
1566380 602
1566390 602
1566400 602
1566410 602
1566420 602
1566430 602
1566440 602
1566450 602
1566460 602
1566470 602
1566480 602
1566490 602
1566500 602
1566510 602
1566520 602
1566530 602
1566540 602
1566550 602
1566560 602
1566570 602
1566580 602
1566590 602
1566600 602
1566610 602
1566620 602
1566630 602
1566640 602
1566650 602
1566660 602
1566670 602
1566680 602
1566690 602
1566700 602
1566710 602
1566720 602
1566730 602
1566740 603
1566750 605
1566760 605
1566770 608
1566780 610
1566790 610
1566800 611
1566810 611
1566820 610
1566830 610
1566840 609
1566850 608
1566860 608
1566870 608
1566880 608
1566890 608
1566900 609
1566910 609
1566920 609
1566930 610
1566940 610
1566950 610
1566960 611
1566970 611
1566980 611
1566990 611
1567000 611
1567010 610
1567020 610
1567030 609
1567040 608
1567050 608
1567060 607
1567070 606
1567080 606
1567090 605
1567100 604
1567110 604
1567120 603
1567130 603
1567140 602
1567150 602
1567160 602
1567170 601
1567180 601
1567190 601
1567200 600
1567210 600
1567220 600
1567230 599
1567240 599
1567250 603
1567260 602
1567270 602
1567280 603
1567290 601
1567300 599
1567310 599
1567320 597
1567330 596
1567340 596
1567350 594
1567360 590
1567370 590
1567380 586
1567390 582
1567400 582
1567410 578
1567420 575
1567430 575
1567440 571
1567450 567
1567460 564
1567470 564
1567480 561
1567490 559
1567500 559
1567510 556
1567520 552
1567530 552
1567540 552
1567550 552
1567560 552
1567570 552
1567580 554
1567590 558
1567600 558
1567610 562
1567620 565
1567630 565
1567640 568
1567650 570
1567660 570
1567670 570
1567680 570
1567690 570
1567700 570
1567710 570
1567720 570
1567730 569
1567740 569
1567750 568
1567760 568
1567770 568
1567780 568
1567790 568
1567800 567
1567810 567
1567820 567
1567830 567
1567840 568
1567850 568
1567860 569
1567870 569
1567880 569
1567890 570
1567900 571
1567910 572
1567920 572
1567930 574
1567940 577
1567950 577
1567960 580
1567970 582
1567980 582
1567990 585
1568000 587
1568010 587
1568020 587
1568030 588
1568040 588
1568050 590
1568060 592
1568070 592
1568080 592
1568090 592
1568100 592
1568110 592
1568120 592
1568130 591
1568140 591
1568150 590
1568160 590
1568170 590
1568180 590
1568190 589
1568200 589
1568210 587
1568220 586
1568230 584
1568240 584
1568250 582
1568260 581
1568270 581
1568280 582
1568290 582
1568300 582
1568310 582
1568320 582
1568330 582
1568340 583
1568350 583
1568360 583
1568370 582
1568380 581
1568390 579
1568400 579
1568410 575
1568420 572
1568430 572
1568440 568
1568450 565
1568460 565
1568470 565
1568480 565
1568490 565
1568500 565
1568510 566
1568520 566
1568530 569
1568540 568
1568550 565
1568560 565
1568570 561
1568580 562
1568590 562
1568600 564
1568610 564
1568620 564
1568630 563
1568640 559
1568650 559
1568660 557
1568670 554
1568680 554
1568690 550
1568700 548
1568710 545
1568720 545
1568730 542
1568740 538
1568750 538
1568760 536
1568770 530
1568780 530
1568790 525
1568800 522
1568810 522
1568820 521
1568830 521
1568840 521
1568850 522
1568860 522
1568870 521
1568880 521
1568890 519
1568900 517
1568910 517
1568920 515
1568930 513
1568940 513
1568950 512
1568960 512
1568970 512
1568980 512
1568990 512
1569000 512
1569010 512
1569020 512
1569030 512
1569040 512
1569050 512
1569060 513
1569070 513
1569080 516
1569090 521
1569100 521
1569110 522
1569120 522
1569130 522
1569140 521
1569150 519
1569160 519
1569170 517
1569180 514
1569190 511
1569200 511
1569210 506
1569220 501
1569230 501
1569240 496
1569250 493
1569260 493
1569270 493
1569280 492
1569290 492
1569300 492
1569310 491
1569320 491
1569330 491
1569340 491
1569350 491
1569360 491
1569370 492
1569380 494
1569390 494
1569400 496
1569410 496
1569420 496
1569430 491
1569440 494
1569450 494
1569460 496
1569470 496
1569480 496
1569490 496
1569500 495
1569510 495
1569520 495
1569530 494
1569540 493
1569550 493
1569560 491
1569570 490
1569580 490
1569590 488
1569600 487
1569610 487
1569620 486
1569630 486
1569640 486
1569650 487
1569660 488
1569670 490
1569680 490
1569690 494
1569700 496
1569710 496
1569720 496
1569730 497
1569740 497
1569750 498
1569760 498
1569770 498
1569780 498
1569790 497
1569800 497
1569810 493
1569820 489
1569830 487
1569840 487
1569850 485
1569860 483
1569870 483
1569880 479
1569890 476
1569900 476
1569910 474
1569920 473
1569930 473
1569940 472
1569950 471
1569960 471
1569970 469
1569980 466
1569990 464
1570000 464
1570010 463
1570020 463
1570030 463
1570040 463
1570050 464
1570060 464
1570070 463
1570080 463
1570090 463
1570100 461
1570110 459
1570120 459
1570130 459
1570140 458
1570150 456
1570160 456
1570170 454
1570180 453
1570190 453
1570200 453
1570210 452
1570220 452
1570230 450
1570240 449
1570250 451
1570260 450
1570270 449
1570280 449
1570290 448
1570300 445
1570310 445
1570320 445
1570330 445
1570340 445
1570350 445
1570360 444
1570370 442
1570380 442
1570390 441
1570400 440
1570410 440
1570420 440
1570430 440
1570440 440
1570450 440
1570460 440
1570470 440
1570480 440
1570490 440
1570500 440
1570510 440
1570520 440
1570530 440
1570540 440
1570550 440
1570560 440
1570570 440
1570580 440
1570590 440
1570600 440
1570610 440
1570620 441
1570630 441
1570640 441
1570650 441
1570660 441
1570670 441
1570680 441
1570690 441
1570700 441
1570710 441
1570720 441
1570730 441
1570740 441
1570750 441
1570760 441
1570770 441
1570780 441
1570790 441
1570800 441
1570810 441
1570820 440
1570830 440
1570840 441
1570850 441
1570860 441
1570870 440
1570880 440
1570890 440
1570900 440
1570910 440
1570920 440
1570930 440
1570940 440
1570950 440
1570960 440
1570970 440
1570980 440
1570990 440
1571000 440
1571010 440
1571020 440
1571030 440
1571040 440
1571050 440
1571060 440
1571070 440
1571080 440
1571090 440
1571100 440
1571110 440
1571120 440
1571130 440
1571140 440
1571150 440
1571160 440
1571170 440
1571180 440
1571190 440
1571200 440
1571210 440
1571220 440
1571230 440
1571240 440
1571250 440
1571260 440
1571270 440
1571280 440
1571290 440
1571300 440
1571310 440
1571320 440
1571330 440
1571340 440
1571350 440
1571360 440
1571370 440
1571380 440
1571390 440
1571400 440
1571410 440
1571420 440
1571430 440
1571440 440
1571450 440
1571460 440
1571470 440
1571480 440
1571490 440
1571500 440
1571510 440
1571520 439
1571530 439
1571540 439
1571550 439
1571560 439
1571570 439
1571580 439
1571590 439
1571600 439
1571610 439
1571620 439
1571630 439
1571640 439
1571650 439
1571660 439
1571670 439
1571680 439
1571690 439
1571700 439
1571710 439
1571720 439
1571730 439
1571740 439
1571750 439
1571760 439
1571770 439
1571780 439
1571790 439
1571800 439
1571810 439
1571820 439
1571830 439
1571840 439
1571850 439
1571860 439
1571870 439
1571880 439
1571890 439
1571900 439
1571910 439
1571920 439
1571930 439
1571940 439
1571950 439
1571960 439
1571970 439
1571980 439
1571990 439
1572000 439
1572010 439
1572020 439
1572030 439
1572040 439
1572050 439
1572060 439
1572070 439
1572080 439
1572090 439
1572100 439
1572110 439
1572120 439
1572130 439
1572140 439
1572150 439
1572160 439
1572170 439
1572180 439
1572190 439
1572200 439
1572210 439
1572220 439
1572230 439
1572240 439
1572250 439
1572260 439
1572270 439
1572280 439
1572290 439
1572300 439
1572310 439
1572320 439
1572330 439
1572340 439
1572350 439
1572360 439
1572370 439
1572380 439
1572390 439
1572400 439
1572410 439
1572420 439
1572430 439
1572440 439
1572450 439
1572460 439
1572470 439
1572480 439
1572490 439
1572500 439
1572510 439
1572520 439
1572530 439
1572540 439
1572550 439
1572560 439
1572570 439
1572580 439
1572590 439
1572600 439
1572610 439
1572620 439
1572630 439
1572640 439
1572650 439
1572660 439
1572670 439
1572680 439
1572690 439
1572700 439
1572710 439
1572720 439
1572730 439
1572740 439
1572750 439
1572760 439
1572770 439
1572780 439
1572790 439
1572800 439
1572810 439
1572820 439
1572830 439
1572840 439
1572850 439
1572860 439
1572870 439
1572880 439
1572890 439
1572900 439
1572910 439
1572920 439
1572930 439
1572940 439
1572950 439
1572960 439
1572970 439
1572980 439
1572990 439
1573000 439
1573010 439
1573020 439
1573030 439
1573040 439
1573050 439
1573060 439
1573070 439
1573080 439
1573090 439
1573100 439
1573110 439
1573120 439
1573130 439
1573140 439
1573150 439
1573160 439
1573170 439
1573180 439
1573190 439
1573200 439
1573210 439
1573220 440
1573230 440
1573240 440
1573250 439
1573260 439
1573270 439
1573280 439
1573290 439
1573300 439
1573310 439
1573320 439
1573330 439
1573340 439
1573350 439
1573360 439
1573370 439
1573380 439
1573390 439
1573400 439
1573410 439
1573420 439
1573430 439
1573440 439
1573450 439
1573460 439
1573470 439
1573480 439
1573490 439
1573500 439
1573510 439
1573520 439
1573530 439
1573540 439
1573550 439
1573560 439
1573570 439
1573580 439
1573590 439
1573600 439
1573610 439
1573620 439
1573630 439
1573640 439
1573650 439
1573660 439
1573670 439
1573680 439
1573690 439
1573700 439
1573710 439
1573720 439
1573730 439
1573740 439
1573750 439
1573760 439
1573770 439
1573780 439
1573790 439
1573800 439
1573810 439
1573820 439
1573830 439
1573840 439
1573850 439
1573860 439
1573870 439
1573880 439
1573890 439
1573900 439
1573910 439
1573920 439
1573930 439
1573940 439
1573950 439
1573960 439
1573970 439
1573980 439
1573990 439
1574000 439
1574010 439
1574020 439
1574030 439
1574040 439
1574050 439
1574060 439
1574070 439
1574080 439
1574090 439
1574100 439
1574110 439
1574120 439
1574130 439
1574140 439
1574150 439
1574160 439
1574170 439
1574180 439
1574190 439
1574200 439
1574210 439
1574220 439
1574230 439
1574240 439
1574250 439
1574260 439
1574270 439
1574280 439
1574290 439
1574300 439
1574310 439
1574320 439
1574330 439
1574340 439
1574350 439
1574360 439
1574370 439
1574380 439
1574390 439
1574400 439
1574410 439
1574420 439
1574430 440
1574440 441
1574450 441
1574460 441
1574470 442
1574480 442
1574490 442
1574500 443
1574510 443
1574520 444
1574530 445
1574540 445
1574550 446
1574560 446
1574570 446
1574580 446
1574590 446
1574600 446
1574610 446
1574620 446
1574630 446
1574640 446
1574650 446
1574660 446
1574670 446
1574680 446
1574690 446
1574700 446
1574710 446
1574720 446
1574730 446
1574740 446
1574750 444
1574760 442
1574770 442
1574780 440
1574790 440
1574800 440
1574810 439
1574820 439
1574830 439
1574840 439
1574850 439
1574860 439
1574870 439
1574880 439
1574890 439
1574900 439
1574910 439
1574920 439
1574930 439
1574940 439
1574950 439
1574960 439
1574970 439
1574980 439
1574990 439
1575000 439
1575010 439
1575020 439
1575030 439
1575040 439
1575050 440
1575060 440
1575070 440
1575080 440
1575090 440
1575100 440
1575110 440
1575120 440
1575130 440
1575140 440
1575150 440
1575160 440
1575170 440
1575180 440
1575190 440
1575200 440
1575210 440
1575220 440
1575230 440
1575240 440
1575250 440
1575260 439
1575270 439
1575280 439
1575290 440
1575300 439
1575310 439
1575320 439
1575330 439
1575340 439
1575350 439
1575360 439
1575370 439
1575380 439
1575390 439
1575400 439
1575410 439
1575420 439
1575430 439
1575440 439
1575450 439
1575460 439
1575470 439
1575480 439
1575490 439
1575500 439
1575510 439
1575520 439
1575530 439
1575540 439
1575550 439
1575560 439
1575570 439
1575580 439
1575590 439
1575600 439
1575610 439
1575620 439
1575630 439
1575640 439
1575650 439
1575660 439
1575670 439
1575680 439
1575690 439
1575700 439
1575710 439
1575720 439
1575730 439
1575740 439
1575750 439
1575760 439
1575770 439
1575780 439
1575790 439
1575800 439
1575810 439
1575820 439
1575830 439
1575840 439
1575850 439
1575860 439
1575870 439
1575880 439
1575890 439
1575900 439
1575910 439
1575920 439
1575930 439
1575940 439
1575950 439
1575960 440
1575970 440
1575980 440
1575990 440
1576000 441
1576010 441
1576020 441
1576030 442
1576040 442
1576050 442
1576060 443
1576070 443
1576080 443
1576090 442
1576100 442
1576110 442
1576120 442
1576130 442
1576140 442
1576150 442
1576160 442
1576170 442
1576180 442
1576190 442
1576200 443
1576210 443
1576220 443
1576230 444
1576240 444
1576250 445
1576260 445
1576270 445
1576280 446
1576290 448
1576300 448
1576310 449
1576320 450
1576330 449
1576340 449
1576350 448
1576360 448
1576370 448
1576380 449
1576390 449
1576400 449
1576410 449
1576420 449
1576430 449
1576440 449
1576450 448
1576460 448
1576470 448
1576480 449
1576490 450
1576500 450
1576510 450
1576520 450
1576530 450
1576540 450
1576550 450
1576560 450
1576570 451
1576580 452
1576590 452
1576600 454
1576610 456
1576620 456
1576630 458
1576640 462
1576650 465
1576660 465
1576670 466
1576680 467
1576690 467
1576700 468
1576710 470
1576720 470
1576730 472
1576740 474
1576750 474
1576760 475
1576770 476
1576780 476
1576790 477
1576800 477
1576810 476
1576820 476
1576830 473
1576840 470
1576850 470
1576860 467
1576870 464
1576880 464
1576890 462
1576900 463
1576910 463
1576920 464
1576930 467
1576940 468
1576950 468
1576960 468
1576970 468
1576980 468
1576990 470
1577000 472
1577010 472
1577020 474
1577030 474
1577040 474
1577050 476
1577060 477
1577070 477
1577080 478
1577090 478
1577100 479
1577110 479
1577120 480
1577130 480
1577140 480
1577150 480
1577160 480
1577170 480
1577180 480
1577190 480
1577200 480
1577210 481
1577220 481
1577230 481
1577240 482
1577250 483
1577260 483
1577270 483
1577280 483
1577290 485
1577300 485
1577310 485
1577320 485
1577330 485
1577340 486
1577350 486
1577360 486
1577370 486
1577380 487
1577390 487
1577400 487
1577410 488
1577420 488
1577430 488
1577440 489
1577450 490
1577460 490
1577470 490
1577480 491
1577490 491
1577500 492
1577510 493
1577520 493
1577530 495
1577540 496
1577550 496
1577560 499
1577570 501
1577580 501
1577590 501
1577600 502
1577610 502
1577620 502
1577630 503
1577640 503
1577650 503
1577660 503
1577670 503
1577680 503
1577690 503
1577700 503
1577710 503
1577720 502
1577730 500
1577740 499
1577750 499
1577760 498
1577770 497
1577780 497
1577790 497
1577800 498
1577810 498
1577820 498
1577830 499
1577840 499
1577850 499
1577860 499
1577870 499
1577880 499
1577890 498
1577900 497
1577910 497
1577920 497
1577930 497
1577940 497
1577950 497
1577960 497
1577970 497
1577980 497
1577990 497
1578000 497
1578010 497
1578020 497
1578030 497
1578040 497
1578050 497
1578060 497
1578070 497
1578080 496
1578090 495
1578100 495
1578110 494
1578120 495
1578130 495
1578140 496
1578150 497
1578160 497
1578170 498
1578180 499
1578190 499
1578200 500
1578210 501
1578220 502
1578230 502
1578240 504
1578250 505
1578260 505
1578270 506
1578280 507
1578290 507
1578300 508
1578310 509
1578320 509
1578330 511
1578340 514
1578350 514
1578360 518
1578370 521
1578380 525
1578390 525
1578400 530
1578410 534
1578420 534
1578430 537
1578440 541
1578450 541
1578460 545
1578470 548
1578480 548
1578490 550
1578500 552
1578510 552
1578520 554
1578530 555
1578540 557
1578550 557
1578560 558
1578570 559
1578580 559
1578590 559
1578600 558
1578610 558
1578620 558
1578630 560
1578640 560
1578650 561
1578660 561
1578670 561
1578680 562
1578690 563
1578700 564
1578710 564
1578720 564
1578730 565
1578740 565
1578750 568
1578760 570
1578770 570
1578780 570
1578790 570
1578800 570
1578810 571
1578820 573
1578830 573
1578840 574
1578850 575
1578860 576
1578870 576
1578880 577
1578890 578
1578900 578
1578910 578
1578920 580
1578930 580
1578940 581
1578950 582
1578960 582
1578970 584
1578980 585
1578990 585
1579000 586
1579010 587
1579020 589
1579030 589
1579040 590
1579050 591
1579060 591
1579070 593
1579080 594
1579090 594
1579100 596
1579110 597
1579120 597
1579130 599
1579140 601
1579150 601
1579160 603
1579170 605
1579180 608
1579190 608
1579200 611
1579210 614
1579220 614
1579230 616
1579240 619
1579250 619
1579260 621
1579270 623
1579280 623
1579290 625
1579300 627
1579310 627
1579320 629
1579330 630
1579340 632
1579350 632
1579360 633
1579370 634
1579380 634
1579390 636
1579400 638
1579410 638
1579420 639
1579430 640
1579440 640
1579450 640
1579460 641
1579470 641
1579480 642
1579490 642
1579500 643
1579510 643
1579520 643
1579530 642
1579540 642
1579550 642
1579560 642
1579570 642
1579580 641
1579590 640
1579600 640
1579610 640
1579620 639
1579630 639
1579640 638
1579650 637
1579660 636
1579670 636
1579680 635
1579690 634
1579700 634
1579710 634
1579720 634
1579730 634
1579740 635
1579750 635
1579760 635
1579770 633
1579780 632
1579790 632
1579800 631
1579810 629
1579820 626
1579830 626
1579840 624
1579850 620
1579860 620
1579870 617
1579880 615
1579890 615
1579900 613
1579910 612
1579920 612
1579930 612
1579940 611
1579950 611
1579960 611
1579970 610
1579980 609
1579990 609
