1560000 943
1560010 943
1560020 945
1560030 947
1560040 947
1560050 949
1560060 951
1560070 951
1560080 953
1560090 955
1560100 956
1560110 956
1560120 958
1560130 959
1560140 959
1560150 960
1560160 961
1560170 961
1560180 961
1560190 961
1560200 961
1560210 960
1560220 959
1560230 959
1560240 958
1560250 956
1560260 955
1560270 955
1560280 953
1560290 951
1560300 951
1560310 949
1560320 946
1560330 946
1560340 944
1560350 941
1560360 941
1560370 939
1560380 936
1560390 936
1560400 934
1560410 931
1560420 928
1560430 928
1560440 926
1560450 924
1560460 924
1560470 921
1560480 918
1560490 918
1560500 915
1560510 913
1560520 913
1560530 911
1560540 911
1560550 911
1560560 911
1560570 910
1560580 908
1560590 908
1560600 906
1560610 905
1560620 905
1560630 903
1560640 902
1560650 902
1560660 901
1560670 900
1560680 900
1560690 900
1560700 899
1560710 899
1560720 898
1560730 898
1560740 897
1560750 897
1560760 895
1560770 893
1560780 893
1560790 892
1560800 892
1560810 892
1560820 892
1560830 893
1560840 893
1560850 892
1560860 889
1560870 889
1560880 886
1560890 885
1560900 886
1560910 886
1560920 888
1560930 889
1560940 889
1560950 890
1560960 890
1560970 890
1560980 890
1560990 889
1561000 889
1561010 888
1561020 887
1561030 887
1561040 886
1561050 885
1561060 884
1561070 884
1561080 884
1561090 884
1561100 884
1561110 883
1561120 883
1561130 883
1561140 882
1561150 882
1561160 882
1561170 882
1561180 882
1561190 882
1561200 882
1561210 881
1561220 880
1561230 880
1561240 879
1561250 878
1561260 878
1561270 877
1561280 877
1561290 877
1561300 877
1561310 877
1561320 877
1561330 877
1561340 878
1561350 878
1561360 878
1561370 879
1561380 880
1561390 880
1561400 881
1561410 881
1561420 881
1561430 882
1561440 882
1561450 882
1561460 881
1561470 880
1561480 880
1561490 880
1561500 880
1561510 880
1561520 880
1561530 881
1561540 881
1561550 881
1561560 881
1561570 882
1561580 882
1561590 883
1561600 883
1561610 883
1561620 883
1561630 882
1561640 882
1561650 883
1561660 883
1561670 883
1561680 884
1561690 884
1561700 885
1561710 885
1561720 885
1561730 885
1561740 885
1561750 885
1561760 885
1561770 885
1561780 885
1561790 884
1561800 884
1561810 883
1561820 881
1561830 881
1561840 879
1561850 877
1561860 874
1561870 874
1561880 872
1561890 870
1561900 870
1561910 868
1561920 867
1561930 867
1561940 866
1561950 863
1561960 863
1561970 861
1561980 859
1561990 859
1562000 857
1562010 856
1562020 856
1562030 856
1562040 858
1562050 859
1562060 859
1562070 859
1562080 859
1562090 859
1562100 859
1562110 858
1562120 858
1562130 859
1562140 859
1562150 859
1562160 859
1562170 858
1562180 857
1562190 857
1562200 856
1562210 855
1562220 855
1562230 853
1562240 853
1562250 853
1562260 851
1562270 850
1562280 850
1562290 849
1562300 850
1562310 850
1562320 851
1562330 851
1562340 851
1562350 851
1562360 851
1562370 850
1562380 850
1562390 850
1562400 850
1562410 850
1562420 850
1562430 849
1562440 849
1562450 849
1562460 848
1562470 848
1562480 847
1562490 847
1562500 847
1562510 846
1562520 845
1562530 844
1562540 844
1562550 842
1562560 840
1562570 840
1562580 838
1562590 837
1562600 837
1562610 835
1562620 833
1562630 833
1562640 832
1562650 831
1562660 831
1562670 830
1562680 829
1562690 828
1562700 828
1562710 828
1562720 828
1562730 828
1562740 828
1562750 830
1562760 830
1562770 832
1562780 833
1562790 833
1562800 833
1562810 833
1562820 833
1562830 832
1562840 832
1562850 831
1562860 831
1562870 828
1562880 825
1562890 825
1562900 822
1562910 819
1562920 819
1562930 817
1562940 815
1562950 815
1562960 813
1562970 811
1562980 811
1562990 810
1563000 809
1563010 809
1563020 809
1563030 808
1563040 806
1563050 806
1563060 804
1563070 803
1563080 803
1563090 799
1563100 797
1563110 797
1563120 796
1563130 793
1563140 793
1563150 791
1563160 790
1563170 788
1563180 788
1563190 787
1563200 786
1563210 790
1563220 789
1563230 788
1563240 788
1563250 787
1563260 786
1563270 786
1563280 785
1563290 784
1563300 784
1563310 783
1563320 783
1563330 782
1563340 782
1563350 782
1563360 781
1563370 781
1563380 780
1563390 779
1563400 779
1563410 778
1563420 777
1563430 777
1563440 776
1563450 775
1563460 775
1563470 774
1563480 772
1563490 769
1563500 769
1563510 768
1563520 767
1563530 767
1563540 766
1563550 765
1563560 765
1563570 764
1563580 764
1563590 764
1563600 764
1563610 764
1563620 764
1563630 764
1563640 764
1563650 764
1563660 764
1563670 764
1563680 763
1563690 763
1563700 763
1563710 763
1563720 763
1563730 762
1563740 762
1563750 762
1563760 762
1563770 762
1563780 762
1563790 762
1563800 762
1563810 761
1563820 761
1563830 761
1563840 760
1563850 760
1563860 760
1563870 759
1563880 759
1563890 759
1563900 759
1563910 759
1563920 759
1563930 758
1563940 758
1563950 756
1563960 755
1563970 754
1563980 754
1563990 754
1564000 753
1564010 753
1564020 752
1564030 750
1564040 750
1564050 749
1564060 748
1564070 748
1564080 747
1564090 746
1564100 746
1564110 745
1564120 744
1564130 743
1564140 743
1564150 743
1564160 742
1564170 742
1564180 742
1564190 741
1564200 741
1564210 741
1564220 741
1564230 741
1564240 739
1564250 738
1564260 738
1564270 736
1564280 734
1564290 731
1564300 731
1564310 729
1564320 729
1564330 729
1564340 729
1564350 729
1564360 729
1564370 728
1564380 728
1564390 728
1564400 728
1564410 728
1564420 728
1564430 729
1564440 729
1564450 730
1564460 730
1564470 731
1564480 732
1564490 732
1564500 733
1564510 733
1564520 733
1564530 733
1564540 733
1564550 733
1564560 734
1564570 734
1564580 734
1564590 734
1564600 734
1564610 734
1564620 734
1564630 734
1564640 735
1564650 735
1564660 736
1564670 737
1564680 737
1564690 737
1564700 738
1564710 738
1564720 739
1564730 741
1564740 741
1564750 742
1564760 744
1564770 744
1564780 745
1564790 746
1564800 746
1564810 746
1564820 747
1564830 749
1564840 749
1564850 750
1564860 752
1564870 752
1564880 754
1564890 756
1564900 756
1564910 758
1564920 760
1564930 760
1564940 762
1564950 765
1564960 767
1564970 767
1564980 769
1564990 771
1565000 771
1565010 773
1565020 775
1565030 775
1565040 776
1565050 779
1565060 779
1565070 781
1565080 783
1565090 783
1565100 786
1565110 788
1565120 791
1565130 791
1565140 794
1565150 797
1565160 797
1565170 800
1565180 802
1565190 802
1565200 804
1565210 806
1565220 806
1565230 809
1565240 812
1565250 812
1565260 813
1565270 814
1565280 815
1565290 815
1565300 817
1565310 819
1565320 819
1565330 822
1565340 823
1565350 823
1565360 823
1565370 824
1565380 824
1565390 826
1565400 827
1565410 827
1565420 827
1565430 827
1565440 829
1565450 829
1565460 832
1565470 834
1565480 834
1565490 835
1565500 836
1565510 836
1565520 835
1565530 835
1565540 835
1565550 833
1565560 832
1565570 832
1565580 833
1565590 834
1565600 833
1565610 833
1565620 829
1565630 826
1565640 826
1565650 823
1565660 823
1565670 823
1565680 823
1565690 823
1565700 823
1565710 822
1565720 823
1565730 823
1565740 823
1565750 821
1565760 820
1565770 820
1565780 816
1565790 814
1565800 814
1565810 811
1565820 805
1565830 805
1565840 798
1565850 791
1565860 791
1565870 785
1565880 781
1565890 781
1565900 781
1565910 780
1565920 777
1565930 777
1565940 774
1565950 772
1565960 772
1565970 771
1565980 767
1565990 767
1566000 761
1566010 758
1566020 758
1566030 755
1566040 752
1566050 752
1566060 749
1566070 747
1566080 745
1566090 745
1566100 743
1566110 741
1566120 741
1566130 738
1566140 736
1566150 736
1566160 735
1566170 735
1566180 735
1566190 735
1566200 735
1566210 735
1566220 735
1566230 735
1566240 734
1566250 734
1566260 732
1566270 733
1566280 733
1566290 732
1566300 727
1566310 727
1566320 722
1566330 716
1566340 716
1566350 717
1566360 711
1566370 711
1566380 705
1566390 701
1566400 697
1566410 697
1566420 693
1566430 690
1566440 690
1566450 687
1566460 685
1566470 685
1566480 682
1566490 679
1566500 679
1566510 677
1566520 673
1566530 673
1566540 671
1566550 669
1566560 666
1566570 666
1566580 663
1566590 660
1566600 660
1566610 656
1566620 654
1566630 654
1566640 651
1566650 648
1566660 648
1566670 646
1566680 645
1566690 645
1566700 642
1566710 640
1566720 638
1566730 638
1566740 637
1566750 635
1566760 635
1566770 632
1566780 630
1566790 630
1566800 628
1566810 626
1566820 626
1566830 624
1566840 621
1566850 621
1566860 619
1566870 617
1566880 617
1566890 615
1566900 613
1566910 613
1566920 613
1566930 612
1566940 612
1566950 612
1566960 611
1566970 611
1566980 611
1566990 611
1567000 611
1567010 611
1567020 611
1567030 611
1567040 611
1567050 611
1567060 611
1567070 611
1567080 611
1567090 611
1567100 611
1567110 611
1567120 611
1567130 611
1567140 611
1567150 611
1567160 611
1567170 611
1567180 611
1567190 611
1567200 611
1567210 611
1567220 611
1567230 611
1567240 611
1567250 611
1567260 611
1567270 611
1567280 612
1567290 614
1567300 614
1567310 618
1567320 625
1567330 625
1567340 634
1567350 640
1567360 640
1567370 641
1567380 643
1567390 648
1567400 648
1567410 657
1567420 667
1567430 667
1567440 673
1567450 677
1567460 677
1567470 682
1567480 684
1567490 684
1567500 687
1567510 692
1567520 692
1567530 695
1567540 697
1567550 698
1567560 698
1567570 701
1567580 705
1567590 705
1567600 714
1567610 723
1567620 723
1567630 725
1567640 728
1567650 728
1567660 730
1567670 731
1567680 731
1567690 733
1567700 738
1567710 743
1567720 743
1567730 751
1567740 757
1567750 757
1567760 759
1567770 760
1567780 760
1567790 760
1567800 761
1567810 761
1567820 761
1567830 758
1567840 758
1567850 755
1567860 748
1567870 741
1567880 735
1567890 729
1567900 725
1567910 725
1567920 725
1567930 730
1567940 730
1567950 734
1567960 738
1567970 738
1567980 742
1567990 745
1568000 745
1568010 749
1568020 753
1568030 755
1568040 755
1568050 758
1568060 762
1568070 762
1568080 766
1568090 770
1568100 770
1568110 774
1568120 779
1568130 779
1568140 785
1568150 792
1568160 792
1568170 799
1568180 805
1568190 810
1568200 810
1568210 814
1568220 816
1568230 816
1568240 817
1568250 822
1568260 822
1568270 829
1568280 835
1568290 835
1568300 841
1568310 843
1568320 843
1568330 843
1568340 845
1568350 850
1568360 850
1568370 854
1568380 858
1568390 858
1568400 865
1568410 873
1568420 873
1568430 874
1568440 872
1568450 872
1568460 871
1568470 872
1568480 872
1568490 876
1568500 882
1568510 889
1568520 889
1568530 893
1568540 896
1568550 896
1568560 897
1568570 896
1568580 896
1568590 891
1568600 887
1568610 887
1568620 891
1568630 894
1568640 894
1568650 897
1568660 901
1568670 906
1568680 906
1568690 909
1568700 911
1568710 911
1568720 912
1568730 912
1568740 912
1568750 911
1568760 913
1568770 913
1568780 914
1568790 916
1568800 916
1568810 920
1568820 923
1568830 923
1568840 924
1568850 925
1568860 927
1568870 927
1568880 929
1568890 929
1568900 929
1568910 929
1568920 929
1568930 929
1568940 929
1568950 930
1568960 930
1568970 932
1568980 936
1568990 936
1569000 938
1569010 938
1569020 938
1569030 938
1569040 940
1569050 940
1569060 940
1569070 943
1569080 948
1569090 948
1569100 950
1569110 950
1569120 950
1569130 949
1569140 948
1569150 948
1569160 946
1569170 945
1569180 946
1569190 946
1569200 949
1569210 954
1569220 954
1569230 957
1569240 960
1569250 960
1569260 962
1569270 964
1569280 964
1569290 965
1569300 965
1569310 965
1569320 964
1569330 963
1569340 963
1569350 963
1569360 962
1569370 961
1569380 956
1569390 955
1569400 954
1569410 954
1569420 953
1569430 952
1569440 952
1569450 952
1569460 952
1569470 952
1569480 953
1569490 952
1569500 952
1569510 952
1569520 951
1569530 951
1569540 951
1569550 950
1569560 948
1569570 948
1569580 947
1569590 946
1569600 946
1569610 946
1569620 946
1569630 946
1569640 946
1569650 946
1569660 948
1569670 948
1569680 951
1569690 955
1569700 955
1569710 957
1569720 959
1569730 959
1569740 959
1569750 960
1569760 960
1569770 960
1569780 961
1569790 961
1569800 960
1569810 958
1569820 956
1569830 956
1569840 953
1569850 953
1569860 953
1569870 953
1569880 949
1569890 949
1569900 948
1569910 949
1569920 949
1569930 950
1569940 950
1569950 950
1569960 947
1569970 942
1569980 934
1569990 934
1570000 927
1570010 921
1570020 921
1570030 919
1570040 920
1570050 920
1570060 918
1570070 913
1570080 913
1570090 909
1570100 909
1570110 909
1570120 908
1570130 906
1570140 905
1570150 905
1570160 904
1570170 903
1570180 903
1570190 907
1570200 908
1570210 908
1570220 906
1570230 905
1570240 905
1570250 903
1570260 901
1570270 901
1570280 899
1570290 896
1570300 895
1570310 895
1570320 896
1570330 896
1570340 896
1570350 895
1570360 894
1570370 894
1570380 891
1570390 887
1570400 887
1570410 885
1570420 882
1570430 882
1570440 878
1570450 876
1570460 876
1570470 876
1570480 874
1570490 873
1570500 873
1570510 872
1570520 874
1570530 874
1570540 876
1570550 879
1570560 879
1570570 882
1570580 886
1570590 886
1570600 888
1570610 889
1570620 891
1570630 891
1570640 891
1570650 889
1570660 889
1570670 886
1570680 884
1570690 884
1570700 881
1570710 879
1570720 879
1570730 876
1570740 875
1570750 875
1570760 874
1570770 875
1570780 875
1570790 875
1570800 876
1570810 879
1570820 879
1570830 880
1570840 881
1570850 881
1570860 882
1570870 882
1570880 882
1570890 882
1570900 880
1570910 880
1570920 878
1570930 877
1570940 877
1570950 879
1570960 879
1570970 878
1570980 878
1570990 877
1571000 875
1571010 875
1571020 874
1571030 874
1571040 874
1571050 875
1571060 875
1571070 875
1571080 874
1571090 874
1571100 874
1571110 874
1571120 874
1571130 875
1571140 875
1571150 875
1571160 875
1571170 875
1571180 874
1571190 874
1571200 874
1571210 874
1571220 873
1571230 873
1571240 871
1571250 869
1571260 869
1571270 866
1571280 863
1571290 862
1571300 862
1571310 861
1571320 861
1571330 861
1571340 861
1571350 861
1571360 861
1571370 862
1571380 863
1571390 863
1571400 862
1571410 861
1571420 861
1571430 861
1571440 862
1571450 861
1571460 861
1571470 861
1571480 863
1571490 863
1571500 864
1571510 864
1571520 864
1571530 862
1571540 860
1571550 860
1571560 857
1571570 853
1571580 853
1571590 849
1571600 848
1571610 847
1571620 847
1571630 846
1571640 845
1571650 845
1571660 846
1571670 848
1571680 848
1571690 847
1571700 846
1571710 846
1571720 846
1571730 848
1571740 848
1571750 850
1571760 851
1571770 850
1571780 850
1571790 848
1571800 845
1571810 845
1571820 843
1571830 842
1571840 842
1571850 840
1571860 839
1571870 839
1571880 838
1571890 838
1571900 838
1571910 837
1571920 835
1571930 832
1571940 832
1571950 830
1571960 829
1571970 829
1571980 828
1571990 828
1572000 828
1572010 828
1572020 828
1572030 828
1572040 828
1572050 828
1572060 828
1572070 827
1572080 827
1572090 827
1572100 827
1572110 827
1572120 828
1572130 828
1572140 828
1572150 829
1572160 829
1572170 830
1572180 831
1572190 831
1572200 831
1572210 832
1572220 832
1572230 832
1572240 832
1572250 833
1572260 833
1572270 834
1572280 834
1572290 834
1572300 837
1572310 838
1572320 838
1572330 839
1572340 842
1572350 842
1572360 845
1572370 847
1572380 847
1572390 847
1572400 848
1572410 848
1572420 848
1572430 849
1572440 849
1572450 849
1572460 848
1572470 846
1572480 846
1572490 843
1572500 841
1572510 841
1572520 839
1572530 834
1572540 834
1572550 829
1572560 827
1572570 825
1572580 825
1572590 823
1572600 822
1572610 822
1572620 821
1572630 820
1572640 820
1572650 818
1572660 817
1572670 817
1572680 816
1572690 814
1572700 814
1572710 813
1572720 812
1572730 811
1572740 811
1572750 811
1572760 810
1572770 810
1572780 811
1572790 811
1572800 811
1572810 812
1572820 813
1572830 813
1572840 814
1572850 815
1572860 815
1572870 815
1572880 814
1572890 813
1572900 813
1572910 813
1572920 814
1572930 814
1572940 814
1572950 814
1572960 814
1572970 814
1572980 814
1572990 814
1573000 813
1573010 812
1573020 812
1573030 811
1573040 812
1573050 812
1573060 814
1573070 814
1573080 815
1573090 815
1573100 815
1573110 816
1573120 816
1573130 819
1573140 821
1573150 821
1573160 822
1573170 822
1573180 822
1573190 823
1573200 823
1573210 823
1573220 823
1573230 823
1573240 824
1573250 824
1573260 824
1573270 823
1573280 823
1573290 821
1573300 819
1573310 819
1573320 818
1573330 818
1573340 818
1573350 818
1573360 818
1573370 818
1573380 819
1573390 820
1573400 820
1573410 820
1573420 819
1573430 817
1573440 817
1573450 815
1573460 813
1573470 813
1573480 810
1573490 808
1573500 808
1573510 807
1573520 804
1573530 804
1573540 801
1573550 796
1573560 793
1573570 793
1573580 790
1573590 787
1573600 787
1573610 783
1573620 779
1573630 779
1573640 773
1573650 767
1573660 767
1573670 763
1573680 760
1573690 760
1573700 755
1573710 753
1573720 752
1573730 751
1573740 751
1573750 751
1573760 751
1573770 751
1573780 751
1573790 751
1573800 751
1573810 749
1573820 749
1573830 746
1573840 744
1573850 744
1573860 743
1573870 741
1573880 740
1573890 740
1573900 741
1573910 741
1573920 741
1573930 740
1573940 737
1573950 737
1573960 736
1573970 735
1573980 735
1573990 736
1574000 737
1574010 737
1574020 738
1574030 738
1574040 738
1574050 738
1574060 737
1574070 739
1574080 739
1574090 741
1574100 740
1574110 740
1574120 736
1574130 730
1574140 730
1574150 725
1574160 718
1574170 718
1574180 712
1574190 708
1574200 703
1574210 703
1574220 698
1574230 695
1574240 695
1574250 690
1574260 687
1574270 687
1574280 686
1574290 685
1574300 685
1574310 685
1574320 685
1574330 685
1574340 682
1574350 679
1574360 675
1574370 675
1574380 672
1574390 667
1574400 667
1574410 664
1574420 660
1574430 660
1574440 656
1574450 651
1574460 651
1574470 648
1574480 644
1574490 644
1574500 641
1574510 638
1574520 635
1574530 635
1574540 632
1574550 630
1574560 630
1574570 629
1574580 627
1574590 627
1574600 624
1574610 620
1574620 620
1574630 617
1574640 615
1574650 615
1574660 612
1574670 610
1574680 606
1574690 606
1574700 602
1574710 600
1574720 600
1574730 596
1574740 592
1574750 592
1574760 590
1574770 587
1574780 587
1574790 584
1574800 584
1574810 584
1574820 585
1574830 586
1574840 588
1574850 588
1574860 589
1574870 589
1574880 589
1574890 588
1574900 588
1574910 588
1574920 586
1574930 584
1574940 584
1574950 582
1574960 580
1574970 580
1574980 575
1574990 572
1575000 571
1575010 571
1575020 569
1575030 567
1575040 567
1575050 565
1575060 565
1575070 565
1575080 564
1575090 563
1575100 563
1575110 562
1575120 561
1575130 558
1575140 557
1575150 555
1575160 555
1575170 553
1575180 551
1575190 549
1575200 549
1575210 548
1575220 548
1575230 548
1575240 547
1575250 547
1575260 547
1575270 547
1575280 545
1575290 545
1575300 542
1575310 540
1575320 540
1575330 540
1575340 539
1575350 539
1575360 539
1575370 539
1575380 539
1575390 539
1575400 539
1575410 539
1575420 539
1575430 539
1575440 539
1575450 539
1575460 539
1575470 539
1575480 539
1575490 539
1575500 540
1575510 540
1575520 540
1575530 541
1575540 541
1575550 541
1575560 542
1575570 543
1575580 543
1575590 543
1575600 544
1575610 544
1575620 545
1575630 545
1575640 545
1575650 546
1575660 546
1575670 546
1575680 546
1575690 546
1575700 547
1575710 547
1575720 547
1575730 548
1575740 548
1575750 548
1575760 546
1575770 546
1575780 545
1575790 543
1575800 543
1575810 541
1575820 540
1575830 540
1575840 540
1575850 539
1575860 539
1575870 539
1575880 539
1575890 538
1575900 538
1575910 537
1575920 536
1575930 536
1575940 535
1575950 534
1575960 534
1575970 533
1575980 532
1575990 532
1576000 532
1576010 530
1576020 527
1576030 527
1576040 526
1576050 528
1576060 528
1576070 527
1576080 526
1576090 526
1576100 526
1576110 525
1576120 525
1576130 524
1576140 525
1576150 528
1576160 528
1576170 529
1576180 529
1576190 529
1576200 529
1576210 528
1576220 528
1576230 525
1576240 522
1576250 522
1576260 521
1576270 520
1576280 520
1576290 520
1576300 520
1576310 522
1576320 522
1576330 525
1576340 527
1576350 527
1576360 531
1576370 536
1576380 536
1576390 539
1576400 539
1576410 539
1576420 540
1576430 540
1576440 540
1576450 541
1576460 543
1576470 546
1576480 546
1576490 547
1576500 547
1576510 548
1576520 548
1576530 548
1576540 548
1576550 547
1576560 546
1576570 546
1576580 546
1576590 546
1576600 546
1576610 547
1576620 549
1576630 550
1576640 550
1576650 551
1576660 552
1576670 552
1576680 553
1576690 554
1576700 554
1576710 557
1576720 558
1576730 558
1576740 559
1576750 560
1576760 560
1576770 562
1576780 563
1576790 565
1576800 565
1576810 567
1576820 569
1576830 569
1576840 570
1576850 570
1576860 570
1576870 571
1576880 572
1576890 572
1576900 573
1576910 574
1576920 574
1576930 575
1576940 576
1576950 577
1576960 577
1576970 578
1576980 579
1576990 579
1577000 581
1577010 583
1577020 583
1577030 585
1577040 588
1577050 588
1577060 590
1577070 592
1577080 592
1577090 595
1577100 599
1577110 601
1577120 601
1577130 603
1577140 604
1577150 604
1577160 605
1577170 607
1577180 607
1577190 609
1577200 611
1577210 611
1577220 613
1577230 615
1577240 615
1577250 616
1577260 617
1577270 617
1577280 618
1577290 618
1577300 618
1577310 618
1577320 618
1577330 617
1577340 617
1577350 617
1577360 616
1577370 616
1577380 616
1577390 616
1577400 616
1577410 616
1577420 616
1577430 616
1577440 616
1577450 615
1577460 615
1577470 615
1577480 614
1577490 613
1577500 613
1577510 610
1577520 604
1577530 604
1577540 600
1577550 600
1577560 600
1577570 601
1577580 602
1577590 602
1577600 601
1577610 601
1577620 601
1577630 601
1577640 603
1577650 604
1577660 604
1577670 604
1577680 603
1577690 603
1577700 602
1577710 599
1577720 599
1577730 597
1577740 594
1577750 594
1577760 591
1577770 589
1577780 590
1577790 590
1577800 591
1577810 592
1577820 592
1577830 591
1577840 590
1577850 590
1577860 587
1577870 589
1577880 589
1577890 589
1577900 589
1577910 589
1577920 589
1577930 588
1577940 586
1577950 586
1577960 584
1577970 583
1577980 583
1577990 584
1578000 583
1578010 583
1578020 583
1578030 581
1578040 581
1578050 581
1578060 580
1578070 580
1578080 578
1578090 574
1578100 570
1578110 570
1578120 566
1578130 564
1578140 564
1578150 561
1578160 559
1578170 559
1578180 556
1578190 554
1578200 554
1578210 553
1578220 551
1578230 551
1578240 550
1578250 549
1578260 550
1578270 550
1578280 550
1578290 549
1578300 549
1578310 549
1578320 549
1578330 549
1578340 548
1578350 547
1578360 547
1578370 548
1578380 548
1578390 548
1578400 548
1578410 548
1578420 548
1578430 548
1578440 547
1578450 545
1578460 545
1578470 544
1578480 543
1578490 543
1578500 542
1578510 542
1578520 542
1578530 543
1578540 544
1578550 544
1578560 545
1578570 546
1578580 548
1578590 548
1578600 550
1578610 553
1578620 553
1578630 555
1578640 555
1578650 555
1578660 556
1578670 556
1578680 556
1578690 555
1578700 554
1578710 554
1578720 553
1578730 551
1578740 549
1578750 549
1578760 548
1578770 547
1578780 547
1578790 546
1578800 546
1578810 546
1578820 546
1578830 547
1578840 547
1578850 547
1578860 548
1578870 548
1578880 548
1578890 548
1578900 547
1578910 547
1578920 547
1578930 546
1578940 546
1578950 545
1578960 545
1578970 545
1578980 544
1578990 543
1579000 543
1579010 543
1579020 542
1579030 542
1579040 541
1579050 540
1579060 538
1579070 538
1579080 536
1579090 534
1579100 534
1579110 532
1579120 530
1579130 530
1579140 528
1579150 525
1579160 525
1579170 524
1579180 523
1579190 523
1579200 523
1579210 523
1579220 522
1579230 522
1579240 519
1579250 518
1579260 518
1579270 517
1579280 516
1579290 516
1579300 515
1579310 514
1579320 514
1579330 513
1579340 512
1579350 512
1579360 511
1579370 511
1579380 511
1579390 510
1579400 509
1579410 509
1579420 509
1579430 508
1579440 508
1579450 508
1579460 508
1579470 507
1579480 507
1579490 506
1579500 505
1579510 505
1579520 505
1579530 505
1579540 505
1579550 505
1579560 504
1579570 504
1579580 504
1579590 504
1579600 504
1579610 504
1579620 504
1579630 504
1579640 504
1579650 504
1579660 504
1579670 504
1579680 504
1579690 504
1579700 504
1579710 504
1579720 504
1579730 504
1579740 504
1579750 504
1579760 504
1579770 504
1579780 504
1579790 505
1579800 505
1579810 506
1579820 507
1579830 507
1579840 507
1579850 508
1579860 508
1579870 508
1579880 509
1579890 509
1579900 509
1579910 510
1579920 511
1579930 511
1579940 511
1579950 512
1579960 512
1579970 514
1579980 516
1579990 516
