1560000 509
1560010 510
1560020 510
1560030 510
1560040 510
1560050 510
1560060 510
1560070 510
1560080 510
1560090 510
1560100 510
1560110 511
1560120 510
1560130 510
1560140 509
1560150 508
1560160 508
1560170 509
1560180 510
1560190 510
1560200 510
1560210 511
1560220 511
1560230 512
1560240 514
1560250 514
1560260 515
1560270 516
1560280 516
1560290 516
1560300 517
1560310 518
1560320 518
1560330 519
1560340 519
1560350 519
1560360 520
1560370 521
1560380 521
1560390 522
1560400 523
1560410 523
1560420 524
1560430 527
1560440 531
1560450 531
1560460 532
1560470 534
1560480 534
1560490 536
1560500 538
1560510 538
1560520 539
1560530 540
1560540 540
1560550 540
1560560 539
1560570 539
1560580 538
1560590 537
1560600 538
1560610 538
1560620 541
1560630 543
1560640 543
1560650 547
1560660 552
1560670 552
1560680 556
1560690 555
1560700 555
1560710 554
1560720 555
1560730 555
1560740 558
1560750 560
1560760 561
1560770 561
1560780 561
1560790 560
1560800 560
1560810 560
1560820 562
1560830 562
1560840 563
1560850 563
1560860 563
1560870 562
1560880 563
1560890 563
1560900 565
1560910 570
1560920 570
1560930 574
1560940 578
1560950 581
1560960 581
1560970 584
1560980 587
1560990 587
1561000 594
1561010 606
1561020 606
1561030 614
1561040 616
1561050 616
1561060 618
1561070 618
1561080 618
1561090 615
1561100 609
1561110 602
1561120 602
1561130 598
1561140 588
1561150 588
1561160 590
1561170 592
1561180 592
1561190 592
1561200 591
1561210 591
1561220 591
1561230 591
1561240 591
1561250 590
1561260 591
1561270 592
1561280 592
1561290 591
1561300 590
1561310 590
1561320 589
1561330 587
1561340 587
1561350 585
1561360 583
1561370 583
1561380 581
1561390 579
1561400 579
1561410 579
1561420 580
1561430 579
1561440 579
1561450 579
1561460 581
1561470 581
1561480 582
1561490 584
1561500 584
1561510 584
1561520 585
1561530 585
1561540 585
1561550 583
1561560 583
1561570 582
1561580 581
1561590 582
1561600 582
1561610 585
1561620 586
1561630 586
1561640 586
1561650 587
1561660 587
1561670 588
1561680 589
1561690 589
1561700 589
1561710 590
1561720 590
1561730 592
1561740 594
1561750 595
1561760 595
1561770 594
1561780 596
1561790 596
1561800 599
1561810 600
1561820 600
1561830 601
1561840 603
1561850 603
1561860 605
1561870 606
1561880 606
1561890 608
1561900 611
1561910 613
1561920 613
1561930 614
1561940 614
1561950 614
1561960 615
1561970 616
1561980 616
1561990 617
1562000 619
1562010 619
1562020 620
1562030 622
1562040 622
1562050 623
1562060 622
1562070 621
1562080 621
1562090 621
1562100 621
1562110 621
1562120 623
1562130 626
1562140 626
1562150 629
1562160 632
1562170 632
1562180 634
1562190 635
1562200 635
1562210 636
1562220 637
1562230 639
1562240 639
1562250 642
1562260 643
1562270 643
1562280 642
1562290 637
1562300 637
1562310 638
1562320 638
1562330 638
1562340 639
1562350 638
1562360 638
1562370 636
1562380 635
1562390 635
1562400 634
1562410 632
1562420 630
1562430 630
1562440 628
1562450 625
1562460 625
1562470 624
1562480 624
1562490 624
1562500 621
1562510 617
1562520 617
1562530 617
1562540 618
1562550 618
1562560 619
1562570 619
1562580 619
1562590 619
1562600 617
1562610 618
1562620 618
1562630 618
1562640 620
1562650 620
1562660 621
1562670 623
1562680 623
1562690 625
1562700 625
1562710 625
1562720 625
1562730 625
1562740 624
1562750 624
1562760 623
1562770 616
1562780 616
1562790 615
1562800 615
1562810 615
1562820 614
1562830 612
1562840 612
1562850 611
1562860 610
1562870 610
1562880 609
1562890 609
1562900 608
1562910 608
1562920 608
1562930 608
1562940 608
1562950 607
1562960 606
1562970 606
1562980 605
1562990 603
1563000 603
1563010 602
1563020 599
1563030 599
1563040 596
1563050 593
1563060 591
1563070 591
1563080 589
1563090 587
1563100 587
1563110 586
1563120 587
1563130 587
1563140 587
1563150 587
1563160 587
1563170 587
1563180 585
1563190 585
1563200 585
1563210 585
1563220 586
1563230 586
1563240 586
1563250 587
1563260 587
1563270 587
1563280 589
1563290 589
1563300 590
1563310 591
1563320 591
1563330 592
1563340 592
1563350 592
1563360 594
1563370 596
1563380 596
1563390 596
1563400 599
1563410 602
1563420 602
1563430 605
1563440 608
1563450 608
1563460 609
1563470 609
1563480 609
1563490 609
1563500 609
1563510 609
1563520 610
1563530 609
1563540 607
1563550 607
1563560 604
1563570 601
1563580 601
1563590 600
1563600 599
1563610 599
1563620 598
1563630 598
1563640 598
1563650 598
1563660 597
1563670 597
1563680 597
1563690 600
1563700 600
1563710 602
1563720 604
1563730 605
1563740 605
1563750 606
1563760 606
1563770 606
1563780 607
1563790 607
1563800 607
1563810 606
1563820 606
1563830 606
1563840 605
1563850 606
1563860 606
1563870 608
1563880 610
1563890 611
1563900 611
1563910 613
1563920 616
1563930 616
1563940 619
1563950 621
1563960 621
1563970 622
1563980 623
1563990 623
1564000 623
1564010 622
1564020 622
1564030 620
1564040 618
1564050 621
1564060 621
1564070 630
1564080 640
1564090 640
1564100 648
1564110 655
1564120 655
1564130 658
1564140 653
1564150 653
1564160 649
1564170 646
1564180 646
1564190 649
1564200 656
1564210 663
1564220 663
1564230 663
1564240 665
1564250 665
1564260 659
1564270 655
1564280 655
1564290 655
1564300 652
1564310 652
1564320 650
1564330 647
1564340 647
1564350 646
1564360 640
1564370 640
1564380 640
1564390 642
1564400 646
1564410 646
1564420 647
1564430 645
1564440 645
1564450 646
1564460 645
1564470 645
1564480 644
1564490 647
1564500 647
1564510 649
1564520 649
1564530 650
1564540 650
1564550 653
1564560 657
1564570 657
1564580 661
1564590 663
1564600 663
1564610 663
1564620 663
1564630 663
1564640 664
1564650 664
1564660 664
1564670 663
1564680 662
1564690 661
1564700 661
1564710 664
1564720 666
1564730 666
1564740 667
1564750 671
1564760 671
1564770 677
1564780 683
1564790 683
1564800 688
1564810 691
1564820 691
1564830 695
1564840 698
1564850 699
1564860 699
1564870 700
1564880 701
1564890 701
1564900 703
1564910 706
1564920 706
1564930 709
1564940 713
1564950 713
1564960 717
1564970 723
1564980 723
1564990 730
1565000 736
1565010 736
1565020 742
1565030 749
1565040 755
1565050 755
1565060 756
1565070 757
1565080 757
1565090 758
1565100 759
1565110 759
1565120 762
1565130 766
1565140 766
1565150 770
1565160 772
1565170 772
1565180 775
1565190 780
1565200 786
1565210 786
1565220 792
1565230 800
1565240 800
1565250 807
1565260 811
1565270 811
1565280 813
1565290 814
1565300 814
1565310 816
1565320 821
1565330 821
1565340 826
1565350 830
1565360 834
1565370 834
1565380 837
1565390 840
1565400 840
1565410 846
1565420 853
1565430 853
1565440 859
1565450 863
1565460 863
1565470 865
1565480 865
1565490 865
1565500 863
1565510 863
1565520 864
1565530 864
1565540 864
1565550 864
1565560 864
1565570 864
1565580 863
1565590 863
1565600 862
1565610 861
1565620 861
1565630 858
1565640 854
1565650 854
1565660 850
1565670 847
1565680 842
1565690 842
1565700 837
1565710 835
1565720 835
1565730 831
1565740 825
1565750 825
1565760 821
1565770 817
1565780 817
1565790 813
1565800 810
1565810 810
1565820 806
1565830 802
1565840 798
1565850 798
1565860 796
1565870 794
1565880 794
1565890 792
1565900 789
1565910 789
1565920 786
1565930 785
1565940 785
1565950 781
1565960 777
1565970 777
1565980 773
1565990 770
1566000 767
1566010 767
1566020 764
1566030 761
1566040 761
1566050 759
1566060 757
1566070 757
1566080 755
1566090 753
1566100 753
1566110 752
1566120 750
1566130 750
1566140 749
1566150 747
1566160 746
1566170 746
1566180 745
1566190 744
1566200 744
1566210 744
1566220 744
1566230 744
1566240 743
1566250 744
1566260 744
1566270 744
1566280 744
1566290 744
1566300 743
1566310 741
1566320 741
1566330 739
1566340 736
1566350 734
1566360 734
1566370 734
1566380 735
1566390 735
1566400 735
1566410 735
1566420 735
1566430 737
1566440 739
1566450 739
1566460 740
1566470 741
1566480 741
1566490 742
1566500 741
1566510 741
1566520 741
1566530 740
1566540 739
1566550 739
1566560 739
1566570 738
1566580 738
1566590 737
1566600 736
1566610 736
1566620 736
1566630 735
1566640 735
1566650 735
1566660 734
1566670 733
1566680 733
1566690 732
1566700 731
1566710 731
1566720 729
1566730 728
1566740 728
1566750 727
1566760 726
1566770 726
1566780 725
1566790 724
1566800 724
1566810 723
1566820 722
1566830 721
1566840 721
1566850 720
1566860 720
1566870 720
1566880 719
1566890 718
1566900 718
1566910 718
1566920 717
1566930 717
1566940 716
1566950 715
1566960 715
1566970 714
1566980 713
1566990 712
1567000 712
1567010 712
1567020 711
1567030 711
1567040 710
1567050 709
1567060 709
1567070 707
1567080 705
1567090 705
1567100 703
1567110 702
1567120 702
1567130 701
1567140 699
1567150 698
1567160 698
1567170 697
1567180 696
1567190 696
1567200 696
1567210 695
1567220 695
1567230 695
1567240 694
1567250 694
1567260 695
1567270 694
1567280 694
1567290 693
1567300 691
1567310 689
1567320 689
1567330 687
1567340 686
1567350 686
1567360 685
1567370 684
1567380 684
1567390 682
1567400 679
1567410 679
1567420 676
1567430 675
1567440 675
1567450 674
1567460 673
1567470 671
1567480 671
1567490 668
1567500 667
1567510 667
1567520 664
1567530 659
1567540 659
1567550 654
1567560 651
1567570 651
1567580 650
1567590 648
1567600 648
1567610 647
1567620 646
1567630 646
1567640 646
1567650 645
1567660 645
1567670 645
1567680 645
1567690 648
1567700 648
1567710 651
1567720 653
1567730 653
1567740 655
1567750 659
1567760 659
1567770 665
1567780 667
1567790 667
1567800 668
1567810 668
1567820 669
1567830 669
1567840 671
1567850 672
1567860 672
1567870 673
1567880 672
1567890 672
1567900 671
1567910 667
1567920 667
1567930 664
1567940 661
1567950 661
1567960 658
1567970 655
1567980 653
1567990 653
1568000 650
1568010 649
1568020 649
1568030 649
1568040 650
1568050 650
1568060 650
1568070 651
1568080 651
1568090 653
1568100 654
1568110 654
1568120 656
1568130 658
1568140 661
1568150 661
1568160 665
1568170 667
1568180 667
1568190 670
1568200 672
1568210 672
1568220 674
1568230 677
1568240 677
1568250 678
1568260 679
1568270 679
1568280 679
1568290 680
1568300 680
1568310 680
1568320 681
1568330 681
1568340 681
1568350 683
1568360 682
1568370 682
1568380 681
1568390 681
1568400 681
1568410 680
1568420 679
1568430 679
1568440 678
1568450 677
1568460 676
1568470 676
1568480 674
1568490 673
1568500 673
1568510 672
1568520 670
1568530 670
1568540 669
1568550 668
1568560 668
1568570 668
1568580 667
1568590 667
1568600 666
1568610 665
1568620 665
1568630 665
1568640 664
1568650 664
1568660 664
1568670 664
1568680 664
1568690 664
1568700 664
1568710 663
1568720 663
1568730 662
1568740 662
1568750 662
1568760 662
1568770 661
1568780 660
1568790 660
1568800 660
1568810 660
1568820 660
1568830 658
1568840 657
1568850 657
1568860 655
1568870 654
1568880 654
1568890 651
1568900 647
1568910 647
1568920 643
1568930 642
1568940 642
1568950 640
1568960 636
1568970 639
1568980 639
1568990 634
1569000 629
1569010 629
1569020 626
1569030 625
1569040 625
1569050 624
1569060 623
1569070 623
1569080 622
1569090 621
1569100 621
1569110 620
1569120 620
1569130 619
1569140 619
1569150 618
1569160 617
1569170 617
1569180 616
1569190 615
1569200 615
1569210 614
1569220 613
1569230 613
1569240 612
1569250 611
1569260 611
1569270 609
1569280 608
1569290 607
1569300 607
1569310 607
1569320 607
1569330 607
1569340 606
1569350 605
1569360 605
1569370 604
1569380 602
1569390 602
1569400 601
1569410 600
1569420 600
1569430 600
1569440 599
1569450 599
1569460 599
1569470 598
1569480 597
1569490 597
1569500 596
1569510 596
1569520 596
1569530 595
1569540 595
1569550 595
1569560 594
1569570 594
1569580 594
1569590 594
1569600 593
1569610 593
1569620 593
1569630 593
1569640 592
1569650 592
1569660 592
1569670 591
1569680 591
1569690 591
1569700 590
1569710 590
1569720 589
1569730 589
1569740 589
1569750 588
1569760 588
1569770 587
1569780 587
1569790 586
1569800 586
1569810 586
1569820 585
1569830 585
1569840 585
1569850 584
1569860 583
1569870 583
1569880 583
1569890 583
1569900 583
1569910 582
1569920 582
1569930 582
1569940 582
1569950 582
1569960 582
1569970 582
1569980 582
1569990 582
1570000 582
1570010 582
1570020 581
1570030 581
1570040 581
1570050 581
1570060 581
1570070 581
1570080 581
1570090 581
1570100 581
1570110 583
1570120 583
1570130 583
1570140 583
1570150 583
1570160 583
1570170 583
1570180 583
1570190 583
1570200 583
1570210 583
1570220 583
1570230 583
1570240 583
1570250 583
1570260 583
1570270 583
1570280 584
1570290 584
1570300 583
1570310 583
1570320 583
1570330 584
1570340 584
1570350 584
1570360 584
1570370 584
1570380 584
1570390 584
1570400 584
1570410 584
1570420 584
1570430 584
1570440 584
1570450 584
1570460 584
1570470 584
1570480 584
1570490 584
1570500 585
1570510 585
1570520 585
1570530 586
1570540 586
1570550 586
1570560 586
1570570 586
1570580 586
1570590 587
1570600 588
1570610 588
1570620 589
1570630 589
1570640 589
1570650 590
1570660 591
1570670 591
1570680 592
1570690 593
1570700 593
1570710 593
1570720 594
1570730 594
1570740 594
1570750 594
1570760 595
1570770 595
1570780 597
1570790 598
1570800 598
1570810 597
1570820 598
1570830 598
1570840 598
1570850 598
1570860 598
1570870 598
1570880 599
1570890 599
1570900 600
1570910 602
1570920 604
1570930 604
1570940 606
1570950 608
1570960 608
1570970 610
1570980 611
1570990 611
1571000 612
1571010 613
1571020 613
1571030 614
1571040 614
1571050 614
1571060 614
1571070 614
1571080 614
1571090 614
1571100 614
1571110 614
1571120 614
1571130 614
1571140 614
1571150 614
1571160 614
1571170 614
1571180 614
1571190 614
1571200 614
1571210 614
1571220 615
1571230 616
1571240 619
1571250 619
1571260 621
1571270 623
1571280 623
1571290 623
1571300 624
1571310 624
1571320 625
1571330 626
1571340 626
1571350 625
1571360 624
1571370 624
1571380 623
1571390 623
1571400 623
1571410 625
1571420 626
1571430 628
1571440 628
1571450 630
1571460 632
1571470 632
1571480 632
1571490 633
1571500 633
1571510 631
1571520 628
1571530 628
1571540 625
1571550 623
1571560 623
1571570 625
1571580 630
1571590 634
1571600 634
1571610 639
1571620 644
1571630 644
1571640 648
1571650 649
1571660 649
1571670 649
1571680 649
1571690 649
1571700 649
1571710 649
1571720 649
1571730 650
1571740 650
1571750 651
1571760 651
1571770 652
1571780 653
1571790 653
1571800 653
1571810 654
1571820 654
1571830 654
1571840 654
1571850 654
1571860 654
1571870 654
1571880 654
1571890 655
1571900 655
1571910 656
1571920 656
1571930 656
1571940 656
1571950 656
1571960 656
1571970 656
1571980 656
1571990 653
1572000 645
1572010 645
1572020 640
1572030 635
1572040 635
1572050 632
1572060 629
1572070 628
1572080 628
1572090 627
1572100 625
1572110 625
1572120 625
1572130 625
1572140 625
1572150 625
1572160 624
1572170 624
1572180 624
1572190 624
1572200 624
1572210 623
1572220 623
1572230 623
1572240 623
1572250 623
1572260 622
1572270 622
1572280 622
1572290 623
1572300 623
1572310 623
1572320 623
1572330 623
1572340 623
1572350 623
1572360 623
1572370 623
1572380 623
1572390 623
1572400 623
1572410 623
1572420 623
1572430 623
1572440 623
1572450 624
1572460 624
1572470 624
1572480 625
1572490 625
1572500 625
1572510 626
1572520 626
1572530 624
1572540 622
1572550 618
1572560 618
1572570 615
1572580 613
1572590 613
1572600 611
1572610 613
1572620 613
1572630 616
1572640 619
1572650 619
1572660 621
1572670 621
1572680 621
1572690 621
1572700 620
1572710 620
1572720 620
1572730 619
1572740 619
1572750 619
1572760 619
1572770 619
1572780 619
1572790 619
1572800 619
1572810 619
1572820 618
1572830 617
1572840 617
1572850 616
1572860 615
1572870 615
1572880 613
1572890 612
1572900 611
1572910 611
1572920 611
1572930 612
1572940 612
1572950 613
1572960 615
1572970 615
1572980 617
1572990 618
1573000 618
1573010 620
1573020 621
1573030 621
1573040 622
1573050 622
1573060 623
1573070 623
1573080 623
1573090 624
1573100 624
1573110 625
1573120 625
1573130 625
1573140 625
1573150 625
1573160 625
1573170 626
1573180 627
1573190 627
1573200 628
1573210 629
1573220 630
1573230 630
1573240 631
1573250 632
1573260 632
1573270 633
1573280 634
1573290 634
1573300 634
1573310 635
1573320 635
1573330 634
1573340 634
1573350 634
1573360 634
1573370 634
1573380 635
1573390 635
1573400 635
1573410 636
1573420 636
1573430 636
1573440 637
1573450 637
1573460 636
1573470 635
1573480 635
1573490 634
1573500 634
1573510 634
1573520 633
1573530 632
1573540 631
1573550 631
1573560 630
1573570 627
1573580 627
1573590 625
1573600 624
1573610 624
1573620 622
1573630 621
1573640 621
1573650 619
1573660 617
1573670 617
1573680 616
1573690 614
1573700 613
1573710 613
1573720 611
1573730 610
1573740 610
1573750 610
1573760 609
1573770 609
1573780 609
1573790 608
1573800 608
1573810 608
1573820 607
1573830 607
1573840 607
1573850 607
1573860 608
1573870 608
1573880 608
1573890 608
1573900 608
1573910 607
1573920 607
1573930 607
1573940 607
1573950 606
1573960 606
1573970 606
1573980 605
1573990 605
1574000 605
1574010 604
1574020 604
1574030 604
1574040 603
1574050 603
1574060 603
1574070 603
1574080 602
1574090 602
1574100 602
1574110 602
1574120 602
1574130 601
1574140 601
1574150 601
1574160 601
1574170 601
1574180 601
1574190 601
1574200 601
1574210 601
1574220 601
1574230 601
1574240 601
1574250 601
1574260 601
1574270 601
1574280 601
1574290 601
1574300 602
1574310 602
1574320 602
1574330 602
1574340 602
1574350 601
1574360 601
1574370 601
1574380 601
1574390 601
1574400 598
1574410 598
1574420 594
1574430 594
1574440 594
1574450 596
1574460 599
1574470 599
1574480 599
1574490 599
1574500 599
1574510 598
1574520 598
1574530 597
1574540 597
1574550 597
1574560 596
1574570 596
1574580 596
1574590 595
1574600 595
1574610 595
1574620 594
1574630 594
1574640 592
1574650 591
1574660 591
1574670 590
1574680 589
1574690 588
1574700 588
1574710 587
1574720 586
1574730 587
1574740 586
1574750 586
1574760 586
1574770 585
1574780 585
1574790 585
1574800 584
1574810 583
1574820 583
1574830 583
1574840 582
1574850 582
1574860 582
1574870 581
1574880 581
1574890 581
1574900 581
1574910 580
1574920 580
1574930 579
1574940 578
1574950 578
1574960 577
1574970 575
1574980 575
1574990 573
1575000 572
1575010 570
1575020 570
1575030 570
1575040 569
1575050 569
1575060 568
1575070 568
1575080 568
1575090 568
1575100 568
1575110 568
1575120 568
1575130 567
1575140 567
1575150 567
1575160 566
1575170 566
1575180 566
1575190 566
1575200 565
1575210 565
1575220 565
1575230 564
1575240 564
1575250 563
1575260 563
1575270 563
1575280 562
1575290 561
1575300 561
1575310 561
1575320 561
1575330 561
1575340 561
1575350 560
1575360 559
1575370 559
1575380 559
1575390 558
1575400 558
1575410 558
1575420 558
1575430 558
1575440 557
1575450 556
1575460 556
1575470 556
1575480 556
1575490 556
1575500 556
1575510 556
1575520 556
1575530 556
1575540 556
1575550 556
1575560 556
1575570 556
1575580 556
1575590 556
1575600 556
1575610 556
1575620 556
1575630 556
1575640 556
1575650 556
1575660 557
1575670 557
1575680 557
1575690 557
1575700 557
1575710 557
1575720 557
1575730 556
1575740 556
1575750 556
1575760 556
1575770 555
1575780 555
1575790 555
1575800 555
1575810 555
1575820 555
1575830 555
1575840 555
1575850 555
1575860 555
1575870 555
1575880 555
1575890 555
1575900 555
1575910 555
1575920 555
1575930 555
1575940 555
1575950 555
1575960 555
1575970 555
1575980 555
1575990 555
1576000 555
1576010 555
1576020 555
1576030 555
1576040 555
1576050 555
1576060 556
1576070 556
1576080 557
1576090 558
1576100 558
1576110 558
1576120 559
1576130 559
1576140 560
1576150 561
1576160 561
1576170 561
1576180 561
1576190 561
1576200 561
1576210 561
1576220 561
1576230 561
1576240 562
1576250 562
1576260 562
1576270 562
1576280 562
1576290 562
1576300 562
1576310 562
1576320 562
1576330 562
1576340 562
1576350 561
1576360 561
1576370 561
1576380 560
1576390 560
1576400 560
1576410 559
1576420 559
1576430 559
1576440 558
1576450 558
1576460 558
1576470 557
1576480 556
1576490 556
1576500 556
1576510 555
1576520 555
1576530 555
1576540 554
1576550 554
1576560 554
1576570 554
1576580 554
1576590 554
1576600 554
1576610 554
1576620 554
1576630 554
1576640 554
1576650 554
1576660 554
1576670 554
1576680 554
1576690 554
1576700 554
1576710 554
1576720 554
1576730 554
1576740 554
1576750 554
1576760 554
1576770 554
1576780 554
1576790 554
1576800 554
1576810 555
1576820 555
1576830 556
1576840 556
1576850 557
1576860 557
1576870 557
1576880 557
1576890 557
1576900 557
1576910 557
1576920 557
1576930 557
1576940 556
1576950 556
1576960 556
1576970 556
1576980 555
1576990 555
1577000 555
1577010 554
1577020 554
1577030 554
1577040 554
1577050 554
1577060 554
1577070 554
1577080 553
1577090 553
1577100 552
1577110 552
1577120 552
1577130 552
1577140 552
1577150 552
1577160 552
1577170 552
1577180 552
1577190 552
1577200 552
1577210 552
1577220 552
1577230 552
1577240 552
1577250 552
1577260 552
1577270 552
1577280 552
1577290 552
1577300 552
1577310 552
1577320 552
1577330 552
1577340 552
1577350 552
1577360 552
1577370 552
1577380 552
1577390 552
1577400 552
1577410 552
1577420 552
1577430 552
1577440 552
1577450 552
1577460 552
1577470 552
1577480 552
1577490 552
1577500 552
1577510 552
1577520 552
1577530 552
1577540 552
1577550 552
1577560 552
1577570 552
1577580 552
1577590 552
1577600 552
1577610 552
1577620 552
1577630 552
1577640 552
1577650 552
1577660 552
1577670 552
1577680 552
1577690 552
1577700 552
1577710 552
1577720 552
1577730 552
1577740 552
1577750 552
1577760 552
1577770 552
1577780 552
1577790 552
1577800 552
1577810 552
1577820 552
1577830 552
1577840 552
1577850 552
1577860 552
1577870 552
1577880 553
1577890 553
1577900 555
1577910 558
1577920 558
1577930 559
1577940 559
1577950 559
1577960 559
1577970 559
1577980 560
1577990 560
1578000 561
1578010 562
1578020 562
1578030 563
1578040 564
1578050 564
1578060 565
1578070 566
1578080 566
1578090 567
1578100 568
1578110 568
1578120 569
1578130 570
1578140 571
1578150 571
1578160 572
1578170 573
1578180 573
1578190 573
1578200 574
1578210 574
1578220 575
1578230 576
1578240 576
1578250 577
1578260 577
1578270 577
1578280 578
1578290 580
1578300 581
1578310 581
1578320 581
1578330 582
1578340 582
1578350 582
1578360 583
1578370 583
1578380 583
1578390 584
1578400 584
1578410 584
1578420 584
1578430 584
1578440 584
1578450 583
1578460 583
1578470 583
1578480 583
1578490 583
1578500 583
1578510 583
1578520 583
1578530 583
1578540 583
1578550 583
1578560 583
1578570 582
1578580 582
1578590 582
1578600 582
1578610 582
1578620 581
1578630 581
1578640 581
1578650 581
1578660 581
1578670 581
1578680 581
1578690 581
1578700 579
1578710 578
1578720 578
1578730 578
1578740 577
1578750 577
1578760 576
1578770 575
1578780 574
1578790 574
1578800 574
1578810 573
1578820 573
1578830 573
1578840 573
1578850 573
1578860 573
1578870 573
1578880 573
1578890 572
1578900 572
1578910 572
1578920 572
1578930 571
1578940 570
1578950 570
1578960 569
1578970 568
1578980 568
1578990 567
1579000 567
1579010 567
1579020 566
1579030 565
1579040 565
1579050 564
1579060 564
1579070 564
1579080 563
1579090 560
1579100 558
1579110 558
1579120 555
1579130 553
1579140 553
1579150 552
1579160 552
1579170 552
1579180 551
1579190 551
1579200 551
1579210 551
1579220 550
1579230 550
1579240 550
1579250 550
1579260 550
1579270 551
1579280 551
1579290 550
1579300 550
1579310 550
1579320 551
1579330 551
1579340 551
1579350 550
1579360 550
1579370 550
1579380 550
1579390 550
1579400 550
1579410 550
1579420 550
1579430 549
1579440 549
1579450 549
1579460 549
1579470 549
1579480 549
1579490 549
1579500 550
1579510 550
1579520 550
1579530 550
1579540 550
1579550 550
1579560 550
1579570 550
1579580 550
1579590 550
1579600 550
1579610 550
1579620 550
1579630 550
1579640 550
1579650 550
1579660 550
1579670 550
1579680 550
1579690 550
1579700 551
1579710 551
1579720 551
1579730 551
1579740 551
1579750 551
1579760 551
1579770 551
1579780 551
1579790 551
1579800 551
1579810 551
1579820 551
1579830 551
1579840 551
1579850 551
1579860 551
1579870 551
1579880 551
1579890 551
1579900 551
1579910 551
1579920 551
1579930 551
1579940 551
1579950 551
1579960 551
1579970 551
1579980 550
1579990 550
