1560000 782
1560010 782
1560020 780
1560030 775
1560040 775
1560050 772
1560060 768
1560070 768
1560080 765
1560090 763
1560100 763
1560110 760
1560120 757
1560130 753
1560140 753
1560150 749
1560160 746
1560170 746
1560180 744
1560190 741
1560200 741
1560210 738
1560220 734
1560230 734
1560240 731
1560250 729
1560260 729
1560270 726
1560280 729
1560290 729
1560300 726
1560310 723
1560320 719
1560330 719
1560340 716
1560350 715
1560360 715
1560370 711
1560380 705
1560390 705
1560400 698
1560410 692
1560420 692
1560430 682
1560440 669
1560450 669
1560460 673
1560470 683
1560480 684
1560490 684
1560500 680
1560510 675
1560520 675
1560530 667
1560540 659
1560550 659
1560560 653
1560570 649
1560580 649
1560590 649
1560600 647
1560610 647
1560620 648
1560630 651
1560640 654
1560650 654
1560660 652
1560670 646
1560680 646
1560690 640
1560700 636
1560710 636
1560720 633
1560730 632
1560740 632
1560750 632
1560760 631
1560770 631
1560780 628
1560790 627
1560800 626
1560810 626
1560820 623
1560830 620
1560840 620
1560850 618
1560860 616
1560870 616
1560880 610
1560890 612
1560900 612
1560910 615
1560920 615
1560930 615
1560940 616
1560950 614
1560960 611
1560970 611
1560980 610
1560990 610
1561000 610
1561010 612
1561020 614
1561030 614
1561040 614
1561050 614
1561060 614
1561070 611
1561080 611
1561090 611
1561100 613
1561110 611
1561120 604
1561130 604
1561140 599
1561150 600
1561160 600
1561170 602
1561180 599
1561190 599
1561200 597
1561210 598
1561220 598
1561230 597
1561240 596
1561250 596
1561260 593
1561270 595
1561280 595
1561290 595
1561300 595
1561310 595
1561320 595
1561330 595
1561340 592
1561350 592
1561360 597
1561370 601
1561380 601
1561390 601
1561400 602
1561410 602
1561420 602
1561430 603
1561440 603
1561450 601
1561460 601
1561470 598
1561480 598
1561490 595
1561500 597
1561510 597
1561520 598
1561530 597
1561540 597
1561550 595
1561560 594
1561570 594
1561580 596
1561590 600
1561600 600
1561610 601
1561620 601
1561630 604
1561640 604
1561650 600
1561660 602
1561670 602
1561680 604
1561690 610
1561700 610
1561710 612
1561720 609
1561730 609
1561740 611
1561750 613
1561760 613
1561770 612
1561780 611
1561790 611
1561800 611
1561810 610
1561820 610
1561830 610
1561840 611
1561850 611
1561860 611
1561870 612
1561880 613
1561890 613
1561900 614
1561910 619
1561920 629
1561930 632
1561940 631
1561950 630
1561960 630
1561970 633
1561980 634
1561990 634
1562000 632
1562010 627
1562020 627
1562030 628
1562040 628
1562050 628
1562060 632
1562070 638
1562080 638
1562090 641
1562100 643
1562110 643
1562120 644
1562130 645
1562140 646
1562150 646
1562160 646
1562170 645
1562180 645
1562190 650
1562200 653
1562210 653
1562220 656
1562230 659
1562240 659
1562250 662
1562260 667
1562270 667
1562280 674
1562290 680
1562300 683
1562310 683
1562320 685
1562330 686
1562340 686
1562350 687
1562360 689
1562370 689
1562380 691
1562390 692
1562400 692
1562410 694
1562420 698
1562430 698
1562440 701
1562450 704
1562460 704
1562470 704
1562480 700
1562490 693
1562500 693
1562510 690
1562520 685
1562530 685
1562540 678
1562550 674
1562560 674
1562570 676
1562580 680
1562590 680
1562600 685
1562610 689
1562620 695
1562630 695
1562640 702
1562650 710
1562660 710
1562670 717
1562680 725
1562690 725
1562700 732
1562710 738
1562720 738
1562730 742
1562740 744
1562750 744
1562760 745
1562770 746
1562780 747
1562790 747
1562800 747
1562810 748
1562820 748
1562830 748
1562840 748
1562850 748
1562860 748
1562870 750
1562880 750
1562890 754
1562900 754
1562910 754
1562920 752
1562930 750
1562940 750
1562950 746
1562960 744
1562970 743
1562980 743
1562990 743
1563000 742
1563010 742
1563020 741
1563030 740
1563040 740
1563050 738
1563060 738
1563070 738
1563080 739
1563090 741
1563100 741
1563110 744
1563120 745
1563130 745
1563140 745
1563150 744
1563160 742
1563170 742
1563180 740
1563190 739
1563200 739
1563210 738
1563220 737
1563230 737
1563240 737
1563250 736
1563260 736
1563270 735
1563280 735
1563290 736
1563300 736
1563310 736
1563320 737
1563330 737
1563340 738
1563350 739
1563360 739
1563370 741
1563380 742
1563390 742
1563400 743
1563410 744
1563420 744
1563430 744
1563440 742
1563450 741
1563460 741
1563470 740
1563480 741
1563490 741
1563500 742
1563510 744
1563520 744
1563530 746
1563540 750
1563550 750
1563560 752
1563570 753
1563580 753
1563590 754
1563600 754
1563610 754
1563620 754
1563630 753
1563640 752
1563650 752
1563660 752
1563670 750
1563680 750
1563690 749
1563700 747
1563710 747
1563720 746
1563730 746
1563740 746
1563750 747
1563760 746
1563770 745
1563780 745
1563790 742
1563800 739
1563810 739
1563820 738
1563830 738
1563840 738
1563850 738
1563860 739
1563870 739
1563880 738
1563890 735
1563900 735
1563910 731
1563920 726
1563930 726
1563940 722
1563950 721
1563960 719
1563970 719
1563980 716
1563990 715
1564000 715
1564010 711
1564020 710
1564030 710
1564040 712
1564050 712
1564060 712
1564070 711
1564080 708
1564090 708
1564100 704
1564110 698
1564120 695
1564130 695
1564140 690
1564150 684
1564160 684
1564170 679
1564180 673
1564190 673
1564200 669
1564210 665
1564220 665
1564230 663
1564240 659
1564250 659
1564260 649
1564270 638
1564280 631
1564290 631
1564300 623
1564310 614
1564320 614
1564330 609
1564340 605
1564350 605
1564360 603
1564370 595
1564380 595
1564390 590
1564400 586
1564410 586
1564420 584
1564430 580
1564440 576
1564450 576
1564460 572
1564470 569
1564480 569
1564490 566
1564500 563
1564510 563
1564520 560
1564530 557
1564540 557
1564550 555
1564560 552
1564570 552
1564580 549
1564590 547
1564600 547
1564610 547
1564620 545
1564630 543
1564640 543
1564650 542
1564660 541
1564670 541
1564680 540
1564690 539
1564700 539
1564710 538
1564720 537
1564730 537
1564740 535
1564750 535
1564760 535
1564770 535
1564780 536
1564790 536
1564800 536
1564810 535
1564820 534
1564830 534
1564840 534
1564850 533
1564860 533
1564870 528
1564880 526
1564890 526
1564900 526
1564910 525
1564920 525
1564930 525
1564940 525
1564950 525
1564960 525
1564970 525
1564980 524
1564990 524
1565000 524
1565010 524
1565020 524
1565030 523
1565040 523
1565050 523
1565060 523
1565070 523
1565080 523
1565090 523
1565100 523
1565110 523
1565120 523
1565130 523
1565140 523
1565150 523
1565160 523
1565170 524
1565180 524
1565190 525
1565200 527
1565210 527
1565220 530
1565230 533
1565240 533
1565250 535
1565260 537
1565270 536
1565280 536
1565290 534
1565300 533
1565310 533
1565320 532
1565330 530
1565340 530
1565350 529
1565360 528
1565370 528
1565380 528
1565390 527
1565400 527
1565410 527
1565420 526
1565430 526
1565440 526
1565450 526
1565460 525
1565470 525
1565480 525
1565490 525
1565500 525
1565510 525
1565520 525
1565530 525
1565540 524
1565550 523
1565560 523
1565570 523
1565580 523
1565590 523
1565600 522
1565610 522
1565620 521
1565630 521
1565640 521
1565650 521
1565660 521
1565670 521
1565680 521
1565690 521
1565700 520
1565710 519
1565720 519
1565730 519
1565740 519
1565750 519
1565760 520
1565770 520
1565780 521
1565790 521
1565800 521
1565810 523
1565820 523
1565830 523
1565840 524
1565850 524
1565860 524
1565870 525
1565880 525
1565890 525
1565900 524
1565910 524
1565920 524
1565930 523
1565940 523
1565950 523
1565960 523
1565970 523
1565980 523
1565990 523
1566000 523
1566010 523
1566020 523
1566030 522
1566040 522
1566050 520
1566060 520
1566070 520
1566080 519
1566090 519
1566100 518
1566110 518
1566120 518
1566130 517
1566140 517
1566150 517
1566160 516
1566170 516
1566180 516
1566190 515
1566200 515
1566210 515
1566220 515
1566230 515
1566240 515
1566250 515
1566260 515
1566270 515
1566280 516
1566290 516
1566300 516
1566310 516
1566320 516
1566330 516
1566340 516
1566350 516
1566360 516
1566370 516
1566380 516
1566390 516
1566400 516
1566410 516
1566420 516
1566430 516
1566440 516
1566450 516
1566460 516
1566470 516
1566480 516
1566490 516
1566500 516
1566510 517
1566520 517
1566530 517
1566540 516
1566550 516
1566560 516
1566570 516
1566580 516
1566590 516
1566600 516
1566610 516
1566620 516
1566630 516
1566640 516
1566650 516
1566660 517
1566670 516
1566680 516
1566690 517
1566700 517
1566710 517
1566720 517
1566730 517
1566740 517
1566750 517
1566760 517
1566770 517
1566780 517
1566790 517
1566800 517
1566810 517
1566820 518
1566830 518
1566840 518
1566850 518
1566860 518
1566870 518
1566880 518
1566890 518
1566900 518
1566910 518
1566920 518
1566930 518
1566940 518
1566950 518
1566960 518
1566970 518
1566980 518
1566990 518
1567000 518
1567010 518
1567020 518
1567030 518
1567040 518
1567050 518
1567060 518
1567070 518
1567080 518
1567090 518
1567100 518
1567110 518
1567120 518
1567130 518
1567140 518
1567150 518
1567160 518
1567170 518
1567180 518
1567190 518
1567200 518
1567210 518
1567220 518
1567230 519
1567240 519
1567250 519
1567260 519
1567270 519
1567280 520
1567290 520
1567300 520
1567310 520
1567320 520
1567330 521
1567340 521
1567350 521
1567360 522
1567370 522
1567380 522
1567390 523
1567400 524
1567410 524
1567420 525
1567430 527
1567440 528
1567450 528
1567460 530
1567470 534
1567480 534
1567490 535
1567500 536
1567510 536
1567520 537
1567530 538
1567540 538
1567550 539
1567560 539
1567570 539
1567580 539
1567590 539
1567600 540
1567610 540
1567620 540
1567630 541
1567640 541
1567650 541
1567660 542
1567670 542
1567680 544
1567690 547
1567700 547
1567710 550
1567720 553
1567730 553
1567740 559
1567750 565
1567760 571
1567770 571
1567780 576
1567790 581
1567800 581
1567810 587
1567820 592
1567830 592
1567840 596
1567850 600
1567860 600
1567870 603
1567880 607
1567890 607
1567900 610
1567910 613
1567920 616
1567930 616
1567940 620
1567950 624
1567960 624
1567970 629
1567980 631
1567990 631
1568000 632
1568010 634
1568020 634
1568030 635
1568040 637
1568050 637
1568060 639
1568070 640
1568080 640
1568090 640
1568100 641
1568110 643
1568120 643
1568130 647
1568140 650
1568150 650
1568160 651
1568170 651
1568180 651
1568190 648
1568200 650
1568210 650
1568220 653
1568230 653
1568240 652
1568250 652
1568260 653
1568270 653
1568280 653
1568290 654
1568300 656
1568310 656
1568320 657
1568330 658
1568340 658
1568350 659
1568360 658
1568370 658
1568380 658
1568390 658
1568400 658
1568410 658
1568420 659
1568430 659
1568440 659
1568450 660
1568460 660
1568470 660
1568480 661
1568490 662
1568500 662
1568510 662
1568520 663
1568530 663
1568540 663
1568550 663
1568560 663
1568570 664
1568580 665
1568590 665
1568600 665
1568610 665
1568620 666
1568630 666
1568640 666
1568650 666
1568660 666
1568670 666
1568680 665
1568690 665
1568700 663
1568710 660
1568720 660
1568730 655
1568740 653
1568750 651
1568760 651
1568770 649
1568780 647
1568790 647
1568800 646
1568810 646
1568820 646
1568830 643
1568840 641
1568850 641
1568860 640
1568870 639
1568880 639
1568890 641
1568900 640
1568910 637
1568920 637
1568930 635
1568940 634
1568950 634
1568960 634
1568970 635
1568980 635
1568990 634
1569000 633
1569010 633
1569020 632
1569030 632
1569040 632
1569050 631
1569060 631
1569070 633
1569080 633
1569090 634
1569100 635
1569110 635
1569120 634
1569130 634
1569140 634
1569150 634
1569160 634
1569170 634
1569180 633
1569190 632
1569200 632
1569210 634
1569220 636
1569230 636
1569240 638
1569250 639
1569260 640
1569270 640
1569280 639
1569290 638
1569300 638
1569310 638
1569320 639
1569330 639
1569340 639
1569350 641
1569360 641
1569370 642
1569380 643
1569390 643
1569400 643
1569410 643
1569420 643
1569430 643
1569440 643
1569450 642
1569460 642
1569470 642
1569480 641
1569490 641
1569500 641
1569510 640
1569520 640
1569530 640
1569540 640
1569550 640
1569560 640
1569570 640
1569580 639
1569590 639
1569600 639
1569610 638
1569620 638
1569630 638
1569640 638
1569650 638
1569660 637
1569670 636
1569680 638
1569690 638
1569700 636
1569710 636
1569720 635
1569730 634
1569740 632
1569750 632
1569760 630
1569770 628
1569780 628
1569790 626
1569800 623
1569810 623
1569820 621
1569830 619
1569840 619
1569850 619
1569860 619
1569870 619
1569880 618
1569890 615
1569900 611
1569910 611
1569920 607
1569930 604
1569940 604
1569950 602
1569960 601
1569970 601
1569980 599
1569990 598
1570000 598
1570010 597
1570020 594
1570030 594
1570040 591
1570050 588
1570060 588
1570070 586
1570080 585
1570090 584
1570100 584
1570110 584
1570120 584
1570130 584
1570140 584
1570150 583
1570160 583
1570170 583
1570180 582
1570190 582
1570200 582
1570210 581
1570220 581
1570230 581
1570240 581
1570250 580
1570260 580
1570270 580
1570280 580
1570290 580
1570300 579
1570310 579
1570320 579
1570330 578
1570340 576
1570350 576
1570360 575
1570370 574
1570380 574
1570390 573
1570400 573
1570410 572
1570420 572
1570430 572
1570440 572
1570450 572
1570460 571
1570470 570
1570480 570
1570490 569
1570500 569
1570510 569
1570520 569
1570530 568
1570540 568
1570550 568
1570560 567
1570570 567
1570580 567
1570590 567
1570600 567
1570610 567
1570620 567
1570630 567
1570640 567
1570650 567
1570660 567
1570670 567
1570680 567
1570690 567
1570700 567
1570710 567
1570720 567
1570730 567
1570740 567
1570750 567
1570760 567
1570770 567
1570780 567
1570790 567
1570800 567
1570810 567
1570820 567
1570830 567
1570840 567
1570850 567
1570860 567
1570870 566
1570880 566
1570890 566
1570900 566
1570910 566
1570920 565
1570930 565
1570940 565
1570950 565
1570960 565
1570970 565
1570980 565
1570990 565
1571000 564
1571010 564
1571020 564
1571030 564
1571040 564
1571050 564
1571060 564
1571070 563
1571080 563
1571090 563
1571100 562
1571110 562
1571120 562
1571130 561
1571140 561
1571150 561
1571160 561
1571170 561
1571180 561
1571190 561
1571200 560
1571210 560
1571220 560
1571230 560
1571240 561
1571250 561
1571260 561
1571270 562
1571280 562
1571290 562
1571300 562
1571310 562
1571320 563
1571330 564
1571340 564
1571350 564
1571360 565
1571370 565
1571380 565
1571390 565
1571400 565
1571410 565
1571420 565
1571430 565
1571440 565
1571450 565
1571460 565
1571470 565
1571480 565
1571490 565
1571500 565
1571510 565
1571520 563
1571530 563
1571540 561
1571550 559
1571560 558
1571570 558
1571580 558
1571590 557
1571600 557
1571610 557
1571620 557
1571630 557
1571640 557
1571650 557
1571660 557
1571670 557
1571680 557
1571690 557
1571700 557
1571710 560
1571720 563
1571730 563
1571740 563
1571750 562
1571760 562
1571770 564
1571780 565
1571790 565
1571800 566
1571810 568
1571820 568
1571830 570
1571840 572
1571850 572
1571860 573
1571870 575
1571880 575
1571890 578
1571900 579
1571910 580
1571920 580
1571930 581
1571940 582
1571950 582
1571960 583
1571970 584
1571980 584
1571990 585
1572000 586
1572010 586
1572020 587
1572030 588
1572040 588
1572050 589
1572060 591
1572070 592
1572080 592
1572090 594
1572100 597
1572110 597
1572120 599
1572130 600
1572140 600
1572150 602
1572160 603
1572170 603
1572180 605
1572190 606
1572200 606
1572210 608
1572220 609
1572230 610
1572240 610
1572250 612
1572260 613
1572270 613
1572280 614
1572290 614
1572300 614
1572310 615
1572320 615
1572330 615
1572340 616
1572350 616
1572360 616
1572370 615
1572380 615
1572390 615
1572400 615
1572410 615
1572420 615
1572430 615
1572440 615
1572450 615
1572460 615
1572470 615
1572480 615
1572490 615
1572500 615
1572510 615
1572520 615
1572530 616
1572540 617
1572550 617
1572560 617
1572570 618
1572580 618
1572590 619
1572600 619
1572610 619
1572620 619
1572630 619
1572640 619
1572650 619
1572660 619
1572670 619
1572680 619
1572690 619
1572700 619
1572710 619
1572720 619
1572730 619
1572740 619
1572750 619
1572760 619
1572770 619
1572780 619
1572790 619
1572800 619
1572810 619
1572820 619
1572830 619
1572840 619
1572850 619
1572860 619
1572870 619
1572880 619
1572890 619
1572900 619
1572910 619
1572920 619
1572930 618
1572940 618
1572950 618
1572960 619
1572970 619
1572980 619
1572990 619
1573000 619
1573010 619
1573020 620
1573030 620
1573040 620
1573050 620
1573060 620
1573070 620
1573080 620
1573090 620
1573100 620
1573110 620
1573120 620
1573130 620
1573140 620
1573150 619
1573160 619
1573170 619
1573180 619
1573190 619
1573200 618
1573210 618
1573220 618
1573230 618
1573240 618
1573250 618
1573260 618
1573270 618
1573280 618
1573290 618
1573300 618
1573310 618
1573320 618
1573330 618
1573340 618
1573350 618
1573360 618
1573370 618
1573380 618
1573390 618
1573400 618
1573410 619
1573420 619
1573430 619
1573440 619
1573450 619
1573460 619
1573470 619
1573480 619
1573490 619
1573500 619
1573510 619
1573520 619
1573530 619
1573540 619
1573550 619
1573560 619
1573570 619
1573580 619
1573590 619
1573600 620
1573610 620
1573620 620
1573630 619
1573640 619
1573650 618
1573660 617
1573670 617
1573680 616
1573690 616
1573700 616
1573710 615
1573720 614
1573730 613
1573740 613
1573750 612
1573760 611
1573770 611
1573780 610
1573790 609
1573800 609
1573810 608
1573820 606
1573830 606
1573840 605
1573850 603
1573860 603
1573870 602
1573880 600
1573890 599
1573900 599
1573910 598
1573920 596
1573930 596
1573940 595
1573950 594
1573960 594
1573970 593
1573980 592
1573990 592
1574000 592
1574010 592
1574020 592
1574030 592
1574040 592
1574050 592
1574060 592
1574070 592
1574080 592
1574090 592
1574100 592
1574110 592
1574120 592
1574130 592
1574140 592
1574150 592
1574160 592
1574170 592
1574180 592
1574190 592
1574200 592
1574210 592
1574220 592
1574230 592
1574240 592
1574250 592
1574260 592
1574270 592
1574280 592
1574290 592
1574300 592
1574310 592
1574320 592
1574330 592
1574340 592
1574350 592
1574360 592
1574370 592
1574380 592
1574390 592
1574400 592
1574410 592
1574420 592
1574430 592
1574440 592
1574450 592
1574460 592
1574470 592
1574480 592
1574490 592
1574500 592
1574510 592
1574520 592
1574530 592
1574540 592
1574550 592
1574560 592
1574570 592
1574580 592
1574590 592
1574600 592
1574610 592
1574620 592
1574630 592
1574640 593
1574650 594
1574660 594
1574670 595
1574680 597
1574690 597
1574700 597
1574710 598
1574720 601
1574730 601
1574740 604
1574750 605
1574760 605
1574770 607
1574780 609
1574790 609
1574800 611
1574810 615
1574820 615
1574830 620
1574840 626
1574850 626
1574860 631
1574870 633
1574880 635
1574890 635
1574900 638
1574910 639
1574920 639
1574930 640
1574940 641
1574950 641
1574960 642
1574970 642
1574980 642
1574990 642
1575000 642
1575010 642
1575020 642
1575030 641
1575040 641
1575050 641
1575060 640
1575070 639
1575080 639
1575090 639
1575100 638
1575110 638
1575120 638
1575130 638
1575140 638
1575150 637
1575160 635
1575170 635
1575180 635
1575190 632
1575200 629
1575210 629
1575220 627
1575230 625
1575240 625
1575250 624
1575260 622
1575270 622
1575280 617
1575290 613
1575300 613
1575310 610
1575320 610
1575330 610
1575340 610
1575350 610
1575360 610
1575370 610
1575380 611
1575390 611
1575400 612
1575410 612
1575420 611
1575430 611
1575440 611
1575450 609
1575460 609
1575470 608
1575480 607
1575490 607
1575500 607
1575510 607
1575520 607
1575530 607
1575540 606
1575550 599
1575560 599
1575570 594
1575580 592
1575590 592
1575600 591
1575610 590
1575620 590
1575630 589
1575640 587
1575650 587
1575660 587
1575670 586
1575680 586
1575690 584
1575700 583
1575710 582
1575720 582
1575730 581
1575740 581
1575750 581
1575760 580
1575770 580
1575780 580
1575790 580
1575800 580
1575810 580
1575820 580
1575830 580
1575840 580
1575850 580
1575860 580
1575870 580
1575880 580
1575890 580
1575900 580
1575910 580
1575920 580
1575930 580
1575940 580
1575950 580
1575960 579
1575970 579
1575980 579
1575990 579
1576000 579
1576010 580
1576020 581
1576030 582
1576040 582
1576050 582
1576060 583
1576070 583
1576080 584
1576090 585
1576100 585
1576110 585
1576120 586
1576130 586
1576140 587
1576150 587
1576160 587
1576170 588
1576180 588
1576190 588
1576200 589
1576210 590
1576220 591
1576230 591
1576240 592
1576250 592
1576260 592
1576270 593
1576280 594
1576290 594
1576300 595
1576310 596
1576320 596
1576330 598
1576340 600
1576350 600
1576360 602
1576370 605
1576380 607
1576390 607
1576400 608
1576410 610
1576420 610
1576430 610
1576440 611
1576450 611
1576460 612
1576470 615
1576480 615
1576490 616
1576500 618
1576510 618
1576520 620
1576530 621
1576540 623
1576550 623
1576560 625
1576570 627
1576580 627
1576590 629
1576600 631
1576610 631
1576620 632
1576630 633
1576640 633
1576650 635
1576660 638
1576670 638
1576680 640
1576690 643
1576700 646
1576710 646
1576720 648
1576730 650
1576740 650
1576750 652
1576760 656
1576770 659
1576780 662
1576790 665
1576800 665
1576810 668
1576820 671
1576830 671
1576840 673
1576850 675
1576860 677
1576870 677
1576880 678
1576890 679
1576900 679
1576910 679
1576920 680
1576930 680
1576940 682
1576950 683
1576960 683
1576970 684
1576980 686
1576990 686
1577000 688
1577010 691
1577020 693
1577030 693
1577040 695
1577050 697
1577060 697
1577070 699
1577080 700
1577090 700
1577100 700
1577110 701
1577120 701
1577130 701
1577140 701
1577150 701
1577160 701
1577170 701
1577180 701
1577190 700
1577200 701
1577210 701
1577220 701
1577230 701
1577240 701
1577250 701
1577260 701
1577270 700
1577280 700
1577290 699
1577300 698
1577310 698
1577320 697
1577330 696
1577340 696
1577350 695
1577360 694
1577370 694
1577380 694
1577390 694
1577400 694
1577410 694
1577420 694
1577430 694
1577440 694
1577450 694
1577460 695
1577470 695
1577480 696
1577490 697
1577500 697
1577510 697
1577520 696
1577530 696
1577540 696
1577550 696
1577560 696
1577570 696
1577580 696
1577590 697
1577600 697
1577610 696
1577620 693
1577630 693
1577640 690
1577650 688
1577660 688
1577670 684
1577680 678
1577690 677
1577700 677
1577710 677
1577720 678
1577730 678
1577740 680
1577750 684
1577760 684
1577770 687
1577780 689
1577790 689
1577800 691
1577810 692
1577820 692
1577830 694
1577840 695
1577850 697
1577860 697
1577870 698
1577880 696
1577890 696
1577900 692
1577910 687
1577920 687
1577930 683
1577940 681
1577950 681
1577960 678
1577970 675
1577980 675
1577990 672
1578000 669
1578010 669
1578020 664
1578030 660
1578040 657
1578050 657
1578060 655
1578070 654
1578080 654
1578090 651
1578100 649
1578110 649
1578120 647
1578130 644
1578140 644
1578150 644
1578160 646
1578170 646
1578180 649
1578190 651
1578200 652
1578210 652
1578220 653
1578230 653
1578240 653
1578250 652
1578260 651
1578270 651
1578280 649
1578290 651
1578300 651
1578310 653
1578320 655
1578330 655
1578340 657
1578350 658
1578360 657
1578370 657
1578380 656
1578390 654
1578400 654
1578410 653
1578420 651
1578430 651
1578440 649
1578450 647
1578460 647
1578470 646
1578480 646
1578490 646
1578500 645
1578510 642
1578520 639
1578530 639
1578540 636
1578550 633
1578560 633
1578570 632
1578580 630
1578590 630
1578600 627
1578610 625
1578620 625
1578630 624
1578640 624
1578650 624
1578660 623
1578670 623
1578680 622
1578690 622
1578700 621
1578710 620
1578720 620
1578730 621
1578740 622
1578750 622
1578760 623
1578770 623
1578780 623
1578790 622
1578800 622
1578810 622
1578820 621
1578830 621
1578840 621
1578850 620
1578860 620
1578870 620
1578880 620
1578890 620
1578900 621
1578910 621
1578920 620
1578930 620
1578940 620
1578950 619
1578960 619
1578970 619
1578980 619
1578990 619
1579000 619
1579010 618
1579020 616
1579030 616
1579040 616
1579050 616
1579060 615
1579070 615
1579080 614
1579090 614
1579100 614
1579110 613
1579120 613
1579130 613
1579140 611
1579150 610
1579160 610
1579170 609
1579180 608
1579190 608
1579200 608
1579210 608
1579220 608
1579230 608
1579240 609
1579250 610
1579260 610
1579270 611
1579280 611
1579290 611
1579300 611
1579310 611
1579320 611
1579330 609
1579340 606
1579350 605
1579360 605
1579370 605
1579380 607
1579390 607
1579400 610
1579410 614
1579420 614
1579430 617
1579440 622
1579450 622
1579460 626
1579470 624
1579480 624
1579490 625
1579500 624
1579510 622
1579520 622
1579530 622
1579540 623
1579550 623
1579560 622
1579570 622
1579580 622
1579590 623
1579600 623
1579610 623
1579620 624
1579630 626
1579640 626
1579650 627
1579660 627
1579670 627
1579680 628
1579690 628
1579700 629
1579710 629
1579720 632
1579730 634
1579740 634
1579750 636
1579760 636
1579770 636
1579780 637
1579790 637
1579800 637
1579810 637
1579820 638
1579830 638
1579840 638
1579850 639
1579860 639
1579870 639
1579880 641
1579890 644
1579900 644
1579910 646
1579920 648
1579930 648
1579940 651
1579950 653
1579960 653
1579970 656
1579980 659
1579990 659
