1560000 521
1560010 520
1560020 520
1560030 520
1560040 521
1560050 521
1560060 521
1560070 520
1560080 520
1560090 519
1560100 518
1560110 518
1560120 518
1560130 518
1560140 518
1560150 518
1560160 518
1560170 518
1560180 518
1560190 517
1560200 517
1560210 517
1560220 517
1560230 516
1560240 516
1560250 516
1560260 515
1560270 512
1560280 512
1560290 512
1560300 512
1560310 512
1560320 512
1560330 512
1560340 512
1560350 512
1560360 512
1560370 512
1560380 511
1560390 511
1560400 511
1560410 511
1560420 510
1560430 510
1560440 510
1560450 510
1560460 510
1560470 510
1560480 509
1560490 508
1560500 508
1560510 508
1560520 508
1560530 508
1560540 508
1560550 508
1560560 508
1560570 507
1560580 506
1560590 506
1560600 506
1560610 506
1560620 506
1560630 506
1560640 505
1560650 505
1560660 505
1560670 505
1560680 505
1560690 505
1560700 505
1560710 505
1560720 505
1560730 505
1560740 504
1560750 504
1560760 504
1560770 504
1560780 504
1560790 504
1560800 504
1560810 503
1560820 503
1560830 503
1560840 504
1560850 504
1560860 503
1560870 503
1560880 503
1560890 503
1560900 502
1560910 502
1560920 502
1560930 502
1560940 502
1560950 502
1560960 502
1560970 502
1560980 502
1560990 502
1561000 502
1561010 502
1561020 502
1561030 502
1561040 502
1561050 502
1561060 502
1561070 502
1561080 502
1561090 502
1561100 502
1561110 502
1561120 502
1561130 502
1561140 502
1561150 502
1561160 502
1561170 502
1561180 502
1561190 502
1561200 502
1561210 502
1561220 502
1561230 502
1561240 502
1561250 502
1561260 502
1561270 502
1561280 502
1561290 502
1561300 502
1561310 502
1561320 502
1561330 502
1561340 502
1561350 502
1561360 502
1561370 502
1561380 501
1561390 501
1561400 501
1561410 501
1561420 501
1561430 501
1561440 501
1561450 502
1561460 502
1561470 502
1561480 502
1561490 502
1561500 502
1561510 502
1561520 502
1561530 501
1561540 501
1561550 501
1561560 502
1561570 502
1561580 502
1561590 502
1561600 502
1561610 502
1561620 502
1561630 502
1561640 502
1561650 502
1561660 502
1561670 502
1561680 502
1561690 502
1561700 502
1561710 502
1561720 502
1561730 502
1561740 502
1561750 502
1561760 502
1561770 502
1561780 502
1561790 502
1561800 502
1561810 502
1561820 502
1561830 502
1561840 502
1561850 502
1561860 502
1561870 502
1561880 502
1561890 502
1561900 502
1561910 502
1561920 502
1561930 502
1561940 502
1561950 502
1561960 503
1561970 503
1561980 503
1561990 503
1562000 503
1562010 503
1562020 503
1562030 503
1562040 503
1562050 503
1562060 503
1562070 503
1562080 503
1562090 503
1562100 503
1562110 503
1562120 503
1562130 503
1562140 503
1562150 503
1562160 503
1562170 503
1562180 504
1562190 504
1562200 504
1562210 504
1562220 504
1562230 504
1562240 504
1562250 504
1562260 504
1562270 504
1562280 504
1562290 504
1562300 505
1562310 505
1562320 505
1562330 505
1562340 505
1562350 505
1562360 505
1562370 506
1562380 506
1562390 505
1562400 506
1562410 506
1562420 506
1562430 506
1562440 507
1562450 507
1562460 508
1562470 508
1562480 508
1562490 509
1562500 510
1562510 510
1562520 510
1562530 510
1562540 510
1562550 511
1562560 511
1562570 514
1562580 514
1562590 515
1562600 514
1562610 514
1562620 513
1562630 514
1562640 514
1562650 516
1562660 518
1562670 518
1562680 519
1562690 521
1562700 521
1562710 522
1562720 523
1562730 524
1562740 524
1562750 524
1562760 525
1562770 525
1562780 527
1562790 528
1562800 528
1562810 530
1562820 530
1562830 530
1562840 531
1562850 532
1562860 532
1562870 533
1562880 534
1562890 534
1562900 535
1562910 535
1562920 536
1562930 536
1562940 538
1562950 540
1562960 540
1562970 542
1562980 543
1562990 543
1563000 545
1563010 546
1563020 546
1563030 548
1563040 548
1563050 548
1563060 549
1563070 550
1563080 552
1563090 552
1563100 554
1563110 557
1563120 557
1563130 559
1563140 560
1563150 560
1563160 561
1563170 561
1563180 561
1563190 562
1563200 563
1563210 563
1563220 565
1563230 564
1563240 564
1563250 564
1563260 564
1563270 565
1563280 565
1563290 565
1563300 564
1563310 564
1563320 553
1563330 546
1563340 546
1563350 545
1563360 544
1563370 544
1563380 544
1563390 547
1563400 553
1563410 553
1563420 555
1563430 549
1563440 549
1563450 541
1563460 532
1563470 532
1563480 528
1563490 527
1563500 527
1563510 525
1563520 525
1563530 525
1563540 525
1563550 525
1563560 525
1563570 525
1563580 525
1563590 524
1563600 524
1563610 523
1563620 523
1563630 523
1563640 523
1563650 523
1563660 523
1563670 522
1563680 522
1563690 522
1563700 522
1563710 522
1563720 522
1563730 522
1563740 522
1563750 523
1563760 523
1563770 523
1563780 523
1563790 523
1563800 522
1563810 522
1563820 522
1563830 521
1563840 520
1563850 520
1563860 519
1563870 519
1563880 519
1563890 518
1563900 517
1563910 516
1563920 518
1563930 517
1563940 516
1563950 516
1563960 515
1563970 515
1563980 515
1563990 516
1564000 516
1564010 516
1564020 516
1564030 514
1564040 514
1564050 514
1564060 515
1564070 515
1564080 515
1564090 514
1564100 514
1564110 514
1564120 514
1564130 514
1564140 514
1564150 514
1564160 514
1564170 514
1564180 514
1564190 514
1564200 514
1564210 514
1564220 515
1564230 515
1564240 515
1564250 515
1564260 515
1564270 515
1564280 516
1564290 517
1564300 517
1564310 517
1564320 516
1564330 516
1564340 516
1564350 516
1564360 516
1564370 516
1564380 516
1564390 515
1564400 515
1564410 515
1564420 514
1564430 514
1564440 513
1564450 513
1564460 513
1564470 512
1564480 512
1564490 512
1564500 512
1564510 512
1564520 512
1564530 512
1564540 513
1564550 513
1564560 513
1564570 513
1564580 513
1564590 513
1564600 513
1564610 513
1564620 513
1564630 512
1564640 512
1564650 512
1564660 512
1564670 512
1564680 512
1564690 512
1564700 512
1564710 512
1564720 512
1564730 512
1564740 512
1564750 512
1564760 512
1564770 513
1564780 513
1564790 513
1564800 513
1564810 513
1564820 513
1564830 513
1564840 513
1564850 513
1564860 513
1564870 513
1564880 514
1564890 514
1564900 514
1564910 514
1564920 514
1564930 514
1564940 514
1564950 514
1564960 514
1564970 514
1564980 514
1564990 515
1565000 515
1565010 515
1565020 515
1565030 515
1565040 515
1565050 515
1565060 515
1565070 515
1565080 515
1565090 515
1565100 515
1565110 515
1565120 515
1565130 515
1565140 515
1565150 516
1565160 516
1565170 516
1565180 515
1565190 515
1565200 514
1565210 514
1565220 514
1565230 514
1565240 514
1565250 514
1565260 514
1565270 514
1565280 514
1565290 514
1565300 514
1565310 514
1565320 514
1565330 514
1565340 513
1565350 513
1565360 513
1565370 513
1565380 513
1565390 513
1565400 513
1565410 513
1565420 513
1565430 513
1565440 513
1565450 513
1565460 513
1565470 512
1565480 512
1565490 513
1565500 513
1565510 513
1565520 513
1565530 513
1565540 513
1565550 513
1565560 513
1565570 514
1565580 514
1565590 514
1565600 514
1565610 514
1565620 514
1565630 514
1565640 514
1565650 514
1565660 514
1565670 514
1565680 513
1565690 513
1565700 513
1565710 513
1565720 513
1565730 513
1565740 513
1565750 513
1565760 513
1565770 513
1565780 513
1565790 513
1565800 513
1565810 513
1565820 513
1565830 513
1565840 513
1565850 513
1565860 513
1565870 513
1565880 513
1565890 513
1565900 513
1565910 513
1565920 513
1565930 513
1565940 513
1565950 513
1565960 513
1565970 513
1565980 513
1565990 513
1566000 513
1566010 514
1566020 514
1566030 514
1566040 514
1566050 514
1566060 514
1566070 514
1566080 514
1566090 514
1566100 514
1566110 514
1566120 514
1566130 514
1566140 514
1566150 514
1566160 514
1566170 514
1566180 514
1566190 514
1566200 514
1566210 515
1566220 515
1566230 515
1566240 514
1566250 514
1566260 514
1566270 514
1566280 514
1566290 514
1566300 514
1566310 514
1566320 514
1566330 514
1566340 514
1566350 515
1566360 515
1566370 515
1566380 515
1566390 515
1566400 516
1566410 516
1566420 516
1566430 516
1566440 516
1566450 516
1566460 516
1566470 516
1566480 516
1566490 516
1566500 516
1566510 516
1566520 516
1566530 516
1566540 516
1566550 516
1566560 516
1566570 516
1566580 516
1566590 518
1566600 518
1566610 520
1566620 520
1566630 520
1566640 520
1566650 519
1566660 519
1566670 519
1566680 517
1566690 517
1566700 515
1566710 515
1566720 515
1566730 515
1566740 516
1566750 516
1566760 516
1566770 516
1566780 516
1566790 516
1566800 516
1566810 516
1566820 516
1566830 516
1566840 516
1566850 516
1566860 516
1566870 516
1566880 517
1566890 517
1566900 517
1566910 517
1566920 517
1566930 517
1566940 518
1566950 518
1566960 518
1566970 518
1566980 518
1566990 518
1567000 519
1567010 519
1567020 519
1567030 519
1567040 520
1567050 520
1567060 520
1567070 521
1567080 521
1567090 521
1567100 521
1567110 521
1567120 522
1567130 522
1567140 522
1567150 523
1567160 524
1567170 524
1567180 524
1567190 525
1567200 525
1567210 525
1567220 526
1567230 526
1567240 526
1567250 526
1567260 526
1567270 526
1567280 526
1567290 526
1567300 526
1567310 527
1567320 527
1567330 527
1567340 528
1567350 530
1567360 531
1567370 531
1567380 532
1567390 532
1567400 532
1567410 533
1567420 533
1567430 533
1567440 534
1567450 534
1567460 534
1567470 534
1567480 534
1567490 534
1567500 535
1567510 536
1567520 537
1567530 537
1567540 538
1567550 540
1567560 540
1567570 541
1567580 543
1567590 543
1567600 545
1567610 546
1567620 546
1567630 548
1567640 549
1567650 549
1567660 551
1567670 552
1567680 552
1567690 552
1567700 553
1567710 553
1567720 553
1567730 554
1567740 554
1567750 554
1567760 554
1567770 555
1567780 555
1567790 555
1567800 555
1567810 555
1567820 555
1567830 556
1567840 556
1567850 556
1567860 557
1567870 557
1567880 557
1567890 558
1567900 559
1567910 559
1567920 561
1567930 562
1567940 562
1567950 564
1567960 565
1567970 565
1567980 566
1567990 566
1568000 566
1568010 567
1568020 567
1568030 568
1568040 568
1568050 568
1568060 569
1568070 569
1568080 569
1568090 570
1568100 570
1568110 571
1568120 573
1568130 573
1568140 574
1568150 575
1568160 575
1568170 577
1568180 580
1568190 582
1568200 582
1568210 583
1568220 582
1568230 582
1568240 581
1568250 581
1568260 581
1568270 581
1568280 581
1568290 581
1568300 581
1568310 582
1568320 582
1568330 581
1568340 582
1568350 582
1568360 582
1568370 583
1568380 583
1568390 583
1568400 582
1568410 578
1568420 578
1568430 576
1568440 576
1568450 576
1568460 575
1568470 575
1568480 575
1568490 575
1568500 574
1568510 574
1568520 574
1568530 574
1568540 574
1568550 575
1568560 575
1568570 575
1568580 575
1568590 574
1568600 574
1568610 574
1568620 574
1568630 574
1568640 574
1568650 574
1568660 574
1568670 574
1568680 574
1568690 574
1568700 573
1568710 573
1568720 573
1568730 573
1568740 573
1568750 573
1568760 573
1568770 573
1568780 573
1568790 573
1568800 573
1568810 573
1568820 573
1568830 573
1568840 573
1568850 573
1568860 573
1568870 573
1568880 573
1568890 573
1568900 573
1568910 573
1568920 573
1568930 573
1568940 573
1568950 573
1568960 573
1568970 573
1568980 573
1568990 573
1569000 573
1569010 574
1569020 573
1569030 573
1569040 573
1569050 574
1569060 574
1569070 574
1569080 574
1569090 574
1569100 574
1569110 574
1569120 574
1569130 574
1569140 574
1569150 574
1569160 574
1569170 574
1569180 574
1569190 574
1569200 574
1569210 574
1569220 574
1569230 574
1569240 574
1569250 574
1569260 574
1569270 574
1569280 574
1569290 574
1569300 574
1569310 574
1569320 574
1569330 574
1569340 574
1569350 574
1569360 574
1569370 574
1569380 574
1569390 574
1569400 574
1569410 574
1569420 573
1569430 573
1569440 573
1569450 573
1569460 572
1569470 572
1569480 572
1569490 571
1569500 570
1569510 570
1569520 570
1569530 569
1569540 569
1569550 568
1569560 568
1569570 568
1569580 567
1569590 567
1569600 567
1569610 567
1569620 566
1569630 566
1569640 566
1569650 565
1569660 565
1569670 565
1569680 565
1569690 565
1569700 565
1569710 565
1569720 565
1569730 565
1569740 565
1569750 565
1569760 565
1569770 565
1569780 565
1569790 565
1569800 566
1569810 566
1569820 566
1569830 566
1569840 566
1569850 566
1569860 566
1569870 566
1569880 566
1569890 566
1569900 566
1569910 566
1569920 566
1569930 566
1569940 566
1569950 566
1569960 566
1569970 566
1569980 566
1569990 566
1570000 566
1570010 566
1570020 566
1570030 567
1570040 567
1570050 567
1570060 568
1570070 568
1570080 568
1570090 568
1570100 568
1570110 568
1570120 568
1570130 568
1570140 568
1570150 568
1570160 568
1570170 568
1570180 568
1570190 568
1570200 568
1570210 568
1570220 567
1570230 567
1570240 567
1570250 567
1570260 567
1570270 567
1570280 567
1570290 567
1570300 567
1570310 567
1570320 568
1570330 568
1570340 568
1570350 568
1570360 568
1570370 568
1570380 568
1570390 568
1570400 568
1570410 568
1570420 568
1570430 568
1570440 568
1570450 568
1570460 568
1570470 568
1570480 568
1570490 568
1570500 568
1570510 568
1570520 568
1570530 568
1570540 567
1570550 567
1570560 567
1570570 568
1570580 568
1570590 568
1570600 568
1570610 568
1570620 568
1570630 568
1570640 568
1570650 568
1570660 568
1570670 568
1570680 568
1570690 568
1570700 568
1570710 568
1570720 568
1570730 568
1570740 568
1570750 568
1570760 568
1570770 567
1570780 567
1570790 567
1570800 567
1570810 567
1570820 567
1570830 567
1570840 566
1570850 566
1570860 566
1570870 566
1570880 566
1570890 566
1570900 566
1570910 566
1570920 566
1570930 566
1570940 566
1570950 566
1570960 566
1570970 566
1570980 566
1570990 566
1571000 567
1571010 567
1571020 568
1571030 568
1571040 568
1571050 568
1571060 568
1571070 568
1571080 568
1571090 567
1571100 567
1571110 567
1571120 567
1571130 567
1571140 567
1571150 566
1571160 566
1571170 566
1571180 566
1571190 566
1571200 566
1571210 566
1571220 566
1571230 566
1571240 566
1571250 566
1571260 566
1571270 566
1571280 566
1571290 566
1571300 566
1571310 566
1571320 566
1571330 566
1571340 566
1571350 566
1571360 566
1571370 566
1571380 566
1571390 566
1571400 565
1571410 564
1571420 564
1571430 563
1571440 563
1571450 563
1571460 563
1571470 562
1571480 562
1571490 561
1571500 561
1571510 561
1571520 561
1571530 561
1571540 561
1571550 561
1571560 561
1571570 561
1571580 561
1571590 560
1571600 560
1571610 560
1571620 560
1571630 560
1571640 560
1571650 560
1571660 560
1571670 560
1571680 560
1571690 560
1571700 560
1571710 560
1571720 560
1571730 560
1571740 560
1571750 560
1571760 561
1571770 561
1571780 560
1571790 561
1571800 561
1571810 561
1571820 561
1571830 562
1571840 562
1571850 562
1571860 563
1571870 563
1571880 565
1571890 566
1571900 566
1571910 566
1571920 566
1571930 566
1571940 567
1571950 569
1571960 569
1571970 571
1571980 573
1571990 574
1572000 574
1572010 575
1572020 576
1572030 576
1572040 576
1572050 578
1572060 578
1572070 579
1572080 579
1572090 579
1572100 580
1572110 580
1572120 580
1572130 581
1572140 581
1572150 581
1572160 581
1572170 581
1572180 581
1572190 581
1572200 581
1572210 581
1572220 581
1572230 581
1572240 581
1572250 581
1572260 581
1572270 581
1572280 581
1572290 581
1572300 581
1572310 581
1572320 581
1572330 582
1572340 582
1572350 582
1572360 582
1572370 582
1572380 582
1572390 582
1572400 582
1572410 582
1572420 582
1572430 583
1572440 583
1572450 584
1572460 584
1572470 584
1572480 584
1572490 584
1572500 585
1572510 585
1572520 585
1572530 585
1572540 585
1572550 585
1572560 584
1572570 584
1572580 584
1572590 584
1572600 584
1572610 584
1572620 584
1572630 584
1572640 584
1572650 584
1572660 585
1572670 585
1572680 585
1572690 586
1572700 586
1572710 586
1572720 586
1572730 586
1572740 587
1572750 587
1572760 587
1572770 588
1572780 588
1572790 588
1572800 589
1572810 590
1572820 590
1572830 590
1572840 591
1572850 591
1572860 591
1572870 591
1572880 592
1572890 592
1572900 592
1572910 592
1572920 592
1572930 593
1572940 593
1572950 593
1572960 593
1572970 593
1572980 593
1572990 593
1573000 593
1573010 594
1573020 594
1573030 594
1573040 594
1573050 594
1573060 595
1573070 596
1573080 596
1573090 597
1573100 598
1573110 598
1573120 599
1573130 599
1573140 599
1573150 599
1573160 600
1573170 599
1573180 599
1573190 599
1573200 599
1573210 599
1573220 599
1573230 598
1573240 598
1573250 598
1573260 598
1573270 598
1573280 598
1573290 598
1573300 598
1573310 598
1573320 598
1573330 598
1573340 598
1573350 599
1573360 599
1573370 599
1573380 599
1573390 599
1573400 599
1573410 599
1573420 599
1573430 599
1573440 599
1573450 599
1573460 599
1573470 598
1573480 597
1573490 597
1573500 597
1573510 597
1573520 596
1573530 596
1573540 596
1573550 595
1573560 595
1573570 594
1573580 593
1573590 593
1573600 593
1573610 593
1573620 593
1573630 592
1573640 592
1573650 593
1573660 593
1573670 593
1573680 593
1573690 593
1573700 593
1573710 593
1573720 593
1573730 594
1573740 594
1573750 594
1573760 595
1573770 597
1573780 597
1573790 598
1573800 599
1573810 600
1573820 600
1573830 601
1573840 602
1573850 602
1573860 604
1573870 605
1573880 605
1573890 606
1573900 608
1573910 608
1573920 609
1573930 610
1573940 610
1573950 610
1573960 610
1573970 610
1573980 610
1573990 610
1574000 610
1574010 610
1574020 609
1574030 608
1574040 608
1574050 607
1574060 606
1574070 606
1574080 605
1574090 604
1574100 604
1574110 604
1574120 603
1574130 602
1574140 602
1574150 601
1574160 600
1574170 600
1574180 599
1574190 599
1574200 599
1574210 598
1574220 598
1574230 598
1574240 597
1574250 597
1574260 597
1574270 597
1574280 597
1574290 597
1574300 596
1574310 595
1574320 594
1574330 594
1574340 594
1574350 592
1574360 592
1574370 592
1574380 592
1574390 592
1574400 592
1574410 592
1574420 592
1574430 593
1574440 593
1574450 593
1574460 593
1574470 593
1574480 593
1574490 593
1574500 593
1574510 594
1574520 594
1574530 594
1574540 594
1574550 594
1574560 595
1574570 595
1574580 595
1574590 595
1574600 595
1574610 595
1574620 596
1574630 598
1574640 599
1574650 599
1574660 600
1574670 601
1574680 601
1574690 602
1574700 603
1574710 603
1574720 603
1574730 604
1574740 604
1574750 605
1574760 605
1574770 605
1574780 606
1574790 607
1574800 608
1574810 608
1574820 608
1574830 609
1574840 609
1574850 609
1574860 609
1574870 609
1574880 610
1574890 610
1574900 610
1574910 610
1574920 610
1574930 610
1574940 610
1574950 609
1574960 609
1574970 609
1574980 608
1574990 607
1575000 607
1575010 607
1575020 606
1575030 606
1575040 606
1575050 605
1575060 605
1575070 604
1575080 604
1575090 604
1575100 603
1575110 602
1575120 601
1575130 601
1575140 600
1575150 598
1575160 598
1575170 597
1575180 596
1575190 596
1575200 594
1575210 593
1575220 593
1575230 592
1575240 591
1575250 591
1575260 589
1575270 589
1575280 589
1575290 588
1575300 587
1575310 586
1575320 586
1575330 585
1575340 585
1575350 585
1575360 584
1575370 584
1575380 584
1575390 584
1575400 583
1575410 583
1575420 583
1575430 583
1575440 583
1575450 583
1575460 582
1575470 582
1575480 582
1575490 582
1575500 582
1575510 582
1575520 581
1575530 580
1575540 580
1575550 580
1575560 580
1575570 580
1575580 579
1575590 578
1575600 578
1575610 577
1575620 576
1575630 575
1575640 575
1575650 574
1575660 573
1575670 573
1575680 573
1575690 572
1575700 572
1575710 571
1575720 570
1575730 570
1575740 569
1575750 569
1575760 569
1575770 569
1575780 568
1575790 568
1575800 568
1575810 568
1575820 567
1575830 567
1575840 567
1575850 567
1575860 567
1575870 567
1575880 567
1575890 567
1575900 567
1575910 567
1575920 567
1575930 567
1575940 567
1575950 568
1575960 568
1575970 568
1575980 568
1575990 568
1576000 568
1576010 568
1576020 568
1576030 568
1576040 568
1576050 568
1576060 569
1576070 569
1576080 569
1576090 569
1576100 570
1576110 571
1576120 571
1576130 572
1576140 573
1576150 573
1576160 573
1576170 575
1576180 575
1576190 576
1576200 577
1576210 577
1576220 578
1576230 579
1576240 579
1576250 580
1576260 581
1576270 581
1576280 581
1576290 581
1576300 581
1576310 581
1576320 582
1576330 582
1576340 582
1576350 583
1576360 583
1576370 583
1576380 583
1576390 583
1576400 583
1576410 583
1576420 583
1576430 583
1576440 584
1576450 584
1576460 585
1576470 585
1576480 585
1576490 586
1576500 586
1576510 587
1576520 587
1576530 587
1576540 588
1576550 588
1576560 588
1576570 589
1576580 589
1576590 589
1576600 590
1576610 591
1576620 592
1576630 592
1576640 593
1576650 594
1576660 594
1576670 594
1576680 595
1576690 595
1576700 597
1576710 598
1576720 598
1576730 598
1576740 599
1576750 599
1576760 600
1576770 601
1576780 603
1576790 603
1576800 605
1576810 606
1576820 606
1576830 608
1576840 611
1576850 611
1576860 613
1576870 614
1576880 614
1576890 617
1576900 620
1576910 620
1576920 622
1576930 624
1576940 625
1576950 625
1576960 628
1576970 629
1576980 629
1576990 630
1577000 630
1577010 630
1577020 630
1577030 629
1577040 629
1577050 629
1577060 630
1577070 630
1577080 630
1577090 631
1577100 631
1577110 633
1577120 637
1577130 639
1577140 639
1577150 641
1577160 643
1577170 643
1577180 645
1577190 647
1577200 647
1577210 649
1577220 651
1577230 651
1577240 654
1577250 658
1577260 658
1577270 662
1577280 664
1577290 666
1577300 666
1577310 667
1577320 667
1577330 667
1577340 668
1577350 668
1577360 668
1577370 669
1577380 669
1577390 669
1577400 670
1577410 671
1577420 671
1577430 672
1577440 674
1577450 675
1577460 675
1577470 677
1577480 679
1577490 679
1577500 681
1577510 684
1577520 684
1577530 688
1577540 691
1577550 691
1577560 694
1577570 697
1577580 697
1577590 699
1577600 700
1577610 700
1577620 700
1577630 700
1577640 700
1577650 700
1577660 700
1577670 700
1577680 700
1577690 700
1577700 700
1577710 700
1577720 700
1577730 700
1577740 700
1577750 700
1577760 700
1577770 700
1577780 700
1577790 699
1577800 698
1577810 698
1577820 698
1577830 697
1577840 697
1577850 696
1577860 696
1577870 696
1577880 695
1577890 695
1577900 695
1577910 694
1577920 693
1577930 692
1577940 692
1577950 691
1577960 691
1577970 691
1577980 690
1577990 689
1578000 689
1578010 689
1578020 690
1578030 690
1578040 691
1578050 691
1578060 691
1578070 692
1578080 692
1578090 692
1578100 693
1578110 692
1578120 692
1578130 692
1578140 692
1578150 692
1578160 692
1578170 692
1578180 694
1578190 694
1578200 696
1578210 698
1578220 698
1578230 700
1578240 702
1578250 702
1578260 703
1578270 705
1578280 706
1578290 706
1578300 708
1578310 709
1578320 709
1578330 709
1578340 708
1578350 708
1578360 707
1578370 706
1578380 706
1578390 705
1578400 703
1578410 703
1578420 702
1578430 700
1578440 699
1578450 701
1578460 700
1578470 700
1578480 700
1578490 700
1578500 700
1578510 700
1578520 701
1578530 702
1578540 702
1578550 703
1578560 703
1578570 703
1578580 704
1578590 704
1578600 705
1578610 705
1578620 705
1578630 706
1578640 706
1578650 706
1578660 707
1578670 707
1578680 707
1578690 707
1578700 707
1578710 707
1578720 707
1578730 707
1578740 707
1578750 708
1578760 709
1578770 709
1578780 709
1578790 708
1578800 708
1578810 708
1578820 708
1578830 708
1578840 708
1578850 707
1578860 707
1578870 706
1578880 704
1578890 704
1578900 701
1578910 699
1578920 699
1578930 699
1578940 699
1578950 698
1578960 698
1578970 697
1578980 696
1578990 696
1579000 695
1579010 694
1579020 694
1579030 694
1579040 693
1579050 693
1579060 692
1579070 691
1579080 691
1579090 691
1579100 692
1579110 693
1579120 693
1579130 694
1579140 695
1579150 695
1579160 697
1579170 698
1579180 698
1579190 700
1579200 702
1579210 702
1579220 704
1579230 705
1579240 705
1579250 706
1579260 707
1579270 708
1579280 708
1579290 709
1579300 709
1579310 709
1579320 710
1579330 711
1579340 711
1579350 711
1579360 711
1579370 711
1579380 711
1579390 711
1579400 711
1579410 712
1579420 714
1579430 717
1579440 717
1579450 718
1579460 718
1579470 718
1579480 718
1579490 718
1579500 718
1579510 717
1579520 716
1579530 716
1579540 716
1579550 715
1579560 715
1579570 714
1579580 713
1579590 711
1579600 711
1579610 709
1579620 709
1579630 709
1579640 709
1579650 709
1579660 709
1579670 709
1579680 709
1579690 709
1579700 710
1579710 709
1579720 709
1579730 708
1579740 706
1579750 703
1579760 703
1579770 700
1579780 699
1579790 699
1579800 697
1579810 696
1579820 696
1579830 695
1579840 694
1579850 694
1579860 693
1579870 692
1579880 692
1579890 691
1579900 690
1579910 690
1579920 690
1579930 689
1579940 688
1579950 688
1579960 686
1579970 685
1579980 685
1579990 682
