1560000 965
1560010 966
1560020 966
1560030 966
1560040 965
1560050 965
1560060 965
1560070 963
1560080 961
1560090 961
1560100 959
1560110 956
1560120 956
1560130 954
1560140 954
1560150 953
1560160 953
1560170 953
1560180 952
1560190 952
1560200 952
1560210 953
1560220 953
1560230 953
1560240 953
1560250 953
1560260 954
1560270 956
1560280 956
1560290 956
1560300 956
1560310 955
1560320 955
1560330 954
1560340 955
1560350 955
1560360 957
1560370 959
1560380 959
1560390 961
1560400 963
1560410 963
1560420 964
1560430 963
1560440 963
1560450 962
1560460 960
1560470 960
1560480 959
1560490 959
1560500 960
1560510 960
1560520 959
1560530 959
1560540 959
1560550 962
1560560 963
1560570 963
1560580 962
1560590 957
1560600 957
1560610 947
1560620 941
1560630 941
1560640 937
1560650 934
1560660 933
1560670 935
1560680 933
1560690 933
1560700 933
1560710 932
1560720 932
1560730 932
1560740 932
1560750 932
1560760 932
1560770 932
1560780 931
1560790 931
1560800 933
1560810 939
1560820 945
1560830 945
1560840 948
1560850 946
1560860 946
1560870 944
1560880 942
1560890 942
1560900 939
1560910 934
1560920 934
1560930 928
1560940 925
1560950 925
1560960 920
1560970 916
1560980 911
1560990 911
1561000 910
1561010 911
1561020 911
1561030 912
1561040 912
1561050 912
1561060 912
1561070 911
1561080 911
1561090 910
1561100 909
1561110 909
1561120 907
1561130 906
1561140 905
1561150 905
1561160 905
1561170 904
1561180 904
1561190 903
1561200 903
1561210 903
1561220 902
1561230 901
1561240 901
1561250 901
1561260 901
1561270 901
1561280 900
1561290 900
1561300 900
1561310 898
1561320 898
1561330 897
1561340 897
1561350 896
1561360 896
1561370 896
1561380 895
1561390 894
1561400 894
1561410 893
1561420 892
1561430 892
1561440 891
1561450 891
1561460 891
1561470 891
1561480 893
1561490 895
1561500 895
1561510 896
1561520 896
1561530 896
1561540 897
1561550 899
1561560 899
1561570 901
1561580 903
1561590 903
1561600 905
1561610 905
1561620 905
1561630 905
1561640 904
1561650 904
1561660 904
1561670 903
1561680 903
1561690 903
1561700 904
1561710 903
1561720 903
1561730 903
1561740 905
1561750 905
1561760 909
1561770 909
1561780 909
1561790 906
1561800 902
1561810 896
1561820 896
1561830 893
1561840 890
1561850 890
1561860 885
1561870 881
1561880 881
1561890 881
1561900 885
1561910 885
1561920 891
1561930 897
1561940 897
1561950 895
1561960 893
1561970 892
1561980 892
1561990 891
1562000 888
1562010 888
1562020 886
1562030 889
1562040 889
1562050 891
1562060 891
1562070 891
1562080 888
1562090 881
1562100 881
1562110 870
1562120 863
1562130 863
1562140 858
1562150 857
1562160 860
1562170 860
1562180 864
1562190 867
1562200 867
1562210 867
1562220 866
1562230 866
1562240 866
1562250 865
1562260 865
1562270 858
1562280 851
1562290 851
1562300 847
1562310 844
1562320 843
1562330 843
1562340 844
1562350 844
1562360 844
1562370 844
1562380 844
1562390 844
1562400 844
1562410 841
1562420 841
1562430 839
1562440 841
1562450 841
1562460 842
1562470 843
1562480 845
1562490 845
1562500 848
1562510 851
1562520 851
1562530 856
1562540 861
1562550 861
1562560 865
1562570 864
1562580 864
1562590 860
1562600 860
1562610 860
1562620 862
1562630 865
1562640 869
1562650 869
1562660 874
1562670 877
1562680 877
1562690 877
1562700 874
1562710 874
1562720 868
1562730 865
1562740 865
1562750 868
1562760 869
1562770 869
1562780 871
1562790 871
1562800 866
1562810 866
1562820 858
1562830 853
1562840 853
1562850 848
1562860 846
1562870 846
1562880 846
1562890 846
1562900 846
1562910 847
1562920 848
1562930 848
1562940 850
1562950 853
1562960 853
1562970 855
1562980 856
1562990 857
1563000 857
1563010 859
1563020 862
1563030 862
1563040 866
1563050 867
1563060 867
1563070 868
1563080 865
1563090 865
1563100 861
1563110 858
1563120 858
1563130 850
1563140 845
1563150 842
1563160 842
1563170 840
1563180 839
1563190 839
1563200 837
1563210 835
1563220 835
1563230 833
1563240 832
1563250 832
1563260 832
1563270 832
1563280 832
1563290 832
1563300 832
1563310 833
1563320 833
1563330 833
1563340 832
1563350 832
1563360 828
1563370 822
1563380 822
1563390 817
1563400 813
1563410 813
1563420 809
1563430 803
1563440 803
1563450 795
1563460 787
1563470 783
1563480 783
1563490 781
1563500 779
1563510 779
1563520 776
1563530 772
1563540 772
1563550 765
1563560 762
1563570 762
1563580 760
1563590 759
1563600 759
1563610 761
1563620 764
1563630 768
1563640 768
1563650 772
1563660 779
1563670 779
1563680 787
1563690 793
1563700 793
1563710 798
1563720 799
1563730 799
1563740 799
1563750 800
1563760 800
1563770 801
1563780 803
1563790 803
1563800 806
1563810 809
1563820 812
1563830 812
1563840 816
1563850 818
1563860 818
1563870 818
1563880 815
1563890 815
1563900 812
1563910 812
1563920 809
1563930 810
1563940 810
1563950 810
1563960 810
1563970 811
1563980 812
1563990 812
1564000 812
1564010 812
1564020 812
1564030 811
1564040 807
1564050 807
1564060 801
1564070 795
1564080 795
1564090 791
1564100 784
1564110 784
1564120 777
1564130 773
1564140 769
1564150 769
1564160 765
1564170 761
1564180 761
1564190 760
1564200 758
1564210 758
1564220 751
1564230 748
1564240 748
1564250 745
1564260 742
1564270 742
1564280 738
1564290 737
1564300 739
1564310 739
1564320 737
1564330 734
1564340 734
1564350 734
1564360 733
1564370 733
1564380 733
1564390 733
1564400 733
1564410 728
1564420 715
1564430 715
1564440 701
1564450 692
1564460 684
1564470 684
1564480 675
1564490 667
1564500 667
1564510 658
1564520 649
1564530 649
1564540 642
1564550 634
1564560 634
1564570 628
1564580 621
1564590 621
1564600 615
1564610 612
1564620 612
1564630 610
1564640 612
1564650 609
1564660 609
1564670 605
1564680 604
1564690 604
1564700 603
1564710 605
1564720 605
1564730 608
1564740 611
1564750 611
1564760 614
1564770 618
1564780 618
1564790 623
1564800 626
1564810 629
1564820 629
1564830 632
1564840 634
1564850 634
1564860 629
1564870 624
1564880 624
1564890 615
1564900 607
1564910 607
1564920 594
1564930 585
1564940 585
1564950 578
1564960 571
1564970 565
1564980 565
1564990 561
1565000 557
1565010 557
1565020 554
1565030 554
1565040 554
1565050 556
1565060 556
1565070 556
1565080 557
1565090 558
1565100 558
1565110 559
1565120 559
1565130 559
1565140 559
1565150 560
1565160 560
1565170 560
1565180 561
1565190 561
1565200 561
1565210 562
1565220 563
1565230 563
1565240 563
1565250 563
1565260 563
1565270 562
1565280 562
1565290 562
1565300 562
1565310 562
1565320 556
1565330 556
1565340 553
1565350 552
1565360 552
1565370 551
1565380 550
1565390 550
1565400 548
1565410 547
1565420 547
1565430 546
1565440 546
1565450 546
1565460 545
1565470 545
1565480 544
1565490 544
1565500 543
1565510 542
1565520 542
1565530 541
1565540 541
1565550 541
1565560 540
1565570 541
1565580 541
1565590 543
1565600 543
1565610 543
1565620 539
1565630 537
1565640 536
1565650 536
1565660 535
1565670 534
1565680 534
1565690 534
1565700 533
1565710 533
1565720 533
1565730 533
1565740 533
1565750 534
1565760 534
1565770 534
1565780 535
1565790 536
1565800 537
1565810 537
1565820 538
1565830 539
1565840 539
1565850 540
1565860 541
1565870 541
1565880 541
1565890 542
1565900 542
1565910 542
1565920 542
1565930 542
1565940 542
1565950 542
1565960 542
1565970 542
1565980 542
1565990 542
1566000 542
1566010 542
1566020 542
1566030 542
1566040 542
1566050 541
1566060 541
1566070 542
1566080 545
1566090 545
1566100 546
1566110 546
1566120 545
1566130 545
1566140 545
1566150 545
1566160 545
1566170 545
1566180 545
1566190 545
1566200 546
1566210 546
1566220 546
1566230 546
1566240 546
1566250 546
1566260 546
1566270 546
1566280 546
1566290 545
1566300 544
1566310 543
1566320 543
1566330 542
1566340 540
1566350 540
1566360 537
1566370 535
1566380 535
1566390 534
1566400 533
1566410 533
1566420 532
1566430 532
1566440 532
1566450 531
1566460 530
1566470 530
1566480 530
1566490 530
1566500 530
1566510 530
1566520 528
1566530 531
1566540 531
1566550 534
1566560 537
1566570 537
1566580 539
1566590 542
1566600 542
1566610 541
1566620 539
1566630 534
1566640 534
1566650 529
1566660 522
1566670 522
1566680 519
1566690 519
1566700 519
1566710 518
1566720 518
1566730 518
1566740 518
1566750 519
1566760 519
1566770 519
1566780 518
1566790 519
1566800 519
1566810 519
1566820 518
1566830 518
1566840 518
1566850 519
1566860 519
1566870 519
1566880 519
1566890 519
1566900 519
1566910 520
1566920 520
1566930 520
1566940 520
1566950 520
1566960 520
1566970 519
1566980 519
1566990 519
1567000 519
1567010 519
1567020 519
1567030 519
1567040 519
1567050 519
1567060 520
1567070 520
1567080 520
1567090 520
1567100 520
1567110 520
1567120 520
1567130 520
1567140 520
1567150 520
1567160 521
1567170 521
1567180 521
1567190 521
1567200 521
1567210 521
1567220 520
1567230 520
1567240 520
1567250 520
1567260 520
1567270 520
1567280 520
1567290 520
1567300 520
1567310 520
1567320 520
1567330 521
1567340 521
1567350 521
1567360 521
1567370 521
1567380 521
1567390 521
1567400 521
1567410 521
1567420 522
1567430 522
1567440 522
1567450 522
1567460 523
1567470 523
1567480 523
1567490 523
1567500 523
1567510 523
1567520 523
1567530 523
1567540 523
1567550 523
1567560 523
1567570 523
1567580 523
1567590 523
1567600 523
1567610 523
1567620 524
1567630 524
1567640 525
1567650 526
1567660 526
1567670 528
1567680 529
1567690 529
1567700 530
1567710 532
1567720 532
1567730 535
1567740 537
1567750 537
1567760 540
1567770 542
1567780 545
1567790 545
1567800 548
1567810 550
1567820 550
1567830 553
1567840 556
1567850 556
1567860 559
1567870 562
1567880 562
1567890 565
1567900 568
1567910 568
1567920 571
1567930 575
1567940 575
1567950 578
1567960 582
1567970 587
1567980 587
1567990 591
1568000 596
1568010 596
1568020 601
1568030 606
1568040 606
1568050 612
1568060 617
1568070 617
1568080 621
1568090 627
1568100 627
1568110 632
1568120 637
1568130 642
1568140 642
1568150 647
1568160 652
1568170 652
1568180 658
1568190 662
1568200 662
1568210 666
1568220 670
1568230 670
1568240 673
1568250 675
1568260 675
1568270 677
1568280 680
1568290 685
1568300 685
1568310 691
1568320 696
1568330 696
1568340 702
1568350 707
1568360 707
1568370 711
1568380 715
1568390 715
1568400 720
1568410 725
1568420 725
1568430 730
1568440 735
1568450 741
1568460 741
1568470 747
1568480 751
1568490 751
1568500 753
1568510 754
1568520 754
1568530 755
1568540 754
1568550 757
1568560 756
1568570 754
1568580 754
1568590 752
1568600 750
1568610 747
1568620 747
1568630 744
1568640 741
1568650 741
1568660 739
1568670 738
1568680 738
1568690 738
1568700 737
1568710 737
1568720 737
1568730 737
1568740 737
1568750 737
1568760 736
1568770 736
1568780 735
1568790 734
1568800 733
1568810 733
1568820 732
1568830 731
1568840 731
1568850 732
1568860 734
1568870 734
1568880 735
1568890 735
1568900 735
1568910 736
1568920 736
1568930 736
1568940 736
1568950 736
1568960 736
1568970 736
1568980 737
1568990 739
1569000 739
1569010 741
1569020 742
1569030 742
1569040 743
1569050 743
1569060 743
1569070 743
1569080 746
1569090 746
1569100 748
1569110 749
1569120 749
1569130 749
1569140 748
1569150 747
1569160 747
1569170 745
1569180 743
1569190 743
1569200 739
1569210 732
1569220 732
1569230 724
1569240 717
1569250 717
1569260 714
1569270 708
1569280 702
1569290 702
1569300 699
1569310 696
1569320 696
1569330 693
1569340 689
1569350 689
1569360 685
1569370 682
1569380 682
1569390 680
1569400 678
1569410 678
1569420 677
1569430 676
1569440 676
1569450 676
1569460 677
1569470 677
1569480 677
1569490 677
1569500 677
1569510 677
1569520 679
1569530 680
1569540 680
1569550 680
1569560 679
1569570 679
1569580 678
1569590 675
1569600 675
1569610 671
1569620 666
1569630 659
1569640 659
1569650 653
1569660 648
1569670 648
1569680 644
1569690 639
1569700 639
1569710 633
1569720 628
1569730 628
1569740 625
1569750 622
1569760 622
1569770 622
1569780 624
1569790 626
1569800 626
1569810 632
1569820 638
1569830 638
1569840 638
1569850 635
1569860 635
1569870 630
1569880 621
1569890 621
1569900 610
1569910 602
1569920 602
1569930 595
1569940 590
1569950 588
1569960 588
1569970 588
1569980 588
1569990 588
1570000 588
1570010 588
1570020 588
1570030 588
1570040 588
1570050 588
1570060 588
1570070 587
1570080 587
1570090 587
1570100 587
1570110 581
1570120 581
1570130 575
1570140 572
1570150 572
1570160 573
1570170 577
1570180 577
1570190 579
1570200 575
1570210 575
1570220 569
1570230 565
1570240 565
1570250 563
1570260 562
1570270 562
1570280 562
1570290 563
1570300 567
1570310 567
1570320 572
1570330 576
1570340 576
1570350 580
1570360 580
1570370 580
1570380 579
1570390 580
1570400 580
1570410 579
1570420 573
1570430 573
1570440 569
1570450 568
1570460 567
1570470 567
1570480 566
1570490 565
1570500 565
1570510 565
1570520 564
1570530 564
1570540 564
1570550 563
1570560 563
1570570 563
1570580 563
1570590 563
1570600 564
1570610 564
1570620 564
1570630 564
1570640 564
1570650 564
1570660 564
1570670 564
1570680 564
1570690 564
1570700 565
1570710 565
1570720 565
1570730 565
1570740 565
1570750 565
1570760 565
1570770 564
1570780 564
1570790 564
1570800 565
1570810 565
1570820 565
1570830 565
1570840 565
1570850 565
1570860 566
1570870 566
1570880 566
1570890 566
1570900 566
1570910 566
1570920 566
1570930 567
1570940 566
1570950 566
1570960 566
1570970 566
1570980 566
1570990 565
1571000 560
1571010 560
1571020 558
1571030 558
1571040 558
1571050 558
1571060 558
1571070 558
1571080 558
1571090 558
1571100 558
1571110 558
1571120 558
1571130 558
1571140 558
1571150 558
1571160 558
1571170 558
1571180 559
1571190 562
1571200 562
1571210 564
1571220 563
1571230 563
1571240 562
1571250 562
1571260 562
1571270 562
1571280 562
1571290 562
1571300 562
1571310 562
1571320 562
1571330 562
1571340 562
1571350 562
1571360 562
1571370 562
1571380 561
1571390 561
1571400 561
1571410 561
1571420 561
1571430 560
1571440 557
1571450 556
1571460 556
1571470 556
1571480 559
1571490 559
1571500 557
1571510 555
1571520 555
1571530 554
1571540 554
1571550 554
1571560 555
1571570 555
1571580 555
1571590 555
1571600 555
1571610 557
1571620 557
1571630 561
1571640 562
1571650 562
1571660 561
1571670 561
1571680 561
1571690 562
1571700 565
1571710 565
1571720 568
1571730 572
1571740 572
1571750 575
1571760 580
1571770 583
1571780 583
1571790 588
1571800 590
1571810 590
1571820 590
1571830 590
1571840 590
1571850 591
1571860 592
1571870 592
1571880 593
1571890 594
1571900 594
1571910 596
1571920 597
1571930 598
1571940 598
1571950 599
1571960 599
1571970 599
1571980 600
1571990 601
1572000 601
1572010 601
1572020 602
1572030 602
1572040 603
1572050 605
1572060 605
1572070 606
1572080 607
1572090 607
1572100 609
1572110 610
1572120 611
1572130 611
1572140 612
1572150 612
1572160 612
1572170 613
1572180 613
1572190 613
1572200 613
1572210 613
1572220 613
1572230 614
1572240 615
1572250 615
1572260 615
1572270 616
1572280 616
1572290 616
1572300 616
1572310 617
1572320 617
1572330 618
1572340 618
1572350 618
1572360 620
1572370 622
1572380 622
1572390 624
1572400 625
1572410 625
1572420 627
1572430 628
1572440 630
1572450 630
1572460 629
1572470 629
1572480 629
1572490 630
1572500 630
1572510 630
1572520 630
1572530 631
1572540 631
1572550 633
1572560 634
1572570 634
1572580 636
1572590 638
1572600 639
1572610 639
1572620 641
1572630 642
1572640 642
1572650 643
1572660 643
1572670 643
1572680 644
1572690 645
1572700 645
1572710 646
1572720 647
1572730 647
1572740 648
1572750 648
1572760 649
1572770 649
1572780 650
1572790 651
1572800 651
1572810 652
1572820 652
1572830 652
1572840 652
1572850 653
1572860 653
1572870 654
1572880 654
1572890 654
1572900 655
1572910 655
1572920 655
1572930 658
1572940 658
1572950 659
1572960 659
1572970 661
1572980 663
1572990 663
1573000 664
1573010 665
1573020 665
1573030 666
1573040 667
1573050 667
1573060 669
1573070 670
1573080 670
1573090 670
1573100 670
1573110 671
1573120 671
1573130 672
1573140 672
1573150 672
1573160 672
1573170 672
1573180 672
1573190 672
1573200 672
1573210 672
1573220 672
1573230 673
1573240 673
1573250 673
1573260 674
1573270 674
1573280 674
1573290 674
1573300 675
1573310 675
1573320 675
1573330 675
1573340 675
1573350 676
1573360 676
1573370 676
1573380 677
1573390 677
1573400 677
1573410 677
1573420 677
1573430 677
1573440 677
1573450 676
1573460 676
1573470 676
1573480 676
1573490 675
1573500 675
1573510 675
1573520 674
1573530 674
1573540 673
1573550 673
1573560 673
1573570 672
1573580 671
1573590 670
1573600 670
1573610 669
1573620 668
1573630 668
1573640 667
1573650 666
1573660 666
1573670 665
1573680 664
1573690 664
1573700 664
1573710 664
1573720 664
1573730 664
1573740 664
1573750 664
1573760 663
1573770 663
1573780 663
1573790 663
1573800 664
1573810 665
1573820 665
1573830 665
1573840 666
1573850 666
1573860 666
1573870 666
1573880 666
1573890 667
1573900 668
1573910 668
1573920 668
1573930 667
1573940 665
1573950 665
1573960 661
1573970 658
1573980 658
1573990 655
1574000 651
1574010 651
1574020 650
1574030 650
1574040 650
1574050 649
1574060 648
1574070 648
1574080 648
1574090 647
1574100 647
1574110 647
1574120 647
1574130 647
1574140 647
1574150 647
1574160 647
1574170 647
1574180 646
1574190 646
1574200 646
1574210 645
1574220 644
1574230 644
1574240 641
1574250 636
1574260 634
1574270 634
1574280 631
1574290 628
1574300 628
1574310 626
1574320 624
1574330 624
1574340 625
1574350 624
1574360 624
1574370 624
1574380 623
1574390 623
1574400 622
1574410 620
1574420 619
1574430 619
1574440 617
1574450 615
1574460 615
1574470 614
1574480 613
1574490 613
1574500 611
1574510 610
1574520 610
1574530 609
1574540 609
1574550 609
1574560 608
1574570 607
1574580 607
1574590 606
1574600 606
1574610 605
1574620 605
1574630 605
1574640 605
1574650 605
1574660 605
1574670 604
1574680 604
1574690 603
1574700 603
1574710 603
1574720 602
1574730 602
1574740 602
1574750 602
1574760 601
1574770 601
1574780 601
1574790 601
1574800 601
1574810 601
1574820 601
1574830 600
1574840 600
1574850 600
1574860 600
1574870 600
1574880 600
1574890 600
1574900 600
1574910 600
1574920 601
1574930 601
1574940 601
1574950 602
1574960 601
1574970 601
1574980 600
1574990 598
1575000 598
1575010 596
1575020 595
1575030 595
1575040 594
1575050 594
1575060 594
1575070 594
1575080 594
1575090 594
1575100 594
1575110 593
1575120 592
1575130 592
1575140 592
1575150 592
1575160 592
1575170 592
1575180 592
1575190 592
1575200 592
1575210 593
1575220 593
1575230 594
1575240 595
1575250 597
1575260 597
1575270 598
1575280 599
1575290 599
1575300 599
1575310 599
1575320 599
1575330 598
1575340 597
1575350 597
1575360 595
1575370 593
1575380 593
1575390 593
1575400 594
1575410 594
1575420 597
1575430 597
1575440 597
1575450 597
1575460 595
1575470 592
1575480 592
1575490 589
1575500 588
1575510 588
1575520 586
1575530 586
1575540 586
1575550 586
1575560 586
1575570 586
1575580 586
1575590 586
1575600 586
1575610 586
1575620 587
1575630 587
1575640 587
1575650 586
1575660 586
1575670 586
1575680 586
1575690 586
1575700 586
1575710 587
1575720 587
1575730 588
1575740 588
1575750 589
1575760 589
1575770 589
1575780 590
1575790 590
1575800 590
1575810 590
1575820 590
1575830 590
1575840 591
1575850 591
1575860 591
1575870 591
1575880 592
1575890 592
1575900 593
1575910 594
1575920 595
1575930 595
1575940 597
1575950 598
1575960 598
1575970 599
1575980 600
1575990 600
1576000 601
1576010 601
1576020 601
1576030 602
1576040 602
1576050 602
1576060 603
1576070 603
1576080 603
1576090 603
1576100 603
1576110 603
1576120 603
1576130 603
1576140 603
1576150 603
1576160 603
1576170 604
1576180 604
1576190 604
1576200 604
1576210 604
1576220 605
1576230 606
1576240 606
1576250 607
1576260 609
1576270 611
1576280 611
1576290 615
1576300 618
1576310 618
1576320 622
1576330 626
1576340 626
1576350 629
1576360 633
1576370 633
1576380 637
1576390 640
1576400 640
1576410 644
1576420 647
1576430 651
1576440 651
1576450 654
1576460 658
1576470 658
1576480 661
1576490 664
1576500 664
1576510 666
1576520 668
1576530 668
1576540 669
1576550 671
1576560 671
1576570 672
1576580 673
1576590 673
1576600 673
1576610 673
1576620 673
1576630 673
1576640 673
1576650 674
1576660 674
1576670 674
1576680 675
1576690 675
1576700 675
1576710 673
1576720 673
1576730 671
1576740 669
1576750 668
1576760 668
1576770 669
1576780 669
1576790 669
1576800 669
1576810 668
1576820 668
1576830 667
1576840 667
1576850 667
1576860 665
1576870 661
1576880 661
1576890 659
1576900 658
1576910 658
1576920 658
1576930 660
1576940 661
1576950 661
1576960 661
1576970 660
1576980 660
1576990 659
1577000 657
1577010 657
1577020 656
1577030 656
1577040 656
1577050 654
1577060 654
1577070 654
1577080 653
1577090 651
1577100 646
1577110 646
1577120 645
1577130 645
1577140 645
1577150 644
1577160 644
1577170 644
1577180 644
1577190 644
1577200 644
1577210 645
1577220 646
1577230 646
1577240 646
1577250 645
1577260 645
1577270 645
1577280 646
1577290 648
1577300 648
1577310 649
1577320 649
1577330 649
1577340 648
1577350 648
1577360 648
1577370 648
1577380 647
1577390 647
1577400 646
1577410 645
1577420 645
1577430 645
1577440 645
1577450 644
1577460 644
1577470 643
1577480 643
1577490 643
1577500 642
1577510 642
1577520 642
1577530 642
1577540 643
1577550 643
1577560 643
1577570 644
1577580 644
1577590 644
1577600 644
1577610 644
1577620 644
1577630 644
1577640 644
1577650 644
1577660 644
1577670 645
1577680 645
1577690 644
1577700 644
1577710 644
1577720 644
1577730 644
1577740 644
1577750 644
1577760 644
1577770 644
1577780 644
1577790 644
1577800 644
1577810 644
1577820 644
1577830 644
1577840 644
1577850 644
1577860 645
1577870 645
1577880 646
1577890 646
1577900 646
1577910 647
1577920 648
1577930 648
1577940 648
1577950 649
1577960 650
1577970 650
1577980 652
1577990 653
1578000 653
1578010 654
1578020 655
1578030 655
1578040 655
1578050 656
1578060 656
1578070 657
1578080 659
1578090 659
1578100 659
1578110 660
1578120 661
1578130 661
1578140 661
1578150 662
1578160 662
1578170 662
1578180 662
1578190 662
1578200 662
1578210 662
1578220 662
1578230 661
1578240 661
1578250 660
1578260 660
1578270 659
1578280 658
1578290 658
1578300 658
1578310 657
1578320 657
1578330 655
1578340 654
1578350 654
1578360 653
1578370 652
1578380 652
1578390 651
1578400 651
1578410 650
1578420 650
1578430 649
1578440 648
1578450 650
1578460 649
1578470 649
1578480 649
1578490 648
1578500 647
1578510 647
1578520 647
1578530 646
1578540 646
1578550 646
1578560 645
1578570 645
1578580 645
1578590 645
1578600 645
1578610 645
1578620 644
1578630 643
1578640 643
1578650 642
1578660 642
1578670 642
1578680 641
1578690 641
1578700 641
1578710 640
1578720 639
1578730 639
1578740 639
1578750 641
1578760 642
1578770 642
1578780 643
1578790 644
1578800 644
1578810 644
1578820 645
1578830 645
1578840 646
1578850 647
1578860 647
1578870 649
1578880 650
1578890 650
1578900 652
1578910 654
1578920 656
1578930 656
1578940 658
1578950 660
1578960 660
1578970 663
1578980 666
1578990 666
1579000 670
1579010 672
1579020 672
1579030 675
1579040 678
1579050 678
1579060 681
1579070 685
1579080 688
1579090 688
1579100 692
1579110 696
1579120 696
1579130 698
1579140 699
1579150 699
1579160 700
1579170 699
1579180 699
1579190 699
1579200 696
1579210 696
1579220 694
1579230 691
1579240 690
1579250 690
1579260 690
1579270 690
1579280 690
1579290 693
1579300 695
1579310 695
1579320 694
1579330 692
1579340 692
1579350 691
1579360 689
1579370 689
1579380 687
1579390 684
1579400 684
1579410 681
1579420 678
1579430 674
1579440 674
1579450 669
1579460 665
1579470 665
1579480 662
1579490 658
1579500 658
1579510 653
1579520 650
1579530 650
1579540 646
1579550 642
1579560 642
1579570 639
1579580 636
1579590 635
1579600 635
1579610 633
1579620 632
1579630 632
1579640 632
1579650 631
1579660 631
1579670 630
1579680 629
1579690 629
1579700 628
1579710 627
1579720 627
1579730 625
1579740 624
1579750 622
1579760 622
1579770 621
1579780 621
1579790 621
1579800 619
1579810 617
1579820 617
1579830 616
1579840 614
1579850 614
1579860 612
1579870 609
1579880 609
1579890 606
1579900 603
1579910 600
1579920 600
1579930 597
1579940 594
1579950 594
1579960 591
1579970 588
1579980 588
1579990 587
