1560000 925
1560010 924
1560020 923
1560030 923
1560040 924
1560050 924
1560060 924
1560070 926
1560080 927
1560090 927
1560100 925
1560110 921
1560120 920
1560130 920
1560140 918
1560150 916
1560160 916
1560170 915
1560180 916
1560190 916
1560200 917
1560210 919
1560220 919
1560230 919
1560240 916
1560250 916
1560260 913
1560270 909
1560280 909
1560290 909
1560300 910
1560310 912
1560320 912
1560330 913
1560340 913
1560350 913
1560360 913
1560370 913
1560380 913
1560390 913
1560400 912
1560410 912
1560420 911
1560430 915
1560440 917
1560450 917
1560460 917
1560470 917
1560480 917
1560490 916
1560500 915
1560510 915
1560520 912
1560530 910
1560540 910
1560550 908
1560560 906
1560570 906
1560580 906
1560590 906
1560600 907
1560610 907
1560620 910
1560630 913
1560640 913
1560650 917
1560660 919
1560670 919
1560680 921
1560690 925
1560700 925
1560710 928
1560720 931
1560730 931
1560740 931
1560750 930
1560760 930
1560770 929
1560780 928
1560790 929
1560800 929
1560810 931
1560820 932
1560830 932
1560840 932
1560850 930
1560860 930
1560870 926
1560880 914
1560890 914
1560900 898
1560910 889
1560920 889
1560930 883
1560940 878
1560950 872
1560960 872
1560970 868
1560980 868
1560990 868
1561000 872
1561010 877
1561020 877
1561030 882
1561040 885
1561050 885
1561060 885
1561070 882
1561080 882
1561090 881
1561100 879
1561110 878
1561120 878
1561130 879
1561140 882
1561150 882
1561160 885
1561170 889
1561180 889
1561190 894
1561200 898
1561210 898
1561220 897
1561230 892
1561240 892
1561250 883
1561260 879
1561270 877
1561280 877
1561290 871
1561300 865
1561310 865
1561320 861
1561330 853
1561340 853
1561350 850
1561360 849
1561370 849
1561380 843
1561390 839
1561400 839
1561410 837
1561420 837
1561430 838
1561440 838
1561450 838
1561460 838
1561470 838
1561480 842
1561490 846
1561500 846
1561510 850
1561520 854
1561530 854
1561540 856
1561550 858
1561560 858
1561570 860
1561580 861
1561590 861
1561600 861
1561610 862
1561620 861
1561630 861
1561640 865
1561650 863
1561660 863
1561670 863
1561680 863
1561690 863
1561700 865
1561710 866
1561720 866
1561730 866
1561740 865
1561750 865
1561760 865
1561770 866
1561780 866
1561790 866
1561800 865
1561810 864
1561820 864
1561830 863
1561840 862
1561850 862
1561860 861
1561870 860
1561880 860
1561890 859
1561900 860
1561910 860
1561920 861
1561930 862
1561940 862
1561950 862
1561960 862
1561970 862
1561980 862
1561990 862
1562000 862
1562010 862
1562020 860
1562030 858
1562040 858
1562050 858
1562060 857
1562070 857
1562080 856
1562090 853
1562100 851
1562110 851
1562120 851
1562130 852
1562140 852
1562150 850
1562160 849
1562170 849
1562180 850
1562190 853
1562200 853
1562210 854
1562220 853
1562230 853
1562240 850
1562250 849
1562260 849
1562270 849
1562280 848
1562290 846
1562300 846
1562310 843
1562320 841
1562330 841
1562340 841
1562350 841
1562360 841
1562370 841
1562380 842
1562390 842
1562400 844
1562410 846
1562420 846
1562430 848
1562440 850
1562450 853
1562460 853
1562470 857
1562480 861
1562490 861
1562500 866
1562510 872
1562520 872
1562530 876
1562540 879
1562550 879
1562560 881
1562570 880
1562580 880
1562590 876
1562600 874
1562610 876
1562620 876
1562630 879
1562640 880
1562650 880
1562660 881
1562670 881
1562680 881
1562690 879
1562700 873
1562710 873
1562720 867
1562730 865
1562740 865
1562750 864
1562760 861
1562770 856
1562780 856
1562790 849
1562800 846
1562810 846
1562820 846
1562830 849
1562840 849
1562850 851
1562860 846
1562870 846
1562880 834
1562890 830
1562900 830
1562910 829
1562920 830
1562930 831
1562940 831
1562950 832
1562960 832
1562970 832
1562980 832
1562990 832
1563000 832
1563010 832
1563020 831
1563030 831
1563040 831
1563050 830
1563060 830
1563070 829
1563080 825
1563090 820
1563100 820
1563110 818
1563120 817
1563130 817
1563140 818
1563150 820
1563160 820
1563170 821
1563180 822
1563190 822
1563200 821
1563210 817
1563220 817
1563230 814
1563240 810
1563250 813
1563260 810
1563270 808
1563280 803
1563290 803
1563300 794
1563310 790
1563320 790
1563330 789
1563340 788
1563350 788
1563360 787
1563370 787
1563380 787
1563390 785
1563400 777
1563410 777
1563420 772
1563430 772
1563440 772
1563450 772
1563460 773
1563470 776
1563480 776
1563490 778
1563500 779
1563510 779
1563520 777
1563530 772
1563540 772
1563550 768
1563560 770
1563570 770
1563580 775
1563590 782
1563600 788
1563610 788
1563620 793
1563630 798
1563640 798
1563650 802
1563660 806
1563670 806
1563680 810
1563690 815
1563700 815
1563710 818
1563720 820
1563730 820
1563740 822
1563750 824
1563760 828
1563770 828
1563780 830
1563790 832
1563800 832
1563810 833
1563820 833
1563830 833
1563840 832
1563850 832
1563860 832
1563870 832
1563880 832
1563890 832
1563900 833
1563910 834
1563920 834
1563930 834
1563940 834
1563950 833
1563960 833
1563970 833
1563980 832
1563990 832
1564000 831
1564010 829
1564020 829
1564030 826
1564040 824
1564050 824
1564060 820
1564070 816
1564080 816
1564090 813
1564100 810
1564110 807
1564120 807
1564130 801
1564140 792
1564150 792
1564160 788
1564170 786
1564180 786
1564190 784
1564200 783
1564210 783
1564220 782
1564230 781
1564240 781
1564250 779
1564260 777
1564270 776
1564280 776
1564290 774
1564300 770
1564310 770
1564320 769
1564330 768
1564340 768
1564350 765
1564360 758
1564370 758
1564380 749
1564390 741
1564400 741
1564410 733
1564420 725
1564430 718
1564440 718
1564450 711
1564460 704
1564470 704
1564480 699
1564490 695
1564500 695
1564510 692
1564520 690
1564530 690
1564540 686
1564550 679
1564560 679
1564570 667
1564580 660
1564590 654
1564600 654
1564610 649
1564620 641
1564630 641
1564640 640
1564650 644
1564660 644
1564670 650
1564680 654
1564690 654
1564700 656
1564710 657
1564720 657
1564730 658
1564740 659
1564750 660
1564760 660
1564770 659
1564780 658
1564790 658
1564800 657
1564810 656
1564820 656
1564830 656
1564840 655
1564850 655
1564860 642
1564870 611
1564880 611
1564890 600
1564900 593
1564910 593
1564920 587
1564930 580
1564940 575
1564950 575
1564960 569
1564970 564
1564980 564
1564990 561
1565000 558
1565010 558
1565020 554
1565030 552
1565040 552
1565050 554
1565060 560
1565070 560
1565080 567
1565090 571
1565100 572
1565110 572
1565120 571
1565130 572
1565140 572
1565150 576
1565160 579
1565170 579
1565180 578
1565190 576
1565200 576
1565210 569
1565220 569
1565230 569
1565240 574
1565250 577
1565260 577
1565270 577
1565280 577
1565290 571
1565300 571
1565310 566
1565320 563
1565330 563
1565340 561
1565350 560
1565360 560
1565370 559
1565380 552
1565390 552
1565400 548
1565410 546
1565420 544
1565430 544
1565440 543
1565450 542
1565460 542
1565470 542
1565480 541
1565490 541
1565500 540
1565510 541
1565520 541
1565530 542
1565540 543
1565550 543
1565560 541
1565570 540
1565580 539
1565590 539
1565600 539
1565610 540
1565620 540
1565630 540
1565640 540
1565650 540
1565660 541
1565670 541
1565680 541
1565690 541
1565700 541
1565710 541
1565720 541
1565730 540
1565740 540
1565750 539
1565760 538
1565770 537
1565780 537
1565790 536
1565800 534
1565810 534
1565820 533
1565830 530
1565840 530
1565850 529
1565860 529
1565870 529
1565880 530
1565890 531
1565900 531
1565910 534
1565920 536
1565930 536
1565940 536
1565950 535
1565960 535
1565970 535
1565980 536
1565990 536
1566000 536
1566010 536
1566020 536
1566030 536
1566040 537
1566050 537
1566060 537
1566070 537
1566080 536
1566090 535
1566100 535
1566110 534
1566120 533
1566130 533
1566140 532
1566150 531
1566160 531
1566170 530
1566180 529
1566190 529
1566200 529
1566210 528
1566220 528
1566230 528
1566240 528
1566250 528
1566260 528
1566270 528
1566280 528
1566290 528
1566300 528
1566310 528
1566320 528
1566330 527
1566340 527
1566350 527
1566360 527
1566370 528
1566380 528
1566390 528
1566400 528
1566410 528
1566420 528
1566430 527
1566440 527
1566450 527
1566460 527
1566470 528
1566480 528
1566490 529
1566500 532
1566510 532
1566520 538
1566530 542
1566540 542
1566550 544
1566560 545
1566570 545
1566580 545
1566590 545
1566600 543
1566610 543
1566620 539
1566630 534
1566640 534
1566650 528
1566660 521
1566670 521
1566680 518
1566690 518
1566700 518
1566710 518
1566720 518
1566730 518
1566740 518
1566750 518
1566760 518
1566770 518
1566780 518
1566790 518
1566800 518
1566810 518
1566820 519
1566830 519
1566840 519
1566850 519
1566860 519
1566870 519
1566880 519
1566890 519
1566900 519
1566910 519
1566920 519
1566930 519
1566940 519
1566950 519
1566960 519
1566970 519
1566980 519
1566990 519
1567000 519
1567010 519
1567020 519
1567030 519
1567040 519
1567050 519
1567060 519
1567070 519
1567080 519
1567090 519
1567100 519
1567110 519
1567120 519
1567130 519
1567140 519
1567150 519
1567160 519
1567170 520
1567180 520
1567190 520
1567200 520
1567210 520
1567220 520
1567230 519
1567240 519
1567250 519
1567260 520
1567270 520
1567280 520
1567290 520
1567300 520
1567310 520
1567320 520
1567330 520
1567340 520
1567350 520
1567360 521
1567370 521
1567380 521
1567390 521
1567400 522
1567410 522
1567420 522
1567430 522
1567440 522
1567450 523
1567460 522
1567470 522
1567480 522
1567490 522
1567500 522
1567510 523
1567520 523
1567530 523
1567540 523
1567550 524
1567560 524
1567570 526
1567580 528
1567590 528
1567600 528
1567610 528
1567620 529
1567630 529
1567640 529
1567650 530
1567660 530
1567670 532
1567680 533
1567690 533
1567700 534
1567710 536
1567720 536
1567730 537
1567740 539
1567750 540
1567760 540
1567770 542
1567780 544
1567790 544
1567800 545
1567810 547
1567820 547
1567830 548
1567840 550
1567850 550
1567860 553
1567870 555
1567880 555
1567890 557
1567900 559
1567910 562
1567920 565
1567930 568
1567940 572
1567950 572
1567960 576
1567970 580
1567980 580
1567990 586
1568000 590
1568010 590
1568020 594
1568030 598
1568040 598
1568050 603
1568060 609
1568070 614
1568080 614
1568090 619
1568100 626
1568110 626
1568120 632
1568130 638
1568140 638
1568150 644
1568160 649
1568170 649
1568180 655
1568190 658
1568200 658
1568210 662
1568220 665
1568230 668
1568240 668
1568250 671
1568260 673
1568270 673
1568280 676
1568290 679
1568300 679
1568310 682
1568320 686
1568330 686
1568340 691
1568350 696
1568360 696
1568370 701
1568380 706
1568390 706
1568400 712
1568410 717
1568420 721
1568430 721
1568440 724
1568450 726
1568460 726
1568470 728
1568480 728
1568490 728
1568500 728
1568510 728
1568520 728
1568530 727
1568540 727
1568550 727
1568560 727
1568570 727
1568580 727
1568590 727
1568600 727
1568610 728
1568620 728
1568630 728
1568640 729
1568650 729
1568660 729
1568670 730
1568680 730
1568690 730
1568700 730
1568710 730
1568720 730
1568730 730
1568740 732
1568750 732
1568760 733
1568770 734
1568780 734
1568790 734
1568800 734
1568810 734
1568820 735
1568830 735
1568840 735
1568850 735
1568860 736
1568870 736
1568880 736
1568890 737
1568900 738
1568910 738
1568920 738
1568930 739
1568940 739
1568950 739
1568960 740
1568970 740
1568980 740
1568990 740
1569000 740
1569010 741
1569020 741
1569030 741
1569040 743
1569050 744
1569060 745
1569070 745
1569080 746
1569090 747
1569100 747
1569110 748
1569120 749
1569130 749
1569140 749
1569150 749
1569160 749
1569170 749
1569180 748
1569190 748
1569200 746
1569210 743
1569220 743
1569230 741
1569240 738
1569250 733
1569260 733
1569270 729
1569280 726
1569290 726
1569300 724
1569310 723
1569320 723
1569330 721
1569340 718
1569350 718
1569360 715
1569370 711
1569380 711
1569390 708
1569400 702
1569410 698
1569420 696
1569430 696
1569440 696
1569450 696
1569460 696
1569470 696
1569480 696
1569490 696
1569500 695
1569510 695
1569520 693
1569530 692
1569540 692
1569550 690
1569560 688
1569570 685
1569580 685
1569590 683
1569600 681
1569610 681
1569620 679
1569630 677
1569640 677
1569650 676
1569660 674
1569670 674
1569680 669
1569690 668
1569700 668
1569710 666
1569720 661
1569730 659
1569740 659
1569750 657
1569760 650
1569770 650
1569780 641
1569790 633
1569800 633
1569810 625
1569820 619
1569830 619
1569840 613
1569850 607
1569860 607
1569870 602
1569880 597
1569890 592
1569900 592
1569910 590
1569920 588
1569930 588
1569940 587
1569950 587
1569960 587
1569970 587
1569980 587
1569990 587
1570000 587
1570010 587
1570020 587
1570030 587
1570040 587
1570050 587
1570060 586
1570070 586
1570080 586
1570090 586
1570100 586
1570110 585
1570120 585
1570130 582
1570140 582
1570150 582
1570160 581
1570170 575
1570180 575
1570190 570
1570200 568
1570210 568
1570220 568
1570230 570
1570240 571
1570250 571
1570260 571
1570270 574
1570280 574
1570290 577
1570300 580
1570310 580
1570320 580
1570330 580
1570340 580
1570350 580
1570360 580
1570370 580
1570380 579
1570390 574
1570400 570
1570410 570
1570420 568
1570430 567
1570440 567
1570450 566
1570460 566
1570470 566
1570480 565
1570490 565
1570500 565
1570510 565
1570520 565
1570530 565
1570540 564
1570550 564
1570560 564
1570570 564
1570580 564
1570590 564
1570600 564
1570610 564
1570620 564
1570630 564
1570640 565
1570650 565
1570660 565
1570670 565
1570680 565
1570690 565
1570700 566
1570710 566
1570720 566
1570730 566
1570740 566
1570750 566
1570760 566
1570770 566
1570780 566
1570790 566
1570800 566
1570810 566
1570820 566
1570830 566
1570840 567
1570850 567
1570860 567
1570870 567
1570880 567
1570890 567
1570900 567
1570910 567
1570920 567
1570930 567
1570940 567
1570950 567
1570960 567
1570970 567
1570980 567
1570990 567
1571000 567
1571010 567
1571020 566
1571030 566
1571040 566
1571050 566
1571060 567
1571070 567
1571080 567
1571090 566
1571100 566
1571110 566
1571120 566
1571130 566
1571140 566
1571150 566
1571160 565
1571170 565
1571180 565
1571190 565
1571200 565
1571210 565
1571220 565
1571230 564
1571240 564
1571250 563
1571260 563
1571270 563
1571280 562
1571290 562
1571300 562
1571310 562
1571320 562
1571330 562
1571340 562
1571350 561
1571360 561
1571370 561
1571380 561
1571390 560
1571400 560
1571410 560
1571420 559
1571430 559
1571440 558
1571450 558
1571460 558
1571470 559
1571480 560
1571490 560
1571500 560
1571510 562
1571520 562
1571530 563
1571540 563
1571550 563
1571560 563
1571570 560
1571580 556
1571590 556
1571600 555
1571610 555
1571620 555
1571630 555
1571640 555
1571650 555
1571660 556
1571670 558
1571680 558
1571690 560
1571700 563
1571710 563
1571720 564
1571730 568
1571740 571
1571750 571
1571760 575
1571770 578
1571780 578
1571790 581
1571800 583
1571810 583
1571820 585
1571830 586
1571840 586
1571850 587
1571860 587
1571870 587
1571880 588
1571890 589
1571900 590
1571910 590
1571920 591
1571930 592
1571940 592
1571950 593
1571960 594
1571970 594
1571980 595
1571990 596
1572000 596
1572010 596
1572020 596
1572030 596
1572040 597
1572050 597
1572060 598
1572070 598
1572080 599
1572090 600
1572100 600
1572110 601
1572120 602
1572130 602
1572140 603
1572150 604
1572160 604
1572170 606
1572180 607
1572190 607
1572200 608
1572210 609
1572220 610
1572230 610
1572240 611
1572250 612
1572260 612
1572270 614
1572280 615
1572290 615
1572300 616
1572310 617
1572320 617
1572330 618
1572340 619
1572350 619
1572360 620
1572370 621
1572380 621
1572390 621
1572400 620
1572410 621
1572420 621
1572430 621
1572440 621
1572450 621
1572460 622
1572470 622
1572480 622
1572490 623
1572500 625
1572510 625
1572520 627
1572530 628
1572540 628
1572550 628
1572560 629
1572570 631
1572580 631
1572590 631
1572600 632
1572610 632
1572620 633
1572630 634
1572640 634
1572650 635
1572660 635
1572670 635
1572680 636
1572690 637
1572700 637
1572710 637
1572720 638
1572730 639
1572740 639
1572750 640
1572760 641
1572770 641
1572780 642
1572790 642
1572800 642
1572810 643
1572820 643
1572830 643
1572840 643
1572850 643
1572860 643
1572870 644
1572880 644
1572890 644
1572900 644
1572910 644
1572920 645
1572930 645
1572940 646
1572950 647
1572960 647
1572970 647
1572980 648
1572990 648
1573000 649
1573010 650
1573020 650
1573030 651
1573040 652
1573050 654
1573060 654
1573070 655
1573080 656
1573090 656
1573100 656
1573110 657
1573120 657
1573130 657
1573140 658
1573150 658
1573160 658
1573170 659
1573180 659
1573190 660
1573200 660
1573210 660
1573220 660
1573230 661
1573240 661
1573250 661
1573260 660
1573270 660
1573280 660
1573290 660
1573300 660
1573310 660
1573320 661
1573330 661
1573340 661
1573350 661
1573360 661
1573370 661
1573380 661
1573390 661
1573400 660
1573410 660
1573420 660
1573430 660
1573440 660
1573450 660
1573460 659
1573470 659
1573480 659
1573490 659
1573500 659
1573510 659
1573520 659
1573530 659
1573540 658
1573550 658
1573560 657
1573570 657
1573580 657
1573590 656
1573600 656
1573610 657
1573620 657
1573630 657
1573640 657
1573650 657
1573660 657
1573670 656
1573680 656
1573690 656
1573700 656
1573710 656
1573720 655
1573730 655
1573740 656
1573750 657
1573760 657
1573770 656
1573780 656
1573790 656
1573800 656
1573810 655
1573820 655
1573830 655
1573840 655
1573850 655
1573860 654
1573870 654
1573880 653
1573890 653
1573900 653
1573910 652
1573920 652
1573930 651
1573940 649
1573950 649
1573960 648
1573970 647
1573980 647
1573990 647
1574000 647
1574010 647
1574020 647
1574030 649
1574040 650
1574050 650
1574060 651
1574070 650
1574080 650
1574090 647
1574100 646
1574110 646
1574120 645
1574130 643
1574140 643
1574150 640
1574160 638
1574170 638
1574180 635
1574190 632
1574200 632
1574210 630
1574220 628
1574230 626
1574240 626
1574250 624
1574260 622
1574270 622
1574280 620
1574290 618
1574300 618
1574310 617
1574320 616
1574330 616
1574340 615
1574350 613
1574360 613
1574370 612
1574380 611
1574390 609
1574400 609
1574410 608
1574420 606
1574430 606
1574440 605
1574450 603
1574460 603
1574470 602
1574480 602
1574490 602
1574500 602
1574510 601
1574520 601
1574530 601
1574540 600
1574550 599
1574560 599
1574570 599
1574580 598
1574590 598
1574600 599
1574610 599
1574620 599
1574630 599
1574640 599
1574650 599
1574660 599
1574670 600
1574680 600
1574690 603
1574700 605
1574710 606
1574720 606
1574730 607
1574740 609
1574750 609
1574760 610
1574770 611
1574780 611
1574790 612
1574800 611
1574810 611
1574820 611
1574830 609
1574840 609
1574850 606
1574860 603
1574870 601
1574880 601
1574890 600
1574900 600
1574910 600
1574920 600
1574930 601
1574940 601
1574950 602
1574960 602
1574970 602
1574980 601
1574990 600
1575000 600
1575010 600
1575020 599
1575030 599
1575040 599
1575050 598
1575060 598
1575070 598
1575080 598
1575090 597
1575100 597
1575110 597
1575120 597
1575130 597
1575140 597
1575150 596
1575160 596
1575170 597
1575180 598
1575190 598
1575200 599
1575210 600
1575220 601
1575230 601
1575240 603
1575250 606
1575260 606
1575270 609
1575280 613
1575290 613
1575300 615
1575310 617
1575320 617
1575330 618
1575340 619
1575350 619
1575360 620
1575370 621
1575380 622
1575390 622
1575400 622
1575410 621
1575420 621
1575430 619
1575440 618
1575450 618
1575460 617
1575470 613
1575480 613
1575490 607
1575500 601
1575510 601
1575520 597
1575530 593
1575540 590
1575550 590
1575560 589
1575570 588
1575580 588
1575590 588
1575600 588
1575610 588
1575620 588
1575630 588
1575640 588
1575650 588
1575660 585
1575670 585
1575680 584
1575690 584
1575700 584
1575710 584
1575720 583
1575730 583
1575740 583
1575750 583
1575760 583
1575770 583
1575780 583
1575790 584
1575800 584
1575810 584
1575820 585
1575830 585
1575840 586
1575850 587
1575860 587
1575870 589
1575880 591
1575890 592
1575900 592
1575910 592
1575920 593
1575930 593
1575940 594
1575950 595
1575960 595
1575970 596
1575980 597
1575990 597
1576000 597
1576010 598
1576020 598
1576030 599
1576040 600
1576050 601
1576060 601
1576070 601
1576080 600
1576090 600
1576100 600
1576110 600
1576120 600
1576130 600
1576140 600
1576150 600
1576160 601
1576170 601
1576180 601
1576190 602
1576200 603
1576210 603
1576220 603
1576230 604
1576240 605
1576250 605
1576260 605
1576270 606
1576280 606
1576290 609
1576300 612
1576310 612
1576320 614
1576330 615
1576340 615
1576350 618
1576360 621
1576370 624
1576380 624
1576390 628
1576400 631
1576410 631
1576420 635
1576430 639
1576440 639
1576450 643
1576460 647
1576470 647
1576480 652
1576490 656
1576500 656
1576510 660
1576520 665
1576530 672
1576540 672
1576550 676
1576560 680
1576570 680
1576580 684
1576590 686
1576600 686
1576610 689
1576620 691
1576630 691
1576640 692
1576650 694
1576660 694
1576670 695
1576680 696
1576690 696
1576700 697
1576710 698
1576720 699
1576730 699
1576740 700
1576750 701
1576760 701
1576770 702
1576780 702
1576790 702
1576800 703
1576810 703
1576820 703
1576830 704
1576840 705
1576850 705
1576860 707
1576870 708
1576880 709
1576890 709
1576900 709
1576910 709
1576920 709
1576930 709
1576940 710
1576950 710
1576960 711
1576970 710
1576980 710
1576990 708
1577000 706
1577010 706
1577020 703
1577030 701
1577040 698
1577050 698
1577060 695
1577070 691
1577080 691
1577090 685
1577100 680
1577110 680
1577120 677
1577130 674
1577140 674
1577150 672
1577160 670
1577170 670
1577180 668
1577190 667
1577200 666
1577210 666
1577220 665
1577230 664
1577240 664
1577250 663
1577260 663
1577270 663
1577280 664
1577290 665
1577300 665
1577310 665
1577320 664
1577330 664
1577340 663
1577350 661
1577360 658
1577370 658
1577380 656
1577390 654
1577400 654
1577410 653
1577420 651
1577430 651
1577440 651
1577450 651
1577460 651
1577470 651
1577480 651
1577490 651
1577500 652
1577510 652
1577520 652
1577530 652
1577540 652
1577550 651
1577560 651
1577570 651
1577580 650
1577590 650
1577600 650
1577610 650
1577620 650
1577630 650
1577640 649
1577650 649
1577660 649
1577670 648
1577680 648
1577690 648
1577700 647
1577710 647
1577720 647
1577730 646
1577740 646
1577750 646
1577760 646
1577770 645
1577780 645
1577790 645
1577800 644
1577810 644
1577820 644
1577830 643
1577840 643
1577850 643
1577860 642
1577870 642
1577880 642
1577890 642
1577900 642
1577910 642
1577920 643
1577930 644
1577940 644
1577950 644
1577960 644
1577970 644
1577980 645
1577990 645
1578000 645
1578010 645
1578020 646
1578030 646
1578040 646
1578050 647
1578060 647
1578070 647
1578080 647
1578090 647
1578100 647
1578110 647
1578120 646
1578130 646
1578140 645
1578150 644
1578160 644
1578170 643
1578180 642
1578190 641
1578200 641
1578210 640
1578220 640
1578230 640
1578240 639
1578250 638
1578260 638
1578270 637
1578280 636
1578290 636
1578300 636
1578310 635
1578320 635
1578330 634
1578340 634
1578350 634
1578360 633
1578370 633
1578380 632
1578390 632
1578400 632
1578410 632
1578420 632
1578430 631
1578440 631
1578450 631
1578460 631
1578470 631
1578480 631
1578490 631
1578500 631
1578510 631
1578520 631
1578530 631
1578540 631
1578550 631
1578560 631
1578570 631
1578580 631
1578590 631
1578600 630
1578610 630
1578620 630
1578630 630
1578640 630
1578650 630
1578660 630
1578670 630
1578680 630
1578690 631
1578700 632
1578710 632
1578720 633
1578730 634
1578740 634
1578750 635
1578760 636
1578770 636
1578780 638
1578790 639
1578800 639
1578810 641
1578820 643
1578830 643
1578840 644
1578850 646
1578860 648
1578870 648
1578880 649
1578890 651
1578900 651
1578910 652
1578920 653
1578930 653
1578940 654
1578950 655
1578960 655
1578970 656
1578980 657
1578990 657
1579000 657
1579010 658
1579020 659
1579030 659
1579040 660
1579050 660
1579060 660
1579070 659
1579080 658
1579090 658
1579100 657
1579110 657
1579120 657
1579130 656
1579140 656
1579150 656
1579160 655
1579170 654
1579180 654
1579190 654
1579200 653
1579210 653
1579220 653
1579230 657
1579240 657
1579250 657
1579260 656
1579270 656
1579280 656
1579290 656
1579300 655
1579310 655
1579320 655
1579330 655
1579340 655
1579350 654
1579360 654
1579370 653
1579380 653
1579390 652
1579400 651
1579410 651
1579420 649
1579430 646
1579440 646
1579450 642
1579460 639
1579470 639
1579480 635
1579490 633
1579500 633
1579510 631
1579520 629
1579530 628
1579540 628
1579550 626
1579560 625
1579570 625
1579580 624
1579590 622
1579600 622
1579610 620
1579620 618
1579630 618
1579640 615
1579650 612
1579660 612
1579670 610
1579680 607
1579690 605
1579700 605
1579710 603
1579720 601
1579730 601
1579740 599
1579750 596
1579760 596
1579770 594
1579780 592
1579790 592
1579800 590
1579810 589
1579820 589
1579830 587
1579840 585
1579850 584
1579860 584
1579870 584
1579880 584
1579890 584
1579900 585
1579910 586
1579920 586
1579930 591
1579940 591
1579950 591
1579960 591
1579970 590
1579980 590
1579990 590
