1560000 824
1560010 824
1560020 823
1560030 822
1560040 822
1560050 823
1560060 823
1560070 823
1560080 824
1560090 826
1560100 826
1560110 828
1560120 831
1560130 831
1560140 833
1560150 835
1560160 835
1560170 841
1560180 846
1560190 852
1560200 852
1560210 858
1560220 862
1560230 862
1560240 865
1560250 867
1560260 867
1560270 869
1560280 873
1560290 873
1560300 877
1560310 881
1560320 881
1560330 886
1560340 890
1560350 892
1560360 892
1560370 892
1560380 892
1560390 892
1560400 893
1560410 893
1560420 893
1560430 893
1560440 893
1560450 893
1560460 893
1560470 893
1560480 893
1560490 892
1560500 892
1560510 892
1560520 893
1560530 893
1560540 893
1560550 893
1560560 894
1560570 894
1560580 894
1560590 894
1560600 894
1560610 894
1560620 893
1560630 893
1560640 893
1560650 893
1560660 893
1560670 893
1560680 893
1560690 893
1560700 893
1560710 893
1560720 893
1560730 893
1560740 893
1560750 893
1560760 893
1560770 893
1560780 893
1560790 893
1560800 893
1560810 894
1560820 895
1560830 895
1560840 896
1560850 897
1560860 897
1560870 898
1560880 899
1560890 899
1560900 899
1560910 899
1560920 898
1560930 898
1560940 899
1560950 899
1560960 899
1560970 900
1560980 900
1560990 900
1561000 900
1561010 900
1561020 900
1561030 900
1561040 900
1561050 901
1561060 901
1561070 901
1561080 902
1561090 902
1561100 904
1561110 905
1561120 905
1561130 907
1561140 907
1561150 907
1561160 907
1561170 908
1561180 908
1561190 908
1561200 908
1561210 909
1561220 909
1561230 909
1561240 909
1561250 909
1561260 909
1561270 909
1561280 909
1561290 908
1561300 908
1561310 908
1561320 907
1561330 906
1561340 906
1561350 905
1561360 904
1561370 904
1561380 904
1561390 904
1561400 903
1561410 903
1561420 903
1561430 902
1561440 902
1561450 902
1561460 902
1561470 902
1561480 902
1561490 902
1561500 902
1561510 903
1561520 904
1561530 904
1561540 904
1561550 907
1561560 907
1561570 907
1561580 908
1561590 908
1561600 908
1561610 909
1561620 909
1561630 909
1561640 910
1561650 910
1561660 910
1561670 910
1561680 910
1561690 910
1561700 910
1561710 910
1561720 910
1561730 910
1561740 909
1561750 909
1561760 909
1561770 909
1561780 908
1561790 908
1561800 907
1561810 907
1561820 907
1561830 907
1561840 907
1561850 907
1561860 906
1561870 905
1561880 905
1561890 904
1561900 903
1561910 901
1561920 901
1561930 900
1561940 899
1561950 899
1561960 899
1561970 898
1561980 898
1561990 898
1562000 899
1562010 899
1562020 899
1562030 899
1562040 899
1562050 899
1562060 900
1562070 900
1562080 901
1562090 902
1562100 903
1562110 903
1562120 903
1562130 902
1562140 902
1562150 900
1562160 898
1562170 898
1562180 896
1562190 895
1562200 895
1562210 893
1562220 894
1562230 894
1562240 894
1562250 894
1562260 892
1562270 892
1562280 891
1562290 891
1562300 891
1562310 890
1562320 890
1562330 890
1562340 889
1562350 887
1562360 887
1562370 886
1562380 885
1562390 885
1562400 884
1562410 883
1562420 884
1562430 884
1562440 884
1562450 884
1562460 884
1562470 884
1562480 884
1562490 884
1562500 884
1562510 883
1562520 883
1562530 884
1562540 884
1562550 884
1562560 883
1562570 883
1562580 883
1562590 882
1562600 880
1562610 879
1562620 879
1562630 877
1562640 876
1562650 876
1562660 876
1562670 875
1562680 875
1562690 875
1562700 875
1562710 875
1562720 875
1562730 875
1562740 875
1562750 875
1562760 875
1562770 875
1562780 875
1562790 876
1562800 877
1562810 877
1562820 878
1562830 878
1562840 878
1562850 878
1562860 878
1562870 878
1562880 878
1562890 878
1562900 878
1562910 878
1562920 877
1562930 877
1562940 877
1562950 876
1562960 876
1562970 876
1562980 875
1562990 874
1563000 874
1563010 874
1563020 874
1563030 874
1563040 874
1563050 874
1563060 874
1563070 874
1563080 874
1563090 874
1563100 875
1563110 875
1563120 876
1563130 876
1563140 876
1563150 877
1563160 877
1563170 877
1563180 878
1563190 878
1563200 878
1563210 878
1563220 878
1563230 877
1563240 877
1563250 877
1563260 877
1563270 878
1563280 879
1563290 879
1563300 879
1563310 879
1563320 879
1563330 879
1563340 879
1563350 879
1563360 878
1563370 878
1563380 878
1563390 878
1563400 878
1563410 878
1563420 878
1563430 878
1563440 878
1563450 878
1563460 878
1563470 878
1563480 878
1563490 878
1563500 878
1563510 878
1563520 878
1563530 878
1563540 878
1563550 878
1563560 878
1563570 878
1563580 878
1563590 880
1563600 880
1563610 882
1563620 884
1563630 884
1563640 884
1563650 882
1563660 881
1563670 881
1563680 879
1563690 877
1563700 877
1563710 876
1563720 875
1563730 875
1563740 874
1563750 873
1563760 873
1563770 872
1563780 872
1563790 872
1563800 870
1563810 868
1563820 867
1563830 867
1563840 866
1563850 865
1563860 865
1563870 865
1563880 865
1563890 865
1563900 864
1563910 862
1563920 862
1563930 861
1563940 860
1563950 860
1563960 860
1563970 859
1563980 859
1563990 859
1564000 859
1564010 858
1564020 858
1564030 858
1564040 858
1564050 858
1564060 857
1564070 857
1564080 857
1564090 856
1564100 856
1564110 856
1564120 856
1564130 855
1564140 855
1564150 855
1564160 854
1564170 854
1564180 854
1564190 853
1564200 852
1564210 852
1564220 851
1564230 850
1564240 850
1564250 850
1564260 849
1564270 849
1564280 848
1564290 847
1564300 847
1564310 846
1564320 845
1564330 844
1564340 844
1564350 843
1564360 842
1564370 842
1564380 842
1564390 841
1564400 841
1564410 841
1564420 840
1564430 840
1564440 839
1564450 838
1564460 838
1564470 837
1564480 835
1564490 834
1564500 834
1564510 834
1564520 833
1564530 833
1564540 833
1564550 833
1564560 833
1564570 832
1564580 832
1564590 832
1564600 831
1564610 831
1564620 831
1564630 830
1564640 830
1564650 830
1564660 830
1564670 830
1564680 828
1564690 828
1564700 826
1564710 824
1564720 824
1564730 822
1564740 819
1564750 819
1564760 819
1564770 818
1564780 818
1564790 817
1564800 821
1564810 821
1564820 823
1564830 824
1564840 824
1564850 824
1564860 824
1564870 824
1564880 824
1564890 824
1564900 824
1564910 824
1564920 824
1564930 825
1564940 825
1564950 825
1564960 826
1564970 826
1564980 826
1564990 827
1565000 827
1565010 827
1565020 827
1565030 828
1565040 828
1565050 827
1565060 827
1565070 827
1565080 826
1565090 825
1565100 825
1565110 824
1565120 821
1565130 821
1565140 820
1565150 819
1565160 819
1565170 818
1565180 815
1565190 810
1565200 810
1565210 806
1565220 802
1565230 802
1565240 800
1565250 799
1565260 799
1565270 797
1565280 797
1565290 797
1565300 797
1565310 797
1565320 797
1565330 796
1565340 797
1565350 796
1565360 796
1565370 796
1565380 795
1565390 795
1565400 795
1565410 794
1565420 794
1565430 794
1565440 793
1565450 793
1565460 793
1565470 792
1565480 792
1565490 792
1565500 791
1565510 791
1565520 791
1565530 791
1565540 791
1565550 791
1565560 791
1565570 792
1565580 792
1565590 791
1565600 791
1565610 791
1565620 792
1565630 792
1565640 792
1565650 792
1565660 792
1565670 792
1565680 792
1565690 792
1565700 793
1565710 793
1565720 793
1565730 792
1565740 792
1565750 792
1565760 792
1565770 792
1565780 792
1565790 792
1565800 792
1565810 792
1565820 792
1565830 792
1565840 792
1565850 792
1565860 792
1565870 792
1565880 793
1565890 793
1565900 793
1565910 792
1565920 792
1565930 792
1565940 792
1565950 792
1565960 792
1565970 792
1565980 792
1565990 792
1566000 792
1566010 792
1566020 792
1566030 792
1566040 792
1566050 792
1566060 792
1566070 792
1566080 792
1566090 792
1566100 792
1566110 792
1566120 792
1566130 792
1566140 792
1566150 792
1566160 791
1566170 791
1566180 791
1566190 792
1566200 791
1566210 791
1566220 792
1566230 795
1566240 799
1566250 799
1566260 802
1566270 805
1566280 805
1566290 809
1566300 813
1566310 813
1566320 818
1566330 823
1566340 823
1566350 827
1566360 832
1566370 832
1566380 836
1566390 841
1566400 845
1566410 845
1566420 848
1566430 847
1566440 847
1566450 848
1566460 851
1566470 851
1566480 854
1566490 858
1566500 858
1566510 862
1566520 867
1566530 867
1566540 873
1566550 880
1566560 884
1566570 884
1566580 889
1566590 892
1566600 892
1566610 893
1566620 896
1566630 896
1566640 901
1566650 908
1566660 908
1566670 912
1566680 914
1566690 914
1566700 915
1566710 915
1566720 915
1566730 915
1566740 915
1566750 915
1566760 915
1566770 916
1566780 918
1566790 918
1566800 919
1566810 920
1566820 920
1566830 919
1566840 918
1566850 918
1566860 917
1566870 918
1566880 918
1566890 920
1566900 922
1566910 921
1566920 921
1566930 920
1566940 917
1566950 917
1566960 915
1566970 914
1566980 914
1566990 912
1567000 910
1567010 910
1567020 908
1567030 908
1567040 908
1567050 910
1567060 911
1567070 911
1567080 911
1567090 912
1567100 914
1567110 914
1567120 915
1567130 915
1567140 915
1567150 912
1567160 908
1567170 908
1567180 907
1567190 907
1567200 907
1567210 907
1567220 908
1567230 908
1567240 908
1567250 908
1567260 908
1567270 908
1567280 908
1567290 908
1567300 908
1567310 909
1567320 909
1567330 909
1567340 910
1567350 911
1567360 911
1567370 911
1567380 912
1567390 912
1567400 912
1567410 912
1567420 913
1567430 913
1567440 913
1567450 913
1567460 913
1567470 913
1567480 913
1567490 913
1567500 913
1567510 912
1567520 912
1567530 911
1567540 911
1567550 911
1567560 910
1567570 910
1567580 910
1567590 910
1567600 909
1567610 908
1567620 908
1567630 908
1567640 907
1567650 907
1567660 906
1567670 905
1567680 905
1567690 904
1567700 903
1567710 903
1567720 900
1567730 897
1567740 897
1567750 895
1567760 894
1567770 893
1567780 893
1567790 892
1567800 891
1567810 891
1567820 890
1567830 889
1567840 890
1567850 888
1567860 886
1567870 886
1567880 885
1567890 883
1567900 883
1567910 882
1567920 880
1567930 880
1567940 879
1567950 877
1567960 876
1567970 876
1567980 875
1567990 873
1568000 873
1568010 872
1568020 871
1568030 871
1568040 870
1568050 868
1568060 868
1568070 867
1568080 866
1568090 866
1568100 865
1568110 863
1568120 862
1568130 862
1568140 861
1568150 860
1568160 860
1568170 860
1568180 859
1568190 859
1568200 858
1568210 858
1568220 858
1568230 857
1568240 857
1568250 857
1568260 856
1568270 855
1568280 855
1568290 854
1568300 854
1568310 853
1568320 853
1568330 853
1568340 852
1568350 852
1568360 852
1568370 852
1568380 852
1568390 852
1568400 852
1568410 852
1568420 852
1568430 853
1568440 853
1568450 854
1568460 855
1568470 855
1568480 855
1568490 855
1568500 854
1568510 854
1568520 854
1568530 854
1568540 854
1568550 854
1568560 854
1568570 854
1568580 854
1568590 854
1568600 854
1568610 855
1568620 855
1568630 856
1568640 856
1568650 856
1568660 856
1568670 856
1568680 856
1568690 856
1568700 856
1568710 857
1568720 858
1568730 858
1568740 860
1568750 861
1568760 861
1568770 862
1568780 863
1568790 863
1568800 864
1568810 865
1568820 866
1568830 866
1568840 867
1568850 869
1568860 869
1568870 870
1568880 871
1568890 871
1568900 874
1568910 876
1568920 876
1568930 879
1568940 882
1568950 882
1568960 885
1568970 887
1568980 889
1568990 889
1569000 891
1569010 892
1569020 892
1569030 893
1569040 894
1569050 894
1569060 895
1569070 895
1569080 895
1569090 895
1569100 896
1569110 896
1569120 897
1569130 899
1569140 899
1569150 901
1569160 902
1569170 903
1569180 903
1569190 905
1569200 908
1569210 908
1569220 910
1569230 912
1569240 912
1569250 914
1569260 917
1569270 917
1569280 921
1569290 923
1569300 923
1569310 925
1569320 927
1569330 929
1569340 929
1569350 932
1569360 934
1569370 934
1569380 936
1569390 937
1569400 937
1569410 938
1569420 939
1569430 939
1569440 940
1569450 941
1569460 941
1569470 942
1569480 943
1569490 944
1569500 944
1569510 946
1569520 947
1569530 947
1569540 949
1569550 951
1569560 951
1569570 953
1569580 954
1569590 954
1569600 956
1569610 957
1569620 957
1569630 957
1569640 954
1569650 954
1569660 952
1569670 951
1569680 950
1569690 950
1569700 948
1569710 945
1569720 945
1569730 943
1569740 940
1569750 940
1569760 939
1569770 938
1569780 938
1569790 937
1569800 936
1569810 936
1569820 935
1569830 937
1569840 938
1569850 938
1569860 939
1569870 940
1569880 940
1569890 941
1569900 940
1569910 940
1569920 938
1569930 935
1569940 935
1569950 932
1569960 928
1569970 928
1569980 924
1569990 919
1570000 919
1570010 916
1570020 913
1570030 910
1570040 910
1570050 909
1570060 907
1570070 907
1570080 906
1570090 904
1570100 904
1570110 901
1570120 899
1570130 899
1570140 897
1570150 894
1570160 894
1570170 891
1570180 889
1570190 887
1570200 887
1570210 885
1570220 883
1570230 883
1570240 881
1570250 880
1570260 880
1570270 877
1570280 869
1570290 869
1570300 865
1570310 861
1570320 861
1570330 857
1570340 853
1570350 853
1570360 849
1570370 845
1570380 839
1570390 839
1570400 834
1570410 830
1570420 830
1570430 826
1570440 822
1570450 822
1570460 817
1570470 813
1570480 813
1570490 810
1570500 807
1570510 807
1570520 804
1570530 801
1570540 799
1570550 799
1570560 797
1570570 795
1570580 795
1570590 792
1570600 791
1570610 791
1570620 791
1570630 788
1570640 788
1570650 786
1570660 787
1570670 787
1570680 785
1570690 784
1570700 781
1570710 781
1570720 779
1570730 778
1570740 778
1570750 776
1570760 774
1570770 774
1570780 772
1570790 769
1570800 769
1570810 767
1570820 768
1570830 768
1570840 766
1570850 764
1570860 764
1570870 762
1570880 759
1570890 757
1570900 757
1570910 755
1570920 752
1570930 752
1570940 749
1570950 747
1570960 747
1570970 743
1570980 741
1570990 741
1571000 738
1571010 736
1571020 736
1571030 733
1571040 727
1571050 721
1571060 721
1571070 716
1571080 713
1571090 713
1571100 710
1571110 708
1571120 708
1571130 707
1571140 705
1571150 705
1571160 705
1571170 704
1571180 704
1571190 704
1571200 704
1571210 704
1571220 704
1571230 704
1571240 703
1571250 703
1571260 702
1571270 702
1571280 702
1571290 703
1571300 703
1571310 703
1571320 703
1571330 704
1571340 704
1571350 703
1571360 705
1571370 705
1571380 708
1571390 710
1571400 711
1571410 711
1571420 713
1571430 714
1571440 714
1571450 715
1571460 716
1571470 716
1571480 718
1571490 719
1571500 719
1571510 721
1571520 724
1571530 724
1571540 725
1571550 728
1571560 732
1571570 732
1571580 737
1571590 740
1571600 740
1571610 745
1571620 749
1571630 749
1571640 753
1571650 757
1571660 757
1571670 761
1571680 764
1571690 764
1571700 768
1571710 772
1571720 772
1571730 778
1571740 781
1571750 782
1571760 782
1571770 781
1571780 780
1571790 780
1571800 778
1571810 774
1571820 774
1571830 771
1571840 769
1571850 769
1571860 767
1571870 767
1571880 767
1571890 765
1571900 764
1571910 762
1571920 762
1571930 762
1571940 762
1571950 762
1571960 762
1571970 762
1571980 762
1571990 762
1572000 761
1572010 761
1572020 761
1572030 761
1572040 761
1572050 761
1572060 761
1572070 761
1572080 761
1572090 762
1572100 762
1572110 762
1572120 763
1572130 763
1572140 763
1572150 765
1572160 766
1572170 766
1572180 768
1572190 770
1572200 770
1572210 772
1572220 774
1572230 774
1572240 775
1572250 778
1572260 781
1572270 778
1572280 781
1572290 784
1572300 784
1572310 788
1572320 791
1572330 791
1572340 794
1572350 796
1572360 796
1572370 798
1572380 801
1572390 801
1572400 804
1572410 808
1572420 811
1572430 811
1572440 815
1572450 818
1572460 818
1572470 819
1572480 820
1572490 820
1572500 817
1572510 812
1572520 812
1572530 809
1572540 810
1572550 810
1572560 812
1572570 815
1572580 815
1572590 816
1572600 815
1572610 814
1572620 814
1572630 814
1572640 815
1572650 815
1572660 814
1572670 812
1572680 812
1572690 810
1572700 810
1572710 810
1572720 811
1572730 812
1572740 812
1572750 811
1572760 810
1572770 808
1572780 808
1572790 806
1572800 802
1572810 802
1572820 790
1572830 782
1572840 782
1572850 776
1572860 780
1572870 780
1572880 785
1572890 780
1572900 780
1572910 767
1572920 747
1572930 747
1572940 735
1572950 727
1572960 717
1572970 717
1572980 706
1572990 702
1573000 702
1573010 697
1573020 691
1573030 691
1573040 686
1573050 679
1573060 679
1573070 672
1573080 666
1573090 666
1573100 660
1573110 653
1573120 646
1573130 646
1573140 639
1573150 632
1573160 632
1573170 628
1573180 627
1573190 627
1573200 626
1573210 626
1573220 626
1573230 627
1573240 627
1573250 627
1573260 627
1573270 628
1573280 628
1573290 628
1573300 629
1573310 629
1573320 629
1573330 631
1573340 633
1573350 633
1573360 635
1573370 638
1573380 638
1573390 639
1573400 639
1573410 639
1573420 640
1573430 640
1573440 640
1573450 641
1573460 642
1573470 643
1573480 643
1573490 644
1573500 646
1573510 646
1573520 647
1573530 652
1573540 652
1573550 660
1573560 667
1573570 667
1573580 670
1573590 674
1573600 674
1573610 680
1573620 686
1573630 691
1573640 691
1573650 688
1573660 682
1573670 682
1573680 676
1573690 673
1573700 679
1573710 677
1573720 679
1573730 679
1573740 682
1573750 685
1573760 685
1573770 688
1573780 691
1573790 691
1573800 697
1573810 703
1573820 708
1573830 708
1573840 711
1573850 713
1573860 713
1573870 715
1573880 718
1573890 718
1573900 722
1573910 730
1573920 730
1573930 738
1573940 746
1573950 746
1573960 756
1573970 765
1573980 775
1573990 775
1574000 784
1574010 793
1574020 793
1574030 800
1574040 805
1574050 805
1574060 812
1574070 821
1574080 821
1574090 830
1574100 835
1574110 835
1574120 840
1574130 845
1574140 845
1574150 850
1574160 856
1574170 861
1574180 861
1574190 864
1574200 867
1574210 867
1574220 871
1574230 875
1574240 875
1574250 880
1574260 886
1574270 886
1574280 890
1574290 893
1574300 893
1574310 896
1574320 899
1574330 903
1574340 903
1574350 906
1574360 910
1574370 910
1574380 915
1574390 919
1574400 919
1574410 923
1574420 928
1574430 928
1574440 931
1574450 934
1574460 934
1574470 937
1574480 940
1574490 940
1574500 943
1574510 947
1574520 951
1574530 951
1574540 956
1574550 960
1574560 960
1574570 964
1574580 967
1574590 967
1574600 970
1574610 973
1574620 973
1574630 976
1574640 979
1574650 979
1574660 982
1574670 987
1574680 991
1574690 991
1574700 996
1574710 999
1574720 999
1574730 1003
1574740 1005
1574750 1005
1574760 1007
1574770 1009
1574780 1009
1574790 1011
1574800 1012
1574810 1012
1574820 1013
1574830 1015
1574840 1017
1574850 1017
1574860 1019
1574870 1018
1574880 1018
1574890 1020
1574900 1022
1574910 1022
1574920 1025
1574930 1028
1574940 1028
1574950 1031
1574960 1035
1574970 1035
1574980 1038
1574990 1041
1575000 1041
1575010 1044
1575020 1047
1575030 1050
1575040 1050
1575050 1053
1575060 1055
1575070 1055
1575080 1057
1575090 1057
1575100 1056
1575110 1056
1575120 1057
1575130 1057
1575140 1059
1575150 1062
1575160 1062
1575170 1065
1575180 1067
1575190 1070
1575200 1070
1575210 1072
1575220 1075
1575230 1075
1575240 1078
1575250 1081
1575260 1081
1575270 1083
1575280 1085
1575290 1085
1575300 1087
1575310 1090
1575320 1090
1575330 1093
1575340 1096
1575350 1096
1575360 1099
1575370 1102
1575380 1106
1575390 1106
1575400 1109
1575410 1113
1575420 1113
1575430 1116
1575440 1120
1575450 1120
1575460 1123
1575470 1126
1575480 1126
1575490 1130
1575500 1133
1575510 1133
1575520 1137
1575530 1140
1575540 1144
1575550 1144
1575560 1147
1575570 1151
1575580 1151
1575590 1154
1575600 1158
1575610 1158
1575620 1160
1575630 1163
1575640 1163
1575650 1166
1575660 1169
1575670 1169
1575680 1172
1575690 1176
1575700 1176
1575710 1180
1575720 1183
1575730 1187
1575740 1187
1575750 1191
1575760 1195
1575770 1195
1575780 1199
1575790 1203
1575800 1203
1575810 1207
1575820 1211
1575830 1211
1575840 1214
1575850 1217
1575860 1217
1575870 1220
1575880 1222
1575890 1225
1575900 1225
1575910 1228
1575920 1231
1575930 1231
1575940 1234
1575950 1237
1575960 1237
1575970 1240
1575980 1243
1575990 1243
1576000 1245
1576010 1248
1576020 1248
1576030 1251
1576040 1254
1576050 1257
1576060 1257
1576070 1260
1576080 1263
1576090 1263
1576100 1268
1576110 1272
1576120 1272
1576130 1275
1576140 1278
1576150 1278
1576160 1281
1576170 1283
1576180 1283
1576190 1285
1576200 1287
1576210 1287
1576220 1290
1576230 1292
1576240 1293
1576250 1293
1576260 1295
1576270 1298
1576280 1298
1576290 1301
1576300 1303
1576310 1303
1576320 1304
1576330 1305
1576340 1305
1576350 1306
1576360 1306
1576370 1306
1576380 1304
1576390 1302
1576400 1299
1576410 1299
1576420 1297
1576430 1294
1576440 1294
1576450 1291
1576460 1289
1576470 1289
1576480 1285
1576490 1282
1576500 1282
1576510 1279
1576520 1275
1576530 1275
1576540 1272
1576550 1269
1576560 1269
1576570 1265
1576580 1262
1576590 1258
1576600 1258
1576610 1254
1576620 1250
1576630 1250
1576640 1246
1576650 1242
1576660 1242
1576670 1238
1576680 1234
1576690 1234
1576700 1229
1576710 1226
1576720 1226
1576730 1222
1576740 1218
1576750 1214
1576760 1214
1576770 1210
1576780 1206
1576790 1206
1576800 1203
1576810 1199
1576820 1199
1576830 1195
1576840 1191
1576850 1191
1576860 1187
1576870 1183
1576880 1183
1576890 1180
1576900 1176
1576910 1176
1576920 1173
1576930 1170
1576940 1167
1576950 1167
1576960 1165
1576970 1161
1576980 1161
1576990 1157
1577000 1154
1577010 1154
1577020 1150
1577030 1146
1577040 1146
1577050 1143
1577060 1139
1577070 1139
1577080 1135
1577090 1132
1577100 1128
1577110 1128
1577120 1124
1577130 1120
1577140 1120
1577150 1116
1577160 1112
1577170 1112
1577180 1108
1577190 1103
1577200 1103
1577210 1098
1577220 1094
1577230 1094
1577240 1091
1577250 1087
1577260 1085
1577270 1085
1577280 1081
1577290 1078
1577300 1078
1577310 1075
1577320 1073
1577330 1073
1577340 1072
1577350 1070
1577360 1070
1577370 1068
1577380 1066
1577390 1066
1577400 1063
1577410 1059
1577420 1059
1577430 1055
1577440 1050
1577450 1048
1577460 1048
1577470 1046
1577480 1044
1577490 1044
1577500 1041
1577510 1039
1577520 1039
1577530 1037
1577540 1035
1577550 1035
1577560 1033
1577570 1031
1577580 1031
1577590 1030
1577600 1028
1577610 1027
1577620 1027
1577630 1026
1577640 1026
1577650 1026
1577660 1025
1577670 1025
1577680 1025
1577690 1025
1577700 1024
1577710 1024
1577720 1024
1577730 1024
1577740 1024
1577750 1024
1577760 1025
1577770 1025
1577780 1028
1577790 1029
1577800 1030
1577810 1030
1577820 1030
1577830 1030
1577840 1034
1577850 1034
1577860 1033
1577870 1033
1577880 1033
1577890 1033
1577900 1033
1577910 1033
1577920 1033
1577930 1033
1577940 1034
1577950 1034
1577960 1034
1577970 1034
1577980 1033
1577990 1031
1578000 1031
1578010 1029
1578020 1028
1578030 1028
1578040 1023
1578050 1018
1578060 1018
1578070 1013
1578080 1008
1578090 1008
1578100 1003
1578110 998
1578120 992
1578130 992
1578140 986
1578150 981
1578160 981
1578170 980
1578180 981
1578190 981
1578200 981
1578210 984
1578220 984
1578230 988
1578240 992
1578250 992
1578260 994
1578270 996
1578280 996
1578290 1001
1578300 1003
1578310 1005
1578320 1005
1578330 1006
1578340 1007
1578350 1007
1578360 1007
1578370 1007
1578380 1007
1578390 1007
1578400 1006
1578410 1006
1578420 1004
1578430 1001
1578440 1001
1578450 999
1578460 997
1578470 996
1578480 996
1578490 996
1578500 996
1578510 996
1578520 998
1578530 1000
1578540 1000
1578550 1001
1578560 1004
1578570 1004
1578580 1006
1578590 1008
1578600 1008
1578610 1010
1578620 1013
1578630 1013
1578640 1015
1578650 1016
1578660 1018
1578670 1018
1578680 1019
1578690 1020
1578700 1020
1578710 1020
1578720 1019
1578730 1019
1578740 1018
1578750 1017
1578760 1017
1578770 1016
1578780 1014
1578790 1014
1578800 1011
1578810 1009
1578820 1006
1578830 1006
1578840 1002
1578850 998
1578860 998
1578870 995
1578880 991
1578890 991
1578900 989
1578910 986
1578920 986
1578930 982
1578940 978
1578950 978
1578960 974
1578970 970
1578980 970
1578990 966
1579000 963
1579010 959
1579020 959
1579030 956
1579040 952
1579050 952
1579060 949
1579070 946
1579080 946
1579090 944
1579100 941
1579110 941
1579120 939
1579130 937
1579140 937
1579150 935
1579160 934
1579170 934
1579180 935
1579190 934
1579200 934
1579210 934
1579220 933
1579230 933
1579240 933
1579250 932
1579260 932
1579270 932
1579280 932
1579290 931
1579300 931
1579310 931
1579320 931
1579330 931
1579340 931
1579350 930
1579360 930
1579370 930
1579380 931
1579390 932
1579400 932
1579410 934
1579420 935
1579430 935
1579440 937
1579450 939
1579460 939
1579470 940
1579480 942
1579490 942
1579500 944
1579510 947
1579520 948
1579530 948
1579540 949
1579550 950
1579560 950
1579570 950
1579580 950
1579590 950
1579600 950
1579610 949
1579620 949
1579630 948
1579640 947
1579650 947
1579660 947
1579670 947
1579680 946
1579690 946
1579700 946
1579710 945
1579720 945
1579730 944
1579740 943
1579750 943
1579760 940
1579770 941
1579780 941
1579790 942
1579800 940
1579810 940
1579820 939
1579830 937
1579840 937
1579850 934
1579860 931
1579870 928
1579880 928
1579890 925
1579900 923
1579910 923
1579920 921
1579930 919
1579940 919
1579950 916
1579960 914
1579970 914
1579980 913
1579990 913
