1560000 851
1560010 853
1560020 856
1560030 856
1560040 859
1560050 863
1560060 863
1560070 866
1560080 869
1560090 872
1560100 872
1560110 873
1560120 874
1560130 874
1560140 873
1560150 873
1560160 873
1560170 877
1560180 882
1560190 882
1560200 890
1560210 897
1560220 897
1560230 900
1560240 902
1560250 903
1560260 903
1560270 904
1560280 903
1560290 903
1560300 903
1560310 903
1560320 903
1560330 903
1560340 902
1560350 902
1560360 902
1560370 902
1560380 902
1560390 902
1560400 902
1560410 902
1560420 902
1560430 901
1560440 901
1560450 901
1560460 901
1560470 901
1560480 901
1560490 901
1560500 900
1560510 900
1560520 900
1560530 900
1560540 900
1560550 899
1560560 899
1560570 899
1560580 899
1560590 899
1560600 899
1560610 899
1560620 899
1560630 898
1560640 898
1560650 898
1560660 898
1560670 898
1560680 898
1560690 898
1560700 898
1560710 897
1560720 896
1560730 896
1560740 894
1560750 892
1560760 892
1560770 892
1560780 891
1560790 891
1560800 891
1560810 890
1560820 890
1560830 890
1560840 890
1560850 890
1560860 890
1560870 890
1560880 890
1560890 890
1560900 890
1560910 889
1560920 889
1560930 889
1560940 889
1560950 889
1560960 889
1560970 889
1560980 888
1560990 888
1561000 888
1561010 888
1561020 888
1561030 889
1561040 889
1561050 889
1561060 889
1561070 889
1561080 889
1561090 889
1561100 891
1561110 891
1561120 893
1561130 895
1561140 897
1561150 897
1561160 899
1561170 901
1561180 901
1561190 904
1561200 906
1561210 906
1561220 908
1561230 909
1561240 909
1561250 909
1561260 909
1561270 909
1561280 909
1561290 908
1561300 907
1561310 907
1561320 908
1561330 909
1561340 909
1561350 910
1561360 910
1561370 910
1561380 910
1561390 909
1561400 909
1561410 909
1561420 908
1561430 908
1561440 907
1561450 906
1561460 903
1561470 903
1561480 901
1561490 899
1561500 899
1561510 898
1561520 897
1561530 897
1561540 896
1561550 895
1561560 895
1561570 893
1561580 890
1561590 890
1561600 888
1561610 887
1561620 887
1561630 887
1561640 886
1561650 885
1561660 885
1561670 884
1561680 884
1561690 884
1561700 883
1561710 884
1561720 884
1561730 884
1561740 884
1561750 884
1561760 885
1561770 885
1561780 885
1561790 886
1561800 887
1561810 889
1561820 889
1561830 890
1561840 892
1561850 892
1561860 894
1561870 895
1561880 895
1561890 896
1561900 896
1561910 896
1561920 897
1561930 898
1561940 898
1561950 900
1561960 902
1561970 902
1561980 903
1561990 903
1562000 904
1562010 904
1562020 905
1562030 907
1562040 907
1562050 908
1562060 906
1562070 906
1562080 902
1562090 898
1562100 898
1562110 895
1562120 894
1562130 894
1562140 893
1562150 893
1562160 893
1562170 893
1562180 893
1562190 892
1562200 892
1562210 892
1562220 892
1562230 892
1562240 891
1562250 891
1562260 891
1562270 890
1562280 890
1562290 890
1562300 890
1562310 890
1562320 890
1562330 890
1562340 889
1562350 889
1562360 889
1562370 888
1562380 887
1562390 887
1562400 886
1562410 886
1562420 886
1562430 885
1562440 885
1562450 885
1562460 885
1562470 884
1562480 884
1562490 884
1562500 884
1562510 884
1562520 884
1562530 884
1562540 884
1562550 884
1562560 884
1562570 884
1562580 884
1562590 884
1562600 884
1562610 884
1562620 884
1562630 884
1562640 884
1562650 884
1562660 884
1562670 883
1562680 883
1562690 883
1562700 883
1562710 883
1562720 882
1562730 882
1562740 882
1562750 882
1562760 882
1562770 882
1562780 881
1562790 881
1562800 881
1562810 881
1562820 881
1562830 881
1562840 881
1562850 881
1562860 881
1562870 881
1562880 880
1562890 880
1562900 880
1562910 880
1562920 880
1562930 880
1562940 880
1562950 880
1562960 880
1562970 880
1562980 879
1562990 879
1563000 877
1563010 875
1563020 874
1563030 874
1563040 874
1563050 874
1563060 874
1563070 873
1563080 873
1563090 873
1563100 873
1563110 873
1563120 873
1563130 874
1563140 875
1563150 875
1563160 875
1563170 874
1563180 874
1563190 874
1563200 874
1563210 873
1563220 873
1563230 873
1563240 873
1563250 873
1563260 873
1563270 873
1563280 873
1563290 873
1563300 873
1563310 873
1563320 873
1563330 874
1563340 874
1563350 876
1563360 878
1563370 881
1563380 881
1563390 883
1563400 885
1563410 885
1563420 886
1563430 887
1563440 887
1563450 888
1563460 889
1563470 889
1563480 890
1563490 890
1563500 890
1563510 889
1563520 889
1563530 889
1563540 889
1563550 888
1563560 886
1563570 886
1563580 885
1563590 884
1563600 884
1563610 883
1563620 882
1563630 882
1563640 881
1563650 881
1563660 881
1563670 880
1563680 880
1563690 880
1563700 881
1563710 881
1563720 882
1563730 882
1563740 884
1563750 885
1563760 885
1563770 885
1563780 882
1563790 882
1563800 879
1563810 877
1563820 877
1563830 876
1563840 876
1563850 876
1563860 874
1563870 872
1563880 871
1563890 871
1563900 871
1563910 871
1563920 871
1563930 870
1563940 870
1563950 870
1563960 869
1563970 868
1563980 868
1563990 868
1564000 867
1564010 867
1564020 866
1564030 865
1564040 865
1564050 864
1564060 864
1564070 864
1564080 864
1564090 864
1564100 863
1564110 864
1564120 863
1564130 863
1564140 863
1564150 862
1564160 862
1564170 862
1564180 863
1564190 862
1564200 862
1564210 862
1564220 862
1564230 862
1564240 862
1564250 862
1564260 862
1564270 862
1564280 861
1564290 861
1564300 861
1564310 860
1564320 860
1564330 860
1564340 859
1564350 859
1564360 859
1564370 858
1564380 857
1564390 857
1564400 855
1564410 852
1564420 852
1564430 852
1564440 852
1564450 851
1564460 851
1564470 851
1564480 850
1564490 850
1564500 849
1564510 849
1564520 849
1564530 848
1564540 848
1564550 848
1564560 847
1564570 846
1564580 846
1564590 846
1564600 845
1564610 845
1564620 845
1564630 844
1564640 844
1564650 844
1564660 843
1564670 843
1564680 843
1564690 842
1564700 842
1564710 842
1564720 841
1564730 840
1564740 839
1564750 839
1564760 838
1564770 837
1564780 837
1564790 836
1564800 834
1564810 834
1564820 832
1564830 829
1564840 829
1564850 828
1564860 826
1564870 826
1564880 824
1564890 823
1564900 823
1564910 822
1564920 820
1564930 819
1564940 819
1564950 816
1564960 812
1564970 812
1564980 815
1564990 818
1565000 818
1565010 819
1565020 820
1565030 820
1565040 820
1565050 821
1565060 821
1565070 822
1565080 823
1565090 824
1565100 824
1565110 825
1565120 826
1565130 826
1565140 826
1565150 827
1565160 827
1565170 827
1565180 828
1565190 828
1565200 829
1565210 830
1565220 830
1565230 830
1565240 830
1565250 830
1565260 830
1565270 828
1565280 825
1565290 825
1565300 823
1565310 821
1565320 821
1565330 819
1565340 816
1565350 816
1565360 813
1565370 810
1565380 810
1565390 807
1565400 803
1565410 803
1565420 800
1565430 798
1565440 794
1565450 794
1565460 792
1565470 791
1565480 791
1565490 790
1565500 790
1565510 790
1565520 789
1565530 789
1565540 789
1565550 789
1565560 788
1565570 788
1565580 788
1565590 788
1565600 788
1565610 788
1565620 789
1565630 788
1565640 788
1565650 788
1565660 788
1565670 788
1565680 788
1565690 788
1565700 788
1565710 788
1565720 788
1565730 788
1565740 788
1565750 789
1565760 789
1565770 789
1565780 789
1565790 789
1565800 789
1565810 789
1565820 789
1565830 789
1565840 790
1565850 790
1565860 790
1565870 791
1565880 791
1565890 791
1565900 792
1565910 792
1565920 792
1565930 792
1565940 791
1565950 791
1565960 791
1565970 791
1565980 791
1565990 791
1566000 791
1566010 792
1566020 792
1566030 792
1566040 792
1566050 792
1566060 792
1566070 792
1566080 792
1566090 792
1566100 792
1566110 792
1566120 791
1566130 791
1566140 791
1566150 791
1566160 791
1566170 791
1566180 791
1566190 791
1566200 791
1566210 791
1566220 791
1566230 791
1566240 791
1566250 791
1566260 790
1566270 790
1566280 791
1566290 795
1566300 801
1566310 801
1566320 808
1566330 816
1566340 816
1566350 823
1566360 828
1566370 828
1566380 833
1566390 836
1566400 836
1566410 840
1566420 843
1566430 843
1566440 845
1566450 848
1566460 848
1566470 851
1566480 855
1566490 858
1566500 858
1566510 863
1566520 867
1566530 867
1566540 868
1566550 870
1566560 870
1566570 873
1566580 876
1566590 876
1566600 881
1566610 887
1566620 887
1566630 893
1566640 898
1566650 900
1566660 900
1566670 903
1566680 904
1566690 904
1566700 904
1566710 901
1566720 901
1566730 895
1566740 892
1566750 892
1566760 893
1566770 895
1566780 895
1566790 898
1566800 902
1566810 904
1566820 904
1566830 901
1566840 896
1566850 896
1566860 895
1566870 895
1566880 895
1566890 894
1566900 893
1566910 893
1566920 892
1566930 892
1566940 892
1566950 892
1566960 892
1566970 892
1566980 892
1566990 892
1567000 892
1567010 892
1567020 893
1567030 893
1567040 893
1567050 894
1567060 894
1567070 894
1567080 895
1567090 897
1567100 897
1567110 898
1567120 900
1567130 900
1567140 900
1567150 901
1567160 902
1567170 902
1567180 903
1567190 904
1567200 904
1567210 906
1567220 907
1567230 907
1567240 909
1567250 910
1567260 910
1567270 911
1567280 912
1567290 912
1567300 914
1567310 915
1567320 915
1567330 916
1567340 917
1567350 918
1567360 918
1567370 920
1567380 921
1567390 921
1567400 923
1567410 924
1567420 924
1567430 925
1567440 925
1567450 925
1567460 925
1567470 925
1567480 925
1567490 925
1567500 925
1567510 925
1567520 925
1567530 925
1567540 926
1567550 926
1567560 926
1567570 927
1567580 927
1567590 927
1567600 927
1567610 927
1567620 927
1567630 927
1567640 927
1567650 927
1567660 927
1567670 927
1567680 925
1567690 923
1567700 920
1567710 920
1567720 918
1567730 917
1567740 917
1567750 916
1567760 914
1567770 914
1567780 913
1567790 913
1567800 913
1567810 911
1567820 910
1567830 910
1567840 908
1567850 905
1567860 903
1567870 903
1567880 900
1567890 898
1567900 898
1567910 896
1567920 894
1567930 894
1567940 892
1567950 890
1567960 890
1567970 888
1567980 886
1567990 886
1568000 885
1568010 883
1568020 882
1568030 882
1568040 881
1568050 880
1568060 880
1568070 878
1568080 877
1568090 877
1568100 875
1568110 874
1568120 874
1568130 873
1568140 871
1568150 871
1568160 870
1568170 869
1568180 869
1568190 868
1568200 867
1568210 865
1568220 865
1568230 865
1568240 865
1568250 865
1568260 865
1568270 865
1568280 865
1568290 866
1568300 866
1568310 866
1568320 866
1568330 866
1568340 866
1568350 867
1568360 867
1568370 867
1568380 867
1568390 868
1568400 869
1568410 869
1568420 870
1568430 871
1568440 871
1568450 872
1568460 873
1568470 873
1568480 874
1568490 875
1568500 875
1568510 877
1568520 878
1568530 878
1568540 879
1568550 880
1568560 881
1568570 881
1568580 881
1568590 881
1568600 881
1568610 881
1568620 882
1568630 882
1568640 883
1568650 884
1568660 884
1568670 885
1568680 887
1568690 887
1568700 887
1568710 889
1568720 891
1568730 892
1568740 894
1568750 896
1568760 896
1568770 897
1568780 899
1568790 899
1568800 900
1568810 900
1568820 900
1568830 901
1568840 902
1568850 902
1568860 904
1568870 905
1568880 905
1568890 907
1568900 909
1568910 912
1568920 912
1568930 915
1568940 918
1568950 918
1568960 920
1568970 922
1568980 922
1568990 924
1569000 927
1569010 927
1569020 927
1569030 928
1569040 928
1569050 928
1569060 929
1569070 930
1569080 930
1569090 931
1569100 932
1569110 932
1569120 933
1569130 934
1569140 934
1569150 936
1569160 937
1569170 937
1569180 938
1569190 941
1569200 941
1569210 943
1569220 946
1569230 948
1569240 948
1569250 951
1569260 954
1569270 954
1569280 957
1569290 959
1569300 959
1569310 962
1569320 963
1569330 963
1569340 967
1569350 969
1569360 969
1569370 972
1569380 976
1569390 976
1569400 981
1569410 986
1569420 988
1569430 988
1569440 991
1569450 995
1569460 995
1569470 998
1569480 1001
1569490 1001
1569500 1006
1569510 1010
1569520 1010
1569530 1015
1569540 1019
1569550 1019
1569560 1022
1569570 1024
1569580 1026
1569590 1026
1569600 1027
1569610 1028
1569620 1028
1569630 1030
1569640 1034
1569650 1034
1569660 1038
1569670 1042
1569680 1042
1569690 1046
1569700 1049
1569710 1049
1569720 1051
1569730 1053
1569740 1053
1569750 1055
1569760 1056
1569770 1057
1569780 1057
1569790 1060
1569800 1062
1569810 1062
1569820 1058
1569830 1049
1569840 1049
1569850 1042
1569860 1037
1569870 1037
1569880 1033
1569890 1030
1569900 1030
1569910 1026
1569920 1023
1569930 1019
1569940 1019
1569950 1014
1569960 1010
1569970 1010
1569980 1006
1569990 1002
1570000 1002
1570010 997
1570020 994
1570030 994
1570040 990
1570050 986
1570060 986
1570070 983
1570080 979
1570090 976
1570100 976
1570110 971
1570120 967
1570130 967
1570140 962
1570150 959
1570160 959
1570170 956
1570180 953
1570190 953
1570200 948
1570210 944
1570220 947
1570230 943
1570240 939
1570250 939
1570260 935
1570270 932
1570280 929
1570290 929
1570300 927
1570310 926
1570320 926
1570330 920
1570340 916
1570350 916
1570360 912
1570370 911
1570380 911
1570390 909
1570400 907
1570410 907
1570420 905
1570430 904
1570440 902
1570450 902
1570460 899
1570470 894
1570480 894
1570490 891
1570500 887
1570510 887
1570520 882
1570530 876
1570540 876
1570550 871
1570560 866
1570570 866
1570580 860
1570590 855
1570600 855
1570610 850
1570620 846
1570630 843
1570640 843
1570650 840
1570660 836
1570670 836
1570680 833
1570690 829
1570700 829
1570710 827
1570720 824
1570730 824
1570740 822
1570750 821
1570760 821
1570770 819
1570780 817
1570790 815
1570800 815
1570810 813
1570820 811
1570830 811
1570840 808
1570850 806
1570860 806
1570870 804
1570880 802
1570890 802
1570900 799
1570910 796
1570920 796
1570930 794
1570940 791
1570950 791
1570960 789
1570970 787
1570980 784
1570990 784
1571000 783
1571010 780
1571020 780
1571030 774
1571040 772
1571050 772
1571060 770
1571070 768
1571080 768
1571090 766
1571100 763
1571110 763
1571120 759
1571130 756
1571140 754
1571150 754
1571160 751
1571170 747
1571180 747
1571190 744
1571200 742
1571210 742
1571220 741
1571230 740
1571240 740
1571250 738
1571260 737
1571270 737
1571280 735
1571290 734
1571300 730
1571310 730
1571320 730
1571330 728
1571340 728
1571350 726
1571360 725
1571370 725
1571380 724
1571390 723
1571400 723
1571410 723
1571420 724
1571430 724
1571440 723
1571450 722
1571460 722
1571470 721
1571480 721
1571490 722
1571500 722
1571510 724
1571520 727
1571530 727
1571540 729
1571550 731
1571560 731
1571570 733
1571580 736
1571590 736
1571600 737
1571610 740
1571620 740
1571630 742
1571640 745
1571650 748
1571660 748
1571670 752
1571680 754
1571690 754
1571700 757
1571710 759
1571720 759
1571730 759
1571740 758
1571750 758
1571760 756
1571770 756
1571780 756
1571790 755
1571800 755
1571810 755
1571820 755
1571830 755
1571840 755
1571850 755
1571860 755
1571870 755
1571880 755
1571890 755
1571900 755
1571910 755
1571920 756
1571930 756
1571940 756
1571950 757
1571960 757
1571970 757
1571980 757
1571990 758
1572000 758
1572010 758
1572020 758
1572030 758
1572040 758
1572050 758
1572060 758
1572070 758
1572080 758
1572090 758
1572100 758
1572110 757
1572120 757
1572130 757
1572140 757
1572150 757
1572160 757
1572170 757
1572180 757
1572190 757
1572200 757
1572210 757
1572220 757
1572230 757
1572240 757
1572250 757
1572260 757
1572270 757
1572280 757
1572290 757
1572300 757
1572310 757
1572320 757
1572330 757
1572340 756
1572350 757
1572360 757
1572370 758
1572380 761
1572390 761
1572400 765
1572410 765
1572420 765
1572430 762
1572440 761
1572450 761
1572460 761
1572470 763
1572480 763
1572490 766
1572500 769
1572510 771
1572520 771
1572530 772
1572540 772
1572550 772
1572560 771
1572570 770
1572580 770
1572590 770
1572600 770
1572610 770
1572620 770
1572630 770
1572640 770
1572650 769
1572660 766
1572670 766
1572680 764
1572690 761
1572700 758
1572710 758
1572720 755
1572730 753
1572740 753
1572750 752
1572760 750
1572770 750
1572780 745
1572790 741
1572800 741
1572810 735
1572820 730
1572830 730
1572840 723
1572850 716
1572860 711
1572870 711
1572880 697
1572890 688
1572900 688
1572910 682
1572920 670
1572930 670
1572940 662
1572950 656
1572960 656
1572970 650
1572980 644
1572990 644
1573000 643
1573010 649
1573020 649
1573030 654
1573040 660
1573050 665
1573060 665
1573070 669
1573080 674
1573090 674
1573100 679
1573110 692
1573120 692
1573130 697
1573140 703
1573150 703
1573160 706
1573170 708
1573180 708
1573190 711
1573200 713
1573210 718
1573220 718
1573230 722
1573240 723
1573250 723
1573260 723
1573270 723
1573280 723
1573290 723
1573300 722
1573310 722
1573320 722
1573330 724
1573340 724
1573350 724
1573360 724
1573370 724
1573380 723
1573390 723
1573400 722
1573410 722
1573420 720
1573430 721
1573440 721
1573450 723
1573460 725
1573470 725
1573480 726
1573490 727
1573500 727
1573510 730
1573520 732
1573530 732
1573540 734
1573550 734
1573560 734
1573570 734
1573580 732
1573590 727
1573600 727
1573610 720
1573620 717
1573630 717
1573640 714
1573650 718
1573660 718
1573670 724
1573680 731
1573690 731
1573700 738
1573710 744
1573720 751
1573730 751
1573740 758
1573750 764
1573760 764
1573770 769
1573780 774
1573790 774
1573800 777
1573810 781
1573820 781
1573830 786
1573840 790
1573850 790
1573860 789
1573870 789
1573880 789
1573890 785
1573900 773
1573910 765
1573920 765
1573930 762
1573940 757
1573950 757
1573960 751
1573970 749
1573980 749
1573990 747
1574000 752
1574010 752
1574020 763
1574030 771
1574040 771
1574050 777
1574060 783
1574070 789
1574080 789
1574090 794
1574100 800
1574110 800
1574120 808
1574130 815
1574140 815
1574150 822
1574160 830
1574170 830
1574180 838
1574190 845
1574200 845
1574210 850
1574220 851
1574230 851
1574240 853
1574250 855
1574260 861
1574270 861
1574280 866
1574290 871
1574300 871
1574310 877
1574320 884
1574330 884
1574340 892
1574350 898
1574360 898
1574370 903
1574380 906
1574390 906
1574400 908
1574410 910
1574420 912
1574430 912
1574440 914
1574450 917
1574460 917
1574470 919
1574480 921
1574490 921
1574500 924
1574510 927
1574520 924
1574530 929
1574540 933
1574550 933
1574560 938
1574570 941
1574580 941
1574590 944
1574600 947
1574610 950
1574620 950
1574630 954
1574640 956
1574650 956
1574660 958
1574670 962
1574680 962
1574690 963
1574700 964
1574710 964
1574720 967
1574730 971
1574740 971
1574750 975
1574760 978
1574770 981
1574780 981
1574790 984
1574800 987
1574810 987
1574820 989
1574830 989
1574840 989
1574850 989
1574860 989
1574870 989
1574880 992
1574890 994
1574900 994
1574910 996
1574920 999
1574930 1001
1574940 1001
1574950 1004
1574960 1008
1574970 1008
1574980 1013
1574990 1018
1575000 1018
1575010 1021
1575020 1024
1575030 1024
1575040 1027
1575050 1029
1575060 1029
1575070 1031
1575080 1034
1575090 1034
1575100 1037
1575110 1038
1575120 1041
1575130 1041
1575140 1042
1575150 1044
1575160 1044
1575170 1047
1575180 1049
1575190 1049
1575200 1052
1575210 1054
1575220 1054
1575230 1056
1575240 1059
1575250 1059
1575260 1062
1575270 1064
1575280 1068
1575290 1068
1575300 1070
1575310 1072
1575320 1072
1575330 1075
1575340 1078
1575350 1078
1575360 1080
1575370 1083
1575380 1083
1575390 1087
1575400 1091
1575410 1091
1575420 1095
1575430 1099
1575440 1099
1575450 1102
1575460 1105
1575470 1108
1575480 1108
1575490 1111
1575500 1115
1575510 1115
1575520 1119
1575530 1124
1575540 1124
1575550 1127
1575560 1131
1575570 1131
1575580 1135
1575590 1140
1575600 1140
1575610 1145
1575620 1149
1575630 1154
1575640 1154
1575650 1159
1575660 1164
1575670 1164
1575680 1168
1575690 1172
1575700 1172
1575710 1175
1575720 1179
1575730 1179
1575740 1183
1575750 1186
1575760 1186
1575770 1190
1575780 1193
1575790 1193
1575800 1196
1575810 1198
1575820 1201
1575830 1201
1575840 1204
1575850 1207
1575860 1207
1575870 1210
1575880 1213
1575890 1213
1575900 1217
1575910 1219
1575920 1219
1575930 1223
1575940 1227
1575950 1227
1575960 1230
1575970 1234
1575980 1238
1575990 1238
1576000 1241
1576010 1245
1576020 1245
1576030 1249
1576040 1252
1576050 1252
1576060 1256
1576070 1259
1576080 1259
1576090 1263
1576100 1266
1576110 1266
1576120 1269
1576130 1272
1576140 1275
1576150 1275
1576160 1279
1576170 1282
1576180 1282
1576190 1286
1576200 1288
1576210 1288
1576220 1291
1576230 1294
1576240 1294
1576250 1296
1576260 1299
1576270 1299
1576280 1301
1576290 1302
1576300 1302
1576310 1303
1576320 1304
1576330 1304
1576340 1304
1576350 1303
1576360 1302
1576370 1302
1576380 1301
1576390 1300
1576400 1300
1576410 1298
1576420 1295
1576430 1295
1576440 1292
1576450 1288
1576460 1288
1576470 1285
1576480 1282
1576490 1279
1576500 1279
1576510 1276
1576520 1273
1576530 1273
1576540 1270
1576550 1266
1576560 1266
1576570 1263
1576580 1259
1576590 1259
1576600 1256
1576610 1252
1576620 1252
1576630 1246
1576640 1242
1576650 1242
1576660 1237
1576670 1233
1576680 1228
1576690 1228
1576700 1225
1576710 1222
1576720 1222
1576730 1219
1576740 1216
1576750 1216
1576760 1213
1576770 1211
1576780 1211
1576790 1210
1576800 1209
1576810 1209
1576820 1207
1576830 1206
1576840 1204
1576850 1204
1576860 1203
1576870 1201
1576880 1201
1576890 1198
1576900 1196
1576910 1196
1576920 1193
1576930 1190
1576940 1190
1576950 1186
1576960 1182
1576970 1182
1576980 1178
1576990 1176
1577000 1176
1577010 1173
1577020 1171
1577030 1168
1577040 1168
1577050 1165
1577060 1162
1577070 1162
1577080 1160
1577090 1158
1577100 1158
1577110 1156
1577120 1153
1577130 1153
1577140 1151
1577150 1149
1577160 1149
1577170 1147
1577180 1144
1577190 1142
1577200 1142
1577210 1140
1577220 1138
1577230 1138
1577240 1136
1577250 1135
1577260 1135
1577270 1133
1577280 1134
1577290 1134
1577300 1132
1577310 1130
1577320 1130
1577330 1126
1577340 1123
1577350 1119
1577360 1119
1577370 1116
1577380 1113
1577390 1113
1577400 1111
1577410 1109
1577420 1109
1577430 1106
1577440 1103
1577450 1103
1577460 1103
1577470 1103
1577480 1103
1577490 1102
1577500 1101
1577510 1101
1577520 1100
1577530 1100
1577540 1100
1577550 1100
1577560 1100
1577570 1100
1577580 1100
1577590 1100
1577600 1100
1577610 1100
1577620 1101
1577630 1101
1577640 1101
1577650 1100
1577660 1099
1577670 1099
1577680 1100
1577690 1099
1577700 1098
1577710 1098
1577720 1096
1577730 1094
1577740 1094
1577750 1091
1577760 1088
1577770 1088
1577780 1084
1577790 1080
1577800 1080
1577810 1076
1577820 1072
1577830 1072
1577840 1068
1577850 1064
1577860 1064
1577870 1059
1577880 1053
1577890 1048
1577900 1048
1577910 1042
1577920 1037
1577930 1037
1577940 1032
1577950 1027
1577960 1027
1577970 1021
1577980 1017
1577990 1017
1578000 1013
1578010 1009
1578020 1009
1578030 1005
1578040 1000
1578050 997
1578060 997
1578070 998
1578080 1001
1578090 1001
1578100 1004
1578110 1005
1578120 1005
1578130 1007
1578140 1009
1578150 1009
1578160 1012
1578170 1014
1578180 1014
1578190 1017
1578200 1019
1578210 1019
1578220 1022
1578230 1025
1578240 1027
1578250 1027
1578260 1029
1578270 1031
1578280 1031
1578290 1033
1578300 1034
1578310 1034
1578320 1035
1578330 1036
1578340 1036
1578350 1036
1578360 1036
1578370 1036
1578380 1036
1578390 1035
1578400 1034
1578410 1034
1578420 1034
1578430 1034
1578440 1034
1578450 1034
1578460 1034
1578470 1034
1578480 1033
1578490 1033
1578500 1033
1578510 1033
1578520 1032
1578530 1032
1578540 1032
1578550 1032
1578560 1031
1578570 1031
1578580 1028
1578590 1024
1578600 1024
1578610 1021
1578620 1018
1578630 1015
1578640 1011
1578650 1008
1578660 1008
1578670 1005
1578680 1001
1578690 1001
1578700 998
1578710 995
1578720 995
1578730 991
1578740 988
1578750 984
1578760 984
1578770 981
1578780 978
1578790 978
1578800 974
1578810 970
1578820 970
1578830 968
1578840 966
1578850 966
1578860 964
1578870 962
1578880 962
1578890 960
1578900 957
1578910 954
1578920 954
1578930 954
1578940 954
1578950 954
1578960 953
1578970 953
1578980 953
1578990 952
1579000 954
1579010 954
1579020 957
1579030 960
1579040 960
1579050 962
1579060 963
1579070 963
1579080 963
1579090 964
1579100 965
1579110 965
1579120 967
1579130 969
1579140 969
1579150 972
1579160 974
1579170 974
1579180 976
1579190 977
1579200 977
1579210 977
1579220 977
1579230 977
1579240 975
1579250 973
1579260 970
1579270 970
1579280 967
1579290 964
1579300 964
1579310 960
1579320 956
1579330 956
1579340 953
1579350 952
1579360 952
1579370 951
1579380 952
1579390 952
1579400 953
1579410 956
1579420 961
1579430 961
1579440 965
1579450 967
1579460 967
1579470 970
1579480 973
1579490 973
1579500 976
1579510 979
1579520 979
1579530 980
1579540 981
1579550 981
1579560 982
1579570 983
1579580 983
1579590 983
1579600 983
1579610 983
1579620 983
1579630 983
1579640 983
1579650 983
1579660 982
1579670 981
1579680 981
1579690 981
1579700 980
1579710 980
1579720 978
1579730 976
1579740 976
1579750 975
1579760 970
1579770 968
1579780 968
1579790 966
1579800 964
1579810 964
1579820 961
1579830 959
1579840 959
1579850 957
1579860 954
1579870 954
1579880 951
1579890 948
1579900 948
1579910 945
1579920 942
1579930 942
1579940 939
1579950 937
1579960 934
1579970 934
1579980 931
1579990 928
