1560000 1006
1560010 1006
1560020 1006
1560030 1006
1560040 1006
1560050 1006
1560060 1006
1560070 1006
1560080 1006
1560090 1006
1560100 1006
1560110 1006
1560120 1006
1560130 1006
1560140 1006
1560150 1006
1560160 1005
1560170 1005
1560180 1002
1560190 1002
1560200 1002
1560210 1002
1560220 1002
1560230 1002
1560240 1002
1560250 1003
1560260 1003
1560270 1003
1560280 1003
1560290 1004
1560300 1004
1560310 1004
1560320 1004
1560330 1004
1560340 1005
1560350 1005
1560360 1005
1560370 1006
1560380 1006
1560390 1006
1560400 1006
1560410 1006
1560420 1006
1560430 1006
1560440 1006
1560450 1006
1560460 1007
1560470 1006
1560480 1006
1560490 1006
1560500 1006
1560510 1006
1560520 1006
1560530 1005
1560540 1005
1560550 1005
1560560 1005
1560570 1005
1560580 1005
1560590 1005
1560600 1004
1560610 1004
1560620 1004
1560630 1003
1560640 1004
1560650 1004
1560660 1005
1560670 1006
1560680 1006
1560690 1007
1560700 1007
1560710 1007
1560720 1008
1560730 1008
1560740 1008
1560750 1009
1560760 1009
1560770 1009
1560780 1009
1560790 1010
1560800 1010
1560810 1010
1560820 1010
1560830 1010
1560840 1010
1560850 1010
1560860 1009
1560870 1009
1560880 1009
1560890 1009
1560900 1009
1560910 1009
1560920 1008
1560930 1008
1560940 1008
1560950 1008
1560960 1008
1560970 1007
1560980 1006
1560990 1006
1561000 1006
1561010 1005
1561020 1004
1561030 1004
1561040 1003
1561050 1002
1561060 1002
1561070 1000
1561080 999
1561090 999
1561100 997
1561110 995
1561120 995
1561130 993
1561140 992
1561150 991
1561160 991
1561170 990
1561180 989
1561190 989
1561200 989
1561210 988
1561220 988
1561230 987
1561240 987
1561250 987
1561260 986
1561270 986
1561280 986
1561290 985
1561300 985
1561310 985
1561320 984
1561330 985
1561340 985
1561350 985
1561360 985
1561370 986
1561380 986
1561390 986
1561400 987
1561410 987
1561420 987
1561430 988
1561440 988
1561450 988
1561460 989
1561470 989
1561480 989
1561490 989
1561500 988
1561510 988
1561520 987
1561530 986
1561540 986
1561550 983
1561560 979
1561570 979
1561580 975
1561590 971
1561600 971
1561610 966
1561620 962
1561630 962
1561640 956
1561650 951
1561660 951
1561670 946
1561680 941
1561690 937
1561700 937
1561710 933
1561720 929
1561730 929
1561740 926
1561750 924
1561760 924
1561770 923
1561780 923
1561790 923
1561800 925
1561810 929
1561820 929
1561830 934
1561840 939
1561850 943
1561860 943
1561870 948
1561880 953
1561890 953
1561900 958
1561910 963
1561920 963
1561930 969
1561940 974
1561950 974
1561960 978
1561970 980
1561980 980
1561990 982
1562000 983
1562010 983
1562020 984
1562030 984
1562040 984
1562050 984
1562060 985
1562070 986
1562080 986
1562090 986
1562100 986
1562110 986
1562120 986
1562130 986
1562140 986
1562150 986
1562160 986
1562170 986
1562180 986
1562190 985
1562200 985
1562210 985
1562220 985
1562230 984
1562240 984
1562250 983
1562260 982
1562270 982
1562280 981
1562290 980
1562300 980
1562310 979
1562320 978
1562330 978
1562340 977
1562350 975
1562360 975
1562370 973
1562380 972
1562390 970
1562400 970
1562410 969
1562420 968
1562430 968
1562440 967
1562450 964
1562460 964
1562470 962
1562480 960
1562490 960
1562500 959
1562510 958
1562520 958
1562530 958
1562540 957
1562550 956
1562560 956
1562570 954
1562580 954
1562590 954
1562600 955
1562610 956
1562620 956
1562630 957
1562640 957
1562650 957
1562660 958
1562670 959
1562680 959
1562690 959
1562700 960
1562710 960
1562720 961
1562730 962
1562740 962
1562750 962
1562760 963
1562770 963
1562780 963
1562790 961
1562800 960
1562810 960
1562820 960
1562830 959
1562840 959
1562850 958
1562860 956
1562870 956
1562880 954
1562890 952
1562900 949
1562910 949
1562920 947
1562930 945
1562940 945
1562950 940
1562960 935
1562970 935
1562980 931
1562990 926
1563000 926
1563010 923
1563020 922
1563030 922
1563040 921
1563050 920
1563060 920
1563070 920
1563080 920
1563090 921
1563100 921
1563110 920
1563120 920
1563130 920
1563140 919
1563150 918
1563160 918
1563170 918
1563180 917
1563190 917
1563200 916
1563210 916
1563220 916
1563230 916
1563240 916
1563250 916
1563260 916
1563270 915
1563280 914
1563290 914
1563300 913
1563310 912
1563320 912
1563330 912
1563340 911
1563350 911
1563360 911
1563370 909
1563380 909
1563390 908
1563400 907
1563410 906
1563420 906
1563430 906
1563440 906
1563450 908
1563460 907
1563470 906
1563480 906
1563490 905
1563500 905
1563510 905
1563520 905
1563530 905
1563540 905
1563550 905
1563560 905
1563570 905
1563580 905
1563590 905
1563600 904
1563610 904
1563620 904
1563630 904
1563640 904
1563650 904
1563660 904
1563670 904
1563680 903
1563690 903
1563700 903
1563710 902
1563720 902
1563730 902
1563740 900
1563750 898
1563760 896
1563770 896
1563780 894
1563790 891
1563800 891
1563810 889
1563820 888
1563830 888
1563840 888
1563850 887
1563860 887
1563870 886
1563880 885
1563890 885
1563900 885
1563910 884
1563920 884
1563930 882
1563940 880
1563950 879
1563960 879
1563970 879
1563980 878
1563990 878
1564000 877
1564010 876
1564020 876
1564030 875
1564040 873
1564050 873
1564060 872
1564070 872
1564080 872
1564090 871
1564100 870
1564110 868
1564120 868
1564130 866
1564140 865
1564150 865
1564160 865
1564170 865
1564180 865
1564190 865
1564200 865
1564210 865
1564220 868
1564230 873
1564240 873
1564250 878
1564260 881
1564270 881
1564280 883
1564290 882
1564300 882
1564310 882
1564320 881
1564330 881
1564340 881
1564350 880
1564360 879
1564370 879
1564380 879
1564390 879
1564400 879
1564410 879
1564420 879
1564430 879
1564440 879
1564450 878
1564460 878
1564470 878
1564480 877
1564490 877
1564500 877
1564510 876
1564520 875
1564530 875
1564540 875
1564550 874
1564560 874
1564570 873
1564580 873
1564590 873
1564600 873
1564610 873
1564620 872
1564630 872
1564640 872
1564650 873
1564660 873
1564670 874
1564680 874
1564690 874
1564700 873
1564710 872
1564720 872
1564730 872
1564740 871
1564750 871
1564760 871
1564770 870
1564780 870
1564790 869
1564800 869
1564810 869
1564820 869
1564830 869
1564840 869
1564850 869
1564860 869
1564870 869
1564880 869
1564890 868
1564900 869
1564910 869
1564920 869
1564930 869
1564940 869
1564950 869
1564960 869
1564970 869
1564980 869
1564990 870
1565000 870
1565010 870
1565020 870
1565030 870
1565040 870
1565050 870
1565060 872
1565070 872
1565080 874
1565090 874
1565100 874
1565110 873
1565120 873
1565130 873
1565140 872
1565150 872
1565160 872
1565170 872
1565180 871
1565190 871
1565200 871
1565210 872
1565220 873
1565230 873
1565240 875
1565250 876
1565260 876
1565270 877
1565280 878
1565290 878
1565300 880
1565310 881
1565320 882
1565330 882
1565340 883
1565350 883
1565360 883
1565370 883
1565380 883
1565390 883
1565400 883
1565410 881
1565420 881
1565430 880
1565440 878
1565450 878
1565460 879
1565470 879
1565480 879
1565490 880
1565500 879
1565510 878
1565520 878
1565530 877
1565540 878
1565550 878
1565560 879
1565570 880
1565580 880
1565590 882
1565600 883
1565610 883
1565620 883
1565630 883
1565640 883
1565650 883
1565660 884
1565670 884
1565680 884
1565690 885
1565700 885
1565710 885
1565720 885
1565730 887
1565740 887
1565750 888
1565760 889
1565770 889
1565780 890
1565790 890
1565800 890
1565810 890
1565820 890
1565830 890
1565840 889
1565850 888
1565860 886
1565870 886
1565880 885
1565890 883
1565900 883
1565910 881
1565920 879
1565930 879
1565940 878
1565950 876
1565960 876
1565970 874
1565980 872
1565990 872
1566000 871
1566010 869
1566020 867
1566030 867
1566040 864
1566050 860
1566060 860
1566070 857
1566080 854
1566090 854
1566100 852
1566110 849
1566120 849
1566130 847
1566140 844
1566150 844
1566160 841
1566170 838
1566180 838
1566190 837
1566200 835
1566210 833
1566220 833
1566230 831
1566240 829
1566250 829
1566260 827
1566270 826
1566280 826
1566290 825
1566300 823
1566310 823
1566320 822
1566330 820
1566340 820
1566350 819
1566360 818
1566370 816
1566380 816
1566390 815
1566400 814
1566410 814
1566420 812
1566430 810
1566440 810
1566450 807
1566460 805
1566470 805
1566480 804
1566490 802
1566500 802
1566510 800
1566520 798
1566530 796
1566540 796
1566550 795
1566560 793
1566570 793
1566580 793
1566590 791
1566600 791
1566610 789
1566620 788
1566630 788
1566640 788
1566650 787
1566660 787
1566670 787
1566680 787
1566690 787
1566700 786
1566710 786
1566720 786
1566730 786
1566740 785
1566750 785
1566760 785
1566770 785
1566780 784
1566790 784
1566800 784
1566810 784
1566820 784
1566830 784
1566840 784
1566850 784
1566860 784
1566870 784
1566880 784
1566890 784
1566900 784
1566910 784
1566920 784
1566930 786
1566940 788
1566950 788
1566960 788
1566970 790
1566980 790
1566990 791
1567000 793
1567010 793
1567020 794
1567030 796
1567040 796
1567050 798
1567060 800
1567070 802
1567080 802
1567090 803
1567100 805
1567110 805
1567120 807
1567130 809
1567140 809
1567150 810
1567160 811
1567170 811
1567180 815
1567190 819
1567200 819
1567210 823
1567220 827
1567230 830
1567240 830
1567250 833
1567260 836
1567270 836
1567280 838
1567290 839
1567300 839
1567310 839
1567320 839
1567330 839
1567340 839
1567350 839
1567360 839
1567370 839
1567380 840
1567390 840
1567400 841
1567410 841
1567420 839
1567430 839
1567440 838
1567450 839
1567460 839
1567470 841
1567480 842
1567490 842
1567500 842
1567510 842
1567520 842
1567530 842
1567540 840
1567550 840
1567560 837
1567570 835
1567580 834
1567590 834
1567600 832
1567610 829
1567620 829
1567630 830
1567640 832
1567650 832
1567660 835
1567670 837
1567680 837
1567690 838
1567700 839
1567710 839
1567720 839
1567730 839
1567740 839
1567750 838
1567760 837
1567770 837
1567780 837
1567790 837
1567800 835
1567810 835
1567820 837
1567830 838
1567840 838
1567850 837
1567860 838
1567870 838
1567880 838
1567890 840
1567900 840
1567910 842
1567920 844
1567930 844
1567940 844
1567950 846
1567960 850
1567970 850
1567980 851
1567990 850
1568000 850
1568010 849
1568020 849
1568030 849
1568040 847
1568050 846
1568060 846
1568070 847
1568080 849
1568090 849
1568100 844
1568110 846
1568120 849
1568130 849
1568140 853
1568150 856
1568160 856
1568170 855
1568180 855
1568190 855
1568200 855
1568210 854
1568220 854
1568230 853
1568240 852
1568250 852
1568260 852
1568270 853
1568280 854
1568290 854
1568300 854
1568310 854
1568320 854
1568330 853
1568340 853
1568350 853
1568360 853
1568370 855
1568380 855
1568390 856
1568400 857
1568410 857
1568420 856
1568430 855
1568440 854
1568450 854
1568460 856
1568470 857
1568480 857
1568490 857
1568500 858
1568510 858
1568520 860
1568530 862
1568540 862
1568550 863
1568560 865
1568570 865
1568580 866
1568590 867
1568600 867
1568610 869
1568620 871
1568630 873
1568640 873
1568650 876
1568660 878
1568670 878
1568680 881
1568690 884
1568700 884
1568710 885
1568720 886
1568730 886
1568740 886
1568750 886
1568760 886
1568770 890
1568780 892
1568790 890
1568800 890
1568810 888
1568820 886
1568830 886
1568840 885
1568850 884
1568860 884
1568870 884
1568880 885
1568890 885
1568900 886
1568910 886
1568920 886
1568930 887
1568940 886
1568950 886
1568960 885
1568970 884
1568980 882
1568990 882
1569000 880
1569010 879
1569020 879
1569030 878
1569040 874
1569050 874
1569060 869
1569070 869
1569080 869
1569090 868
1569100 867
1569110 867
1569120 866
1569130 865
1569140 862
1569150 862
1569160 859
1569170 857
1569180 857
1569190 856
1569200 856
1569210 856
1569220 856
1569230 856
1569240 856
1569250 854
1569260 853
1569270 853
1569280 852
1569290 851
1569300 851
1569310 850
1569320 850
1569330 850
1569340 850
1569350 850
1569360 848
1569370 848
1569380 847
1569390 846
1569400 846
1569410 844
1569420 844
1569430 844
1569440 844
1569450 843
1569460 843
1569470 843
1569480 843
1569490 844
1569500 844
1569510 844
1569520 844
1569530 844
1569540 845
1569550 845
1569560 845
1569570 844
1569580 844
1569590 844
1569600 843
1569610 844
1569620 844
1569630 845
1569640 845
1569650 845
1569660 842
1569670 845
1569680 847
1569690 847
1569700 851
1569710 855
1569720 855
1569730 858
1569740 861
1569750 861
1569760 864
1569770 866
1569780 866
1569790 869
1569800 872
1569810 872
1569820 875
1569830 879
1569840 882
1569850 882
1569860 886
1569870 890
1569880 890
1569890 893
1569900 896
1569910 896
1569920 899
1569930 903
1569940 903
1569950 907
1569960 909
1569970 909
1569980 910
1569990 911
1570000 911
1570010 911
1570020 908
1570030 905
1570040 905
1570050 902
1570060 904
1570070 904
1570080 906
1570090 908
1570100 908
1570110 910
1570120 911
1570130 911
1570140 912
1570150 912
1570160 912
1570170 912
1570180 913
1570190 914
1570200 914
1570210 915
1570220 916
1570230 916
1570240 917
1570250 919
1570260 919
1570270 921
1570280 922
1570290 922
1570300 923
1570310 924
1570320 924
1570330 925
1570340 925
1570350 925
1570360 925
1570370 925
1570380 924
1570390 924
1570400 924
1570410 923
1570420 923
1570430 921
1570440 919
1570450 919
1570460 916
1570470 913
1570480 913
1570490 908
1570500 903
1570510 903
1570520 896
1570530 890
1570540 885
1570550 885
1570560 881
1570570 878
1570580 878
1570590 876
1570600 873
1570610 873
1570620 870
1570630 867
1570640 867
1570650 866
1570660 865
1570670 865
1570680 865
1570690 865
1570700 863
1570710 863
1570720 860
1570730 858
1570740 858
1570750 856
1570760 856
1570770 856
1570780 855
1570790 853
1570800 853
1570810 853
1570820 853
1570830 853
1570840 855
1570850 856
1570860 856
1570870 857
1570880 858
1570890 859
1570900 859
1570910 860
1570920 860
1570930 860
1570940 860
1570950 858
1570960 858
1570970 856
1570980 853
1570990 853
1571000 851
1571010 850
1571020 850
1571030 850
1571040 850
1571050 848
1571060 848
1571070 843
1571080 842
1571090 842
1571100 841
1571110 841
1571120 841
1571130 841
1571140 841
1571150 841
1571160 841
1571170 840
1571180 840
1571190 839
1571200 837
1571210 837
1571220 838
1571230 843
1571240 846
1571250 846
1571260 848
1571270 848
1571280 848
1571290 848
1571300 848
1571310 848
1571320 848
1571330 850
1571340 850
1571350 852
1571360 853
1571370 853
1571380 855
1571390 855
1571400 854
1571410 854
1571420 853
1571430 852
1571440 852
1571450 852
1571460 853
1571470 853
1571480 854
1571490 854
1571500 854
1571510 852
1571520 850
1571530 850
1571540 849
1571550 849
1571560 851
1571570 851
1571580 852
1571590 852
1571600 852
1571610 852
1571620 852
1571630 852
1571640 853
1571650 854
1571660 854
1571670 856
1571680 858
1571690 858
1571700 860
1571710 861
1571720 861
1571730 863
1571740 866
1571750 869
1571760 869
1571770 871
1571780 873
1571790 873
1571800 875
1571810 878
1571820 878
1571830 880
1571840 879
1571850 879
1571860 875
1571870 871
1571880 871
1571890 867
1571900 865
1571910 864
1571920 864
1571930 863
1571940 862
1571950 862
1571960 860
1571970 857
1571980 857
1571990 854
1572000 851
1572010 851
1572020 847
1572030 844
1572040 844
1572050 841
1572060 837
1572070 837
1572080 834
1572090 830
1572100 827
1572110 827
1572120 823
1572130 820
1572140 820
1572150 816
1572160 813
1572170 813
1572180 810
1572190 807
1572200 807
1572210 805
1572220 802
1572230 802
1572240 800
1572250 799
1572260 795
1572270 795
1572280 788
1572290 780
1572300 780
1572310 773
1572320 767
1572330 767
1572340 760
1572350 754
1572360 754
1572370 750
1572380 744
1572390 744
1572400 742
1572410 739
1572420 739
1572430 736
1572440 734
1572450 731
1572460 731
1572470 726
1572480 720
1572490 720
1572500 714
1572510 707
1572520 706
1572530 700
1572540 693
1572550 693
1572560 687
1572570 682
1572580 682
1572590 676
1572600 675
1572610 674
1572620 674
1572630 675
1572640 679
1572650 679
1572660 680
1572670 681
1572680 681
1572690 682
1572700 684
1572710 684
1572720 687
1572730 694
1572740 694
1572750 701
1572760 708
1572770 708
1572780 716
1572790 722
1572800 728
1572810 728
1572820 732
1572830 732
1572840 732
1572850 732
1572860 732
1572870 732
1572880 732
1572890 732
1572900 732
1572910 730
1572920 729
1572930 729
1572940 729
1572950 730
1572960 731
1572970 731
1572980 732
1572990 736
1573000 736
1573010 742
1573020 749
1573030 749
1573040 756
1573050 761
1573060 761
1573070 766
1573080 772
1573090 772
1573100 777
1573110 782
1573120 782
1573130 787
1573140 792
1573150 797
1573160 797
1573170 801
1573180 804
1573190 804
1573200 806
1573210 808
1573220 808
1573230 812
1573240 815
1573250 815
1573260 819
1573270 824
1573280 824
1573290 829
1573300 836
1573310 842
1573320 842
1573330 848
1573340 855
1573350 855
1573360 860
1573370 866
1573380 866
1573390 871
1573400 875
1573410 875
1573420 879
1573430 882
1573440 882
1573450 884
1573460 888
1573470 892
1573480 892
1573490 897
1573500 904
1573510 904
1573520 907
1573530 910
1573540 910
1573550 914
1573560 918
1573570 918
1573580 923
1573590 927
1573600 927
1573610 929
1573620 932
1573630 932
1573640 936
1573650 939
1573660 941
1573670 941
1573680 946
1573690 953
1573700 953
1573710 959
1573720 964
1573730 964
1573740 967
1573750 971
1573760 971
1573770 975
1573780 979
1573790 979
1573800 984
1573810 988
1573820 993
1573830 993
1573840 996
1573850 999
1573860 999
1573870 1002
1573880 1005
1573890 1005
1573900 1010
1573910 1013
1573920 1013
1573930 1018
1573940 1022
1573950 1022
1573960 1027
1573970 1032
1573980 1032
1573990 1039
1574000 1043
1574010 1046
1574020 1046
1574030 1049
1574040 1052
1574050 1052
1574060 1054
1574070 1055
1574080 1055
1574090 1055
1574100 1055
1574110 1055
1574120 1055
1574130 1057
1574140 1057
1574150 1059
1574160 1060
1574170 1060
1574180 1060
1574190 1060
1574200 1060
1574210 1060
1574220 1059
1574230 1059
1574240 1059
1574250 1059
1574260 1060
1574270 1060
1574280 1060
1574290 1060
1574300 1060
1574310 1061
1574320 1062
1574330 1062
1574340 1063
1574350 1064
1574360 1065
1574370 1065
1574380 1066
1574390 1067
1574400 1067
1574410 1068
1574420 1069
1574430 1069
1574440 1070
1574450 1072
1574460 1072
1574470 1073
1574480 1074
1574490 1074
1574500 1076
1574510 1078
1574520 1080
1574530 1080
1574540 1083
1574550 1084
1574560 1084
1574570 1086
1574580 1088
1574590 1088
1574600 1090
1574610 1091
1574620 1091
1574630 1090
1574640 1089
1574650 1089
1574660 1088
1574670 1087
1574680 1087
1574690 1087
1574700 1088
1574710 1089
1574720 1089
1574730 1091
1574740 1092
1574750 1092
1574760 1094
1574770 1095
1574780 1095
1574790 1096
1574800 1096
1574810 1096
1574820 1095
1574830 1094
1574840 1094
1574850 1090
1574860 1086
1574870 1083
1574880 1083
1574890 1080
1574900 1078
1574910 1078
1574920 1076
1574930 1074
1574940 1074
1574950 1073
1574960 1073
1574970 1073
1574980 1073
1574990 1074
1575000 1074
1575010 1075
1575020 1076
1575030 1076
1575040 1077
1575050 1078
1575060 1079
1575070 1079
1575080 1079
1575090 1080
1575100 1080
1575110 1081
1575120 1081
1575130 1081
1575140 1081
1575150 1081
1575160 1081
1575170 1082
1575180 1082
1575190 1082
1575200 1084
1575210 1086
1575220 1088
1575230 1088
1575240 1091
1575250 1093
1575260 1093
1575270 1096
1575280 1097
1575290 1097
1575300 1101
1575310 1102
1575320 1102
1575330 1103
1575340 1108
1575350 1108
1575360 1110
1575370 1112
1575380 1112
1575390 1114
1575400 1117
1575410 1120
1575420 1120
1575430 1123
1575440 1126
1575450 1126
1575460 1128
1575470 1131
1575480 1131
1575490 1133
1575500 1136
1575510 1136
1575520 1138
1575530 1143
1575540 1143
1575550 1148
1575560 1151
1575570 1154
1575580 1154
1575590 1158
1575600 1162
1575610 1162
1575620 1165
1575630 1169
1575640 1169
1575650 1173
1575660 1177
1575670 1177
1575680 1181
1575690 1185
1575700 1185
1575710 1189
1575720 1192
1575730 1195
1575740 1195
1575750 1198
1575760 1201
1575770 1201
1575780 1203
1575790 1205
1575800 1205
1575810 1205
1575820 1205
1575830 1205
1575840 1205
1575850 1205
1575860 1205
1575870 1205
1575880 1205
1575890 1205
1575900 1205
1575910 1206
1575920 1208
1575930 1208
1575940 1211
1575950 1214
1575960 1214
1575970 1217
1575980 1221
1575990 1221
1576000 1225
1576010 1228
1576020 1228
1576030 1232
1576040 1234
1576050 1234
1576060 1237
1576070 1239
1576080 1240
1576090 1240
1576100 1242
1576110 1243
1576120 1243
1576130 1244
1576140 1244
1576150 1244
1576160 1245
1576170 1245
1576180 1245
1576190 1243
1576200 1241
1576210 1241
1576220 1239
1576230 1236
1576240 1236
1576250 1233
1576260 1231
1576270 1230
1576280 1230
1576290 1229
1576300 1228
1576310 1228
1576320 1227
1576330 1227
1576340 1227
1576350 1227
1576360 1227
1576370 1227
1576380 1228
1576390 1229
1576400 1229
1576410 1230
1576420 1231
1576430 1232
1576440 1232
1576450 1233
1576460 1234
1576470 1234
1576480 1235
1576490 1236
1576500 1236
1576510 1237
1576520 1237
1576530 1237
1576540 1237
1576550 1237
1576560 1237
1576570 1237
1576580 1237
1576590 1237
1576600 1237
1576610 1237
1576620 1237
1576630 1237
1576640 1237
1576650 1237
1576660 1237
1576670 1237
1576680 1237
1576690 1237
1576700 1237
1576710 1233
1576720 1233
1576730 1233
1576740 1233
1576750 1233
1576760 1233
1576770 1233
1576780 1232
1576790 1232
1576800 1233
1576810 1233
1576820 1233
1576830 1234
1576840 1234
1576850 1234
1576860 1234
1576870 1234
1576880 1234
1576890 1234
1576900 1233
1576910 1233
1576920 1232
1576930 1230
1576940 1230
1576950 1228
1576960 1228
1576970 1228
1576980 1228
1576990 1229
1577000 1229
1577010 1229
1577020 1229
1577030 1229
1577040 1229
1577050 1229
1577060 1228
1577070 1228
1577080 1228
1577090 1229
1577100 1229
1577110 1229
1577120 1229
1577130 1229
1577140 1229
1577150 1228
1577160 1228
1577170 1228
1577180 1231
1577190 1232
1577200 1232
1577210 1232
1577220 1231
1577230 1231
1577240 1229
1577250 1229
1577260 1229
1577270 1230
1577280 1234
1577290 1234
1577300 1238
1577310 1239
1577320 1240
1577330 1240
1577340 1241
1577350 1241
1577360 1241
1577370 1242
1577380 1243
1577390 1243
1577400 1244
1577410 1246
1577420 1246
1577430 1247
1577440 1249
1577450 1249
1577460 1250
1577470 1251
1577480 1253
1577490 1253
1577500 1254
1577510 1256
1577520 1256
1577530 1258
1577540 1260
1577550 1260
1577560 1260
1577570 1260
1577580 1260
1577590 1259
1577600 1258
1577610 1258
1577620 1256
1577630 1255
1577640 1255
1577650 1255
1577660 1254
1577670 1253
1577680 1253
1577690 1252
1577700 1251
1577710 1251
1577720 1251
1577730 1250
1577740 1250
1577750 1250
1577760 1250
1577770 1250
1577780 1251
1577790 1251
1577800 1251
1577810 1251
1577820 1251
1577830 1251
1577840 1251
1577850 1251
1577860 1252
1577870 1252
1577880 1254
1577890 1255
1577900 1255
1577910 1256
1577920 1257
1577930 1257
1577940 1259
1577950 1260
1577960 1260
1577970 1263
1577980 1265
1577990 1268
1578000 1268
1578010 1271
1578020 1274
1578030 1274
1578040 1276
1578050 1278
1578060 1278
1578070 1284
1578080 1285
1578090 1285
1578100 1286
1578110 1286
1578120 1286
1578130 1287
1578140 1288
1578150 1288
1578160 1287
1578170 1286
1578180 1285
1578190 1285
1578200 1283
1578210 1280
1578220 1280
1578230 1278
1578240 1274
1578250 1274
1578260 1271
1578270 1268
1578280 1268
1578290 1265
1578300 1262
1578310 1262
1578320 1259
1578330 1255
1578340 1251
1578350 1251
1578360 1247
1578370 1243
1578380 1243
1578390 1239
1578400 1236
1578410 1236
1578420 1233
1578430 1231
1578440 1231
1578450 1228
1578460 1226
1578470 1226
1578480 1224
1578490 1223
1578500 1223
1578510 1222
1578520 1222
1578530 1221
1578540 1221
1578550 1221
1578560 1222
1578570 1222
1578580 1223
1578590 1224
1578600 1224
1578610 1225
1578620 1225
1578630 1225
1578640 1225
1578650 1225
1578660 1225
1578670 1225
1578680 1224
1578690 1224
1578700 1224
1578710 1223
1578720 1222
1578730 1222
1578740 1221
1578750 1219
1578760 1219
1578770 1218
1578780 1215
1578790 1215
1578800 1213
1578810 1210
1578820 1210
1578830 1207
1578840 1203
1578850 1203
1578860 1200
1578870 1197
1578880 1195
1578890 1195
1578900 1192
1578910 1189
1578920 1189
1578930 1186
1578940 1183
1578950 1183
1578960 1181
1578970 1179
1578980 1179
1578990 1176
1579000 1173
1579010 1173
1579020 1171
1579030 1168
1579040 1164
1579050 1164
1579060 1161
1579070 1157
1579080 1157
1579090 1154
1579100 1151
1579110 1151
1579120 1148
1579130 1146
1579140 1146
1579150 1143
1579160 1140
1579170 1140
1579180 1138
1579190 1135
1579200 1133
1579210 1133
1579220 1130
1579230 1127
1579240 1127
1579250 1124
1579260 1121
1579270 1121
1579280 1118
1579290 1115
1579300 1115
1579310 1112
1579320 1108
1579330 1108
1579340 1104
1579350 1101
1579360 1101
1579370 1098
1579380 1097
1579390 1095
1579400 1095
1579410 1090
1579420 1087
1579430 1087
1579440 1086
1579450 1085
1579460 1085
1579470 1083
1579480 1081
1579490 1081
1579500 1077
1579510 1075
1579520 1075
1579530 1072
1579540 1070
1579550 1068
1579560 1068
1579570 1065
1579580 1062
1579590 1062
1579600 1059
1579610 1056
1579620 1056
1579630 1054
1579640 1051
1579650 1051
1579660 1049
1579670 1046
1579680 1046
1579690 1042
1579700 1039
1579710 1039
1579720 1037
1579730 1033
1579740 1028
1579750 1028
1579760 1025
1579770 1023
1579780 1023
1579790 1020
1579800 1017
1579810 1017
1579820 1013
1579830 1010
1579840 1010
1579850 1007
1579860 1003
1579870 1003
1579880 1001
1579890 998
1579900 995
1579910 995
1579920 993
1579930 990
1579940 990
1579950 987
1579960 986
1579970 986
1579980 985
1579990 985
