1560000 1402
1560010 1398
1560020 1394
1560030 1394
1560040 1391
1560050 1387
1560060 1387
1560070 1383
1560080 1380
1560090 1379
1560100 1379
1560110 1379
1560120 1379
1560130 1379
1560140 1378
1560150 1377
1560160 1377
1560170 1377
1560180 1377
1560190 1377
1560200 1377
1560210 1376
1560220 1376
1560230 1376
1560240 1376
1560250 1375
1560260 1375
1560270 1375
1560280 1374
1560290 1374
1560300 1374
1560310 1373
1560320 1373
1560330 1372
1560340 1370
1560350 1370
1560360 1369
1560370 1368
1560380 1368
1560390 1367
1560400 1366
1560410 1366
1560420 1364
1560430 1362
1560440 1360
1560450 1360
1560460 1357
1560470 1355
1560480 1355
1560490 1352
1560500 1349
1560510 1349
1560520 1346
1560530 1344
1560540 1344
1560550 1342
1560560 1340
1560570 1340
1560580 1339
1560590 1338
1560600 1336
1560610 1336
1560620 1334
1560630 1332
1560640 1332
1560650 1330
1560660 1328
1560670 1328
1560680 1327
1560690 1327
1560700 1327
1560710 1327
1560720 1327
1560730 1327
1560740 1327
1560750 1327
1560760 1327
1560770 1326
1560780 1327
1560790 1327
1560800 1327
1560810 1328
1560820 1328
1560830 1328
1560840 1327
1560850 1326
1560860 1326
1560870 1324
1560880 1322
1560890 1322
1560900 1319
1560910 1316
1560920 1316
1560930 1313
1560940 1310
1560950 1307
1560960 1307
1560970 1305
1560980 1303
1560990 1303
1561000 1300
1561010 1298
1561020 1298
1561030 1297
1561040 1295
1561050 1295
1561060 1294
1561070 1292
1561080 1292
1561090 1290
1561100 1288
1561110 1288
1561120 1284
1561130 1281
1561140 1278
1561150 1278
1561160 1276
1561170 1273
1561180 1273
1561190 1270
1561200 1266
1561210 1266
1561220 1263
1561230 1259
1561240 1259
1561250 1256
1561260 1253
1561270 1253
1561280 1248
1561290 1245
1561300 1242
1561310 1242
1561320 1239
1561330 1238
1561340 1238
1561350 1236
1561360 1234
1561370 1234
1561380 1230
1561390 1226
1561400 1226
1561410 1220
1561420 1214
1561430 1214
1561440 1210
1561450 1205
1561460 1205
1561470 1200
1561480 1195
1561490 1191
1561500 1191
1561510 1186
1561520 1182
1561530 1182
1561540 1178
1561550 1174
1561560 1174
1561570 1172
1561580 1170
1561590 1170
1561600 1169
1561610 1166
1561620 1166
1561630 1164
1561640 1161
1561650 1159
1561660 1159
1561670 1157
1561680 1155
1561690 1155
1561700 1153
1561710 1151
1561720 1151
1561730 1149
1561740 1146
1561750 1146
1561760 1143
1561770 1141
1561780 1141
1561790 1140
1561800 1138
1561810 1138
1561820 1136
1561830 1135
1561840 1133
1561850 1133
1561860 1132
1561870 1131
1561880 1131
1561890 1130
1561900 1130
1561910 1130
1561920 1128
1561930 1126
1561940 1126
1561950 1123
1561960 1119
1561970 1119
1561980 1115
1561990 1110
1562000 1106
1562010 1106
1562020 1102
1562030 1098
1562040 1098
1562050 1094
1562060 1090
1562070 1090
1562080 1087
1562090 1084
1562100 1084
1562110 1082
1562120 1078
1562130 1078
1562140 1074
1562150 1069
1562160 1069
1562170 1063
1562180 1058
1562190 1053
1562200 1053
1562210 1046
1562220 1040
1562230 1040
1562240 1037
1562250 1035
1562260 1035
1562270 1031
1562280 1028
1562290 1028
1562300 1027
1562310 1026
1562320 1026
1562330 1026
1562340 1024
1562350 1023
1562360 1023
1562370 1021
1562380 1019
1562390 1019
1562400 1018
1562410 1017
1562420 1017
1562430 1017
1562440 1016
1562450 1016
1562460 1014
1562470 1009
1562480 1009
1562490 1006
1562500 1003
1562510 1003
1562520 1001
1562530 999
1562540 996
1562550 996
1562560 992
1562570 989
1562580 989
1562590 987
1562600 982
1562610 982
1562620 975
1562630 969
1562640 969
1562650 964
1562660 960
1562670 960
1562680 955
1562690 952
1562700 952
1562710 948
1562720 943
1562730 937
1562740 937
1562750 931
1562760 925
1562770 925
1562780 919
1562790 914
1562800 914
1562810 909
1562820 904
1562830 904
1562840 900
1562850 893
1562860 893
1562870 890
1562880 887
1562890 885
1562900 885
1562910 884
1562920 884
1562930 884
1562940 886
1562950 889
1562960 889
1562970 891
1562980 895
1562990 895
1563000 898
1563010 901
1563020 901
1563030 903
1563040 904
1563050 904
1563060 905
1563070 905
1563080 904
1563090 904
1563100 904
1563110 904
1563120 904
1563130 904
1563140 904
1563150 904
1563160 904
1563170 905
1563180 905
1563190 905
1563200 905
1563210 905
1563220 906
1563230 907
1563240 907
1563250 907
1563260 907
1563270 907
1563280 907
1563290 911
1563300 916
1563310 916
1563320 921
1563330 924
1563340 924
1563350 929
1563360 933
1563370 933
1563380 938
1563390 945
1563400 945
1563410 949
1563420 954
1563430 959
1563440 959
1563450 965
1563460 969
1563470 969
1563480 973
1563490 977
1563500 977
1563510 983
1563520 989
1563530 989
1563540 995
1563550 1000
1563560 1000
1563570 1005
1563580 1009
1563590 1013
1563600 1013
1563610 1017
1563620 1020
1563630 1020
1563640 1021
1563650 1025
1563660 1025
1563670 1031
1563680 1038
1563690 1038
1563700 1044
1563710 1048
1563720 1048
1563730 1052
1563740 1056
1563750 1056
1563760 1058
1563770 1061
1563780 1062
1563790 1062
1563800 1063
1563810 1062
1563820 1062
1563830 1061
1563840 1062
1563850 1062
1563860 1062
1563870 1064
1563880 1064
1563890 1066
1563900 1069
1563910 1069
1563920 1072
1563930 1075
1563940 1078
1563950 1078
1563960 1082
1563970 1085
1563980 1085
1563990 1088
1564000 1092
1564010 1092
1564020 1095
1564030 1097
1564040 1097
1564050 1101
1564060 1106
1564070 1106
1564080 1111
1564090 1114
1564100 1114
1564110 1118
1564120 1123
1564130 1127
1564140 1127
1564150 1131
1564160 1136
1564170 1136
1564180 1140
1564190 1145
1564200 1145
1564210 1151
1564220 1156
1564230 1156
1564240 1160
1564250 1165
1564260 1165
1564270 1170
1564280 1175
1564290 1178
1564300 1178
1564310 1181
1564320 1184
1564330 1184
1564340 1186
1564350 1186
1564360 1186
1564370 1185
1564380 1181
1564390 1181
1564400 1177
1564410 1175
1564420 1175
1564430 1172
1564440 1168
1564450 1168
1564460 1165
1564470 1161
1564480 1158
1564490 1158
1564500 1158
1564510 1155
1564520 1155
1564530 1152
1564540 1149
1564550 1149
1564560 1146
1564570 1143
1564580 1143
1564590 1140
1564600 1138
1564610 1138
1564620 1135
1564630 1132
1564640 1128
1564650 1128
1564660 1125
1564670 1123
1564680 1123
1564690 1121
1564700 1119
1564710 1119
1564720 1118
1564730 1117
1564740 1117
1564750 1116
1564760 1113
1564770 1113
1564780 1111
1564790 1108
1564800 1108
1564810 1106
1564820 1103
1564830 1100
1564840 1100
1564850 1096
1564860 1092
1564870 1092
1564880 1088
1564890 1084
1564900 1084
1564910 1080
1564920 1076
1564930 1076
1564940 1073
1564950 1069
1564960 1069
1564970 1067
1564980 1065
1564990 1065
1565000 1063
1565010 1063
1565020 1060
1565030 1060
1565040 1058
1565050 1056
1565060 1056
1565070 1054
1565080 1052
1565090 1052
1565100 1051
1565110 1046
1565120 1046
1565130 1042
1565140 1038
1565150 1038
1565160 1034
1565170 1031
1565180 1028
1565190 1028
1565200 1025
1565210 1022
1565220 1022
1565230 1019
1565240 1016
1565250 1016
1565260 1014
1565270 1010
1565280 1010
1565290 1005
1565300 999
1565310 999
1565320 994
1565330 990
1565340 990
1565350 987
1565360 984
1565370 981
1565380 981
1565390 978
1565400 975
1565410 975
1565420 972
1565430 969
1565440 969
1565450 966
1565460 962
1565470 962
1565480 958
1565490 955
1565500 955
1565510 952
1565520 949
1565530 946
1565540 946
1565550 944
1565560 941
1565570 941
1565580 939
1565590 937
1565600 937
1565610 935
1565620 933
1565630 933
1565640 931
1565650 929
1565660 929
1565670 926
1565680 924
1565690 924
1565700 921
1565710 918
1565720 916
1565730 916
1565740 913
1565750 910
1565760 910
1565770 908
1565780 906
1565790 906
1565800 905
1565810 903
1565820 903
1565830 902
1565840 900
1565850 900
1565860 900
1565870 899
1565880 898
1565890 898
1565900 894
1565910 890
1565920 890
1565930 885
1565940 881
1565950 881
1565960 878
1565970 875
1565980 875
1565990 872
1566000 868
1566010 868
1566020 864
1566030 861
1566040 861
1566050 859
1566060 858
1566070 864
1566080 864
1566090 864
1566100 864
1566110 864
1566120 863
1566130 861
1566140 861
1566150 857
1566160 853
1566170 853
1566180 854
1566190 856
1566200 856
1566210 859
1566220 860
1566230 862
1566240 862
1566250 864
1566260 866
1566270 866
1566280 874
1566290 875
1566300 875
1566310 877
1566320 881
1566330 881
1566340 883
1566350 882
1566360 882
1566370 877
1566380 873
1566390 873
1566400 867
1566410 860
1566420 855
1566430 855
1566440 846
1566450 839
1566460 839
1566470 836
1566480 836
1566490 836
1566500 837
1566510 840
1566520 840
1566530 847
1566540 853
1566550 853
1566560 859
1566570 866
1566580 872
1566590 872
1566600 877
1566610 883
1566620 883
1566630 887
1566640 888
1566650 888
1566660 888
1566670 887
1566680 887
1566690 886
1566700 885
1566710 885
1566720 885
1566730 885
1566740 885
1566750 885
1566760 885
1566770 886
1566780 886
1566790 887
1566800 889
1566810 889
1566820 891
1566830 893
1566840 893
1566850 895
1566860 898
1566870 898
1566880 901
1566890 905
1566900 905
1566910 908
1566920 908
1566930 908
1566940 908
1566950 909
1566960 906
1566970 906
1566980 903
1566990 899
1567000 899
1567010 892
1567020 890
1567030 890
1567040 890
1567050 890
1567060 890
1567070 889
1567080 889
1567090 889
1567100 889
1567110 888
1567120 887
1567130 887
1567140 887
1567150 886
1567160 886
1567170 885
1567180 885
1567190 885
1567200 884
1567210 883
1567220 883
1567230 883
1567240 882
1567250 882
1567260 882
1567270 881
1567280 881
1567290 880
1567300 879
1567310 878
1567320 878
1567330 877
1567340 877
1567350 877
1567360 876
1567370 876
1567380 876
1567390 876
1567400 877
1567410 877
1567420 876
1567430 875
1567440 875
1567450 874
1567460 874
1567470 875
1567480 875
1567490 874
1567500 871
1567510 871
1567520 869
1567530 871
1567540 871
1567550 875
1567560 878
1567570 878
1567580 879
1567590 877
1567600 876
1567610 873
1567620 870
1567630 870
1567640 868
1567650 866
1567660 866
1567670 866
1567680 866
1567690 866
1567700 866
1567710 865
1567720 865
1567730 865
1567740 865
1567750 865
1567760 865
1567770 865
1567780 865
1567790 865
1567800 867
1567810 869
1567820 872
1567830 872
1567840 874
1567850 878
1567860 878
1567870 881
1567880 885
1567890 885
1567900 889
1567910 893
1567920 893
1567930 897
1567940 901
1567950 901
1567960 906
1567970 911
1567980 911
1567990 918
1568000 924
1568010 928
1568020 928
1568030 933
1568040 939
1568050 939
1568060 944
1568070 951
1568080 951
1568090 958
1568100 966
1568110 966
1568120 976
1568130 984
1568140 984
1568150 987
1568160 986
1568170 982
1568180 982
1568190 978
1568200 974
1568210 974
1568220 971
1568230 966
1568240 966
1568250 962
1568260 959
1568270 959
1568280 955
1568290 951
1568300 951
1568310 948
1568320 945
1568330 945
1568340 943
1568350 942
1568360 942
1568370 942
1568380 941
1568390 941
1568400 941
1568410 941
1568420 940
1568430 940
1568440 940
1568450 941
1568460 941
1568470 944
1568480 946
1568490 946
1568500 947
1568510 949
1568520 951
1568530 951
1568540 953
1568550 955
1568560 955
1568570 956
1568580 957
1568590 957
1568600 959
1568610 961
1568620 961
1568630 965
1568640 968
1568650 968
1568660 971
1568670 974
1568680 974
1568690 978
1568700 981
1568710 985
1568720 985
1568730 988
1568740 990
1568750 990
1568760 993
1568770 995
1568780 995
1568790 997
1568800 1000
1568810 1000
1568820 1003
1568830 1005
1568840 1005
1568850 1008
1568860 1013
1568870 1019
1568880 1019
1568890 1025
1568900 1029
1568910 1029
1568920 1033
1568930 1034
1568940 1034
1568950 1032
1568960 1028
1568970 1028
1568980 1028
1568990 1028
1569000 1028
1569010 1026
1569020 1025
1569030 1025
1569040 1023
1569050 1021
1569060 1019
1569070 1019
1569080 1017
1569090 1015
1569100 1020
1569110 1017
1569120 1017
1569130 1017
1569140 1016
1569150 1015
1569160 1015
1569170 1017
1569180 1017
1569190 1017
1569200 1017
1569210 1017
1569220 1017
1569230 1017
1569240 1017
1569250 1018
1569260 1018
1569270 1018
1569280 1017
1569290 1017
1569300 1016
1569310 1015
1569320 1015
1569330 1014
1569340 1012
1569350 1012
1569360 1010
1569370 1007
1569380 1007
1569390 1005
1569400 1004
1569410 1002
1569420 1002
1569430 999
1569440 996
1569450 996
1569460 995
1569470 993
1569480 993
1569490 992
1569500 990
1569510 990
1569520 989
1569530 987
1569540 987
1569550 986
1569560 983
1569570 983
1569580 980
1569590 977
1569600 974
1569610 974
1569620 974
1569630 973
1569640 973
1569650 972
1569660 971
1569670 971
1569680 972
1569690 975
1569700 975
1569710 976
1569720 976
1569730 976
1569740 977
1569750 980
1569760 985
1569770 985
1569780 989
1569790 994
1569800 994
1569810 1000
1569820 1003
1569830 1003
1569840 1005
1569850 1006
1569860 1006
1569870 1006
1569880 1006
1569890 1006
1569900 1006
1569910 1005
1569920 1005
1569930 1004
1569940 1003
1569950 1002
1569960 1002
1569970 1002
1569980 1003
1569990 1003
1570000 1003
1570010 1003
1570020 1003
1570030 1003
1570040 1003
1570050 1003
1570060 1004
1570070 1003
1570080 1003
1570090 1001
1570100 1000
1570110 1000
1570120 1000
1570130 999
1570140 998
1570150 998
1570160 998
1570170 998
1570180 998
1570190 999
1570200 1000
1570210 1000
1570220 1001
1570230 1001
1570240 1001
1570250 1002
1570260 1004
1570270 1004
1570280 1005
1570290 1007
1570300 1008
1570310 1008
1570320 1009
1570330 1010
1570340 1010
1570350 1013
1570360 1014
1570370 1014
1570380 1014
1570390 1014
1570400 1014
1570410 1015
1570420 1019
1570430 1019
1570440 1022
1570450 1023
1570460 1025
1570470 1025
1570480 1028
1570490 1030
1570500 1030
1570510 1033
1570520 1035
1570530 1035
1570540 1038
1570550 1041
1570560 1041
1570570 1045
1570580 1055
1570590 1055
1570600 1058
1570610 1062
1570620 1062
1570630 1067
1570640 1072
1570650 1077
1570660 1077
1570670 1082
1570680 1087
1570690 1087
1570700 1093
1570710 1098
1570720 1098
1570730 1100
1570740 1102
1570750 1102
1570760 1107
1570770 1111
1570780 1111
1570790 1112
1570800 1115
1570810 1120
1570820 1120
1570830 1122
1570840 1122
1570850 1122
1570860 1123
1570870 1123
1570880 1123
1570890 1122
1570900 1122
1570910 1122
1570920 1122
1570930 1122
1570940 1122
1570950 1122
1570960 1122
1570970 1122
1570980 1123
1570990 1123
1571000 1124
1571010 1124
1571020 1124
1571030 1124
1571040 1124
1571050 1125
1571060 1126
1571070 1126
1571080 1127
1571090 1129
1571100 1129
1571110 1131
1571120 1134
1571130 1134
1571140 1136
1571150 1139
1571160 1139
1571170 1142
1571180 1144
1571190 1147
1571200 1147
1571210 1149
1571220 1150
1571230 1150
1571240 1152
1571250 1153
1571260 1153
1571270 1154
1571280 1154
1571290 1154
1571300 1155
1571310 1155
1571320 1155
1571330 1155
1571340 1154
1571350 1155
1571360 1155
1571370 1155
1571380 1155
1571390 1155
1571400 1155
1571410 1155
1571420 1155
1571430 1156
1571440 1157
1571450 1157
1571460 1158
1571470 1160
1571480 1160
1571490 1161
1571500 1163
1571510 1163
1571520 1164
1571530 1164
1571540 1165
1571550 1165
1571560 1165
1571570 1165
1571580 1165
1571590 1165
1571600 1165
1571610 1165
1571620 1164
1571630 1163
1571640 1163
1571650 1163
1571660 1162
1571670 1162
1571680 1161
1571690 1161
1571700 1160
1571710 1160
1571720 1158
1571730 1156
1571740 1156
1571750 1155
1571760 1153
1571770 1153
1571780 1151
1571790 1149
1571800 1149
1571810 1146
1571820 1144
1571830 1144
1571840 1141
1571850 1138
1571860 1138
1571870 1134
1571880 1130
1571890 1127
1571900 1127
1571910 1123
1571920 1120
1571930 1120
1571940 1117
1571950 1114
1571960 1114
1571970 1110
1571980 1107
1571990 1107
1572000 1104
1572010 1101
1572020 1101
1572030 1095
1572040 1093
1572050 1090
1572060 1090
1572070 1087
1572080 1085
1572090 1085
1572100 1082
1572110 1080
1572120 1080
1572130 1078
1572140 1075
1572150 1075
1572160 1072
1572170 1069
1572180 1069
1572190 1067
1572200 1065
1572210 1065
1572220 1062
1572230 1059
1572240 1056
1572250 1056
1572260 1052
1572270 1049
1572280 1049
1572290 1045
1572300 1041
1572310 1041
1572320 1037
1572330 1033
1572340 1033
1572350 1030
1572360 1027
1572370 1027
1572380 1024
1572390 1020
1572400 1017
1572410 1017
1572420 1014
1572430 1011
1572440 1011
1572450 1008
1572460 1005
1572470 1005
1572480 1002
1572490 999
1572500 999
1572510 997
1572520 996
1572530 996
1572540 995
1572550 995
1572560 995
1572570 995
1572580 995
1572590 995
1572600 995
1572610 995
1572620 995
1572630 995
1572640 995
1572650 995
1572660 995
1572670 994
1572680 993
1572690 993
1572700 993
1572710 991
1572720 991
1572730 989
1572740 986
1572750 982
1572760 982
1572770 978
1572780 974
1572790 974
1572800 970
1572810 969
1572820 969
1572830 967
1572840 966
1572850 966
1572860 965
1572870 964
1572880 964
1572890 963
1572900 963
1572910 963
1572920 963
1572930 963
1572940 963
1572950 963
1572960 964
1572970 964
1572980 964
1572990 964
1573000 964
1573010 964
1573020 963
1573030 963
1573040 963
1573050 962
1573060 962
1573070 962
1573080 961
1573090 959
1573100 956
1573110 956
1573120 952
1573130 948
1573140 948
1573150 944
1573160 940
1573170 940
1573180 936
1573190 932
1573200 932
1573210 929
1573220 924
1573230 924
1573240 921
1573250 918
1573260 918
1573270 915
1573280 912
1573290 909
1573300 909
1573310 906
1573320 903
1573330 903
1573340 900
1573350 895
1573360 895
1573370 890
1573380 888
1573390 888
1573400 887
1573410 887
1573420 887
1573430 886
1573440 886
1573450 886
1573460 893
1573470 897
1573480 900
1573490 900
1573500 902
1573510 904
1573520 904
1573530 906
1573540 908
1573550 908
1573560 910
1573570 912
1573580 912
1573590 913
1573600 915
1573610 915
1573620 915
1573630 913
1573640 909
1573650 909
1573660 911
1573670 915
1573680 915
1573690 919
1573700 923
1573710 923
1573720 926
1573730 930
1573740 930
1573750 934
1573760 939
1573770 939
1573780 942
1573790 946
1573800 946
1573810 949
1573820 952
1573830 955
1573840 955
1573850 958
1573860 961
1573870 961
1573880 965
1573890 969
1573900 969
1573910 974
1573920 978
1573930 978
1573940 981
1573950 981
1573960 981
1573970 979
1573980 975
1573990 971
1574000 971
1574010 967
1574020 961
1574030 961
1574040 956
1574050 952
1574060 952
1574070 948
1574080 944
1574090 944
1574100 940
1574110 936
1574120 936
1574130 932
1574140 928
1574150 928
1574160 923
1574170 919
1574180 916
1574190 916
1574200 912
1574210 908
1574220 908
1574230 905
1574240 902
1574250 902
1574260 899
1574270 897
1574280 897
1574290 895
1574300 892
1574310 892
1574320 891
1574330 889
1574340 888
1574350 888
1574360 886
1574370 885
1574380 885
1574390 883
1574400 880
1574410 880
1574420 878
1574430 876
1574440 876
1574450 873
1574460 869
1574470 869
1574480 865
1574490 861
1574500 861
1574510 859
1574520 859
1574530 860
1574540 860
1574550 862
1574560 863
1574570 863
1574580 863
1574590 861
1574600 861
1574610 857
1574620 851
1574630 851
1574640 848
1574650 855
1574660 855
1574670 861
1574680 867
1574690 870
1574700 870
1574710 870
1574720 867
1574730 867
1574740 864
1574750 860
1574760 860
1574770 855
1574780 850
1574790 850
1574800 847
1574810 844
1574820 844
1574830 842
1574840 840
1574850 840
1574860 838
1574870 839
1574880 837
1574890 837
1574900 832
1574910 828
1574920 828
1574930 824
1574940 821
1574950 821
1574960 817
1574970 812
1574980 812
1574990 808
1575000 803
1575010 803
1575020 799
1575030 795
1575040 791
1575050 791
1575060 787
1575070 785
1575080 785
1575090 783
1575100 781
1575110 781
1575120 781
1575130 780
1575140 780
1575150 780
1575160 780
1575170 780
1575180 779
1575190 779
1575200 779
1575210 779
1575220 779
1575230 779
1575240 779
1575250 779
1575260 779
1575270 779
1575280 780
1575290 780
1575300 780
1575310 778
1575320 778
1575330 778
1575340 778
1575350 778
1575360 778
1575370 777
1575380 776
1575390 776
1575400 775
1575410 774
1575420 773
1575430 773
1575440 773
1575450 773
1575460 773
1575470 773
1575480 773
1575490 773
1575500 773
1575510 773
1575520 773
1575530 773
1575540 773
1575550 773
1575560 773
1575570 773
1575580 773
1575590 773
1575600 773
1575610 773
1575620 773
1575630 773
1575640 773
1575650 773
1575660 773
1575670 773
1575680 773
1575690 773
1575700 773
1575710 773
1575720 773
1575730 775
1575740 775
1575750 777
1575760 778
1575770 780
1575780 780
1575790 783
1575800 787
1575810 787
1575820 791
1575830 794
1575840 794
1575850 797
1575860 800
1575870 800
1575880 804
1575890 809
1575900 809
1575910 813
1575920 816
1575930 819
1575940 819
1575950 821
1575960 824
1575970 824
1575980 829
1575990 833
1576000 833
1576010 836
1576020 837
1576030 837
1576040 834
1576050 829
1576060 829
1576070 823
1576080 815
1576090 815
1576100 805
1576110 794
1576120 784
1576130 784
1576140 774
1576150 768
1576160 768
1576170 767
1576180 767
1576190 767
1576200 767
1576210 767
1576220 767
1576230 767
1576240 767
1576250 767
1576260 767
1576270 767
1576280 767
1576290 767
1576300 767
1576310 767
1576320 767
1576330 767
1576340 767
1576350 767
1576360 767
1576370 767
1576380 767
1576390 767
1576400 767
1576410 767
1576420 767
1576430 767
1576440 767
1576450 767
1576460 766
1576470 766
1576480 766
1576490 766
1576500 765
1576510 765
1576520 766
1576530 765
1576540 765
1576550 765
1576560 765
1576570 765
1576580 765
1576590 764
1576600 764
1576610 764
1576620 764
1576630 763
1576640 763
1576650 763
1576660 764
1576670 764
1576680 767
1576690 771
1576700 771
1576710 774
1576720 777
1576730 777
1576740 779
1576750 781
1576760 781
1576770 783
1576780 785
1576790 785
1576800 787
1576810 789
1576820 791
1576830 791
1576840 791
1576850 790
1576860 790
1576870 789
1576880 787
1576890 787
1576900 783
1576910 780
1576920 780
1576930 777
1576940 774
1576950 774
1576960 772
1576970 770
1576980 767
1576990 767
1577000 767
1577010 768
1577020 768
1577030 769
1577040 771
1577050 771
1577060 773
1577070 774
1577080 774
1577090 775
1577100 775
1577110 775
1577120 776
1577130 776
1577140 776
1577150 776
1577160 776
1577170 776
1577180 776
1577190 776
1577200 775
1577210 775
1577220 774
1577230 773
1577240 773
1577250 773
1577260 773
1577270 773
1577280 772
1577290 772
1577300 772
1577310 771
1577320 770
1577330 770
1577340 770
1577350 769
1577360 769
1577370 769
1577380 768
1577390 767
1577400 767
1577410 763
1577420 760
1577430 760
1577440 757
1577450 755
1577460 755
1577470 755
1577480 755
1577490 755
1577500 754
1577510 754
1577520 754
1577530 754
1577540 754
1577550 754
1577560 754
1577570 754
1577580 753
1577590 753
1577600 753
1577610 753
1577620 753
1577630 754
1577640 756
1577650 756
1577660 759
1577670 763
1577680 763
1577690 765
1577700 768
1577710 771
1577720 771
1577730 774
1577740 777
1577750 777
1577760 778
1577770 779
1577780 779
1577790 781
1577800 783
1577810 783
1577820 784
1577830 785
1577840 785
1577850 787
1577860 789
1577870 790
1577880 790
1577890 791
1577900 792
1577910 792
1577920 794
1577930 795
1577940 795
1577950 797
1577960 798
1577970 798
1577980 798
1577990 798
1578000 798
1578010 799
1578020 801
1578030 801
1578040 804
1578050 806
1578060 810
1578070 810
1578080 814
1578090 817
1578100 817
1578110 819
1578120 821
1578130 821
1578140 822
1578150 825
1578160 825
1578170 829
1578180 832
1578190 832
1578200 835
1578210 838
1578220 843
1578230 843
1578240 847
1578250 852
1578260 852
1578270 854
1578280 855
1578290 855
1578300 857
1578310 859
1578320 859
1578330 859
1578340 859
1578350 859
1578360 858
1578370 858
1578380 858
1578390 860
1578400 862
1578410 863
1578420 863
1578430 863
1578440 862
1578450 862
1578460 860
1578470 860
1578480 860
1578490 863
1578500 868
1578510 868
1578520 873
1578530 878
1578540 878
1578550 882
1578560 885
1578570 885
1578580 885
1578590 884
1578600 884
1578610 884
1578620 882
1578630 880
1578640 880
1578650 877
1578660 875
1578670 875
1578680 873
1578690 871
1578700 871
1578710 869
1578720 868
1578730 868
1578740 867
1578750 866
1578760 864
1578770 864
1578780 863
1578790 862
1578800 862
1578810 861
1578820 859
1578830 859
1578840 858
1578850 856
1578860 856
1578870 855
1578880 853
1578890 853
1578900 850
1578910 846
1578920 839
1578930 839
1578940 833
1578950 827
1578960 827
1578970 825
1578980 821
1578990 821
1579000 818
1579010 815
1579020 815
1579030 811
1579040 807
1579050 807
1579060 802
1579070 797
1579080 797
1579090 791
1579100 785
1579110 779
1579120 779
1579130 772
1579140 765
1579150 765
1579160 758
1579170 752
1579180 752
1579190 749
1579200 747
1579210 747
1579220 747
1579230 746
1579240 746
1579250 746
1579260 746
1579270 746
1579280 747
1579290 748
1579300 752
1579310 752
1579320 755
1579330 759
1579340 759
1579350 763
1579360 767
1579370 767
1579380 770
1579390 774
1579400 774
1579410 778
1579420 783
1579430 783
1579440 788
1579450 790
1579460 793
1579470 793
1579480 797
1579490 800
1579500 800
1579510 804
1579520 809
1579530 809
1579540 815
1579550 819
1579560 819
1579570 823
1579580 829
1579590 829
1579600 832
1579610 834
1579620 834
1579630 833
1579640 835
1579650 839
1579660 839
1579670 842
1579680 845
1579690 845
1579700 848
1579710 850
1579720 850
1579730 852
1579740 853
1579750 853
1579760 854
1579770 855
1579780 855
1579790 856
1579800 858
1579810 860
1579820 860
1579830 862
1579840 864
1579850 864
1579860 866
1579870 868
1579880 868
1579890 870
1579900 870
1579910 870
1579920 870
1579930 870
1579940 870
1579950 870
1579960 869
1579970 869
1579980 869
1579990 868
