1560000 1226
1560010 1226
1560020 1233
1560030 1240
1560040 1240
1560050 1246
1560060 1248
1560070 1250
1560080 1250
1560090 1251
1560100 1251
1560110 1251
1560120 1252
1560130 1253
1560140 1253
1560150 1257
1560160 1261
1560170 1261
1560180 1263
1560190 1264
1560200 1264
1560210 1265
1560220 1266
1560230 1266
1560240 1266
1560250 1266
1560260 1268
1560270 1268
1560280 1271
1560290 1273
1560300 1273
1560310 1275
1560320 1277
1560330 1277
1560340 1277
1560350 1277
1560360 1277
1560370 1277
1560380 1276
1560390 1276
1560400 1275
1560410 1274
1560420 1273
1560430 1273
1560440 1272
1560450 1271
1560460 1271
1560470 1270
1560480 1269
1560490 1269
1560500 1268
1560510 1267
1560520 1267
1560530 1266
1560540 1265
1560550 1265
1560560 1264
1560570 1264
1560580 1264
1560590 1264
1560600 1263
1560610 1262
1560620 1262
1560630 1261
1560640 1259
1560650 1259
1560660 1257
1560670 1254
1560680 1254
1560690 1252
1560700 1250
1560710 1250
1560720 1246
1560730 1243
1560740 1243
1560750 1240
1560760 1237
1560770 1234
1560780 1234
1560790 1230
1560800 1227
1560810 1227
1560820 1222
1560830 1217
1560840 1217
1560850 1212
1560860 1207
1560870 1207
1560880 1201
1560890 1196
1560900 1196
1560910 1191
1560920 1187
1560930 1187
1560940 1182
1560950 1177
1560960 1173
1560970 1173
1560980 1169
1560990 1164
1561000 1164
1561010 1159
1561020 1154
1561030 1154
1561040 1149
1561050 1144
1561060 1144
1561070 1139
1561080 1134
1561090 1134
1561100 1129
1561110 1124
1561120 1120
1561130 1120
1561140 1117
1561150 1114
1561160 1114
1561170 1111
1561180 1109
1561190 1109
1561200 1109
1561210 1109
1561220 1109
1561230 1110
1561240 1111
1561250 1111
1561260 1111
1561270 1112
1561280 1112
1561290 1112
1561300 1112
1561310 1112
1561320 1112
1561330 1113
1561340 1114
1561350 1114
1561360 1116
1561370 1116
1561380 1116
1561390 1118
1561400 1122
1561410 1122
1561420 1125
1561430 1127
1561440 1127
1561450 1129
1561460 1131
1561470 1134
1561480 1134
1561490 1137
1561500 1139
1561510 1139
1561520 1139
1561530 1138
1561540 1138
1561550 1138
1561560 1137
1561570 1137
1561580 1137
1561590 1137
1561600 1135
1561610 1135
1561620 1136
1561630 1136
1561640 1137
1561650 1137
1561660 1136
1561670 1136
1561680 1134
1561690 1133
1561700 1133
1561710 1132
1561720 1132
1561730 1132
1561740 1131
1561750 1129
1561760 1129
1561770 1127
1561780 1126
1561790 1126
1561800 1126
1561810 1124
1561820 1121
1561830 1121
1561840 1118
1561850 1115
1561860 1115
1561870 1112
1561880 1109
1561890 1109
1561900 1107
1561910 1104
1561920 1104
1561930 1101
1561940 1099
1561950 1099
1561960 1096
1561970 1094
1561980 1094
1561990 1091
1562000 1090
1562010 1089
1562020 1089
1562030 1088
1562040 1087
1562050 1087
1562060 1084
1562070 1082
1562080 1082
1562090 1080
1562100 1078
1562110 1078
1562120 1076
1562130 1073
1562140 1073
1562150 1069
1562160 1066
1562170 1062
1562180 1062
1562190 1058
1562200 1054
1562210 1054
1562220 1049
1562230 1045
1562240 1045
1562250 1041
1562260 1038
1562270 1038
1562280 1035
1562290 1031
1562300 1031
1562310 1028
1562320 1025
1562330 1025
1562340 1022
1562350 1020
1562360 1018
1562370 1018
1562380 1014
1562390 1010
1562400 1010
1562410 1005
1562420 1000
1562430 1000
1562440 995
1562450 990
1562460 990
1562470 986
1562480 982
1562490 982
1562500 978
1562510 974
1562520 974
1562530 970
1562540 966
1562550 962
1562560 962
1562570 958
1562580 955
1562590 955
1562600 952
1562610 948
1562620 948
1562630 945
1562640 941
1562650 941
1562660 938
1562670 935
1562680 935
1562690 932
1562700 929
1562710 926
1562720 926
1562730 923
1562740 921
1562750 921
1562760 918
1562770 914
1562780 914
1562790 911
1562800 908
1562810 908
1562820 904
1562830 900
1562840 900
1562850 896
1562860 891
1562870 891
1562880 885
1562890 879
1562900 874
1562910 874
1562920 869
1562930 862
1562940 862
1562950 856
1562960 853
1562970 853
1562980 852
1562990 852
1563000 852
1563010 852
1563020 854
1563030 854
1563040 861
1563050 864
1563060 866
1563070 866
1563080 867
1563090 866
1563100 866
1563110 866
1563120 867
1563130 867
1563140 868
1563150 870
1563160 870
1563170 871
1563180 873
1563190 873
1563200 874
1563210 876
1563220 876
1563230 879
1563240 882
1563250 886
1563260 886
1563270 891
1563280 897
1563290 897
1563300 902
1563310 907
1563320 907
1563330 912
1563340 916
1563350 916
1563360 920
1563370 924
1563380 924
1563390 929
1563400 935
1563410 941
1563420 941
1563430 947
1563440 953
1563450 953
1563460 959
1563470 965
1563480 965
1563490 970
1563500 976
1563510 976
1563520 982
1563530 988
1563540 988
1563550 994
1563560 999
1563570 999
1563580 1004
1563590 1010
1563600 1015
1563610 1015
1563620 1021
1563630 1026
1563640 1026
1563650 1031
1563660 1036
1563670 1036
1563680 1041
1563690 1047
1563700 1047
1563710 1054
1563720 1059
1563730 1059
1563740 1065
1563750 1070
1563760 1070
1563770 1075
1563780 1080
1563790 1084
1563800 1084
1563810 1087
1563820 1090
1563830 1090
1563840 1092
1563850 1093
1563860 1093
1563870 1095
1563880 1096
1563890 1096
1563900 1097
1563910 1098
1563920 1098
1563930 1099
1563940 1099
1563950 1099
1563960 1099
1563970 1100
1563980 1100
1563990 1100
1564000 1100
1564010 1099
1564020 1099
1564030 1098
1564040 1095
1564050 1095
1564060 1093
1564070 1092
1564080 1092
1564090 1094
1564100 1096
1564110 1096
1564120 1099
1564130 1101
1564140 1104
1564150 1104
1564160 1106
1564170 1109
1564180 1109
1564190 1110
1564200 1112
1564210 1112
1564220 1113
1564230 1114
1564240 1114
1564250 1115
1564260 1116
1564270 1116
1564280 1115
1564290 1115
1564300 1115
1564310 1115
1564320 1115
1564330 1115
1564340 1115
1564350 1115
1564360 1115
1564370 1115
1564380 1114
1564390 1114
1564400 1114
1564410 1114
1564420 1113
1564430 1113
1564440 1112
1564450 1111
1564460 1111
1564470 1112
1564480 1114
1564490 1111
1564500 1111
1564510 1106
1564520 1100
1564530 1100
1564540 1094
1564550 1089
1564560 1089
1564570 1085
1564580 1080
1564590 1080
1564600 1075
1564610 1070
1564620 1070
1564630 1066
1564640 1064
1564650 1061
1564660 1061
1564670 1057
1564680 1052
1564690 1052
1564700 1046
1564710 1043
1564720 1043
1564730 1048
1564740 1054
1564750 1054
1564760 1060
1564770 1065
1564780 1065
1564790 1070
1564800 1075
1564810 1074
1564820 1079
1564830 1084
1564840 1089
1564850 1089
1564860 1093
1564870 1097
1564880 1097
1564890 1102
1564900 1106
1564910 1106
1564920 1110
1564930 1114
1564940 1114
1564950 1116
1564960 1118
1564970 1118
1564980 1121
1564990 1123
1565000 1123
1565010 1126
1565020 1128
1565030 1131
1565040 1131
1565050 1134
1565060 1136
1565070 1136
1565080 1138
1565090 1140
1565100 1140
1565110 1143
1565120 1146
1565130 1146
1565140 1148
1565150 1151
1565160 1151
1565170 1153
1565180 1154
1565190 1156
1565200 1156
1565210 1158
1565220 1160
1565230 1160
1565240 1161
1565250 1162
1565260 1162
1565270 1163
1565280 1164
1565290 1164
1565300 1165
1565310 1166
1565320 1166
1565330 1167
1565340 1168
1565350 1168
1565360 1170
1565370 1170
1565380 1169
1565390 1169
1565400 1168
1565410 1167
1565420 1167
1565430 1165
1565440 1164
1565450 1164
1565460 1162
1565470 1160
1565480 1160
1565490 1158
1565500 1156
1565510 1156
1565520 1154
1565530 1152
1565540 1150
1565550 1150
1565560 1147
1565570 1144
1565580 1144
1565590 1141
1565600 1138
1565610 1138
1565620 1134
1565630 1131
1565640 1131
1565650 1126
1565660 1122
1565670 1122
1565680 1119
1565690 1116
1565700 1116
1565710 1113
1565720 1110
1565730 1106
1565740 1106
1565750 1103
1565760 1100
1565770 1100
1565780 1096
1565790 1092
1565800 1092
1565810 1088
1565820 1085
1565830 1085
1565840 1081
1565850 1077
1565860 1077
1565870 1074
1565880 1070
1565890 1066
1565900 1066
1565910 1063
1565920 1058
1565930 1058
1565940 1051
1565950 1046
1565960 1046
1565970 1039
1565980 1035
1565990 1035
1566000 1036
1566010 1038
1566020 1038
1566030 1041
1566040 1043
1566050 1043
1566060 1042
1566070 1038
1566080 1032
1566090 1032
1566100 1027
1566110 1021
1566120 1021
1566130 1015
1566140 1009
1566150 1009
1566160 1003
1566170 996
1566180 996
1566190 990
1566200 984
1566210 984
1566220 977
1566230 972
1566240 966
1566250 966
1566260 962
1566270 958
1566280 958
1566290 957
1566300 958
1566310 958
1566320 959
1566330 962
1566340 962
1566350 966
1566360 970
1566370 968
1566380 972
1566390 977
1566400 977
1566410 982
1566420 988
1566430 993
1566440 993
1566450 999
1566460 1003
1566470 1003
1566480 1004
1566490 1004
1566500 1004
1566510 1002
1566520 1002
1566530 1002
1566540 1000
1566550 997
1566560 997
1566570 992
1566580 984
1566590 984
1566600 977
1566610 970
1566620 963
1566630 963
1566640 956
1566650 950
1566660 950
1566670 944
1566680 937
1566690 937
1566700 932
1566710 926
1566720 926
1566730 920
1566740 915
1566750 915
1566760 909
1566770 903
1566780 898
1566790 898
1566800 893
1566810 888
1566820 888
1566830 884
1566840 881
1566850 881
1566860 878
1566870 876
1566880 876
1566890 875
1566900 874
1566910 874
1566920 873
1566930 873
1566940 873
1566950 872
1566960 872
1566970 871
1566980 871
1566990 870
1567000 868
1567010 868
1567020 867
1567030 867
1567040 867
1567050 866
1567060 865
1567070 865
1567080 863
1567090 861
1567100 861
1567110 861
1567120 862
1567130 864
1567140 864
1567150 865
1567160 866
1567170 866
1567180 866
1567190 867
1567200 867
1567210 867
1567220 867
1567230 867
1567240 867
1567250 866
1567260 866
1567270 865
1567280 863
1567290 863
1567300 861
1567310 858
1567320 853
1567330 853
1567340 849
1567350 844
1567360 844
1567370 840
1567380 834
1567390 834
1567400 830
1567410 827
1567420 827
1567430 825
1567440 825
1567450 825
1567460 829
1567470 832
1567480 833
1567490 833
1567500 838
1567510 844
1567520 844
1567530 851
1567540 859
1567550 859
1567560 865
1567570 871
1567580 871
1567590 877
1567600 882
1567610 882
1567620 888
1567630 894
1567640 894
1567650 901
1567660 908
1567670 916
1567680 916
1567690 923
1567700 928
1567710 928
1567720 935
1567730 941
1567740 941
1567750 946
1567760 952
1567770 952
1567780 958
1567790 963
1567800 963
1567810 967
1567820 970
1567830 970
1567840 973
1567850 978
1567860 984
1567870 984
1567880 988
1567890 998
1567900 998
1567910 1002
1567920 1008
1567930 1008
1567940 1016
1567950 1023
1567960 1023
1567970 1030
1567980 1037
1567990 1037
1568000 1042
1568010 1046
1568020 1051
1568030 1051
1568040 1055
1568050 1059
1568060 1059
1568070 1063
1568080 1065
1568090 1065
1568100 1069
1568110 1072
1568120 1072
1568130 1075
1568140 1078
1568150 1078
1568160 1082
1568170 1086
1568180 1086
1568190 1090
1568200 1093
1568210 1096
1568220 1096
1568230 1099
1568240 1102
1568250 1102
1568260 1106
1568270 1110
1568280 1110
1568290 1114
1568300 1117
1568310 1117
1568320 1120
1568330 1122
1568340 1122
1568350 1124
1568360 1125
1568370 1126
1568380 1126
1568390 1126
1568400 1129
1568410 1129
1568420 1133
1568430 1139
1568440 1139
1568450 1146
1568460 1153
1568470 1153
1568480 1161
1568490 1167
1568500 1167
1568510 1173
1568520 1175
1568530 1175
1568540 1177
1568550 1181
1568560 1185
1568570 1185
1568580 1187
1568590 1189
1568600 1189
1568610 1190
1568620 1191
1568630 1191
1568640 1191
1568650 1191
1568660 1191
1568670 1190
1568680 1190
1568690 1190
1568700 1189
1568710 1186
1568720 1186
1568730 1186
1568740 1188
1568750 1188
1568760 1188
1568770 1189
1568780 1190
1568790 1190
1568800 1191
1568810 1191
1568820 1191
1568830 1191
1568840 1191
1568850 1191
1568860 1192
1568870 1193
1568880 1193
1568890 1193
1568900 1193
1568910 1192
1568920 1192
1568930 1192
1568940 1190
1568950 1190
1568960 1189
1568970 1188
1568980 1188
1568990 1186
1569000 1185
1569010 1185
1569020 1184
1569030 1184
1569040 1184
1569050 1186
1569060 1188
1569070 1188
1569080 1188
1569090 1186
1569100 1184
1569110 1184
1569120 1180
1569130 1176
1569140 1176
1569150 1174
1569160 1173
1569170 1173
1569180 1174
1569190 1174
1569200 1174
1569210 1174
1569220 1172
1569230 1172
1569240 1170
1569250 1170
1569260 1171
1569270 1171
1569280 1172
1569290 1174
1569300 1174
1569310 1177
1569320 1181
1569330 1181
1569340 1186
1569350 1190
1569360 1190
1569370 1193
1569380 1196
1569390 1192
1569400 1193
1569410 1193
1569420 1193
1569430 1194
1569440 1195
1569450 1195
1569460 1195
1569470 1195
1569480 1195
1569490 1195
1569500 1196
1569510 1196
1569520 1196
1569530 1196
1569540 1196
1569550 1196
1569560 1197
1569570 1198
1569580 1198
1569590 1200
1569600 1201
1569610 1201
1569620 1201
1569630 1202
1569640 1203
1569650 1203
1569660 1203
1569670 1204
1569680 1204
1569690 1204
1569700 1204
1569710 1204
1569720 1204
1569730 1204
1569740 1204
1569750 1204
1569760 1206
1569770 1206
1569780 1206
1569790 1207
1569800 1207
1569810 1207
1569820 1206
1569830 1204
1569840 1204
1569850 1202
1569860 1201
1569870 1201
1569880 1202
1569890 1204
1569900 1204
1569910 1205
1569920 1207
1569930 1207
1569940 1210
1569950 1213
1569960 1217
1569970 1217
1569980 1220
1569990 1222
1570000 1222
1570010 1223
1570020 1224
1570030 1224
1570040 1226
1570050 1227
1570060 1227
1570070 1228
1570080 1230
1570090 1230
1570100 1231
1570110 1233
1570120 1233
1570130 1234
1570140 1235
1570150 1237
1570160 1237
1570170 1238
1570180 1239
1570190 1239
1570200 1241
1570210 1242
1570220 1242
1570230 1242
1570240 1242
1570250 1242
1570260 1242
1570270 1240
1570280 1240
1570290 1237
1570300 1234
1570310 1234
1570320 1229
1570330 1225
1570340 1220
1570350 1220
1570360 1215
1570370 1210
1570380 1210
1570390 1205
1570400 1200
1570410 1200
1570420 1195
1570430 1190
1570440 1190
1570450 1185
1570460 1180
1570470 1180
1570480 1176
1570490 1172
1570500 1167
1570510 1167
1570520 1163
1570530 1160
1570540 1160
1570550 1159
1570560 1156
1570570 1156
1570580 1154
1570590 1150
1570600 1150
1570610 1147
1570620 1143
1570630 1143
1570640 1140
1570650 1136
1570660 1136
1570670 1131
1570680 1126
1570690 1122
1570700 1122
1570710 1118
1570720 1113
1570730 1113
1570740 1108
1570750 1104
1570760 1104
1570770 1101
1570780 1097
1570790 1097
1570800 1093
1570810 1088
1570820 1088
1570830 1085
1570840 1084
1570850 1084
1570860 1084
1570870 1087
1570880 1085
1570890 1085
1570900 1082
1570910 1080
1570920 1080
1570930 1079
1570940 1078
1570950 1078
1570960 1077
1570970 1075
1570980 1075
1570990 1073
1571000 1073
1571010 1073
1571020 1071
1571030 1071
1571040 1072
1571050 1072
1571060 1073
1571070 1073
1571080 1073
1571090 1074
1571100 1075
1571110 1075
1571120 1075
1571130 1076
1571140 1076
1571150 1077
1571160 1077
1571170 1077
1571180 1076
1571190 1076
1571200 1077
1571210 1077
1571220 1078
1571230 1079
1571240 1079
1571250 1081
1571260 1083
1571270 1083
1571280 1085
1571290 1087
1571300 1087
1571310 1089
1571320 1089
1571330 1089
1571340 1090
1571350 1089
1571360 1089
1571370 1088
1571380 1087
1571390 1086
1571400 1086
1571410 1084
1571420 1083
1571430 1083
1571440 1082
1571450 1081
1571460 1081
1571470 1080
1571480 1080
1571490 1080
1571500 1079
1571510 1079
1571520 1079
1571530 1079
1571540 1079
1571550 1079
1571560 1079
1571570 1079
1571580 1078
1571590 1078
1571600 1078
1571610 1077
1571620 1077
1571630 1076
1571640 1075
1571650 1075
1571660 1074
1571670 1073
1571680 1073
1571690 1072
1571700 1071
1571710 1071
1571720 1070
1571730 1069
1571740 1067
1571750 1067
1571760 1064
1571770 1062
1571780 1062
1571790 1060
1571800 1058
1571810 1058
1571820 1056
1571830 1054
1571840 1054
1571850 1053
1571860 1052
1571870 1052
1571880 1051
1571890 1051
1571900 1051
1571910 1049
1571920 1049
1571930 1048
1571940 1048
1571950 1048
1571960 1049
1571970 1049
1571980 1050
1571990 1050
1572000 1050
1572010 1048
1572020 1046
1572030 1046
1572040 1043
1572050 1041
1572060 1041
1572070 1038
1572080 1035
1572090 1032
1572100 1032
1572110 1030
1572120 1028
1572130 1028
1572140 1026
1572150 1024
1572160 1024
1572170 1021
1572180 1019
1572190 1019
1572200 1016
1572210 1013
1572220 1013
1572230 1010
1572240 1007
1572250 1007
1572260 1004
1572270 1001
1572280 997
1572290 997
1572300 994
1572310 987
1572320 987
1572330 983
1572340 979
1572350 979
1572360 976
1572370 973
1572380 973
1572390 969
1572400 965
1572410 965
1572420 961
1572430 956
1572440 952
1572450 952
1572460 953
1572470 958
1572480 958
1572490 964
1572500 969
1572510 969
1572520 974
1572530 978
1572540 978
1572550 983
1572560 986
1572570 986
1572580 990
1572590 994
1572600 994
1572610 999
1572620 1004
1572630 1009
1572640 1009
1572650 1014
1572660 1018
1572670 1018
1572680 1023
1572690 1027
1572700 1027
1572710 1030
1572720 1033
1572730 1033
1572740 1034
1572750 1034
1572760 1034
1572770 1031
1572780 1027
1572790 1027
1572800 1022
1572810 1017
1572820 1011
1572830 1011
1572840 1006
1572850 1001
1572860 1001
1572870 996
1572880 992
1572890 992
1572900 988
1572910 987
1572920 987
1572930 988
1572940 990
1572950 990
1572960 992
1572970 995
1572980 998
1572990 998
1573000 1000
1573010 1004
1573020 1004
1573030 1007
1573040 1011
1573050 1011
1573060 1015
1573070 1019
1573080 1019
1573090 1023
1573100 1028
1573110 1028
1573120 1032
1573130 1037
1573140 1037
1573150 1042
1573160 1047
1573170 1052
1573180 1052
1573190 1056
1573200 1061
1573210 1061
1573220 1065
1573230 1070
1573240 1070
1573250 1074
1573260 1077
1573270 1077
1573280 1081
1573290 1084
1573300 1084
1573310 1087
1573320 1089
1573330 1090
1573340 1090
1573350 1091
1573360 1091
1573370 1091
1573380 1091
1573390 1089
1573400 1089
1573410 1086
1573420 1083
1573430 1083
1573440 1080
1573450 1076
1573460 1076
1573470 1073
1573480 1069
1573490 1069
1573500 1065
1573510 1060
1573520 1056
1573530 1056
1573540 1052
1573550 1047
1573560 1047
1573570 1043
1573580 1039
1573590 1039
1573600 1035
1573610 1030
1573620 1030
1573630 1026
1573640 1021
1573650 1021
1573660 1018
1573670 1014
1573680 1011
1573690 1011
1573700 1007
1573710 1005
1573720 1005
1573730 1006
1573740 1014
1573750 1014
1573760 1017
1573770 1019
1573780 1019
1573790 1022
1573800 1024
1573810 1024
1573820 1026
1573830 1028
1573840 1028
1573850 1030
1573860 1032
1573870 1032
1573880 1032
1573890 1032
1573900 1030
1573910 1030
1573920 1028
1573930 1026
1573940 1026
1573950 1023
1573960 1019
1573970 1019
1573980 1015
1573990 1011
1574000 1011
1574010 1007
1574020 1002
1574030 1002
1574040 997
1574050 992
1574060 987
1574070 987
1574080 981
1574090 980
1574100 980
1574110 984
1574120 989
1574130 989
1574140 993
1574150 997
1574160 997
1574170 1001
1574180 1005
1574190 1005
1574200 1009
1574210 1012
1574220 1015
1574230 1015
1574240 1017
1574250 1020
1574260 1020
1574270 1022
1574280 1023
1574290 1023
1574300 1024
1574310 1025
1574320 1025
1574330 1025
1574340 1024
1574350 1024
1574360 1023
1574370 1021
1574380 1021
1574390 1018
1574400 1016
1574410 1012
1574420 1012
1574430 1009
1574440 1005
1574450 1005
1574460 1002
1574470 998
1574480 998
1574490 994
1574500 990
1574510 990
1574520 986
1574530 982
1574540 982
1574550 977
1574560 973
1574570 968
1574580 968
1574590 963
1574600 959
1574610 959
1574620 955
1574630 950
1574640 950
1574650 945
1574660 940
1574670 940
1574680 937
1574690 941
1574700 941
1574710 946
1574720 950
1574730 950
1574740 954
1574750 958
1574760 962
1574770 962
1574780 965
1574790 968
1574800 968
1574810 971
1574820 973
1574830 973
1574840 975
1574850 977
1574860 977
1574870 979
1574880 980
1574890 980
1574900 981
1574910 981
1574920 981
1574930 981
1574940 980
1574950 979
1574960 979
1574970 978
1574980 977
1574990 977
1575000 975
1575010 972
1575020 972
1575030 969
1575040 965
1575050 965
1575060 961
1575070 958
1575080 958
1575090 954
1575100 952
1575110 950
1575120 950
1575130 948
1575140 947
1575150 951
1575160 949
1575170 948
1575180 948
1575190 947
1575200 947
1575210 947
1575220 946
1575230 946
1575240 946
1575250 945
1575260 946
1575270 946
1575280 947
1575290 948
1575300 949
1575310 949
1575320 949
1575330 949
1575340 949
1575350 948
1575360 948
1575370 948
1575380 947
1575390 947
1575400 947
1575410 948
1575420 948
1575430 948
1575440 948
1575450 948
1575460 947
1575470 947
1575480 947
1575490 946
1575500 946
1575510 946
1575520 946
1575530 946
1575540 944
1575550 942
1575560 942
1575570 940
1575580 939
1575590 939
1575600 938
1575610 937
1575620 937
1575630 936
1575640 935
1575650 933
1575660 933
1575670 932
1575680 930
1575690 930
1575700 929
1575710 927
1575720 927
1575730 925
1575740 923
1575750 923
1575760 921
1575770 919
1575780 919
1575790 917
1575800 914
1575810 911
1575820 911
1575830 909
1575840 908
1575850 908
1575860 906
1575870 905
1575880 905
1575890 904
1575900 902
1575910 902
1575920 899
1575930 897
1575940 897
1575950 896
1575960 894
1575970 894
1575980 892
1575990 889
1576000 886
1576010 886
1576020 883
1576030 880
1576040 880
1576050 875
1576060 869
1576070 869
1576080 863
1576090 857
1576100 857
1576110 851
1576120 845
1576130 845
1576140 840
1576150 834
1576160 829
1576170 829
1576180 825
1576190 820
1576200 820
1576210 814
1576220 807
1576230 807
1576240 799
1576250 798
1576260 798
1576270 802
1576280 808
1576290 808
1576300 812
1576310 813
1576320 813
1576330 814
1576340 817
1576350 821
1576360 821
1576370 826
1576380 831
1576390 831
1576400 835
1576410 838
1576420 838
1576430 840
1576440 843
1576450 843
1576460 848
1576470 853
1576480 853
1576490 856
1576500 860
1576510 860
1576520 864
1576530 870
1576540 872
1576550 872
1576560 873
1576570 873
1576580 873
1576590 875
1576600 878
1576610 878
1576620 882
1576630 884
1576640 884
1576650 885
1576660 887
1576670 887
1576680 888
1576690 892
1576700 897
1576710 897
1576720 902
1576730 906
1576740 906
1576750 910
1576760 913
1576770 913
1576780 916
1576790 917
1576800 917
1576810 916
1576820 915
1576830 915
1576840 916
1576850 917
1576860 917
1576870 919
1576880 921
1576890 926
1576900 926
1576910 929
1576920 931
1576930 931
1576940 934
1576950 937
1576960 937
1576970 942
1576980 946
1576990 946
1577000 950
1577010 953
1577020 953
1577030 957
1577040 960
1577050 964
1577060 964
1577070 967
1577080 970
1577090 970
1577100 972
1577110 973
1577120 973
1577130 973
1577140 972
1577150 972
1577160 969
1577170 966
1577180 966
1577190 963
1577200 959
1577210 959
1577220 956
1577230 956
1577240 957
1577250 957
1577260 960
1577270 963
1577280 963
1577290 966
1577300 969
1577310 969
1577320 972
1577330 975
1577340 975
1577350 976
1577360 978
1577370 978
1577380 979
1577390 979
1577400 980
1577410 980
1577420 981
1577430 981
1577440 981
1577450 982
1577460 982
1577470 982
1577480 982
1577490 981
1577500 981
1577510 981
1577520 981
1577530 981
1577540 981
1577550 980
1577560 980
1577570 980
1577580 979
1577590 977
1577600 977
1577610 975
1577620 974
1577630 974
1577640 973
1577650 971
1577660 971
1577670 969
1577680 968
1577690 968
1577700 966
1577710 963
1577720 963
1577730 961
1577740 959
1577750 959
1577760 956
1577770 954
1577780 952
1577790 952
1577800 951
1577810 949
1577820 949
1577830 948
1577840 947
1577850 947
1577860 946
1577870 944
1577880 944
1577890 942
1577900 940
1577910 940
1577920 938
1577930 935
1577940 933
1577950 933
1577960 930
1577970 927
1577980 927
1577990 925
1578000 923
1578010 923
1578020 920
1578030 918
1578040 918
1578050 916
1578060 915
1578070 915
1578080 912
1578090 910
1578100 910
1578110 908
1578120 905
1578130 904
1578140 904
1578150 904
1578160 903
1578170 903
1578180 901
1578190 900
1578200 900
1578210 899
1578220 897
1578230 897
1578240 895
1578250 893
1578260 893
1578270 891
1578280 888
1578290 883
1578300 883
1578310 880
1578320 879
1578330 879
1578340 879
1578350 882
1578360 882
1578370 887
1578380 890
1578390 890
1578400 893
1578410 895
1578420 895
1578430 897
1578440 897
1578450 897
1578460 897
1578470 896
1578480 894
1578490 894
1578500 892
1578510 892
1578520 892
1578530 894
1578540 894
1578550 894
1578560 895
1578570 896
1578580 896
1578590 896
1578600 896
1578610 896
1578620 895
1578630 893
1578640 892
1578650 892
1578660 890
1578670 889
1578680 889
1578690 885
1578700 880
1578710 880
1578720 874
1578730 869
1578740 869
1578750 869
1578760 872
1578770 872
1578780 877
1578790 882
1578800 882
1578810 887
1578820 891
1578830 896
1578840 896
1578850 900
1578860 903
1578870 903
1578880 905
1578890 907
1578900 907
1578910 909
1578920 911
1578930 911
1578940 914
1578950 916
1578960 916
1578970 918
1578980 921
1578990 921
1579000 922
1579010 924
1579020 925
1579030 925
1579040 926
1579050 928
1579060 928
1579070 929
1579080 930
1579090 930
1579100 931
1579110 933
1579120 933
1579130 934
1579140 935
1579150 935
1579160 935
1579170 936
1579180 937
1579190 937
1579200 938
1579210 939
1579220 939
1579230 939
1579240 942
1579250 942
1579260 943
1579270 943
1579280 943
1579290 943
1579300 943
1579310 943
1579320 943
1579330 942
1579340 942
1579350 941
1579360 941
1579370 940
1579380 940
1579390 938
1579400 938
1579410 938
1579420 937
1579430 936
1579440 936
1579450 935
1579460 934
1579470 934
1579480 933
1579490 933
1579500 933
1579510 932
1579520 931
1579530 931
1579540 931
1579550 930
1579560 930
1579570 930
1579580 929
1579590 928
1579600 928
1579610 926
1579620 925
1579630 925
1579640 924
1579650 922
1579660 922
1579670 920
1579680 918
1579690 918
1579700 918
1579710 915
1579720 914
1579730 914
1579740 913
1579750 912
1579760 912
1579770 912
1579780 911
1579790 911
1579800 910
1579810 909
1579820 909
1579830 907
1579840 905
1579850 905
1579860 902
1579870 898
1579880 894
1579890 894
1579900 890
1579910 886
1579920 886
1579930 883
1579940 880
1579950 880
1579960 878
1579970 876
1579980 876
1579990 871
