1560000 1061
1560010 1063
1560020 1063
1560030 1064
1560040 1064
1560050 1064
1560060 1063
1560070 1061
1560080 1061
1560090 1060
1560100 1060
1560110 1060
1560120 1061
1560130 1062
1560140 1062
1560150 1064
1560160 1065
1560170 1065
1560180 1065
1560190 1064
1560200 1062
1560210 1062
1560220 1060
1560230 1057
1560240 1057
1560250 1055
1560260 1050
1560270 1050
1560280 1047
1560290 1047
1560300 1047
1560310 1046
1560320 1046
1560330 1046
1560340 1047
1560350 1048
1560360 1047
1560370 1047
1560380 1046
1560390 1045
1560400 1045
1560410 1045
1560420 1045
1560430 1045
1560440 1043
1560450 1041
1560460 1041
1560470 1038
1560480 1035
1560490 1035
1560500 1032
1560510 1028
1560520 1028
1560530 1024
1560540 1018
1560550 1011
1560560 1011
1560570 1005
1560580 998
1560590 998
1560600 992
1560610 985
1560620 985
1560630 978
1560640 975
1560650 975
1560660 973
1560670 969
1560680 969
1560690 967
1560700 966
1560710 966
1560720 966
1560730 970
1560740 970
1560750 970
1560760 969
1560770 967
1560780 967
1560790 966
1560800 965
1560810 965
1560820 964
1560830 965
1560840 965
1560850 967
1560860 969
1560870 969
1560880 970
1560890 972
1560900 975
1560910 975
1560920 977
1560930 978
1560940 978
1560950 979
1560960 980
1560970 980
1560980 981
1560990 981
1561000 981
1561010 980
1561020 978
1561030 978
1561040 976
1561050 975
1561060 974
1561070 974
1561080 971
1561090 967
1561100 967
1561110 970
1561120 976
1561130 976
1561140 980
1561150 983
1561160 983
1561170 985
1561180 987
1561190 987
1561200 989
1561210 991
1561220 991
1561230 993
1561240 995
1561250 997
1561260 997
1561270 998
1561280 998
1561290 998
1561300 996
1561310 994
1561320 994
1561330 992
1561340 990
1561350 990
1561360 989
1561370 989
1561380 989
1561390 988
1561400 988
1561410 988
1561420 988
1561430 988
1561440 988
1561450 988
1561460 987
1561470 983
1561480 983
1561490 977
1561500 971
1561510 971
1561520 967
1561530 965
1561540 965
1561550 965
1561560 966
1561570 966
1561580 967
1561590 968
1561600 969
1561610 969
1561620 968
1561630 968
1561640 968
1561650 966
1561660 964
1561670 964
1561680 961
1561690 958
1561700 958
1561710 955
1561720 952
1561730 952
1561740 949
1561750 945
1561760 945
1561770 941
1561780 937
1561790 934
1561800 934
1561810 930
1561820 928
1561830 928
1561840 925
1561850 922
1561860 922
1561870 920
1561880 917
1561890 917
1561900 915
1561910 911
1561920 911
1561930 911
1561940 912
1561950 914
1561960 914
1561970 915
1561980 919
1561990 919
1562000 922
1562010 926
1562020 926
1562030 930
1562040 935
1562050 935
1562060 940
1562070 944
1562080 944
1562090 948
1562100 951
1562110 951
1562120 954
1562130 956
1562140 958
1562150 958
1562160 959
1562170 959
1562180 959
1562190 959
1562200 959
1562210 959
1562220 958
1562230 956
1562240 956
1562250 955
1562260 953
1562270 953
1562280 952
1562290 949
1562300 949
1562310 948
1562320 947
1562330 945
1562340 945
1562350 943
1562360 940
1562370 940
1562380 938
1562390 935
1562400 935
1562410 932
1562420 927
1562430 927
1562440 923
1562450 920
1562460 920
1562470 917
1562480 913
1562490 909
1562500 909
1562510 906
1562520 902
1562530 902
1562540 898
1562550 895
1562560 895
1562570 892
1562580 889
1562590 889
1562600 887
1562610 884
1562620 884
1562630 881
1562640 878
1562650 878
1562660 875
1562670 871
1562680 867
1562690 867
1562700 862
1562710 856
1562720 856
1562730 851
1562740 847
1562750 847
1562760 845
1562770 841
1562780 841
1562790 837
1562800 835
1562810 835
1562820 835
1562830 835
1562840 835
1562850 835
1562860 835
1562870 834
1562880 834
1562890 834
1562900 834
1562910 834
1562920 834
1562930 834
1562940 834
1562950 834
1562960 834
1562970 834
1562980 834
1562990 834
1563000 834
1563010 835
1563020 838
1563030 841
1563040 841
1563050 844
1563060 848
1563070 848
1563080 853
1563090 857
1563100 857
1563110 862
1563120 866
1563130 866
1563140 870
1563150 875
1563160 875
1563170 880
1563180 885
1563190 885
1563200 889
1563210 893
1563220 897
1563230 897
1563240 900
1563250 903
1563260 903
1563270 903
1563280 903
1563290 903
1563300 903
1563310 902
1563320 902
1563330 901
1563340 899
1563350 899
1563360 897
1563370 895
1563380 892
1563390 892
1563400 889
1563410 886
1563420 886
1563430 881
1563440 877
1563450 877
1563460 872
1563470 869
1563480 869
1563490 866
1563500 865
1563510 865
1563520 864
1563530 869
1563540 869
1563550 869
1563560 868
1563570 866
1563580 866
1563590 863
1563600 863
1563610 863
1563620 863
1563630 862
1563640 862
1563650 861
1563660 860
1563670 860
1563680 858
1563690 856
1563700 856
1563710 854
1563720 851
1563730 848
1563740 848
1563750 845
1563760 841
1563770 841
1563780 836
1563790 828
1563800 828
1563810 825
1563820 823
1563830 823
1563840 823
1563850 823
1563860 823
1563870 823
1563880 823
1563890 823
1563900 823
1563910 823
1563920 823
1563930 823
1563940 822
1563950 822
1563960 822
1563970 822
1563980 822
1563990 822
1564000 821
1564010 821
1564020 821
1564030 822
1564040 825
1564050 825
1564060 830
1564070 835
1564080 835
1564090 838
1564100 840
1564110 843
1564120 843
1564130 846
1564140 848
1564150 848
1564160 846
1564170 842
1564180 842
1564190 838
1564200 836
1564210 836
1564220 834
1564230 830
1564240 830
1564250 829
1564260 829
1564270 830
1564280 830
1564290 833
1564300 839
1564310 839
1564320 845
1564330 850
1564340 850
1564350 855
1564360 859
1564370 859
1564380 863
1564390 866
1564400 866
1564410 870
1564420 874
1564430 874
1564440 879
1564450 883
1564460 887
1564470 887
1564480 890
1564490 894
1564500 894
1564510 897
1564520 901
1564530 901
1564540 903
1564550 906
1564560 906
1564570 910
1564580 914
1564590 914
1564600 917
1564610 919
1564620 921
1564630 921
1564640 923
1564650 925
1564660 925
1564670 926
1564680 928
1564690 928
1564700 930
1564710 933
1564720 933
1564730 937
1564740 941
1564750 941
1564760 946
1564770 951
1564780 951
1564790 955
1564800 960
1564810 965
1564820 965
1564830 970
1564840 974
1564850 974
1564860 978
1564870 981
1564880 981
1564890 984
1564900 987
1564910 987
1564920 990
1564930 993
1564940 993
1564950 995
1564960 996
1564970 997
1564980 997
1564990 997
1565000 996
1565010 996
1565020 995
1565030 994
1565040 994
1565050 991
1565060 988
1565070 988
1565080 985
1565090 983
1565100 983
1565110 986
1565120 988
1565130 988
1565140 993
1565150 999
1565160 1004
1565170 1004
1565180 1010
1565190 1016
1565200 1016
1565210 1020
1565220 1024
1565230 1024
1565240 1028
1565250 1031
1565260 1031
1565270 1035
1565280 1038
1565290 1038
1565300 1042
1565310 1045
1565320 1045
1565330 1047
1565340 1050
1565350 1052
1565360 1052
1565370 1055
1565380 1057
1565390 1057
1565400 1058
1565410 1060
1565420 1060
1565430 1061
1565440 1061
1565450 1061
1565460 1061
1565470 1061
1565480 1061
1565490 1060
1565500 1059
1565510 1057
1565520 1057
1565530 1056
1565540 1055
1565550 1055
1565560 1054
1565570 1053
1565580 1053
1565590 1053
1565600 1053
1565610 1053
1565620 1052
1565630 1051
1565640 1051
1565650 1049
1565660 1045
1565670 1045
1565680 1040
1565690 1036
1565700 1031
1565710 1031
1565720 1026
1565730 1021
1565740 1021
1565750 1017
1565760 1015
1565770 1015
1565780 1013
1565790 1012
1565800 1012
1565810 1011
1565820 1009
1565830 1009
1565840 1007
1565850 1005
1565860 1005
1565870 1003
1565880 1002
1565890 1001
1565900 1001
1565910 999
1565920 997
1565930 997
1565940 995
1565950 992
1565960 992
1565970 989
1565980 986
1565990 986
1566000 984
1566010 982
1566020 982
1566030 981
1566040 979
1566050 978
1566060 978
1566070 977
1566080 976
1566090 976
1566100 975
1566110 974
1566120 974
1566130 972
1566140 970
1566150 970
1566160 969
1566170 966
1566180 966
1566190 963
1566200 960
1566210 960
1566220 957
1566230 953
1566240 948
1566250 948
1566260 943
1566270 938
1566280 938
1566290 934
1566300 930
1566310 930
1566320 927
1566330 923
1566340 923
1566350 919
1566360 913
1566370 913
1566380 910
1566390 905
1566400 901
1566410 901
1566420 895
1566430 889
1566440 889
1566450 884
1566460 878
1566470 878
1566480 872
1566490 866
1566500 866
1566510 859
1566520 852
1566530 852
1566540 844
1566550 839
1566560 839
1566570 833
1566580 827
1566590 821
1566600 821
1566610 816
1566620 811
1566630 811
1566640 806
1566650 803
1566660 803
1566670 806
1566680 811
1566690 811
1566700 822
1566710 830
1566720 830
1566730 835
1566740 840
1566750 840
1566760 844
1566770 848
1566780 852
1566790 852
1566800 856
1566810 861
1566820 861
1566830 867
1566840 872
1566850 872
1566860 878
1566870 883
1566880 883
1566890 888
1566900 893
1566910 893
1566920 897
1566930 901
1566940 904
1566950 904
1566960 906
1566970 910
1566980 910
1566990 913
1567000 915
1567010 915
1567020 917
1567030 920
1567040 920
1567050 925
1567060 931
1567070 931
1567080 938
1567090 943
1567100 943
1567110 944
1567120 943
1567130 942
1567140 942
1567150 941
1567160 939
1567170 939
1567180 938
1567190 937
1567200 937
1567210 936
1567220 934
1567230 934
1567240 933
1567250 932
1567260 932
1567270 930
1567280 930
1567290 929
1567300 929
1567310 929
1567320 929
1567330 929
1567340 929
1567350 929
1567360 929
1567370 931
1567380 934
1567390 934
1567400 937
1567410 941
1567420 941
1567430 945
1567440 949
1567450 949
1567460 952
1567470 955
1567480 959
1567490 959
1567500 962
1567510 966
1567520 966
1567530 969
1567540 973
1567550 973
1567560 976
1567570 979
1567580 979
1567590 980
1567600 980
1567610 980
1567620 981
1567630 983
1567640 983
1567650 987
1567660 992
1567670 998
1567680 998
1567690 1003
1567700 1008
1567710 1008
1567720 1012
1567730 1016
1567740 1016
1567750 1020
1567760 1024
1567770 1024
1567780 1028
1567790 1032
1567800 1032
1567810 1036
1567820 1040
1567830 1044
1567840 1044
1567850 1048
1567860 1053
1567870 1053
1567880 1057
1567890 1061
1567900 1061
1567910 1065
1567920 1068
1567930 1068
1567940 1071
1567950 1074
1567960 1074
1567970 1077
1567980 1080
1567990 1080
1568000 1083
1568010 1085
1568020 1087
1568030 1087
1568040 1088
1568050 1089
1568060 1089
1568070 1089
1568080 1088
1568090 1088
1568100 1088
1568110 1086
1568120 1086
1568130 1085
1568140 1084
1568150 1084
1568160 1082
1568170 1080
1568180 1078
1568190 1077
1568200 1074
1568210 1070
1568220 1070
1568230 1067
1568240 1064
1568250 1064
1568260 1060
1568270 1057
1568280 1057
1568290 1053
1568300 1049
1568310 1049
1568320 1045
1568330 1041
1568340 1041
1568350 1039
1568360 1036
1568370 1034
1568380 1034
1568390 1032
1568400 1029
1568410 1029
1568420 1026
1568430 1022
1568440 1022
1568450 1019
1568460 1015
1568470 1015
1568480 1010
1568490 1004
1568500 1004
1568510 997
1568520 991
1568530 991
1568540 984
1568550 980
1568560 979
1568570 979
1568580 980
1568590 979
1568600 979
1568610 978
1568620 978
1568630 978
1568640 978
1568650 978
1568660 978
1568670 978
1568680 977
1568690 977
1568700 976
1568710 973
1568720 972
1568730 972
1568740 970
1568750 969
1568760 969
1568770 967
1568780 966
1568790 966
1568800 965
1568810 962
1568820 962
1568830 960
1568840 958
1568850 958
1568860 955
1568870 951
1568880 951
1568890 949
1568900 946
1568910 944
1568920 944
1568930 942
1568940 941
1568950 941
1568960 939
1568970 937
1568980 937
1568990 934
1569000 931
1569010 931
1569020 926
1569030 921
1569040 921
1569050 915
1569060 908
1569070 908
1569080 901
1569090 899
1569100 903
1569110 903
1569120 908
1569130 914
1569140 914
1569150 921
1569160 925
1569170 925
1569180 930
1569190 935
1569200 935
1569210 939
1569220 943
1569230 943
1569240 948
1569250 952
1569260 956
1569270 956
1569280 959
1569290 961
1569300 961
1569310 962
1569320 964
1569330 964
1569340 965
1569350 966
1569360 966
1569370 968
1569380 969
1569390 969
1569400 971
1569410 972
1569420 972
1569430 974
1569440 978
1569450 981
1569460 981
1569470 986
1569480 990
1569490 990
1569500 994
1569510 998
1569520 998
1569530 1001
1569540 1004
1569550 1004
1569560 1007
1569570 1010
1569580 1010
1569590 1012
1569600 1015
1569610 1019
1569620 1019
1569630 1023
1569640 1027
1569650 1027
1569660 1032
1569670 1036
1569680 1034
1569690 1038
1569700 1041
1569710 1041
1569720 1045
1569730 1049
1569740 1049
1569750 1052
1569760 1056
1569770 1056
1569780 1058
1569790 1061
1569800 1064
1569810 1064
1569820 1068
1569830 1072
1569840 1072
1569850 1076
1569860 1080
1569870 1080
1569880 1083
1569890 1086
1569900 1086
1569910 1089
1569920 1090
1569930 1090
1569940 1092
1569950 1095
1569960 1095
1569970 1098
1569980 1100
1569990 1102
1570000 1102
1570010 1104
1570020 1106
1570030 1106
1570040 1109
1570050 1112
1570060 1112
1570070 1115
1570080 1119
1570090 1119
1570100 1122
1570110 1125
1570120 1125
1570130 1127
1570140 1130
1570150 1132
1570160 1132
1570170 1134
1570180 1137
1570190 1137
1570200 1140
1570210 1143
1570220 1143
1570230 1145
1570240 1147
1570250 1147
1570260 1149
1570270 1151
1570280 1151
1570290 1152
1570300 1154
1570310 1154
1570320 1156
1570330 1158
1570340 1161
1570350 1161
1570360 1163
1570370 1165
1570380 1165
1570390 1167
1570400 1169
1570410 1169
1570420 1171
1570430 1173
1570440 1173
1570450 1176
1570460 1178
1570470 1178
1570480 1180
1570490 1181
1570500 1182
1570510 1182
1570520 1184
1570530 1186
1570540 1186
1570550 1189
1570560 1192
1570570 1192
1570580 1195
1570590 1197
1570600 1197
1570610 1200
1570620 1203
1570630 1203
1570640 1205
1570650 1206
1570660 1206
1570670 1208
1570680 1209
1570690 1210
1570700 1210
1570710 1210
1570720 1210
1570730 1210
1570740 1209
1570750 1209
1570760 1209
1570770 1209
1570780 1208
1570790 1208
1570800 1208
1570810 1206
1570820 1206
1570830 1205
1570840 1203
1570850 1203
1570860 1202
1570870 1200
1570880 1198
1570890 1198
1570900 1196
1570910 1195
1570920 1195
1570930 1194
1570940 1194
1570950 1194
1570960 1194
1570970 1194
1570980 1194
1570990 1194
1571000 1193
1571010 1193
1571020 1192
1571030 1192
1571040 1194
1571050 1194
1571060 1197
1571070 1199
1571080 1199
1571090 1200
1571100 1202
1571110 1202
1571120 1203
1571130 1204
1571140 1204
1571150 1205
1571160 1206
1571170 1206
1571180 1206
1571190 1207
1571200 1207
1571210 1207
1571220 1207
1571230 1207
1571240 1207
1571250 1206
1571260 1205
1571270 1205
1571280 1204
1571290 1203
1571300 1203
1571310 1201
1571320 1200
1571330 1200
1571340 1198
1571350 1198
1571360 1198
1571370 1196
1571380 1195
1571390 1194
1571400 1194
1571410 1193
1571420 1191
1571430 1191
1571440 1189
1571450 1185
1571460 1185
1571470 1180
1571480 1175
1571490 1175
1571500 1173
1571510 1174
1571520 1174
1571530 1174
1571540 1173
1571550 1173
1571560 1173
1571570 1174
1571580 1175
1571590 1175
1571600 1175
1571610 1175
1571620 1175
1571630 1174
1571640 1173
1571650 1173
1571660 1171
1571670 1169
1571680 1169
1571690 1170
1571700 1171
1571710 1171
1571720 1172
1571730 1172
1571740 1172
1571750 1173
1571760 1174
1571770 1175
1571780 1175
1571790 1176
1571800 1176
1571810 1176
1571820 1176
1571830 1175
1571840 1175
1571850 1174
1571860 1173
1571870 1173
1571880 1171
1571890 1169
1571900 1169
1571910 1167
1571920 1164
1571930 1162
1571940 1162
1571950 1160
1571960 1157
1571970 1157
1571980 1155
1571990 1153
1572000 1153
1572010 1150
1572020 1148
1572030 1148
1572040 1146
1572050 1144
1572060 1144
1572070 1141
1572080 1139
1572090 1139
1572100 1138
1572110 1135
1572120 1133
1572130 1133
1572140 1131
1572150 1128
1572160 1128
1572170 1126
1572180 1124
1572190 1124
1572200 1121
1572210 1118
1572220 1118
1572230 1115
1572240 1112
1572250 1112
1572260 1110
1572270 1107
1572280 1107
1572290 1105
1572300 1102
1572310 1100
1572320 1100
1572330 1098
1572340 1096
1572350 1096
1572360 1093
1572370 1089
1572380 1089
1572390 1086
1572400 1083
1572410 1083
1572420 1080
1572430 1077
1572440 1077
1572450 1074
1572460 1071
1572470 1069
1572480 1069
1572490 1067
1572500 1065
1572510 1065
1572520 1064
1572530 1063
1572540 1063
1572550 1061
1572560 1060
1572570 1060
1572580 1060
1572590 1057
1572600 1057
1572610 1056
1572620 1056
1572630 1056
1572640 1055
1572650 1055
1572660 1055
1572670 1055
1572680 1054
1572690 1051
1572700 1051
1572710 1049
1572720 1048
1572730 1048
1572740 1046
1572750 1045
1572760 1045
1572770 1045
1572780 1045
1572790 1045
1572800 1045
1572810 1043
1572820 1042
1572830 1042
1572840 1040
1572850 1039
1572860 1039
1572870 1039
1572880 1039
1572890 1039
1572900 1038
1572910 1037
1572920 1037
1572930 1035
1572940 1033
1572950 1033
1572960 1031
1572970 1026
1572980 1026
1572990 1022
1573000 1018
1573010 1013
1573020 1013
1573030 1009
1573040 1003
1573050 1003
1573060 996
1573070 990
1573080 990
1573090 986
1573100 984
1573110 984
1573120 985
1573130 985
1573140 985
1573150 986
1573160 987
1573170 987
1573180 988
1573190 988
1573200 988
1573210 988
1573220 988
1573230 988
1573240 988
1573250 988
1573260 989
1573270 989
1573280 988
1573290 986
1573300 986
1573310 984
1573320 982
1573330 982
1573340 980
1573350 977
1573360 974
1573370 974
1573380 970
1573390 968
1573400 968
1573410 965
1573420 961
1573430 961
1573440 962
1573450 969
1573460 969
1573470 972
1573480 974
1573490 974
1573500 978
1573510 981
1573520 981
1573530 984
1573540 987
1573550 990
1573560 990
1573570 993
1573580 997
1573590 997
1573600 1000
1573610 1003
1573620 1003
1573630 1006
1573640 1008
1573650 1008
1573660 1012
1573670 1015
1573680 1015
1573690 1018
1573700 1021
1573710 1024
1573720 1024
1573730 1026
1573740 1029
1573750 1029
1573760 1031
1573770 1032
1573780 1032
1573790 1034
1573800 1035
1573810 1035
1573820 1036
1573830 1036
1573840 1036
1573850 1037
1573860 1037
1573870 1037
1573880 1036
1573890 1036
1573900 1034
1573910 1034
1573920 1033
1573930 1032
1573940 1032
1573950 1032
1573960 1031
1573970 1031
1573980 1030
1573990 1028
1574000 1028
1574010 1022
1574020 1020
1574030 1020
1574040 1018
1574050 1016
1574060 1016
1574070 1015
1574080 1014
1574090 1012
1574100 1012
1574110 1008
1574120 1004
1574130 1004
1574140 1002
1574150 1000
1574160 1000
1574170 998
1574180 996
1574190 996
1574200 994
1574210 992
1574220 992
1574230 991
1574240 991
1574250 992
1574260 992
1574270 992
1574280 993
1574290 993
1574300 992
1574310 988
1574320 988
1574330 985
1574340 984
1574350 984
1574360 982
1574370 980
1574380 980
1574390 978
1574400 975
1574410 975
1574420 973
1574430 970
1574440 968
1574450 968
1574460 966
1574470 965
1574480 965
1574490 964
1574500 962
1574510 962
1574520 961
1574530 959
1574540 959
1574550 958
1574560 957
1574570 957
1574580 955
1574590 954
1574600 952
1574610 952
1574620 950
1574630 948
1574640 948
1574650 946
1574660 944
1574670 944
1574680 942
1574690 940
1574700 940
1574710 938
1574720 936
1574730 936
1574740 934
1574750 932
1574760 932
1574770 929
1574780 927
1574790 924
1574800 924
1574810 920
1574820 917
1574830 917
1574840 914
1574850 912
1574860 912
1574870 909
1574880 907
1574890 907
1574900 905
1574910 903
1574920 903
1574930 901
1574940 898
1574950 898
1574960 895
1574970 893
1574980 890
1574990 890
1575000 887
1575010 883
1575020 883
1575030 879
1575040 875
1575050 875
1575060 871
1575070 867
1575080 867
1575090 864
1575100 859
1575110 859
1575120 858
1575130 857
1575140 859
1575150 859
1575160 865
1575170 872
1575180 872
1575190 876
1575200 881
1575210 881
1575220 886
1575230 891
1575240 891
1575250 896
1575260 901
1575270 901
1575280 904
1575290 907
1575300 907
1575310 910
1575320 913
1575330 916
1575340 916
1575350 919
1575360 923
1575370 923
1575380 927
1575390 930
1575400 930
1575410 931
1575420 938
1575430 938
1575440 941
1575450 944
1575460 944
1575470 946
1575480 946
1575490 947
1575500 947
1575510 944
1575520 940
1575530 940
1575540 936
1575550 933
1575560 933
1575570 933
1575580 934
1575590 934
1575600 934
1575610 934
1575620 934
1575630 934
1575640 933
1575650 933
1575660 934
1575670 933
1575680 933
1575690 933
1575700 932
1575710 931
1575720 931
1575730 930
1575740 930
1575750 930
1575760 932
1575770 934
1575780 934
1575790 938
1575800 941
1575810 941
1575820 945
1575830 949
1575840 949
1575850 951
1575860 953
1575870 957
1575880 957
1575890 960
1575900 964
1575910 964
1575920 967
1575930 972
1575940 972
1575950 976
1575960 979
1575970 979
1575980 983
1575990 986
1576000 986
1576010 989
1576020 991
1576030 994
1576040 994
1576050 995
1576060 998
1576070 998
1576080 1002
1576090 1003
1576100 1003
1576110 1006
1576120 1008
1576130 1008
1576140 1009
1576150 1010
1576160 1010
1576170 1011
1576180 1010
1576190 1010
1576200 1010
1576210 1009
1576220 1009
1576230 1009
1576240 1010
1576250 1009
1576260 1009
1576270 1009
1576280 1009
1576290 1009
1576300 1009
1576310 1009
1576320 1009
1576330 1009
1576340 1009
1576350 1009
1576360 1009
1576370 1009
1576380 1009
1576390 1007
1576400 1006
1576410 1005
1576420 1005
1576430 1003
1576440 1003
1576450 1003
1576460 1001
1576470 999
1576480 999
1576490 997
1576500 993
1576510 993
1576520 991
1576530 988
1576540 988
1576550 985
1576560 984
1576570 984
1576580 984
1576590 986
1576600 987
1576610 987
1576620 988
1576630 990
1576640 990
1576650 993
1576660 996
1576670 996
1576680 1001
1576690 1004
1576700 1004
1576710 1010
1576720 1013
1576730 1013
1576740 1017
1576750 1021
1576760 1025
1576770 1025
1576780 1030
1576790 1035
1576800 1035
1576810 1039
1576820 1042
1576830 1042
1576840 1045
1576850 1049
1576860 1049
1576870 1052
1576880 1055
1576890 1055
1576900 1058
1576910 1061
1576920 1065
1576930 1065
1576940 1068
1576950 1071
1576960 1071
1576970 1073
1576980 1075
1576990 1075
1577000 1077
1577010 1078
1577020 1078
1577030 1078
1577040 1077
1577050 1077
1577060 1076
1577070 1073
1577080 1073
1577090 1070
1577100 1067
1577110 1063
1577120 1063
1577130 1058
1577140 1054
1577150 1054
1577160 1050
1577170 1042
1577180 1042
1577190 1037
1577200 1032
1577210 1032
1577220 1028
1577230 1024
1577240 1024
1577250 1021
1577260 1020
1577270 1020
1577280 1021
1577290 1021
1577300 1022
1577310 1022
1577320 1023
1577330 1025
1577340 1025
1577350 1026
1577360 1027
1577370 1027
1577380 1029
1577390 1030
1577400 1030
1577410 1031
1577420 1032
1577430 1032
1577440 1032
1577450 1033
1577460 1033
1577470 1033
1577480 1034
1577490 1034
1577500 1034
1577510 1035
1577520 1035
1577530 1035
1577540 1036
1577550 1037
1577560 1037
1577570 1038
1577580 1039
1577590 1039
1577600 1040
1577610 1041
1577620 1041
1577630 1042
1577640 1042
1577650 1043
1577660 1043
1577670 1043
1577680 1042
1577690 1042
1577700 1042
1577710 1042
1577720 1042
1577730 1041
1577740 1041
1577750 1041
1577760 1040
1577770 1039
1577780 1039
1577790 1037
1577800 1035
1577810 1033
1577820 1033
1577830 1032
1577840 1031
1577850 1031
1577860 1031
1577870 1031
1577880 1031
1577890 1032
1577900 1032
1577910 1032
1577920 1033
1577930 1033
1577940 1033
1577950 1034
1577960 1035
1577970 1035
1577980 1035
1577990 1035
1578000 1034
1578010 1034
1578020 1033
1578030 1032
1578040 1032
1578050 1032
1578060 1031
1578070 1031
1578080 1031
1578090 1032
1578100 1032
1578110 1031
1578120 1031
1578130 1031
1578140 1031
1578150 1031
1578160 1031
1578170 1031
1578180 1032
1578190 1034
1578200 1034
1578210 1035
1578220 1037
1578230 1037
1578240 1038
1578250 1038
1578260 1038
1578270 1039
1578280 1039
1578290 1039
1578300 1039
1578310 1039
1578320 1039
1578330 1038
1578340 1037
1578350 1035
1578360 1035
1578370 1033
1578380 1032
1578390 1032
1578400 1031
1578410 1030
1578420 1030
1578430 1030
1578440 1029
1578450 1029
1578460 1028
1578470 1027
1578480 1027
1578490 1026
1578500 1025
1578510 1025
1578520 1024
1578530 1022
1578540 1020
1578550 1020
1578560 1018
1578570 1016
1578580 1016
1578590 1013
1578600 1010
1578610 1010
1578620 1007
1578630 1004
1578640 1004
1578650 1001
1578660 998
1578670 998
1578680 995
1578690 992
1578700 990
1578710 990
1578720 988
1578730 987
1578740 987
1578750 986
1578760 984
1578770 984
1578780 983
1578790 982
1578800 982
1578810 982
1578820 980
1578830 980
1578840 980
1578850 979
1578860 979
1578870 979
1578880 978
1578890 978
1578900 978
1578910 978
1578920 978
1578930 978
1578940 977
1578950 976
1578960 976
1578970 975
1578980 973
1578990 973
1579000 972
1579010 970
1579020 970
1579030 967
1579040 964
1579050 964
1579060 961
1579070 958
1579080 956
1579090 956
1579100 953
1579110 951
1579120 951
1579130 949
1579140 946
1579150 946
1579160 942
1579170 938
1579180 938
1579190 934
1579200 931
1579210 931
1579220 927
1579230 923
1579240 919
1579250 919
1579260 915
1579270 912
1579280 912
1579290 908
1579300 905
1579310 905
1579320 901
1579330 898
1579340 898
1579350 895
1579360 891
1579370 891
1579380 887
1579390 882
1579400 882
1579410 879
1579420 876
1579430 873
1579440 873
1579450 868
1579460 862
1579470 862
1579480 857
1579490 853
1579500 853
1579510 846
1579520 841
1579530 841
1579540 841
1579550 842
1579560 842
1579570 846
1579580 850
1579590 855
1579600 855
1579610 859
1579620 864
1579630 864
1579640 868
1579650 869
1579660 869
1579670 870
1579680 871
1579690 871
1579700 873
1579710 876
1579720 876
1579730 880
1579740 883
1579750 883
1579760 888
1579770 892
1579780 897
1579790 897
1579800 901
1579810 906
1579820 906
1579830 910
1579840 914
1579850 914
1579860 917
1579870 919
1579880 919
1579890 922
1579900 924
1579910 924
1579920 926
1579930 929
1579940 929
1579950 930
1579960 932
1579970 933
1579980 933
1579990 934
