1560000 1340
1560010 1337
1560020 1334
1560030 1334
1560040 1331
1560050 1327
1560060 1323
1560070 1323
1560080 1320
1560090 1316
1560100 1316
1560110 1313
1560120 1310
1560130 1310
1560140 1306
1560150 1303
1560160 1303
1560170 1300
1560180 1297
1560190 1297
1560200 1294
1560210 1292
1560220 1292
1560230 1290
1560240 1287
1560250 1284
1560260 1284
1560270 1282
1560280 1279
1560290 1279
1560300 1276
1560310 1273
1560320 1273
1560330 1270
1560340 1267
1560350 1267
1560360 1264
1560370 1262
1560380 1262
1560390 1259
1560400 1256
1560410 1256
1560420 1254
1560430 1252
1560440 1249
1560450 1249
1560460 1247
1560470 1245
1560480 1245
1560490 1242
1560500 1240
1560510 1240
1560520 1238
1560530 1236
1560540 1236
1560550 1233
1560560 1231
1560570 1231
1560580 1229
1560590 1225
1560600 1225
1560610 1221
1560620 1219
1560630 1216
1560640 1216
1560650 1213
1560660 1210
1560670 1210
1560680 1207
1560690 1203
1560700 1203
1560710 1199
1560720 1196
1560730 1196
1560740 1193
1560750 1191
1560760 1191
1560770 1186
1560780 1182
1560790 1182
1560800 1178
1560810 1174
1560820 1171
1560830 1171
1560840 1168
1560850 1166
1560860 1166
1560870 1165
1560880 1162
1560890 1162
1560900 1162
1560910 1166
1560920 1166
1560930 1168
1560940 1170
1560950 1170
1560960 1173
1560970 1175
1560980 1179
1560990 1179
1561000 1181
1561010 1183
1561020 1183
1561030 1186
1561040 1188
1561050 1188
1561060 1194
1561070 1197
1561080 1197
1561090 1202
1561100 1206
1561110 1206
1561120 1207
1561130 1209
1561140 1209
1561150 1210
1561160 1212
1561170 1214
1561180 1214
1561190 1216
1561200 1216
1561210 1216
1561220 1215
1561230 1215
1561240 1215
1561250 1214
1561260 1214
1561270 1214
1561280 1212
1561290 1209
1561300 1209
1561310 1206
1561320 1203
1561330 1203
1561340 1202
1561350 1201
1561360 1202
1561370 1202
1561380 1203
1561390 1202
1561400 1202
1561410 1200
1561420 1198
1561430 1198
1561440 1196
1561450 1198
1561460 1198
1561470 1201
1561480 1200
1561490 1200
1561500 1197
1561510 1195
1561520 1195
1561530 1191
1561540 1186
1561550 1181
1561560 1181
1561570 1175
1561580 1169
1561590 1169
1561600 1164
1561610 1157
1561620 1157
1561630 1151
1561640 1145
1561650 1145
1561660 1141
1561670 1132
1561680 1132
1561690 1125
1561700 1121
1561710 1121
1561720 1115
1561730 1109
1561740 1102
1561750 1102
1561760 1095
1561770 1088
1561780 1088
1561790 1081
1561800 1075
1561810 1075
1561820 1068
1561830 1060
1561840 1060
1561850 1056
1561860 1061
1561870 1061
1561880 1064
1561890 1067
1561900 1069
1561910 1069
1561920 1073
1561930 1078
1561940 1078
1561950 1080
1561960 1082
1561970 1082
1561980 1083
1561990 1084
1562000 1084
1562010 1086
1562020 1088
1562030 1088
1562040 1090
1562050 1088
1562060 1088
1562070 1088
1562080 1087
1562090 1085
1562100 1085
1562110 1082
1562120 1079
1562130 1079
1562140 1075
1562150 1072
1562160 1072
1562170 1068
1562180 1066
1562190 1066
1562200 1063
1562210 1060
1562220 1060
1562230 1055
1562240 1052
1562250 1052
1562260 1047
1562270 1042
1562280 1037
1562290 1037
1562300 1032
1562310 1027
1562320 1027
1562330 1023
1562340 1020
1562350 1020
1562360 1017
1562370 1014
1562380 1014
1562390 1010
1562400 1007
1562410 1007
1562420 1001
1562430 995
1562440 995
1562450 991
1562460 987
1562470 982
1562480 982
1562490 978
1562500 974
1562510 974
1562520 971
1562530 967
1562540 967
1562550 963
1562560 959
1562570 959
1562580 954
1562590 949
1562600 949
1562610 946
1562620 942
1562630 942
1562640 939
1562650 936
1562660 933
1562670 933
1562680 932
1562690 934
1562700 934
1562710 933
1562720 933
1562730 933
1562740 933
1562750 934
1562760 934
1562770 936
1562780 938
1562790 938
1562800 941
1562810 941
1562820 939
1562830 939
1562840 936
1562850 935
1562860 935
1562870 934
1562880 934
1562890 934
1562900 932
1562910 935
1562920 935
1562930 939
1562940 945
1562950 945
1562960 952
1562970 958
1562980 958
1562990 961
1563000 964
1563010 967
1563020 967
1563030 969
1563040 970
1563050 970
1563060 972
1563070 976
1563080 976
1563090 979
1563100 983
1563110 983
1563120 987
1563130 992
1563140 992
1563150 997
1563160 1001
1563170 1001
1563180 1005
1563190 1009
1563200 1014
1563210 1014
1563220 1018
1563230 1021
1563240 1021
1563250 1022
1563260 1023
1563270 1023
1563280 1023
1563290 1023
1563300 1023
1563310 1023
1563320 1022
1563330 1022
1563340 1022
1563350 1021
1563360 1021
1563370 1020
1563380 1019
1563390 1018
1563400 1018
1563410 1017
1563420 1016
1563430 1016
1563440 1015
1563450 1013
1563460 1013
1563470 1012
1563480 1012
1563490 1012
1563500 1011
1563510 1013
1563520 1013
1563530 1013
1563540 1014
1563550 1014
1563560 1015
1563570 1016
1563580 1017
1563590 1017
1563600 1019
1563610 1021
1563620 1021
1563630 1023
1563640 1025
1563650 1025
1563660 1027
1563670 1030
1563680 1030
1563690 1031
1563700 1032
1563710 1032
1563720 1033
1563730 1034
1563740 1035
1563750 1035
1563760 1036
1563770 1037
1563780 1037
1563790 1038
1563800 1038
1563810 1038
1563820 1037
1563830 1035
1563840 1035
1563850 1033
1563860 1031
1563870 1031
1563880 1029
1563890 1027
1563900 1027
1563910 1024
1563920 1021
1563930 1018
1563940 1018
1563950 1015
1563960 1013
1563970 1013
1563980 1013
1563990 1014
1564000 1014
1564010 1016
1564020 1017
1564030 1017
1564040 1019
1564050 1019
1564060 1019
1564070 1020
1564080 1020
1564090 1020
1564100 1020
1564110 1020
1564120 1020
1564130 1020
1564140 1019
1564150 1019
1564160 1019
1564170 1019
1564180 1019
1564190 1019
1564200 1019
1564210 1018
1564220 1018
1564230 1016
1564240 1016
1564250 1016
1564260 1015
1564270 1016
1564280 1016
1564290 1018
1564300 1019
1564310 1021
1564320 1021
1564330 1025
1564340 1027
1564350 1027
1564360 1029
1564370 1030
1564380 1030
1564390 1031
1564400 1031
1564410 1031
1564420 1032
1564430 1031
1564440 1031
1564450 1030
1564460 1029
1564470 1029
1564480 1027
1564490 1025
1564500 1024
1564510 1024
1564520 1021
1564530 1019
1564540 1019
1564550 1018
1564560 1018
1564570 1018
1564580 1020
1564590 1023
1564600 1023
1564610 1025
1564620 1026
1564630 1026
1564640 1027
1564650 1028
1564660 1029
1564670 1029
1564680 1029
1564690 1029
1564700 1029
1564710 1029
1564720 1028
1564730 1028
1564740 1027
1564750 1025
1564760 1025
1564770 1026
1564780 1025
1564790 1025
1564800 1025
1564810 1025
1564820 1025
1564830 1025
1564840 1025
1564850 1025
1564860 1025
1564870 1024
1564880 1023
1564890 1023
1564900 1021
1564910 1019
1564920 1019
1564930 1017
1564940 1015
1564950 1015
1564960 1013
1564970 1010
1564980 1010
1564990 1008
1565000 1005
1565010 1005
1565020 1003
1565030 1003
1565040 1003
1565050 1003
1565060 1003
1565070 1003
1565080 1003
1565090 1003
1565100 1004
1565110 1004
1565120 1004
1565130 1004
1565140 1004
1565150 1003
1565160 1003
1565170 1003
1565180 1002
1565190 1002
1565200 1002
1565210 1003
1565220 1004
1565230 1005
1565240 1005
1565250 1005
1565260 1006
1565270 1006
1565280 1005
1565290 1005
1565300 1005
1565310 1004
1565320 1002
1565330 1002
1565340 1001
1565350 1000
1565360 1000
1565370 999
1565380 998
1565390 998
1565400 995
1565410 993
1565420 991
1565430 991
1565440 988
1565450 986
1565460 986
1565470 983
1565480 981
1565490 981
1565500 978
1565510 976
1565520 976
1565530 973
1565540 971
1565550 971
1565560 968
1565570 965
1565580 961
1565590 961
1565600 959
1565610 956
1565620 956
1565630 953
1565640 949
1565650 949
1565660 945
1565670 943
1565680 943
1565690 940
1565700 938
1565710 938
1565720 934
1565730 931
1565740 931
1565750 928
1565760 926
1565770 923
1565780 923
1565790 921
1565800 918
1565810 918
1565820 915
1565830 911
1565840 911
1565850 908
1565860 903
1565870 903
1565880 899
1565890 896
1565900 896
1565910 892
1565920 888
1565930 888
1565940 884
1565950 880
1565960 876
1565970 876
1565980 872
1565990 869
1566000 869
1566010 865
1566020 861
1566030 861
1566040 858
1566050 854
1566060 854
1566070 852
1566080 850
1566090 850
1566100 847
1566110 844
1566120 844
1566130 842
1566140 839
1566150 835
1566160 835
1566170 830
1566180 829
1566190 829
1566200 829
1566210 828
1566220 828
1566230 828
1566240 828
1566250 828
1566260 828
1566270 829
1566280 829
1566290 833
1566300 836
1566310 836
1566320 840
1566330 843
1566340 846
1566350 846
1566360 849
1566370 852
1566380 852
1566390 855
1566400 860
1566410 860
1566420 864
1566430 866
1566440 866
1566450 870
1566460 873
1566470 873
1566480 875
1566490 874
1566500 873
1566510 873
1566520 872
1566530 873
1566540 873
1566550 876
1566560 880
1566570 880
1566580 886
1566590 891
1566600 891
1566610 895
1566620 899
1566630 899
1566640 904
1566650 908
1566660 908
1566670 912
1566680 915
1566690 919
1566700 919
1566710 923
1566720 926
1566730 926
1566740 930
1566750 933
1566760 933
1566770 936
1566780 939
1566790 939
1566800 943
1566810 945
1566820 945
1566830 949
1566840 951
1566850 951
1566860 952
1566870 955
1566880 956
1566890 956
1566900 955
1566910 953
1566920 953
1566930 951
1566940 950
1566950 950
1566960 948
1566970 946
1566980 946
1566990 944
1567000 942
1567010 942
1567020 940
1567030 937
1567040 937
1567050 934
1567060 930
1567070 927
1567080 927
1567090 923
1567100 919
1567110 919
1567120 915
1567130 911
1567140 911
1567150 910
1567160 908
1567170 908
1567180 908
1567190 910
1567200 910
1567210 911
1567220 914
1567230 914
1567240 916
1567250 919
1567260 922
1567270 922
1567280 924
1567290 929
1567300 929
1567310 933
1567320 937
1567330 937
1567340 942
1567350 946
1567360 946
1567370 949
1567380 950
1567390 950
1567400 946
1567410 947
1567420 950
1567430 950
1567440 953
1567450 958
1567460 958
1567470 962
1567480 966
1567490 966
1567500 970
1567510 975
1567520 975
1567530 979
1567540 983
1567550 983
1567560 987
1567570 991
1567580 991
1567590 994
1567600 997
1567610 999
1567620 999
1567630 1001
1567640 1002
1567650 1002
1567660 1003
1567670 1004
1567680 1004
1567690 1005
1567700 1006
1567710 1006
1567720 1007
1567730 1007
1567740 1007
1567750 1009
1567760 1010
1567770 1010
1567780 1011
1567790 1012
1567800 1012
1567810 1012
1567820 1012
1567830 1011
1567840 1011
1567850 1011
1567860 1010
1567870 1010
1567880 1009
1567890 1007
1567900 1007
1567910 1006
1567920 1004
1567930 1004
1567940 1002
1567950 1000
1567960 1000
1567970 998
1567980 995
1567990 992
1568000 992
1568010 989
1568020 987
1568030 987
1568040 982
1568050 980
1568060 980
1568070 976
1568080 972
1568090 972
1568100 972
1568110 971
1568120 971
1568130 971
1568140 972
1568150 972
1568160 972
1568170 972
1568180 968
1568190 968
1568200 963
1568210 958
1568220 958
1568230 954
1568240 952
1568250 952
1568260 953
1568270 957
1568280 957
1568290 961
1568300 966
1568310 966
1568320 970
1568330 976
1568340 981
1568350 981
1568360 987
1568370 992
1568380 992
1568390 996
1568400 999
1568410 999
1568420 1003
1568430 1007
1568440 1007
1568450 1011
1568460 1013
1568470 1013
1568480 1015
1568490 1017
1568500 1017
1568510 1019
1568520 1020
1568530 1021
1568540 1021
1568550 1023
1568560 1024
1568570 1024
1568580 1026
1568590 1028
1568600 1028
1568610 1029
1568620 1030
1568630 1030
1568640 1031
1568650 1033
1568660 1033
1568670 1034
1568680 1035
1568690 1035
1568700 1036
1568710 1036
1568720 1036
1568730 1036
1568740 1036
1568750 1035
1568760 1035
1568770 1034
1568780 1032
1568790 1032
1568800 1031
1568810 1030
1568820 1030
1568830 1028
1568840 1027
1568850 1027
1568860 1026
1568870 1024
1568880 1024
1568890 1022
1568900 1020
1568910 1019
1568920 1019
1568930 1016
1568940 1012
1568950 1012
1568960 1008
1568970 1004
1568980 1004
1568990 999
1569000 994
1569010 994
1569020 990
1569030 987
1569040 987
1569050 989
1569060 990
1569070 990
1569080 993
1569090 995
1569100 996
1569110 996
1569120 994
1569130 991
1569140 991
1569150 989
1569160 991
1569170 991
1569180 995
1569190 999
1569200 999
1569210 1004
1569220 1006
1569230 1006
1569240 1008
1569250 1011
1569260 1013
1569270 1013
1569280 1016
1569290 1019
1569300 1019
1569310 1022
1569320 1026
1569330 1026
1569340 1030
1569350 1033
1569360 1033
1569370 1036
1569380 1039
1569390 1039
1569400 1042
1569410 1044
1569420 1044
1569430 1046
1569440 1048
1569450 1049
1569460 1049
1569470 1050
1569480 1051
1569490 1051
1569500 1050
1569510 1049
1569520 1049
1569530 1048
1569540 1047
1569550 1047
1569560 1046
1569570 1044
1569580 1044
1569590 1041
1569600 1036
1569610 1036
1569620 1031
1569630 1029
1569640 1029
1569650 1029
1569660 1029
1569670 1030
1569680 1030
1569690 1031
1569700 1032
1569710 1032
1569720 1032
1569730 1032
1569740 1032
1569750 1032
1569760 1030
1569770 1030
1569780 1030
1569790 1031
1569800 1031
1569810 1031
1569820 1032
1569830 1033
1569840 1033
1569850 1035
1569860 1036
1569870 1036
1569880 1038
1569890 1038
1569900 1038
1569910 1040
1569920 1041
1569930 1041
1569940 1043
1569950 1045
1569960 1045
1569970 1047
1569980 1049
1569990 1049
1570000 1051
1570010 1053
1570020 1055
1570030 1055
1570040 1057
1570050 1058
1570060 1058
1570070 1058
1570080 1059
1570090 1059
1570100 1059
1570110 1059
1570120 1059
1570130 1059
1570140 1059
1570150 1059
1570160 1059
1570170 1059
1570180 1058
1570190 1058
1570200 1057
1570210 1056
1570220 1056
1570230 1055
1570240 1054
1570250 1054
1570260 1053
1570270 1052
1570280 1052
1570290 1051
1570300 1050
1570310 1050
1570320 1048
1570330 1046
1570340 1046
1570350 1045
1570360 1043
1570370 1041
1570380 1041
1570390 1041
1570400 1039
1570410 1039
1570420 1038
1570430 1036
1570440 1036
1570450 1035
1570460 1034
1570470 1034
1570480 1032
1570490 1031
1570500 1031
1570510 1030
1570520 1029
1570530 1029
1570540 1027
1570550 1026
1570560 1026
1570570 1026
1570580 1025
1570590 1023
1570600 1023
1570610 1022
1570620 1020
1570630 1020
1570640 1018
1570650 1017
1570660 1017
1570670 1017
1570680 1017
1570690 1017
1570700 1017
1570710 1017
1570720 1017
1570730 1017
1570740 1018
1570750 1019
1570760 1019
1570770 1021
1570780 1020
1570790 1020
1570800 1020
1570810 1020
1570820 1020
1570830 1020
1570840 1020
1570850 1020
1570860 1019
1570870 1019
1570880 1019
1570890 1018
1570900 1017
1570910 1017
1570920 1016
1570930 1016
1570940 1013
1570950 1013
1570960 1011
1570970 1010
1570980 1010
1570990 1008
1571000 1006
1571010 1006
1571020 1005
1571030 1003
1571040 1003
1571050 1001
1571060 999
1571070 999
1571080 998
1571090 996
1571100 994
1571110 994
1571120 994
1571130 992
1571140 992
1571150 990
1571160 989
1571170 989
1571180 987
1571190 985
1571200 985
1571210 984
1571220 983
1571230 983
1571240 983
1571250 982
1571260 982
1571270 981
1571280 981
1571290 979
1571300 979
1571310 978
1571320 978
1571330 978
1571340 977
1571350 977
1571360 977
1571370 976
1571380 975
1571390 975
1571400 974
1571410 973
1571420 973
1571430 972
1571440 970
1571450 970
1571460 968
1571470 969
1571480 972
1571490 972
1571500 975
1571510 977
1571520 977
1571530 979
1571540 979
1571550 979
1571560 977
1571570 976
1571580 976
1571590 975
1571600 973
1571610 973
1571620 971
1571630 969
1571640 969
1571650 966
1571660 963
1571670 960
1571680 960
1571690 955
1571700 946
1571710 946
1571720 939
1571730 932
1571740 932
1571750 925
1571760 918
1571770 918
1571780 911
1571790 905
1571800 905
1571810 898
1571820 892
1571830 892
1571840 888
1571850 881
1571860 875
1571870 875
1571880 871
1571890 866
1571900 866
1571910 862
1571920 857
1571930 857
1571940 852
1571950 847
1571960 847
1571970 843
1571980 840
1571990 840
1572000 836
1572010 833
1572020 830
1572030 830
1572040 827
1572050 823
1572060 823
1572070 820
1572080 817
1572090 817
1572100 814
1572110 812
1572120 812
1572130 809
1572140 806
1572150 806
1572160 801
1572170 795
1572180 795
1572190 785
1572200 779
1572210 777
1572220 777
1572230 777
1572240 776
1572250 776
1572260 776
1572270 775
1572280 775
1572290 775
1572300 775
1572310 775
1572320 775
1572330 774
1572340 774
1572350 773
1572360 772
1572370 772
1572380 770
1572390 769
1572400 768
1572410 768
1572420 767
1572430 767
1572440 767
1572450 767
1572460 767
1572470 767
1572480 767
1572490 767
1572500 767
1572510 767
1572520 766
1572530 766
1572540 765
1572550 764
1572560 764
1572570 764
1572580 764
1572590 764
1572600 764
1572610 765
1572620 764
1572630 764
1572640 764
1572650 764
1572660 764
1572670 763
1572680 763
1572690 763
1572700 762
1572710 762
1572720 762
1572730 762
1572740 762
1572750 762
1572760 762
1572770 761
1572780 758
1572790 758
1572800 755
1572810 751
1572820 751
1572830 747
1572840 745
1572850 745
1572860 742
1572870 740
1572880 740
1572890 739
1572900 736
1572910 736
1572920 736
1572930 736
1572940 735
1572950 735
1572960 735
1572970 735
1572980 735
1572990 735
1573000 735
1573010 735
1573020 735
1573030 735
1573040 735
1573050 735
1573060 735
1573070 735
1573080 735
1573090 735
1573100 735
1573110 735
1573120 735
1573130 735
1573140 735
1573150 735
1573160 735
1573170 735
1573180 735
1573190 736
1573200 736
1573210 736
1573220 738
1573230 738
1573240 740
1573250 743
1573260 743
1573270 748
1573280 755
1573290 757
1573300 764
1573310 768
1573320 770
1573330 770
1573340 770
1573350 770
1573360 770
1573370 771
1573380 772
1573390 772
1573400 773
1573410 774
1573420 774
1573430 775
1573440 776
1573450 776
1573460 777
1573470 778
1573480 778
1573490 780
1573500 782
1573510 785
1573520 785
1573530 787
1573540 790
1573550 790
1573560 793
1573570 795
1573580 795
1573590 799
1573600 803
1573610 803
1573620 807
1573630 812
1573640 812
1573650 814
1573660 816
1573670 816
1573680 819
1573690 822
1573700 825
1573710 825
1573720 830
1573730 835
1573740 835
1573750 837
1573760 840
1573770 840
1573780 844
1573790 847
1573800 847
1573810 852
1573820 856
1573830 856
1573840 859
1573850 861
1573860 863
1573870 863
1573880 865
1573890 866
1573900 866
1573910 868
1573920 870
1573930 870
1573940 872
1573950 874
1573960 874
1573970 877
1573980 879
1573990 879
1574000 881
1574010 882
1574020 882
1574030 884
1574040 885
1574050 886
1574060 886
1574070 888
1574080 890
1574090 890
1574100 892
1574110 894
1574120 894
1574130 895
1574140 897
1574150 897
1574160 898
1574170 899
1574180 899
1574190 900
1574200 901
1574210 901
1574220 902
1574230 902
1574240 902
1574250 902
1574260 902
1574270 903
1574280 903
1574290 904
1574300 904
1574310 904
1574320 906
1574330 907
1574340 907
1574350 908
1574360 910
1574370 910
1574380 911
1574390 912
1574400 912
1574410 913
1574420 914
1574430 914
1574440 914
1574450 914
1574460 914
1574470 914
1574480 913
1574490 912
1574500 912
1574510 912
1574520 911
1574530 911
1574540 909
1574550 907
1574560 907
1574570 905
1574580 904
1574590 904
1574600 902
1574610 901
1574620 899
1574630 899
1574640 898
1574650 897
1574660 897
1574670 895
1574680 893
1574690 893
1574700 889
1574710 886
1574720 886
1574730 883
1574740 880
1574750 880
1574760 877
1574770 873
1574780 868
1574790 868
1574800 863
1574810 859
1574820 859
1574830 853
1574840 846
1574850 846
1574860 841
1574870 835
1574880 835
1574890 831
1574900 826
1574910 826
1574920 821
1574930 816
1574940 816
1574950 812
1574960 807
1574970 804
1574980 804
1574990 802
1575000 803
1575010 803
1575020 805
1575030 807
1575040 807
1575050 810
1575060 814
1575070 814
1575080 818
1575090 821
1575100 821
1575110 824
1575120 827
1575130 827
1575140 831
1575150 834
1575160 837
1575170 837
1575180 842
1575190 844
1575200 844
1575210 848
1575220 852
1575230 852
1575240 852
1575250 851
1575260 851
1575270 850
1575280 850
1575290 850
1575300 850
1575310 850
1575320 850
1575330 851
1575340 853
1575350 854
1575360 854
1575370 855
1575380 854
1575390 854
1575400 853
1575410 851
1575420 851
1575430 848
1575440 845
1575450 845
1575460 842
1575470 840
1575480 840
1575490 838
1575500 836
1575510 836
1575520 833
1575530 830
1575540 827
1575550 827
1575560 825
1575570 823
1575580 823
1575590 821
1575600 819
1575610 819
1575620 817
1575630 815
1575640 815
1575650 814
1575660 812
1575670 812
1575680 809
1575690 807
1575700 805
1575710 805
1575720 802
1575730 800
1575740 800
1575750 798
1575760 795
1575770 795
1575780 792
1575790 790
1575800 790
1575810 787
1575820 784
1575830 784
1575840 781
1575850 777
1575860 777
1575870 774
1575880 772
1575890 769
1575900 769
1575910 766
1575920 763
1575930 763
1575940 761
1575950 757
1575960 757
1575970 755
1575980 754
1575990 754
1576000 753
1576010 752
1576020 752
1576030 751
1576040 750
1576050 750
1576060 749
1576070 749
1576080 748
1576090 748
1576100 748
1576110 748
1576120 748
1576130 747
1576140 747
1576150 747
1576160 747
1576170 747
1576180 747
1576190 748
1576200 748
1576210 748
1576220 749
1576230 749
1576240 749
1576250 749
1576260 749
1576270 750
1576280 750
1576290 751
1576300 754
1576310 754
1576320 757
1576330 762
1576340 762
1576350 767
1576360 771
1576370 771
1576380 775
1576390 779
1576400 779
1576410 783
1576420 787
1576430 787
1576440 790
1576450 794
1576460 798
1576470 798
1576480 802
1576490 805
1576500 805
1576510 808
1576520 812
1576530 812
1576540 815
1576550 820
1576560 820
1576570 825
1576580 829
1576590 829
1576600 834
1576610 838
1576620 842
1576630 842
1576640 845
1576650 848
1576660 848
1576670 851
1576680 854
1576690 854
1576700 857
1576710 860
1576720 860
1576730 862
1576740 865
1576750 865
1576760 868
1576770 871
1576780 871
1576790 874
1576800 876
1576810 879
1576820 879
1576830 881
1576840 883
1576850 883
1576860 884
1576870 884
1576880 884
1576890 881
1576900 875
1576910 875
1576920 871
1576930 867
1576940 867
1576950 863
1576960 857
1576970 857
1576980 853
1576990 850
1577000 846
1577010 846
1577020 842
1577030 837
1577040 837
1577050 832
1577060 828
1577070 828
1577080 825
1577090 821
1577100 821
1577110 818
1577120 815
1577130 815
1577140 811
1577150 808
1577160 808
1577170 804
1577180 800
1577190 795
1577200 795
1577210 792
1577220 794
1577230 794
1577240 795
1577250 796
1577260 796
1577270 797
1577280 799
1577290 799
1577300 800
1577310 803
1577320 803
1577330 808
1577340 812
1577350 812
1577360 815
1577370 819
1577380 823
1577390 823
1577400 827
1577410 831
1577420 831
1577430 833
1577440 834
1577450 834
1577460 838
1577470 838
1577480 838
1577490 839
1577500 840
1577510 840
1577520 841
1577530 842
1577540 843
1577550 843
1577560 845
1577570 847
1577580 847
1577590 848
1577600 849
1577610 849
1577620 850
1577630 851
1577640 851
1577650 852
1577660 854
1577670 854
1577680 856
1577690 858
1577700 858
1577710 859
1577720 861
1577730 862
1577740 862
1577750 863
1577760 863
1577770 863
1577780 864
1577790 867
1577800 867
1577810 870
1577820 872
1577830 872
1577840 874
1577850 877
1577860 877
1577870 880
1577880 883
1577890 883
1577900 885
1577910 888
1577920 891
1577930 891
1577940 893
1577950 895
1577960 895
1577970 898
1577980 900
1577990 900
1578000 901
1578010 902
1578020 902
1578030 904
1578040 905
1578050 905
1578060 906
1578070 905
1578080 905
1578090 904
1578100 901
1578110 898
1578120 898
1578130 894
1578140 890
1578150 890
1578160 886
1578170 882
1578180 882
1578190 878
1578200 874
1578210 874
1578220 869
1578230 864
1578240 864
1578250 858
1578260 853
1578270 853
1578280 848
1578290 843
1578300 839
1578310 839
1578320 835
1578330 831
1578340 831
1578350 828
1578360 824
1578370 824
1578380 819
1578390 814
1578400 814
1578410 810
1578420 805
1578430 805
1578440 800
1578450 796
1578460 792
1578470 792
1578480 787
1578490 783
1578500 783
1578510 779
1578520 774
1578530 774
1578540 769
1578550 765
1578560 765
1578570 761
1578580 757
1578590 757
1578600 753
1578610 751
1578620 751
1578630 751
1578640 750
1578650 750
1578660 750
1578670 752
1578680 754
1578690 754
1578700 753
1578710 750
1578720 750
1578730 748
1578740 748
1578750 748
1578760 749
1578770 752
1578780 752
1578790 755
1578800 759
1578810 758
1578820 762
1578830 765
1578840 769
1578850 769
1578860 773
1578870 777
1578880 777
1578890 780
1578900 783
1578910 783
1578920 787
1578930 791
1578940 791
1578950 794
1578960 796
1578970 796
1578980 798
1578990 800
1579000 800
1579010 803
1579020 805
1579030 807
1579040 807
1579050 810
1579060 812
1579070 812
1579080 815
1579090 820
1579100 820
1579110 822
1579120 825
1579130 825
1579140 829
1579150 833
1579160 833
1579170 836
1579180 837
1579190 837
1579200 840
1579210 842
1579220 844
1579230 844
1579240 847
1579250 849
1579260 849
1579270 852
1579280 855
1579290 855
1579300 858
1579310 861
1579320 861
1579330 865
1579340 869
1579350 869
1579360 873
1579370 878
1579380 883
1579390 883
1579400 888
1579410 893
1579420 893
1579430 898
1579440 904
1579450 904
1579460 909
1579470 913
1579480 913
1579490 916
1579500 918
1579510 918
1579520 920
1579530 923
1579540 923
1579550 926
1579560 929
1579570 931
1579580 931
1579590 935
1579600 937
1579610 937
1579620 940
1579630 943
1579640 943
1579650 946
1579660 949
1579670 949
1579680 951
1579690 953
1579700 953
1579710 955
1579720 957
1579730 957
1579740 958
1579750 958
1579760 959
1579770 959
1579780 960
1579790 960
1579800 960
1579810 961
1579820 961
1579830 961
1579840 961
1579850 961
1579860 961
1579870 961
1579880 961
1579890 961
1579900 961
1579910 961
1579920 961
1579930 962
1579940 961
1579950 961
1579960 961
1579970 960
1579980 959
1579990 959
