1560000 1383
1560010 1380
1560020 1380
1560030 1379
1560040 1378
1560050 1378
1560060 1377
1560070 1377
1560080 1377
1560090 1377
1560100 1377
1560110 1377
1560120 1377
1560130 1377
1560140 1376
1560150 1376
1560160 1376
1560170 1375
1560180 1375
1560190 1375
1560200 1375
1560210 1375
1560220 1375
1560230 1375
1560240 1375
1560250 1376
1560260 1376
1560270 1376
1560280 1378
1560290 1378
1560300 1378
1560310 1380
1560320 1381
1560330 1382
1560340 1382
1560350 1382
1560360 1382
1560370 1382
1560380 1382
1560390 1380
1560400 1380
1560410 1379
1560420 1377
1560430 1377
1560440 1375
1560450 1374
1560460 1374
1560470 1374
1560480 1373
1560490 1373
1560500 1371
1560510 1369
1560520 1367
1560530 1367
1560540 1365
1560550 1363
1560560 1363
1560570 1362
1560580 1360
1560590 1360
1560600 1357
1560610 1355
1560620 1355
1560630 1353
1560640 1351
1560650 1351
1560660 1349
1560670 1346
1560680 1344
1560690 1344
1560700 1341
1560710 1340
1560720 1340
1560730 1338
1560740 1337
1560750 1337
1560760 1335
1560770 1334
1560780 1334
1560790 1333
1560800 1332
1560810 1332
1560820 1332
1560830 1330
1560840 1331
1560850 1330
1560860 1329
1560870 1328
1560880 1328
1560890 1327
1560900 1325
1560910 1325
1560920 1324
1560930 1323
1560940 1323
1560950 1322
1560960 1322
1560970 1322
1560980 1322
1560990 1322
1561000 1322
1561010 1322
1561020 1321
1561030 1321
1561040 1320
1561050 1319
1561060 1317
1561070 1317
1561080 1316
1561090 1314
1561100 1314
1561110 1313
1561120 1312
1561130 1312
1561140 1310
1561150 1308
1561160 1308
1561170 1307
1561180 1306
1561190 1306
1561200 1305
1561210 1305
1561220 1305
1561230 1306
1561240 1306
1561250 1307
1561260 1307
1561270 1308
1561280 1307
1561290 1307
1561300 1306
1561310 1305
1561320 1305
1561330 1303
1561340 1299
1561350 1299
1561360 1295
1561370 1292
1561380 1292
1561390 1289
1561400 1286
1561410 1286
1561420 1284
1561430 1281
1561440 1279
1561450 1279
1561460 1276
1561470 1273
1561480 1273
1561490 1270
1561500 1268
1561510 1268
1561520 1265
1561530 1263
1561540 1263
1561550 1260
1561560 1258
1561570 1258
1561580 1255
1561590 1251
1561600 1251
1561610 1248
1561620 1244
1561630 1240
1561640 1240
1561650 1236
1561660 1232
1561670 1232
1561680 1228
1561690 1224
1561700 1224
1561710 1220
1561720 1216
1561730 1216
1561740 1213
1561750 1210
1561760 1210
1561770 1206
1561780 1203
1561790 1203
1561800 1200
1561810 1198
1561820 1196
1561830 1196
1561840 1192
1561850 1188
1561860 1188
1561870 1183
1561880 1177
1561890 1177
1561900 1170
1561910 1163
1561920 1163
1561930 1156
1561940 1150
1561950 1150
1561960 1143
1561970 1137
1561980 1137
1561990 1130
1562000 1123
1562010 1116
1562020 1116
1562030 1110
1562040 1103
1562050 1103
1562060 1096
1562070 1090
1562080 1090
1562090 1085
1562100 1080
1562110 1080
1562120 1076
1562130 1072
1562140 1072
1562150 1068
1562160 1064
1562170 1064
1562180 1061
1562190 1059
1562200 1058
1562210 1058
1562220 1057
1562230 1054
1562240 1054
1562250 1050
1562260 1046
1562270 1046
1562280 1042
1562290 1038
1562300 1038
1562310 1034
1562320 1029
1562330 1029
1562340 1025
1562350 1020
1562360 1020
1562370 1016
1562380 1011
1562390 1007
1562400 1007
1562410 1003
1562420 999
1562430 999
1562440 995
1562450 991
1562460 991
1562470 980
1562480 976
1562490 976
1562500 975
1562510 977
1562520 977
1562530 977
1562540 977
1562550 977
1562560 976
1562570 976
1562580 977
1562590 977
1562600 977
1562610 977
1562620 977
1562630 979
1562640 980
1562650 980
1562660 981
1562670 983
1562680 983
1562690 985
1562700 988
1562710 988
1562720 990
1562730 992
1562740 995
1562750 995
1562760 997
1562770 999
1562780 999
1562790 1001
1562800 1004
1562810 1004
1562820 1006
1562830 1010
1562840 1010
1562850 1014
1562860 1019
1562870 1019
1562880 1023
1562890 1028
1562900 1028
1562910 1033
1562920 1037
1562930 1042
1562940 1042
1562950 1046
1562960 1050
1562970 1050
1562980 1054
1562990 1057
1563000 1057
1563010 1060
1563020 1063
1563030 1063
1563040 1066
1563050 1070
1563060 1070
1563070 1073
1563080 1077
1563090 1077
1563100 1081
1563110 1083
1563120 1085
1563130 1085
1563140 1087
1563150 1088
1563160 1088
1563170 1090
1563180 1091
1563190 1091
1563200 1093
1563210 1094
1563220 1094
1563230 1095
1563240 1096
1563250 1096
1563260 1099
1563270 1101
1563280 1101
1563290 1103
1563300 1104
1563310 1104
1563320 1104
1563330 1105
1563340 1106
1563350 1106
1563360 1106
1563370 1106
1563380 1106
1563390 1106
1563400 1106
1563410 1106
1563420 1106
1563430 1107
1563440 1107
1563450 1107
1563460 1108
1563470 1108
1563480 1109
1563490 1110
1563500 1111
1563510 1111
1563520 1114
1563530 1119
1563540 1119
1563550 1124
1563560 1128
1563570 1128
1563580 1131
1563590 1134
1563600 1134
1563610 1135
1563620 1138
1563630 1138
1563640 1141
1563650 1146
1563660 1146
1563670 1151
1563680 1155
1563690 1158
1563700 1158
1563710 1161
1563720 1164
1563730 1164
1563740 1169
1563750 1173
1563760 1173
1563770 1176
1563780 1179
1563790 1179
1563800 1182
1563810 1184
1563820 1184
1563830 1187
1563840 1190
1563850 1190
1563860 1193
1563870 1196
1563880 1199
1563890 1199
1563900 1202
1563910 1205
1563920 1205
1563930 1207
1563940 1210
1563950 1210
1563960 1212
1563970 1213
1563980 1213
1563990 1216
1564000 1218
1564010 1218
1564020 1220
1564030 1221
1564040 1221
1564050 1223
1564060 1224
1564070 1225
1564080 1227
1564090 1229
1564100 1232
1564110 1232
1564120 1235
1564130 1236
1564140 1236
1564150 1237
1564160 1238
1564170 1238
1564180 1238
1564190 1239
1564200 1239
1564210 1240
1564220 1240
1564230 1240
1564240 1241
1564250 1241
1564260 1241
1564270 1241
1564280 1242
1564290 1242
1564300 1242
1564310 1242
1564320 1242
1564330 1242
1564340 1241
1564350 1240
1564360 1240
1564370 1239
1564380 1238
1564390 1238
1564400 1237
1564410 1235
1564420 1235
1564430 1233
1564440 1232
1564450 1230
1564460 1230
1564470 1228
1564480 1225
1564490 1225
1564500 1222
1564510 1219
1564520 1219
1564530 1216
1564540 1214
1564550 1214
1564560 1210
1564570 1206
1564580 1206
1564590 1203
1564600 1199
1564610 1199
1564620 1196
1564630 1194
1564640 1191
1564650 1191
1564660 1188
1564670 1184
1564680 1184
1564690 1181
1564700 1177
1564710 1177
1564720 1175
1564730 1172
1564740 1172
1564750 1170
1564760 1166
1564770 1166
1564780 1163
1564790 1160
1564800 1158
1564810 1158
1564820 1159
1564830 1161
1564840 1161
1564850 1165
1564860 1178
1564870 1178
1564880 1182
1564890 1175
1564900 1175
1564910 1170
1564920 1167
1564930 1167
1564940 1165
1564950 1163
1564960 1163
1564970 1159
1564980 1157
1564990 1154
1565000 1154
1565010 1150
1565020 1147
1565030 1147
1565040 1144
1565050 1141
1565060 1141
1565070 1139
1565080 1137
1565090 1137
1565100 1136
1565110 1137
1565120 1137
1565130 1137
1565140 1136
1565150 1136
1565160 1137
1565170 1139
1565180 1141
1565190 1141
1565200 1144
1565210 1147
1565220 1147
1565230 1150
1565240 1154
1565250 1154
1565260 1159
1565270 1162
1565280 1162
1565290 1164
1565300 1169
1565310 1169
1565320 1172
1565330 1177
1565340 1177
1565350 1180
1565360 1182
1565370 1184
1565380 1184
1565390 1186
1565400 1188
1565410 1188
1565420 1191
1565430 1194
1565440 1194
1565450 1196
1565460 1199
1565470 1199
1565480 1200
1565490 1201
1565500 1201
1565510 1203
1565520 1204
1565530 1204
1565540 1206
1565550 1207
1565560 1209
1565570 1209
1565580 1211
1565590 1212
1565600 1212
1565610 1214
1565620 1216
1565630 1216
1565640 1217
1565650 1218
1565660 1220
1565670 1222
1565680 1224
1565690 1224
1565700 1226
1565710 1227
1565720 1227
1565730 1228
1565740 1229
1565750 1230
1565760 1230
1565770 1233
1565780 1235
1565790 1235
1565800 1237
1565810 1238
1565820 1238
1565830 1239
1565840 1236
1565850 1236
1565860 1234
1565870 1231
1565880 1231
1565890 1229
1565900 1227
1565910 1227
1565920 1225
1565930 1223
1565940 1219
1565950 1219
1565960 1215
1565970 1211
1565980 1211
1565990 1208
1566000 1206
1566010 1206
1566020 1204
1566030 1203
1566040 1203
1566050 1201
1566060 1201
1566070 1201
1566080 1201
1566090 1202
1566100 1202
1566110 1204
1566120 1208
1566130 1210
1566140 1210
1566150 1211
1566160 1213
1566170 1213
1566180 1215
1566190 1217
1566200 1217
1566210 1220
1566220 1223
1566230 1223
1566240 1227
1566250 1232
1566260 1232
1566270 1236
1566280 1240
1566290 1240
1566300 1244
1566310 1248
1566320 1251
1566330 1251
1566340 1255
1566350 1259
1566360 1259
1566370 1263
1566380 1266
1566390 1266
1566400 1269
1566410 1271
1566420 1271
1566430 1274
1566440 1276
1566450 1276
1566460 1278
1566470 1281
1566480 1281
1566490 1284
1566500 1287
1566510 1290
1566520 1290
1566530 1293
1566540 1298
1566550 1298
1566560 1300
1566570 1302
1566580 1302
1566590 1306
1566600 1309
1566610 1309
1566620 1311
1566630 1314
1566640 1314
1566650 1317
1566660 1320
1566670 1320
1566680 1324
1566690 1327
1566700 1330
1566710 1330
1566720 1333
1566730 1336
1566740 1336
1566750 1339
1566760 1341
1566770 1341
1566780 1343
1566790 1344
1566800 1344
1566810 1345
1566820 1347
1566830 1347
1566840 1348
1566850 1350
1566860 1352
1566870 1352
1566880 1353
1566890 1355
1566900 1355
1566910 1356
1566920 1356
1566930 1356
1566940 1356
1566950 1355
1566960 1355
1566970 1355
1566980 1354
1566990 1354
1567000 1353
1567010 1352
1567020 1352
1567030 1351
1567040 1350
1567050 1349
1567060 1349
1567070 1346
1567080 1343
1567090 1343
1567100 1339
1567110 1336
1567120 1336
1567130 1334
1567140 1332
1567150 1332
1567160 1331
1567170 1330
1567180 1330
1567190 1330
1567200 1326
1567210 1326
1567220 1325
1567230 1324
1567240 1323
1567250 1323
1567260 1322
1567270 1321
1567280 1321
1567290 1320
1567300 1320
1567310 1320
1567320 1319
1567330 1317
1567340 1317
1567350 1316
1567360 1315
1567370 1315
1567380 1314
1567390 1313
1567400 1313
1567410 1312
1567420 1312
1567430 1311
1567440 1311
1567450 1311
1567460 1311
1567470 1311
1567480 1310
1567490 1310
1567500 1310
1567510 1310
1567520 1311
1567530 1311
1567540 1312
1567550 1313
1567560 1313
1567570 1313
1567580 1313
1567590 1313
1567600 1313
1567610 1313
1567620 1313
1567630 1313
1567640 1311
1567650 1309
1567660 1309
1567670 1308
1567680 1306
1567690 1306
1567700 1305
1567710 1303
1567720 1303
1567730 1300
1567740 1298
1567750 1298
1567760 1295
1567770 1292
1567780 1292
1567790 1290
1567800 1287
1567810 1284
1567820 1284
1567830 1281
1567840 1278
1567850 1278
1567860 1275
1567870 1272
1567880 1272
1567890 1268
1567900 1263
1567910 1263
1567920 1262
1567930 1259
1567940 1259
1567950 1255
1567960 1252
1567970 1252
1567980 1249
1567990 1245
1568000 1241
1568010 1241
1568020 1236
1568030 1232
1568040 1232
1568050 1227
1568060 1222
1568070 1222
1568080 1219
1568090 1215
1568100 1215
1568110 1212
1568120 1209
1568130 1209
1568140 1207
1568150 1206
1568160 1206
1568170 1205
1568180 1203
1568190 1203
1568200 1203
1568210 1203
1568220 1203
1568230 1203
1568240 1203
1568250 1203
1568260 1203
1568270 1203
1568280 1204
1568290 1204
1568300 1204
1568310 1205
1568320 1205
1568330 1206
1568340 1206
1568350 1206
1568360 1207
1568370 1207
1568380 1206
1568390 1206
1568400 1206
1568410 1205
1568420 1205
1568430 1204
1568440 1202
1568450 1202
1568460 1200
1568470 1199
1568480 1199
1568490 1197
1568500 1196
1568510 1196
1568520 1195
1568530 1193
1568540 1193
1568550 1191
1568560 1190
1568570 1190
1568580 1190
1568590 1190
1568600 1190
1568610 1190
1568620 1189
1568630 1189
1568640 1189
1568650 1188
1568660 1187
1568670 1187
1568680 1185
1568690 1184
1568700 1184
1568710 1182
1568720 1177
1568730 1174
1568740 1174
1568750 1172
1568760 1170
1568770 1170
1568780 1169
1568790 1167
1568800 1167
1568810 1165
1568820 1162
1568830 1162
1568840 1159
1568850 1156
1568860 1156
1568870 1153
1568880 1149
1568890 1149
1568900 1144
1568910 1139
1568920 1135
1568930 1135
1568940 1130
1568950 1125
1568960 1125
1568970 1121
1568980 1116
1568990 1116
1569000 1111
1569010 1107
1569020 1107
1569030 1104
1569040 1101
1569050 1101
1569060 1098
1569070 1093
1569080 1093
1569090 1088
1569100 1083
1569110 1078
1569120 1078
1569130 1073
1569140 1067
1569150 1067
1569160 1062
1569170 1057
1569180 1057
1569190 1052
1569200 1048
1569210 1048
1569220 1044
1569230 1040
1569240 1040
1569250 1038
1569260 1035
1569270 1035
1569280 1033
1569290 1030
1569300 1028
1569310 1028
1569320 1025
1569330 1023
1569340 1023
1569350 1020
1569360 1018
1569370 1018
1569380 1016
1569390 1014
1569400 1014
1569410 1011
1569420 1008
1569430 1008
1569440 1005
1569450 1003
1569460 1003
1569470 1001
1569480 998
1569490 996
1569500 996
1569510 994
1569520 991
1569530 991
1569540 990
1569550 988
1569560 988
1569570 987
1569580 985
1569590 985
1569600 983
1569610 981
1569620 981
1569630 979
1569640 978
1569650 978
1569660 977
1569670 975
1569680 974
1569690 974
1569700 973
1569710 971
1569720 971
1569730 969
1569740 967
1569750 967
1569760 966
1569770 965
1569780 965
1569790 964
1569800 962
1569810 962
1569820 959
1569830 956
1569840 956
1569850 952
1569860 950
1569870 948
1569880 948
1569890 946
1569900 944
1569910 944
1569920 942
1569930 940
1569940 940
1569950 939
1569960 937
1569970 937
1569980 936
1569990 934
1570000 934
1570010 932
1570020 929
1570030 929
1570040 926
1570050 927
1570060 925
1570070 925
1570080 924
1570090 922
1570100 922
1570110 919
1570120 917
1570130 917
1570140 914
1570150 912
1570160 912
1570170 909
1570180 907
1570190 907
1570200 902
1570210 899
1570220 899
1570230 896
1570240 893
1570250 891
1570260 891
1570270 889
1570280 887
1570290 887
1570300 884
1570310 882
1570320 882
1570330 879
1570340 877
1570350 877
1570360 875
1570370 871
1570380 871
1570390 868
1570400 864
1570410 864
1570420 862
1570430 862
1570440 863
1570450 863
1570460 863
1570470 862
1570480 862
1570490 860
1570500 856
1570510 856
1570520 852
1570530 844
1570540 844
1570550 835
1570560 828
1570570 828
1570580 821
1570590 817
1570600 817
1570610 812
1570620 806
1570630 800
1570640 800
1570650 793
1570660 786
1570670 786
1570680 780
1570690 775
1570700 775
1570710 771
1570720 768
1570730 768
1570740 764
1570750 759
1570760 759
1570770 756
1570780 755
1570790 753
1570800 753
1570810 753
1570820 753
1570830 753
1570840 753
1570850 753
1570860 753
1570870 753
1570880 753
1570890 753
1570900 753
1570910 753
1570920 753
1570930 753
1570940 753
1570950 753
1570960 753
1570970 753
1570980 753
1570990 753
1571000 753
1571010 753
1571020 753
1571030 752
1571040 752
1571050 752
1571060 752
1571070 752
1571080 752
1571090 752
1571100 752
1571110 752
1571120 752
1571130 752
1571140 752
1571150 752
1571160 752
1571170 752
1571180 752
1571190 752
1571200 752
1571210 752
1571220 752
1571230 752
1571240 752
1571250 752
1571260 752
1571270 752
1571280 752
1571290 752
1571300 752
1571310 752
1571320 752
1571330 752
1571340 752
1571350 752
1571360 752
1571370 752
1571380 752
1571390 752
1571400 752
1571410 752
1571420 752
1571430 752
1571440 752
1571450 752
1571460 752
1571470 752
1571480 752
1571490 752
1571500 753
1571510 754
1571520 754
1571530 755
1571540 755
1571550 756
1571560 756
1571570 757
1571580 759
1571590 759
1571600 761
1571610 763
1571620 763
1571630 766
1571640 768
1571650 768
1571660 772
1571670 776
1571680 776
1571690 780
1571700 784
1571710 784
1571720 789
1571730 794
1571740 799
1571750 799
1571760 805
1571770 811
1571780 811
1571790 819
1571800 826
1571810 826
1571820 830
1571830 835
1571840 835
1571850 839
1571860 844
1571870 844
1571880 848
1571890 853
1571900 853
1571910 858
1571920 862
1571930 868
1571940 868
1571950 875
1571960 880
1571970 880
1571980 885
1571990 889
1572000 889
1572010 894
1572020 901
1572030 901
1572040 906
1572050 912
1572060 912
1572070 917
1572080 925
1572090 925
1572100 932
1572110 937
1572120 941
1572130 941
1572140 944
1572150 947
1572160 947
1572170 949
1572180 951
1572190 951
1572200 953
1572210 956
1572220 956
1572230 962
1572240 965
1572250 965
1572260 968
1572270 971
1572280 971
1572290 974
1572300 977
1572310 980
1572320 980
1572330 981
1572340 983
1572350 983
1572360 985
1572370 987
1572380 987
1572390 990
1572400 993
1572410 993
1572420 996
1572430 1000
1572440 1000
1572450 1004
1572460 1008
1572470 1008
1572480 1013
1572490 1018
1572500 1023
1572510 1023
1572520 1028
1572530 1033
1572540 1033
1572550 1038
1572560 1042
1572570 1042
1572580 1047
1572590 1052
1572600 1052
1572610 1056
1572620 1061
1572630 1061
1572640 1064
1572650 1067
1572660 1067
1572670 1073
1572680 1077
1572690 1081
1572700 1081
1572710 1085
1572720 1089
1572730 1089
1572740 1092
1572750 1095
1572760 1095
1572770 1098
1572780 1101
1572790 1101
1572800 1105
1572810 1108
1572820 1108
1572830 1112
1572840 1116
1572850 1121
1572860 1121
1572870 1125
1572880 1129
1572890 1129
1572900 1134
1572910 1139
1572920 1139
1572930 1144
1572940 1147
1572950 1147
1572960 1151
1572970 1155
1572980 1155
1572990 1160
1573000 1164
1573010 1164
1573020 1168
1573030 1172
1573040 1175
1573050 1175
1573060 1178
1573070 1181
1573080 1181
1573090 1184
1573100 1187
1573110 1190
1573120 1193
1573130 1197
1573140 1197
1573150 1200
1573160 1203
1573170 1203
1573180 1206
1573190 1209
1573200 1209
1573210 1212
1573220 1214
1573230 1217
1573240 1217
1573250 1220
1573260 1222
1573270 1222
1573280 1225
1573290 1228
1573300 1228
1573310 1229
1573320 1230
1573330 1230
1573340 1231
1573350 1231
1573360 1231
1573370 1230
1573380 1229
1573390 1229
1573400 1227
1573410 1224
1573420 1221
1573430 1221
1573440 1218
1573450 1214
1573460 1214
1573470 1209
1573480 1206
1573490 1206
1573500 1203
1573510 1200
1573520 1200
1573530 1196
1573540 1192
1573550 1192
1573560 1188
1573570 1184
1573580 1184
1573590 1180
1573600 1176
1573610 1172
1573620 1172
1573630 1168
1573640 1164
1573650 1164
1573660 1161
1573670 1157
1573680 1157
1573690 1153
1573700 1149
1573710 1149
1573720 1145
1573730 1141
1573740 1141
1573750 1137
1573760 1134
1573770 1134
1573780 1130
1573790 1126
1573800 1122
1573810 1122
1573820 1118
1573830 1114
1573840 1114
1573850 1110
1573860 1106
1573870 1106
1573880 1102
1573890 1097
1573900 1097
1573910 1092
1573920 1088
1573930 1088
1573940 1083
1573950 1078
1573960 1078
1573970 1074
1573980 1069
1573990 1065
1574000 1065
1574010 1060
1574020 1056
1574030 1056
1574040 1052
1574050 1048
1574060 1048
1574070 1044
1574080 1040
1574090 1040
1574100 1036
1574110 1032
1574120 1032
1574130 1028
1574140 1024
1574150 1024
1574160 1020
1574170 1016
1574180 1012
1574190 1012
1574200 1008
1574210 1003
1574220 1003
1574230 999
1574240 995
1574250 995
1574260 991
1574270 986
1574280 986
1574290 982
1574300 977
1574310 977
1574320 973
1574330 968
1574340 968
1574350 964
1574360 959
1574370 955
1574380 955
1574390 951
1574400 947
1574410 947
1574420 942
1574430 939
1574440 939
1574450 935
1574460 933
1574470 933
1574480 930
1574490 927
1574500 927
1574510 925
1574520 921
1574530 921
1574540 918
1574550 916
1574560 916
1574570 916
1574580 919
1574590 921
1574600 921
1574610 923
1574620 926
1574630 926
1574640 928
1574650 929
1574660 929
1574670 931
1574680 931
1574690 931
1574700 932
1574710 932
1574720 932
1574730 933
1574740 933
1574750 933
1574760 933
1574770 932
1574780 932
1574790 932
1574800 932
1574810 932
1574820 932
1574830 932
1574840 932
1574850 932
1574860 931
1574870 931
1574880 931
1574890 931
1574900 931
1574910 931
1574920 932
1574930 932
1574940 933
1574950 933
1574960 937
1574970 940
1574980 940
1574990 941
1575000 942
1575010 942
1575020 943
1575030 943
1575040 943
1575050 943
1575060 942
1575070 942
1575080 943
1575090 944
1575100 944
1575110 944
1575120 945
1575130 946
1575140 946
1575150 946
1575160 946
1575170 946
1575180 946
1575190 945
1575200 945
1575210 944
1575220 942
1575230 942
1575240 939
1575250 936
1575260 936
1575270 933
1575280 929
1575290 926
1575300 926
1575310 924
1575320 921
1575330 921
1575340 918
1575350 914
1575360 914
1575370 910
1575380 907
1575390 907
1575400 903
1575410 900
1575420 900
1575430 896
1575440 891
1575450 891
1575460 886
1575470 881
1575480 875
1575490 875
1575500 870
1575510 866
1575520 866
1575530 863
1575540 857
1575550 857
1575560 852
1575570 849
1575580 849
1575590 846
1575600 842
1575610 842
1575620 839
1575630 835
1575640 835
1575650 831
1575660 827
1575670 824
1575680 824
1575690 821
1575700 819
1575710 819
1575720 816
1575730 816
1575740 816
1575750 816
1575760 816
1575770 816
1575780 817
1575790 819
1575800 819
1575810 821
1575820 824
1575830 824
1575840 827
1575850 830
1575860 833
1575870 833
1575880 836
1575890 839
1575900 839
1575910 844
1575920 848
1575930 848
1575940 852
1575950 856
1575960 856
1575970 861
1575980 866
1575990 866
1576000 871
1576010 877
1576020 877
1576030 882
1576040 885
1576050 891
1576060 891
1576070 894
1576080 895
1576090 895
1576100 894
1576110 895
1576120 895
1576130 897
1576140 899
1576150 899
1576160 901
1576170 905
1576180 905
1576190 909
1576200 914
1576210 914
1576220 918
1576230 922
1576240 925
1576250 925
1576260 928
1576270 929
1576280 929
1576290 932
1576300 936
1576310 936
1576320 940
1576330 945
1576340 945
1576350 948
1576360 950
1576370 950
1576380 953
1576390 956
1576400 956
1576410 959
1576420 960
1576430 963
1576440 963
1576450 966
1576460 970
1576470 970
1576480 973
1576490 975
1576500 975
1576510 977
1576520 980
1576530 980
1576540 983
1576550 987
1576560 987
1576570 990
1576580 994
1576590 994
1576600 996
1576610 999
1576620 1002
1576630 1002
1576640 1003
1576650 1004
1576660 1004
1576670 1005
1576680 1006
1576690 1006
1576700 1008
1576710 1011
1576720 1011
1576730 1015
1576740 1017
1576750 1017
1576760 1021
1576770 1025
1576780 1025
1576790 1029
1576800 1032
1576810 1035
1576820 1035
1576830 1038
1576840 1041
1576850 1041
1576860 1044
1576870 1046
1576880 1046
1576890 1049
1576900 1051
1576910 1051
1576920 1054
1576930 1056
1576940 1056
1576950 1059
1576960 1061
1576970 1061
1576980 1064
1576990 1067
1577000 1069
1577010 1069
1577020 1072
1577030 1075
1577040 1075
1577050 1078
1577060 1081
1577070 1081
1577080 1084
1577090 1087
1577100 1087
1577110 1090
1577120 1093
1577130 1093
1577140 1097
1577150 1100
1577160 1102
1577170 1102
1577180 1105
1577190 1110
1577200 1110
1577210 1113
1577220 1116
1577230 1116
1577240 1119
1577250 1122
1577260 1122
1577270 1125
1577280 1128
1577290 1128
1577300 1132
1577310 1135
1577320 1135
1577330 1138
1577340 1141
1577350 1143
1577360 1143
1577370 1146
1577380 1148
1577390 1148
1577400 1151
1577410 1154
1577420 1154
1577430 1158
1577440 1161
1577450 1161
1577460 1164
1577470 1167
1577480 1167
1577490 1170
1577500 1174
1577510 1174
1577520 1178
1577530 1183
1577540 1186
1577550 1186
1577560 1190
1577570 1193
1577580 1193
1577590 1196
1577600 1199
1577610 1199
1577620 1203
1577630 1207
1577640 1207
1577650 1211
1577660 1214
1577670 1214
1577680 1217
1577690 1220
1577700 1220
1577710 1223
1577720 1226
1577730 1228
1577740 1228
1577750 1230
1577760 1233
1577770 1233
1577780 1235
1577790 1238
1577800 1238
1577810 1241
1577820 1243
1577830 1243
1577840 1245
1577850 1248
1577860 1248
1577870 1251
1577880 1253
1577890 1253
1577900 1253
1577910 1255
1577920 1256
1577930 1256
1577940 1258
1577950 1259
1577960 1259
1577970 1260
1577980 1261
1577990 1261
1578000 1261
1578010 1260
1578020 1260
1578030 1259
1578040 1256
1578050 1256
1578060 1254
1578070 1252
1578080 1252
1578090 1250
1578100 1248
1578110 1246
1578120 1246
1578130 1244
1578140 1242
1578150 1242
1578160 1241
1578170 1239
1578180 1239
1578190 1238
1578200 1236
1578210 1236
1578220 1234
1578230 1233
1578240 1233
1578250 1232
1578260 1231
1578270 1231
1578280 1230
1578290 1229
1578300 1229
1578310 1229
1578320 1228
1578330 1227
1578340 1227
1578350 1227
1578360 1227
1578370 1227
1578380 1227
1578390 1227
1578400 1227
1578410 1227
1578420 1226
1578430 1226
1578440 1226
1578450 1226
1578460 1226
1578470 1227
1578480 1227
1578490 1227
1578500 1227
1578510 1227
1578520 1228
1578530 1228
1578540 1228
1578550 1228
1578560 1228
1578570 1228
1578580 1229
1578590 1229
1578600 1229
1578610 1230
1578620 1230
1578630 1230
1578640 1232
1578650 1232
1578660 1232
1578670 1232
1578680 1231
1578690 1231
1578700 1231
1578710 1232
1578720 1232
1578730 1232
1578740 1231
1578750 1231
1578760 1231
1578770 1230
1578780 1230
1578790 1229
1578800 1226
1578810 1226
1578820 1224
1578830 1222
1578840 1222
1578850 1220
1578860 1218
1578870 1216
1578880 1216
1578890 1213
1578900 1210
1578910 1210
1578920 1207
1578930 1204
1578940 1204
1578950 1201
1578960 1198
1578970 1198
1578980 1195
1578990 1192
1579000 1192
1579010 1189
1579020 1186
1579030 1186
1579040 1183
1579050 1180
1579060 1178
1579070 1178
1579080 1176
1579090 1173
1579100 1173
1579110 1171
1579120 1169
1579130 1169
1579140 1167
1579150 1166
1579160 1166
1579170 1165
1579180 1163
1579190 1163
1579200 1162
1579210 1162
1579220 1162
1579230 1161
1579240 1160
1579250 1159
1579260 1159
1579270 1159
1579280 1158
1579290 1158
1579300 1158
1579310 1157
1579320 1157
1579330 1157
1579340 1157
1579350 1157
1579360 1156
1579370 1155
1579380 1155
1579390 1154
1579400 1153
1579410 1152
1579420 1152
1579430 1150
1579440 1148
1579450 1148
1579460 1146
1579470 1144
1579480 1144
1579490 1142
1579500 1140
1579510 1140
1579520 1138
1579530 1135
1579540 1135
1579550 1133
1579560 1130
1579570 1130
1579580 1128
1579590 1126
1579600 1124
1579610 1124
1579620 1122
1579630 1121
1579640 1121
1579650 1118
1579660 1115
1579670 1115
1579680 1112
1579690 1109
1579700 1109
1579710 1106
1579720 1104
1579730 1104
1579740 1102
1579750 1100
1579760 1100
1579770 1098
1579780 1095
1579790 1093
1579800 1093
1579810 1091
1579820 1089
1579830 1089
1579840 1087
1579850 1085
1579860 1085
1579870 1084
1579880 1081
1579890 1081
1579900 1078
1579910 1076
1579920 1076
1579930 1072
1579940 1069
1579950 1069
1579960 1065
1579970 1059
1579980 1055
1579990 1055
