1560000 1327
1560010 1322
1560020 1322
1560030 1317
1560040 1312
1560050 1312
1560060 1307
1560070 1302
1560080 1296
1560090 1296
1560100 1292
1560110 1289
1560120 1289
1560130 1285
1560140 1282
1560150 1282
1560160 1278
1560170 1275
1560180 1275
1560190 1272
1560200 1268
1560210 1268
1560220 1263
1560230 1259
1560240 1259
1560250 1254
1560260 1250
1560270 1246
1560280 1246
1560290 1242
1560300 1238
1560310 1238
1560320 1235
1560330 1231
1560340 1231
1560350 1227
1560360 1223
1560370 1223
1560380 1219
1560390 1215
1560400 1215
1560410 1210
1560420 1205
1560430 1205
1560440 1200
1560450 1196
1560460 1192
1560470 1192
1560480 1189
1560490 1185
1560500 1185
1560510 1181
1560520 1177
1560530 1177
1560540 1175
1560550 1172
1560560 1172
1560570 1169
1560580 1166
1560590 1166
1560600 1163
1560610 1160
1560620 1160
1560630 1157
1560640 1153
1560650 1150
1560660 1150
1560670 1147
1560680 1144
1560690 1144
1560700 1142
1560710 1139
1560720 1139
1560730 1136
1560740 1132
1560750 1132
1560760 1128
1560770 1124
1560780 1124
1560790 1120
1560800 1117
1560810 1117
1560820 1115
1560830 1113
1560840 1109
1560850 1109
1560860 1105
1560870 1101
1560880 1101
1560890 1096
1560900 1093
1560910 1093
1560920 1089
1560930 1086
1560940 1086
1560950 1082
1560960 1081
1560970 1081
1560980 1082
1560990 1085
1561000 1085
1561010 1088
1561020 1090
1561030 1096
1561040 1096
1561050 1100
1561060 1103
1561070 1103
1561080 1107
1561090 1112
1561100 1112
1561110 1116
1561120 1118
1561130 1118
1561140 1122
1561150 1124
1561160 1124
1561170 1128
1561180 1132
1561190 1132
1561200 1135
1561210 1139
1561220 1142
1561230 1142
1561240 1146
1561250 1151
1561260 1151
1561270 1153
1561280 1154
1561290 1154
1561300 1154
1561310 1155
1561320 1155
1561330 1155
1561340 1154
1561350 1154
1561360 1154
1561370 1155
1561380 1155
1561390 1155
1561400 1157
1561410 1160
1561420 1160
1561430 1163
1561440 1166
1561450 1166
1561460 1169
1561470 1173
1561480 1173
1561490 1175
1561500 1179
1561510 1179
1561520 1183
1561530 1186
1561540 1186
1561550 1188
1561560 1188
1561570 1188
1561580 1190
1561590 1191
1561600 1193
1561610 1193
1561620 1195
1561630 1197
1561640 1197
1561650 1199
1561660 1202
1561670 1202
1561680 1207
1561690 1211
1561700 1211
1561710 1213
1561720 1216
1561730 1216
1561740 1219
1561750 1221
1561760 1221
1561770 1222
1561780 1223
1561790 1223
1561800 1223
1561810 1223
1561820 1223
1561830 1223
1561840 1223
1561850 1221
1561860 1221
1561870 1220
1561880 1214
1561890 1214
1561900 1209
1561910 1206
1561920 1206
1561930 1202
1561940 1200
1561950 1200
1561960 1202
1561970 1203
1561980 1204
1561990 1204
1562000 1206
1562010 1208
1562020 1208
1562030 1209
1562040 1210
1562050 1210
1562060 1212
1562070 1215
1562080 1215
1562090 1217
1562100 1219
1562110 1219
1562120 1221
1562130 1224
1562140 1224
1562150 1226
1562160 1229
1562170 1232
1562180 1232
1562190 1235
1562200 1238
1562210 1238
1562220 1240
1562230 1242
1562240 1242
1562250 1245
1562260 1248
1562270 1248
1562280 1251
1562290 1255
1562300 1255
1562310 1257
1562320 1259
1562330 1259
1562340 1261
1562350 1264
1562360 1266
1562370 1266
1562380 1268
1562390 1270
1562400 1270
1562410 1272
1562420 1273
1562430 1273
1562440 1275
1562450 1277
1562460 1277
1562470 1279
1562480 1280
1562490 1280
1562500 1282
1562510 1283
1562520 1283
1562530 1284
1562540 1284
1562550 1283
1562560 1283
1562570 1283
1562580 1282
1562590 1282
1562600 1281
1562610 1280
1562620 1280
1562630 1279
1562640 1277
1562650 1277
1562660 1275
1562670 1274
1562680 1274
1562690 1272
1562700 1271
1562710 1271
1562720 1270
1562730 1268
1562740 1267
1562750 1267
1562760 1267
1562770 1265
1562780 1265
1562790 1263
1562800 1261
1562810 1261
1562820 1258
1562830 1256
1562840 1256
1562850 1254
1562860 1252
1562870 1252
1562880 1255
1562890 1254
1562900 1254
1562910 1253
1562920 1252
1562930 1250
1562940 1250
1562950 1248
1562960 1246
1562970 1246
1562980 1244
1562990 1242
1563000 1242
1563010 1243
1563020 1244
1563030 1244
1563040 1245
1563050 1246
1563060 1246
1563070 1247
1563080 1247
1563090 1248
1563100 1248
1563110 1249
1563120 1251
1563130 1251
1563140 1252
1563150 1253
1563160 1253
1563170 1254
1563180 1254
1563190 1254
1563200 1254
1563210 1255
1563220 1255
1563230 1256
1563240 1257
1563250 1257
1563260 1257
1563270 1256
1563280 1255
1563290 1255
1563300 1251
1563310 1246
1563320 1246
1563330 1242
1563340 1242
1563350 1242
1563360 1245
1563370 1248
1563380 1248
1563390 1251
1563400 1253
1563410 1253
1563420 1254
1563430 1254
1563440 1254
1563450 1256
1563460 1257
1563470 1260
1563480 1260
1563490 1263
1563500 1267
1563510 1267
1563520 1270
1563530 1272
1563540 1272
1563550 1274
1563560 1276
1563570 1276
1563580 1279
1563590 1281
1563600 1281
1563610 1283
1563620 1287
1563630 1287
1563640 1291
1563650 1294
1563660 1297
1563670 1297
1563680 1298
1563690 1300
1563700 1300
1563710 1302
1563720 1304
1563730 1304
1563740 1306
1563750 1309
1563760 1309
1563770 1312
1563780 1315
1563790 1315
1563800 1319
1563810 1322
1563820 1322
1563830 1326
1563840 1330
1563850 1335
1563860 1335
1563870 1339
1563880 1342
1563890 1342
1563900 1346
1563910 1350
1563920 1350
1563930 1353
1563940 1357
1563950 1357
1563960 1361
1563970 1364
1563980 1364
1563990 1366
1564000 1369
1564010 1369
1564020 1373
1564030 1376
1564040 1380
1564050 1380
1564060 1384
1564070 1387
1564080 1387
1564090 1390
1564100 1392
1564110 1392
1564120 1395
1564130 1398
1564140 1398
1564150 1402
1564160 1405
1564170 1405
1564180 1408
1564190 1410
1564200 1410
1564210 1413
1564220 1416
1564230 1419
1564240 1419
1564250 1421
1564260 1424
1564270 1424
1564280 1426
1564290 1429
1564300 1429
1564310 1432
1564320 1435
1564330 1435
1564340 1437
1564350 1439
1564360 1439
1564370 1441
1564380 1443
1564390 1443
1564400 1444
1564410 1446
1564420 1448
1564430 1448
1564440 1450
1564450 1452
1564460 1452
1564470 1453
1564480 1456
1564490 1456
1564500 1458
1564510 1460
1564520 1460
1564530 1461
1564540 1464
1564550 1464
1564560 1466
1564570 1468
1564580 1468
1564590 1471
1564600 1474
1564610 1476
1564620 1476
1564630 1478
1564640 1480
1564650 1480
1564660 1481
1564670 1482
1564680 1482
1564690 1483
1564700 1484
1564710 1484
1564720 1484
1564730 1484
1564740 1484
1564750 1483
1564760 1483
1564770 1483
1564780 1483
1564790 1483
1564800 1484
1564810 1484
1564820 1485
1564830 1486
1564840 1486
1564850 1486
1564860 1486
1564870 1486
1564880 1486
1564890 1485
1564900 1485
1564910 1486
1564920 1487
1564930 1487
1564940 1488
1564950 1489
1564960 1489
1564970 1489
1564980 1490
1564990 1491
1565000 1491
1565010 1491
1565020 1491
1565030 1491
1565040 1492
1565050 1493
1565060 1493
1565070 1493
1565080 1492
1565090 1492
1565100 1491
1565110 1490
1565120 1490
1565130 1488
1565140 1486
1565150 1486
1565160 1485
1565170 1485
1565180 1484
1565190 1484
1565200 1483
1565210 1483
1565220 1483
1565230 1482
1565240 1483
1565250 1483
1565260 1484
1565270 1484
1565280 1484
1565290 1483
1565300 1481
1565310 1481
1565320 1480
1565330 1478
1565340 1478
1565350 1476
1565360 1474
1565370 1472
1565380 1472
1565390 1470
1565400 1469
1565410 1469
1565420 1468
1565430 1467
1565440 1467
1565450 1466
1565460 1462
1565470 1462
1565480 1457
1565490 1452
1565500 1452
1565510 1448
1565520 1445
1565530 1445
1565540 1442
1565550 1439
1565560 1434
1565570 1434
1565580 1431
1565590 1428
1565600 1428
1565610 1426
1565620 1422
1565630 1422
1565640 1419
1565650 1415
1565660 1415
1565670 1411
1565680 1407
1565690 1407
1565700 1403
1565710 1399
1565720 1399
1565730 1394
1565740 1390
1565750 1385
1565760 1385
1565770 1381
1565780 1377
1565790 1377
1565800 1373
1565810 1368
1565820 1368
1565830 1364
1565840 1360
1565850 1360
1565860 1355
1565870 1351
1565880 1351
1565890 1346
1565900 1342
1565910 1342
1565920 1338
1565930 1334
1565940 1330
1565950 1330
1565960 1326
1565970 1322
1565980 1322
1565990 1318
1566000 1314
1566010 1314
1566020 1310
1566030 1306
1566040 1306
1566050 1299
1566060 1295
1566070 1295
1566080 1290
1566090 1285
1566100 1285
1566110 1280
1566120 1276
1566130 1270
1566140 1270
1566150 1265
1566160 1260
1566170 1260
1566180 1255
1566190 1250
1566200 1250
1566210 1246
1566220 1242
1566230 1242
1566240 1238
1566250 1234
1566260 1234
1566270 1229
1566280 1224
1566290 1224
1566300 1220
1566310 1215
1566320 1210
1566330 1210
1566340 1206
1566350 1202
1566360 1202
1566370 1197
1566380 1193
1566390 1193
1566400 1189
1566410 1185
1566420 1185
1566430 1181
1566440 1178
1566450 1178
1566460 1174
1566470 1170
1566480 1170
1566490 1166
1566500 1163
1566510 1160
1566520 1160
1566530 1157
1566540 1156
1566550 1156
1566560 1154
1566570 1151
1566580 1151
1566590 1148
1566600 1145
1566610 1145
1566620 1142
1566630 1139
1566640 1139
1566650 1137
1566660 1136
1566670 1136
1566680 1135
1566690 1133
1566700 1131
1566710 1131
1566720 1129
1566730 1127
1566740 1127
1566750 1125
1566760 1123
1566770 1123
1566780 1122
1566790 1123
1566800 1123
1566810 1126
1566820 1129
1566830 1129
1566840 1131
1566850 1134
1566860 1134
1566870 1136
1566880 1138
1566890 1140
1566900 1140
1566910 1142
1566920 1144
1566930 1144
1566940 1147
1566950 1149
1566960 1149
1566970 1150
1566980 1151
1566990 1151
1567000 1151
1567010 1150
1567020 1150
1567030 1148
1567040 1146
1567050 1144
1567060 1144
1567070 1142
1567080 1140
1567090 1140
1567100 1138
1567110 1136
1567120 1136
1567130 1135
1567140 1132
1567150 1132
1567160 1130
1567170 1127
1567180 1127
1567190 1124
1567200 1121
1567210 1121
1567220 1119
1567230 1116
1567240 1114
1567250 1114
1567260 1111
1567270 1108
1567280 1108
1567290 1105
1567300 1102
1567310 1102
1567320 1099
1567330 1095
1567340 1095
1567350 1092
1567360 1087
1567370 1087
1567380 1082
1567390 1078
1567400 1078
1567410 1076
1567420 1074
1567430 1073
1567440 1073
1567450 1072
1567460 1068
1567470 1068
1567480 1065
1567490 1061
1567500 1061
1567510 1057
1567520 1053
1567530 1053
1567540 1051
1567550 1048
1567560 1048
1567570 1045
1567580 1042
1567590 1043
1567600 1041
1567610 1039
1567620 1037
1567630 1037
1567640 1035
1567650 1034
1567660 1034
1567670 1033
1567680 1032
1567690 1032
1567700 1030
1567710 1027
1567720 1027
1567730 1025
1567740 1023
1567750 1023
1567760 1021
1567770 1020
1567780 1020
1567790 1019
1567800 1017
1567810 1015
1567820 1015
1567830 1014
1567840 1013
1567850 1013
1567860 1010
1567870 1007
1567880 1007
1567890 1005
1567900 1004
1567910 1004
1567920 1003
1567930 1001
1567940 1001
1567950 999
1567960 994
1567970 994
1567980 988
1567990 982
1568000 977
1568010 977
1568020 974
1568030 979
1568040 979
1568050 985
1568060 992
1568070 992
1568080 999
1568090 1004
1568100 1004
1568110 1008
1568120 1011
1568130 1011
1568140 1013
1568150 1016
1568160 1016
1568170 1018
1568180 1019
1568190 1020
1568200 1020
1568210 1021
1568220 1021
1568230 1021
1568240 1022
1568250 1023
1568260 1023
1568270 1023
1568280 1024
1568290 1024
1568300 1026
1568310 1027
1568320 1027
1568330 1029
1568340 1030
1568350 1030
1568360 1032
1568370 1034
1568380 1037
1568390 1037
1568400 1039
1568410 1042
1568420 1042
1568430 1045
1568440 1049
1568450 1049
1568460 1051
1568470 1053
1568480 1053
1568490 1054
1568500 1057
1568510 1057
1568520 1060
1568530 1063
1568540 1063
1568550 1065
1568560 1066
1568570 1067
1568580 1067
1568590 1069
1568600 1071
1568610 1071
1568620 1072
1568630 1072
1568640 1072
1568650 1071
1568660 1071
1568670 1071
1568680 1071
1568690 1071
1568700 1071
1568710 1071
1568720 1070
1568730 1070
1568740 1068
1568750 1064
1568760 1060
1568770 1060
1568780 1054
1568790 1047
1568800 1047
1568810 1041
1568820 1034
1568830 1034
1568840 1028
1568850 1023
1568860 1023
1568870 1018
1568880 1011
1568890 1011
1568900 1007
1568910 1002
1568920 1002
1568930 997
1568940 993
1568950 990
1568960 990
1568970 986
1568980 983
1568990 983
1569000 980
1569010 977
1569020 977
1569030 970
1569040 962
1569050 962
1569060 958
1569070 954
1569080 954
1569090 950
1569100 947
1569110 947
1569120 943
1569130 939
1569140 935
1569150 935
1569160 931
1569170 928
1569180 928
1569190 925
1569200 924
1569210 924
1569220 922
1569230 922
1569240 922
1569250 921
1569260 921
1569270 921
1569280 919
1569290 916
1569300 916
1569310 913
1569320 910
1569330 907
1569340 907
1569350 902
1569360 897
1569370 897
1569380 893
1569390 888
1569400 888
1569410 884
1569420 880
1569430 880
1569440 876
1569450 871
1569460 871
1569470 868
1569480 866
1569490 866
1569500 861
1569510 855
1569520 850
1569530 850
1569540 844
1569550 839
1569560 839
1569570 833
1569580 827
1569590 827
1569600 821
1569610 815
1569620 815
1569630 807
1569640 801
1569650 801
1569660 794
1569670 788
1569680 788
1569690 785
1569700 783
1569710 783
1569720 783
1569730 781
1569740 779
1569750 779
1569760 777
1569770 776
1569780 776
1569790 775
1569800 773
1569810 773
1569820 772
1569830 771
1569840 771
1569850 768
1569860 767
1569870 767
1569880 767
1569890 766
1569900 765
1569910 765
1569920 765
1569930 765
1569940 765
1569950 765
1569960 765
1569970 765
1569980 765
1569990 765
1570000 765
1570010 765
1570020 765
1570030 765
1570040 765
1570050 765
1570060 765
1570070 765
1570080 765
1570090 765
1570100 765
1570110 765
1570120 765
1570130 765
1570140 766
1570150 766
1570160 766
1570170 766
1570180 766
1570190 766
1570200 766
1570210 766
1570220 766
1570230 766
1570240 766
1570250 766
1570260 766
1570270 766
1570280 766
1570290 766
1570300 767
1570310 767
1570320 767
1570330 767
1570340 767
1570350 767
1570360 767
1570370 767
1570380 767
1570390 767
1570400 768
1570410 768
1570420 768
1570430 769
1570440 769
1570450 769
1570460 769
1570470 769
1570480 769
1570490 770
1570500 771
1570510 771
1570520 769
1570530 768
1570540 768
1570550 768
1570560 768
1570570 768
1570580 768
1570590 770
1570600 770
1570610 773
1570620 778
1570630 783
1570640 783
1570650 788
1570660 791
1570670 791
1570680 796
1570690 801
1570700 801
1570710 803
1570720 806
1570730 806
1570740 810
1570750 814
1570760 814
1570770 819
1570780 822
1570790 822
1570800 824
1570810 828
1570820 831
1570830 831
1570840 835
1570850 838
1570860 838
1570870 842
1570880 847
1570890 847
1570900 850
1570910 856
1570920 856
1570930 861
1570940 865
1570950 865
1570960 868
1570970 872
1570980 872
1570990 876
1571000 881
1571010 886
1571020 886
1571030 890
1571040 894
1571050 894
1571060 898
1571070 902
1571080 902
1571090 906
1571100 909
1571110 909
1571120 913
1571130 917
1571140 917
1571150 920
1571160 921
1571170 921
1571180 923
1571190 925
1571200 929
1571210 929
1571220 934
1571230 939
1571240 939
1571250 945
1571260 950
1571270 950
1571280 955
1571290 961
1571300 961
1571310 965
1571320 969
1571330 969
1571340 970
1571350 972
1571360 972
1571370 975
1571380 979
1571390 982
1571400 982
1571410 984
1571420 986
1571430 986
1571440 990
1571450 995
1571460 995
1571470 998
1571480 1001
1571490 1001
1571500 1004
1571510 1007
1571520 1007
1571530 1011
1571540 1014
1571550 1014
1571560 1017
1571570 1018
1571580 1020
1571590 1020
1571600 1020
1571610 1021
1571620 1021
1571630 1022
1571640 1023
1571650 1023
1571660 1024
1571670 1025
1571680 1025
1571690 1026
1571700 1027
1571710 1027
1571720 1028
1571730 1029
1571740 1029
1571750 1030
1571760 1031
1571770 1033
1571780 1033
1571790 1035
1571800 1037
1571810 1037
1571820 1039
1571830 1041
1571840 1041
1571850 1042
1571860 1043
1571870 1043
1571880 1045
1571890 1045
1571900 1045
1571910 1045
1571920 1045
1571930 1045
1571940 1046
1571950 1046
1571960 1046
1571970 1046
1571980 1046
1571990 1045
1572000 1045
1572010 1044
1572020 1043
1572030 1043
1572040 1045
1572050 1045
1572060 1045
1572070 1044
1572080 1044
1572090 1044
1572100 1044
1572110 1043
1572120 1043
1572130 1041
1572140 1041
1572150 1041
1572160 1041
1572170 1042
1572180 1044
1572190 1044
1572200 1046
1572210 1048
1572220 1048
1572230 1050
1572240 1051
1572250 1051
1572260 1053
1572270 1055
1572280 1055
1572290 1057
1572300 1059
1572310 1059
1572320 1060
1572330 1060
1572340 1062
1572350 1062
1572360 1066
1572370 1069
1572380 1069
1572390 1071
1572400 1074
1572410 1074
1572420 1076
1572430 1079
1572440 1079
1572450 1081
1572460 1084
1572470 1084
1572480 1086
1572490 1089
1572500 1089
1572510 1093
1572520 1096
1572530 1099
1572540 1099
1572550 1100
1572560 1101
1572570 1101
1572580 1101
1572590 1101
1572600 1101
1572610 1102
1572620 1104
1572630 1104
1572640 1107
1572650 1110
1572660 1110
1572670 1113
1572680 1117
1572690 1117
1572700 1120
1572710 1124
1572720 1128
1572730 1128
1572740 1131
1572750 1134
1572760 1134
1572770 1137
1572780 1140
1572790 1140
1572800 1142
1572810 1144
1572820 1144
1572830 1147
1572840 1150
1572850 1150
1572860 1153
1572870 1156
1572880 1156
1572890 1159
1572900 1163
1572910 1166
1572920 1166
1572930 1170
1572940 1175
1572950 1175
1572960 1180
1572970 1184
1572980 1184
1572990 1187
1573000 1190
1573010 1190
1573020 1193
1573030 1196
1573040 1196
1573050 1199
1573060 1203
1573070 1203
1573080 1206
1573090 1210
1573100 1214
1573110 1214
1573120 1219
1573130 1224
1573140 1224
1573150 1228
1573160 1231
1573170 1231
1573180 1233
1573190 1235
1573200 1235
1573210 1237
1573220 1240
1573230 1240
1573240 1241
1573250 1243
1573260 1243
1573270 1244
1573280 1244
1573290 1244
1573300 1244
1573310 1244
1573320 1243
1573330 1243
1573340 1243
1573350 1242
1573360 1242
1573370 1241
1573380 1240
1573390 1240
1573400 1238
1573410 1236
1573420 1236
1573430 1234
1573440 1232
1573450 1232
1573460 1231
1573470 1228
1573480 1225
1573490 1225
1573500 1222
1573510 1220
1573520 1220
1573530 1217
1573540 1214
1573550 1214
1573560 1211
1573570 1207
1573580 1207
1573590 1204
1573600 1201
1573610 1201
1573620 1197
1573630 1193
1573640 1193
1573650 1189
1573660 1185
1573670 1180
1573680 1180
1573690 1176
1573700 1172
1573710 1172
1573720 1169
1573730 1166
1573740 1166
1573750 1164
1573760 1162
1573770 1162
1573780 1160
1573790 1158
1573800 1158
1573810 1156
1573820 1153
1573830 1153
1573840 1151
1573850 1150
1573860 1149
1573870 1149
1573880 1149
1573890 1148
1573900 1148
1573910 1148
1573920 1148
1573930 1148
1573940 1148
1573950 1147
1573960 1147
1573970 1145
1573980 1144
1573990 1144
1574000 1143
1574010 1141
1574020 1141
1574030 1140
1574040 1137
1574050 1135
1574060 1135
1574070 1133
1574080 1130
1574090 1130
1574100 1128
1574110 1126
1574120 1126
1574130 1124
1574140 1122
1574150 1122
1574160 1120
1574170 1118
1574180 1118
1574190 1116
1574200 1114
1574210 1114
1574220 1112
1574230 1110
1574240 1107
1574250 1107
1574260 1105
1574270 1103
1574280 1103
1574290 1101
1574300 1099
1574310 1099
1574320 1096
1574330 1093
1574340 1093
1574350 1091
1574360 1088
1574370 1088
1574380 1086
1574390 1085
1574400 1085
1574410 1083
1574420 1081
1574430 1080
1574440 1080
1574450 1079
1574460 1078
1574470 1078
1574480 1076
1574490 1074
1574500 1074
1574510 1072
1574520 1070
1574530 1070
1574540 1067
1574550 1064
1574560 1064
1574570 1062
1574580 1059
1574590 1059
1574600 1056
1574610 1054
1574620 1051
1574630 1051
1574640 1049
1574650 1044
1574660 1044
1574670 1039
1574680 1035
1574690 1035
1574700 1031
1574710 1028
1574720 1028
1574730 1025
1574740 1021
1574750 1021
1574760 1015
1574770 1010
1574780 1010
1574790 1006
1574800 1002
1574810 998
1574820 998
1574830 994
1574840 989
1574850 989
1574860 983
1574870 978
1574880 978
1574890 974
1574900 970
1574910 970
1574920 965
1574930 962
1574940 962
1574950 958
1574960 953
1574970 949
1574980 949
1574990 945
1575000 940
1575010 940
1575020 936
1575030 932
1575040 932
1575050 928
1575060 925
1575070 925
1575080 921
1575090 918
1575100 918
1575110 914
1575120 909
1575130 909
1575140 904
1575150 899
1575160 893
1575170 893
1575180 887
1575190 882
1575200 882
1575210 876
1575220 871
1575230 871
1575240 866
1575250 860
1575260 860
1575270 856
1575280 855
1575290 855
1575300 856
1575310 861
1575320 861
1575330 865
1575340 868
1575350 871
1575360 871
1575370 874
1575380 878
1575390 878
1575400 882
1575410 886
1575420 886
1575430 889
1575440 894
1575450 894
1575460 898
1575470 903
1575480 903
1575490 908
1575500 912
1575510 912
1575520 915
1575530 916
1575540 918
1575550 918
1575560 919
1575570 921
1575580 921
1575590 923
1575600 925
1575610 925
1575620 927
1575630 930
1575640 930
1575650 933
1575660 937
1575670 937
1575680 940
1575690 943
1575700 943
1575710 947
1575720 953
1575730 959
1575740 959
1575750 964
1575760 970
1575770 970
1575780 975
1575790 980
1575800 980
1575810 985
1575820 991
1575830 991
1575840 995
1575850 1000
1575860 1000
1575870 1006
1575880 1012
1575890 1012
1575900 1017
1575910 1024
1575920 1032
1575930 1032
1575940 1037
1575950 1040
1575960 1040
1575970 1044
1575980 1047
1575990 1047
1576000 1049
1576010 1053
1576020 1053
1576030 1057
1576040 1062
1576050 1062
1576060 1064
1576070 1067
1576080 1067
1576090 1070
1576100 1073
1576110 1077
1576120 1077
1576130 1079
1576140 1082
1576150 1082
1576160 1085
1576170 1086
1576180 1086
1576190 1089
1576200 1092
1576210 1092
1576220 1093
1576230 1096
1576240 1096
1576250 1098
1576260 1102
1576270 1102
1576280 1105
1576290 1107
1576300 1109
1576310 1109
1576320 1112
1576330 1114
1576340 1114
1576350 1116
1576360 1120
1576370 1120
1576380 1123
1576390 1125
1576400 1125
1576410 1127
1576420 1129
1576430 1129
1576440 1130
1576450 1131
1576460 1131
1576470 1132
1576480 1131
1576490 1129
1576500 1129
1576510 1125
1576520 1122
1576530 1122
1576540 1120
1576550 1118
1576560 1118
1576570 1116
1576580 1114
1576590 1114
1576600 1111
1576610 1109
1576620 1109
1576630 1108
1576640 1108
1576650 1108
1576660 1108
1576670 1108
1576680 1108
1576690 1108
1576700 1108
1576710 1109
1576720 1109
1576730 1109
1576740 1109
1576750 1109
1576760 1110
1576770 1111
1576780 1111
1576790 1114
1576800 1115
1576810 1115
1576820 1116
1576830 1118
1576840 1118
1576850 1120
1576860 1122
1576870 1125
1576880 1125
1576890 1129
1576900 1132
1576910 1132
1576920 1137
1576930 1142
1576940 1142
1576950 1147
1576960 1152
1576970 1152
1576980 1157
1576990 1162
1577000 1162
1577010 1168
1577020 1173
1577030 1173
1577040 1177
1577050 1182
1577060 1186
1577070 1186
1577080 1191
1577090 1195
1577100 1195
1577110 1199
1577120 1203
1577130 1203
1577140 1207
1577150 1210
1577160 1210
1577170 1214
1577180 1218
1577190 1218
1577200 1221
1577210 1224
1577220 1224
1577230 1227
1577240 1229
1577250 1232
1577260 1232
1577270 1233
1577280 1236
1577290 1236
1577300 1238
1577310 1240
1577320 1240
1577330 1242
1577340 1244
1577350 1244
1577360 1245
1577370 1247
1577380 1247
1577390 1249
1577400 1249
1577410 1249
1577420 1247
1577430 1244
1577440 1241
1577450 1241
1577460 1239
1577470 1238
1577480 1238
1577490 1236
1577500 1234
1577510 1234
1577520 1232
1577530 1230
1577540 1230
1577550 1228
1577560 1226
1577570 1226
1577580 1224
1577590 1221
1577600 1221
1577610 1219
1577620 1216
1577630 1212
1577640 1212
1577650 1210
1577660 1208
1577670 1208
1577680 1205
1577690 1202
1577700 1202
1577710 1199
1577720 1196
1577730 1196
1577740 1192
1577750 1188
1577760 1188
1577770 1187
1577780 1183
1577790 1183
1577800 1180
1577810 1178
1577820 1176
1577830 1176
1577840 1173
1577850 1169
1577860 1169
1577870 1166
1577880 1164
1577890 1164
1577900 1162
1577910 1160
1577920 1160
1577930 1159
1577940 1157
1577950 1157
1577960 1155
1577970 1154
1577980 1154
1577990 1152
1578000 1150
1578010 1148
1578020 1148
1578030 1146
1578040 1143
1578050 1143
1578060 1141
1578070 1138
1578080 1138
1578090 1135
1578100 1132
1578110 1132
1578120 1129
1578130 1126
1578140 1126
1578150 1123
1578160 1120
1578170 1120
1578180 1116
1578190 1113
1578200 1109
1578210 1109
1578220 1106
1578230 1102
1578240 1102
1578250 1099
1578260 1096
1578270 1096
1578280 1092
1578290 1089
1578300 1089
1578310 1085
1578320 1082
1578330 1082
1578340 1078
1578350 1075
1578360 1075
1578370 1072
1578380 1068
1578390 1065
1578400 1065
1578410 1061
1578420 1058
1578430 1058
1578440 1055
1578450 1052
1578460 1052
1578470 1048
1578480 1043
1578490 1043
1578500 1038
1578510 1034
1578520 1034
1578530 1030
1578540 1026
1578550 1026
1578560 1022
1578570 1017
1578580 1013
1578590 1013
1578600 1010
1578610 1007
1578620 1007
1578630 1003
1578640 1001
1578650 1001
1578660 998
1578670 994
1578680 994
1578690 991
1578700 987
1578710 987
1578720 982
1578730 977
1578740 977
1578750 972
1578760 966
1578770 963
1578780 963
1578790 961
1578800 957
1578810 957
1578820 954
1578830 951
1578840 951
1578850 948
1578860 946
1578870 946
1578880 941
1578890 938
1578900 938
1578910 937
1578920 934
1578930 934
1578940 933
1578950 931
1578960 928
1578970 928
1578980 925
1578990 922
1579000 922
1579010 919
1579020 916
1579030 916
1579040 913
1579050 909
1579060 909
1579070 906
1579080 902
1579090 902
1579100 897
1579110 893
1579120 893
1579130 889
1579140 886
1579150 883
1579160 883
1579170 880
1579180 877
1579190 877
1579200 875
1579210 874
1579220 874
1579230 871
1579240 867
1579250 867
1579260 862
1579270 859
1579280 859
1579290 857
1579300 855
1579310 855
1579320 851
1579330 846
1579340 840
1579350 840
1579360 834
1579370 830
1579380 830
1579390 827
1579400 824
1579410 824
1579420 822
1579430 820
1579440 820
1579450 819
1579460 818
1579470 818
1579480 816
1579490 815
1579500 814
1579510 814
1579520 813
1579530 813
1579540 813
1579550 813
1579560 812
1579570 812
1579580 810
1579590 809
1579600 809
1579610 808
1579620 807
1579630 807
1579640 805
1579650 803
1579660 803
1579670 801
1579680 798
1579690 796
1579700 796
1579710 795
1579720 794
1579730 794
1579740 793
1579750 793
1579760 793
1579770 793
1579780 793
1579790 793
1579800 793
1579810 793
1579820 793
1579830 793
1579840 793
1579850 793
1579860 795
1579870 796
1579880 797
1579890 797
1579900 797
1579910 799
1579920 799
1579930 801
1579940 803
1579950 803
1579960 806
1579970 810
1579980 810
1579990 813
