1560000 1916
1560010 1916
1560020 1913
1560030 1911
1560040 1911
1560050 1908
1560060 1904
1560070 1904
1560080 1901
1560090 1896
1560100 1896
1560110 1891
1560120 1886
1560130 1886
1560140 1882
1560150 1876
1560160 1876
1560170 1871
1560180 1866
1560190 1861
1560200 1861
1560210 1856
1560220 1851
1560230 1851
1560240 1847
1560250 1843
1560260 1843
1560270 1838
1560280 1834
1560290 1834
1560300 1829
1560310 1826
1560320 1826
1560330 1822
1560340 1819
1560350 1819
1560360 1815
1560370 1812
1560380 1812
1560390 1809
1560400 1806
1560410 1803
1560420 1803
1560430 1801
1560440 1798
1560450 1798
1560460 1794
1560470 1792
1560480 1792
1560490 1789
1560500 1787
1560510 1787
1560520 1785
1560530 1783
1560540 1783
1560550 1780
1560560 1779
1560570 1779
1560580 1777
1560590 1776
1560600 1775
1560610 1775
1560620 1774
1560630 1774
1560640 1774
1560650 1773
1560660 1773
1560670 1773
1560680 1774
1560690 1774
1560700 1774
1560710 1774
1560720 1774
1560730 1774
1560740 1774
1560750 1774
1560760 1774
1560770 1774
1560780 1775
1560790 1775
1560800 1775
1560810 1775
1560820 1775
1560830 1775
1560840 1775
1560850 1776
1560860 1776
1560870 1776
1560880 1776
1560890 1776
1560900 1776
1560910 1777
1560920 1777
1560930 1777
1560940 1778
1560950 1778
1560960 1778
1560970 1777
1560980 1775
1560990 1775
1561000 1775
1561010 1773
1561020 1773
1561030 1771
1561040 1770
1561050 1770
1561060 1769
1561070 1767
1561080 1767
1561090 1765
1561100 1764
1561110 1764
1561120 1760
1561130 1751
1561140 1751
1561150 1742
1561160 1732
1561170 1720
1561180 1720
1561190 1710
1561200 1701
1561210 1701
1561220 1693
1561230 1685
1561240 1685
1561250 1680
1561260 1670
1561270 1670
1561280 1661
1561290 1652
1561300 1652
1561310 1640
1561320 1629
1561330 1629
1561340 1623
1561350 1617
1561360 1612
1561370 1612
1561380 1606
1561390 1599
1561400 1599
1561410 1592
1561420 1586
1561430 1586
1561440 1581
1561450 1576
1561460 1576
1561470 1571
1561480 1567
1561490 1567
1561500 1564
1561510 1561
1561520 1561
1561530 1557
1561540 1552
1561550 1548
1561560 1548
1561570 1544
1561580 1542
1561590 1542
1561600 1540
1561610 1538
1561620 1538
1561630 1536
1561640 1532
1561650 1532
1561660 1527
1561670 1522
1561680 1522
1561690 1516
1561700 1510
1561710 1510
1561720 1505
1561730 1498
1561740 1492
1561750 1492
1561760 1486
1561770 1480
1561780 1480
1561790 1477
1561800 1472
1561810 1472
1561820 1466
1561830 1459
1561840 1459
1561850 1455
1561860 1453
1561870 1453
1561880 1451
1561890 1447
1561900 1447
1561910 1443
1561920 1438
1561930 1434
1561940 1434
1561950 1429
1561960 1424
1561970 1424
1561980 1417
1561990 1410
1562000 1410
1562010 1404
1562020 1398
1562030 1398
1562040 1392
1562050 1386
1562060 1386
1562070 1381
1562080 1375
1562090 1375
1562100 1373
1562110 1371
1562120 1366
1562130 1366
1562140 1360
1562150 1353
1562160 1353
1562170 1350
1562180 1346
1562190 1346
1562200 1340
1562210 1334
1562220 1334
1562230 1328
1562240 1322
1562250 1322
1562260 1316
1562270 1311
1562280 1311
1562290 1306
1562300 1301
1562310 1296
1562320 1296
1562330 1293
1562340 1290
1562350 1290
1562360 1286
1562370 1282
1562380 1282
1562390 1276
1562400 1271
1562410 1271
1562420 1267
1562430 1265
1562440 1265
1562450 1263
1562460 1263
1562470 1263
1562480 1263
1562490 1264
1562500 1264
1562510 1264
1562520 1263
1562530 1259
1562540 1259
1562550 1254
1562560 1252
1562570 1252
1562580 1247
1562590 1243
1562600 1243
1562610 1238
1562620 1234
1562630 1234
1562640 1232
1562650 1231
1562660 1231
1562670 1228
1562680 1223
1562690 1217
1562700 1217
1562710 1211
1562720 1206
1562730 1206
1562740 1199
1562750 1193
1562760 1193
1562770 1187
1562780 1183
1562790 1183
1562800 1180
1562810 1179
1562820 1179
1562830 1177
1562840 1175
1562850 1175
1562860 1173
1562870 1171
1562880 1170
1562890 1170
1562900 1168
1562910 1166
1562920 1166
1562930 1164
1562940 1162
1562950 1162
1562960 1159
1562970 1157
1562980 1157
1562990 1156
1563000 1155
1563010 1155
1563020 1154
1563030 1153
1563040 1153
1563050 1152
1563060 1152
1563070 1152
1563080 1151
1563090 1150
1563100 1150
1563110 1150
1563120 1149
1563130 1149
1563140 1149
1563150 1148
1563160 1146
1563170 1146
1563180 1142
1563190 1140
1563200 1140
1563210 1139
1563220 1141
1563230 1141
1563240 1141
1563250 1141
1563260 1141
1563270 1141
1563280 1140
1563290 1140
1563300 1140
1563310 1139
1563320 1138
1563330 1138
1563340 1136
1563350 1133
1563360 1133
1563370 1129
1563380 1125
1563390 1125
1563400 1121
1563410 1118
1563420 1118
1563430 1116
1563440 1115
1563450 1115
1563460 1114
1563470 1112
1563480 1111
1563490 1111
1563500 1109
1563510 1109
1563520 1109
1563530 1107
1563540 1103
1563550 1103
1563560 1101
1563570 1098
1563580 1098
1563590 1096
1563600 1094
1563610 1094
1563620 1090
1563630 1083
1563640 1083
1563650 1078
1563660 1074
1563670 1072
1563680 1072
1563690 1068
1563700 1064
1563710 1064
1563720 1061
1563730 1062
1563740 1062
1563750 1067
1563760 1072
1563770 1072
1563780 1076
1563790 1079
1563800 1079
1563810 1082
1563820 1085
1563830 1085
1563840 1089
1563850 1092
1563860 1095
1563870 1095
1563880 1099
1563890 1095
1563900 1095
1563910 1083
1563920 1073
1563930 1073
1563940 1066
1563950 1059
1563960 1059
1563970 1053
1563980 1048
1563990 1048
1564000 1048
1564010 1053
1564020 1053
1564030 1061
1564040 1068
1564050 1076
1564060 1076
1564070 1084
1564080 1095
1564090 1095
1564100 1111
1564110 1119
1564120 1119
1564130 1125
1564140 1129
1564150 1129
1564160 1131
1564170 1129
1564180 1129
1564190 1129
1564200 1131
1564210 1131
1564220 1136
1564230 1139
1564240 1141
1564250 1141
1564260 1144
1564270 1147
1564280 1147
1564290 1152
1564300 1158
1564310 1158
1564320 1164
1564330 1172
1564340 1172
1564350 1186
1564360 1197
1564370 1197
1564380 1207
1564390 1215
1564400 1215
1564410 1221
1564420 1223
1564430 1224
1564440 1224
1564450 1225
1564460 1225
1564470 1225
1564480 1222
1564490 1219
1564500 1219
1564510 1216
1564520 1213
1564530 1213
1564540 1211
1564550 1209
1564560 1209
1564570 1211
1564580 1212
1564590 1212
1564600 1213
1564610 1213
1564620 1212
1564630 1212
1564640 1212
1564650 1215
1564660 1215
1564670 1220
1564680 1224
1564690 1224
1564700 1227
1564710 1231
1564720 1231
1564730 1235
1564740 1238
1564750 1238
1564760 1242
1564770 1245
1564780 1245
1564790 1248
1564800 1251
1564810 1254
1564820 1254
1564830 1256
1564840 1256
1564850 1256
1564860 1259
1564870 1261
1564880 1261
1564890 1261
1564900 1262
1564910 1262
1564920 1263
1564930 1263
1564940 1263
1564950 1264
1564960 1264
1564970 1264
1564980 1264
1564990 1264
1565000 1264
1565010 1264
1565020 1267
1565030 1270
1565040 1270
1565050 1274
1565060 1276
1565070 1276
1565080 1277
1565090 1279
1565100 1279
1565110 1282
1565120 1283
1565130 1283
1565140 1282
1565150 1280
1565160 1280
1565170 1281
1565180 1284
1565190 1290
1565200 1290
1565210 1292
1565220 1293
1565230 1293
1565240 1294
1565250 1295
1565260 1295
1565270 1295
1565280 1296
1565290 1296
1565300 1298
1565310 1301
1565320 1301
1565330 1303
1565340 1304
1565350 1304
1565360 1303
1565370 1303
1565380 1303
1565390 1303
1565400 1304
1565410 1304
1565420 1304
1565430 1304
1565440 1304
1565450 1304
1565460 1305
1565470 1307
1565480 1307
1565490 1309
1565500 1311
1565510 1311
1565520 1311
1565530 1312
1565540 1312
1565550 1311
1565560 1308
1565570 1304
1565580 1304
1565590 1304
1565600 1306
1565610 1306
1565620 1308
1565630 1309
1565640 1309
1565650 1311
1565660 1312
1565670 1312
1565680 1313
1565690 1314
1565700 1314
1565710 1314
1565720 1314
1565730 1314
1565740 1313
1565750 1314
1565760 1315
1565770 1315
1565780 1317
1565790 1317
1565800 1317
1565810 1318
1565820 1320
1565830 1320
1565840 1322
1565850 1324
1565860 1324
1565870 1326
1565880 1329
1565890 1329
1565900 1331
1565910 1331
1565920 1331
1565930 1333
1565940 1336
1565950 1336
1565960 1337
1565970 1338
1565980 1338
1565990 1338
1566000 1339
1566010 1340
1566020 1340
1566030 1341
1566040 1343
1566050 1343
1566060 1345
1566070 1346
1566080 1346
1566090 1347
1566100 1350
1566110 1350
1566120 1354
1566130 1355
1566140 1355
1566150 1353
1566160 1351
1566170 1348
1566180 1348
1566190 1346
1566200 1344
1566210 1344
1566220 1343
1566230 1342
1566240 1342
1566250 1341
1566260 1342
1566270 1342
1566280 1344
1566290 1352
1566300 1352
1566310 1358
1566320 1356
1566330 1356
1566340 1352
1566350 1348
1566360 1343
1566370 1343
1566380 1338
1566390 1334
1566400 1334
1566410 1331
1566420 1327
1566430 1327
1566440 1322
1566450 1317
1566460 1317
1566470 1311
1566480 1307
1566490 1307
1566500 1302
1566510 1296
1566520 1296
1566530 1290
1566540 1284
1566550 1277
1566560 1277
1566570 1272
1566580 1266
1566590 1266
1566600 1261
1566610 1256
1566620 1256
1566630 1252
1566640 1247
1566650 1247
1566660 1243
1566670 1238
1566680 1238
1566690 1234
1566700 1229
1566710 1229
1566720 1223
1566730 1218
1566740 1212
1566750 1212
1566760 1207
1566770 1202
1566780 1202
1566790 1198
1566800 1195
1566810 1195
1566820 1191
1566830 1189
1566840 1189
1566850 1187
1566860 1185
1566870 1185
1566880 1183
1566890 1181
1566900 1181
1566910 1178
1566920 1176
1566930 1175
1566940 1175
1566950 1175
1566960 1174
1566970 1174
1566980 1174
1566990 1173
1567000 1173
1567010 1173
1567020 1173
1567030 1173
1567040 1172
1567050 1172
1567060 1172
1567070 1171
1567080 1171
1567090 1171
1567100 1170
1567110 1170
1567120 1169
1567130 1169
1567140 1169
1567150 1168
1567160 1168
1567170 1168
1567180 1166
1567190 1166
1567200 1166
1567210 1166
1567220 1166
1567230 1165
1567240 1165
1567250 1165
1567260 1164
1567270 1165
1567280 1165
1567290 1166
1567300 1165
1567310 1164
1567320 1164
1567330 1163
1567340 1162
1567350 1162
1567360 1160
1567370 1158
1567380 1158
1567390 1157
1567400 1155
1567410 1155
1567420 1154
1567430 1153
1567440 1153
1567450 1151
1567460 1150
1567470 1150
1567480 1149
1567490 1148
1567500 1146
1567510 1146
1567520 1145
1567530 1143
1567540 1143
1567550 1141
1567560 1140
1567570 1140
1567580 1138
1567590 1137
1567600 1137
1567610 1134
1567620 1131
1567630 1131
1567640 1127
1567650 1124
1567660 1124
1567670 1121
1567680 1119
1567690 1117
1567700 1117
1567710 1114
1567720 1111
1567730 1111
1567740 1107
1567750 1102
1567760 1102
1567770 1101
1567780 1105
1567790 1105
1567800 1107
1567810 1109
1567820 1109
1567830 1111
1567840 1115
1567850 1115
1567860 1119
1567870 1122
1567880 1124
1567890 1124
1567900 1126
1567910 1128
1567920 1128
1567930 1130
1567940 1131
1567950 1131
1567960 1132
1567970 1133
1567980 1133
1567990 1132
1568000 1132
1568010 1132
1568020 1134
1568030 1135
1568040 1135
1568050 1135
1568060 1135
1568070 1135
1568080 1135
1568090 1140
1568100 1144
1568110 1144
1568120 1148
1568130 1152
1568140 1152
1568150 1157
1568160 1160
1568170 1160
1568180 1164
1568190 1167
1568200 1167
1568210 1169
1568220 1171
1568230 1171
1568240 1174
1568250 1178
1568260 1181
1568270 1181
1568280 1187
1568290 1190
1568300 1190
1568310 1193
1568320 1195
1568330 1195
1568340 1196
1568350 1197
1568360 1197
1568370 1198
1568380 1199
1568390 1199
1568400 1200
1568410 1201
1568420 1201
1568430 1202
1568440 1204
1568450 1204
1568460 1205
1568470 1206
1568480 1207
1568490 1207
1568500 1208
1568510 1209
1568520 1209
1568530 1210
1568540 1210
1568550 1210
1568560 1211
1568570 1211
1568580 1211
1568590 1212
1568600 1213
1568610 1213
1568620 1215
1568630 1216
1568640 1216
1568650 1218
1568660 1220
1568670 1221
1568680 1221
1568690 1222
1568700 1223
1568710 1223
1568720 1223
1568730 1223
1568740 1223
1568750 1222
1568760 1222
1568770 1222
1568780 1221
1568790 1220
1568800 1220
1568810 1219
1568820 1218
1568830 1218
1568840 1216
1568850 1214
1568860 1214
1568870 1214
1568880 1214
1568890 1214
1568900 1214
1568910 1213
1568920 1214
1568930 1214
1568940 1214
1568950 1214
1568960 1214
1568970 1213
1568980 1210
1568990 1210
1569000 1206
1569010 1201
1569020 1201
1569030 1196
1569040 1192
1569050 1189
1569060 1189
1569070 1187
1569080 1185
1569090 1185
1569100 1182
1569110 1180
1569120 1180
1569130 1178
1569140 1177
1569150 1177
1569160 1175
1569170 1173
1569180 1173
1569190 1171
1569200 1172
1569210 1172
1569220 1178
1569230 1185
1569240 1190
1569250 1190
1569260 1193
1569270 1198
1569280 1198
1569290 1203
1569300 1208
1569310 1208
1569320 1212
1569330 1217
1569340 1217
1569350 1221
1569360 1224
1569370 1224
1569380 1227
1569390 1230
1569400 1230
1569410 1234
1569420 1237
1569430 1239
1569440 1239
1569450 1241
1569460 1242
1569470 1242
1569480 1243
1569490 1243
1569500 1243
1569510 1243
1569520 1243
1569530 1243
1569540 1243
1569550 1244
1569560 1244
1569570 1246
1569580 1249
1569590 1249
1569600 1251
1569610 1253
1569620 1255
1569630 1255
1569640 1256
1569650 1258
1569660 1258
1569670 1260
1569680 1262
1569690 1262
1569700 1264
1569710 1266
1569720 1266
1569730 1268
1569740 1270
1569750 1270
1569760 1272
1569770 1273
1569780 1274
1569790 1275
1569800 1275
1569810 1276
1569820 1276
1569830 1276
1569840 1277
1569850 1277
1569860 1278
1569870 1280
1569880 1280
1569890 1283
1569900 1284
1569910 1284
1569920 1287
1569930 1290
1569940 1290
1569950 1294
1569960 1297
1569970 1297
1569980 1302
1569990 1305
1570000 1309
1570010 1309
1570020 1313
1570030 1315
1570040 1315
1570050 1319
1570060 1324
1570070 1324
1570080 1329
1570090 1331
1570100 1331
1570110 1333
1570120 1336
1570130 1336
1570140 1341
1570150 1345
1570160 1345
1570170 1349
1570180 1353
1570190 1357
1570200 1357
1570210 1360
1570220 1363
1570230 1363
1570240 1366
1570250 1368
1570260 1368
1570270 1371
1570280 1374
1570290 1374
1570300 1377
1570310 1379
1570320 1379
1570330 1380
1570340 1381
1570350 1381
1570360 1381
1570370 1380
1570380 1377
1570390 1377
1570400 1375
1570410 1372
1570420 1372
1570430 1369
1570440 1367
1570450 1367
1570460 1364
1570470 1361
1570480 1361
1570490 1357
1570500 1353
1570510 1353
1570520 1350
1570530 1346
1570540 1346
1570550 1342
1570560 1338
1570570 1334
1570580 1334
1570590 1331
1570600 1327
1570610 1327
1570620 1323
1570630 1320
1570640 1320
1570650 1316
1570660 1313
1570670 1313
1570680 1309
1570690 1305
1570700 1305
1570710 1301
1570720 1297
1570730 1297
1570740 1294
1570750 1290
1570760 1286
1570770 1286
1570780 1282
1570790 1278
1570800 1278
1570810 1274
1570820 1268
1570830 1268
1570840 1262
1570850 1256
1570860 1256
1570870 1251
1570880 1246
1570890 1246
1570900 1241
1570910 1237
1570920 1237
1570930 1231
1570940 1226
1570950 1226
1570960 1220
1570970 1214
1570980 1209
1570990 1209
1571000 1206
1571010 1207
1571020 1207
1571030 1208
1571040 1208
1571050 1208
1571060 1211
1571070 1214
1571080 1214
1571090 1216
1571100 1217
1571110 1217
1571120 1218
1571130 1217
1571140 1217
1571150 1214
1571160 1211
1571170 1209
1571180 1209
1571190 1207
1571200 1206
1571210 1206
1571220 1206
1571230 1204
1571240 1204
1571250 1200
1571260 1195
1571270 1195
1571280 1191
1571290 1186
1571300 1186
1571310 1181
1571320 1177
1571330 1177
1571340 1172
1571350 1166
1571360 1161
1571370 1161
1571380 1155
1571390 1150
1571400 1150
1571410 1145
1571420 1141
1571430 1141
1571440 1136
1571450 1133
1571460 1133
1571470 1130
1571480 1127
1571490 1127
1571500 1124
1571510 1121
1571520 1121
1571530 1116
1571540 1111
1571550 1107
1571560 1107
1571570 1104
1571580 1099
1571590 1099
1571600 1095
1571610 1089
1571620 1089
1571630 1083
1571640 1078
1571650 1078
1571660 1072
1571670 1064
1571680 1064
1571690 1062
1571700 1067
1571710 1067
1571720 1071
1571730 1076
1571740 1079
1571750 1079
1571760 1082
1571770 1085
1571780 1085
1571790 1090
1571800 1093
1571810 1093
1571820 1097
1571830 1100
1571840 1100
1571850 1105
1571860 1110
1571870 1110
1571880 1115
1571890 1121
1571900 1121
1571910 1126
1571920 1132
1571930 1138
1571940 1138
1571950 1143
1571960 1149
1571970 1149
1571980 1155
1571990 1160
1572000 1160
1572010 1164
1572020 1169
1572030 1169
1572040 1175
1572050 1179
1572060 1179
1572070 1184
1572080 1189
1572090 1189
1572100 1192
1572110 1196
1572120 1199
1572130 1199
1572140 1199
1572150 1197
1572160 1197
1572170 1196
1572180 1195
1572190 1195
1572200 1196
1572210 1196
1572220 1196
1572230 1197
1572240 1198
1572250 1198
1572260 1199
1572270 1198
1572280 1198
1572290 1195
1572300 1191
1572310 1189
1572320 1189
1572330 1188
1572340 1187
1572350 1187
1572360 1187
1572370 1186
1572380 1186
1572390 1186
1572400 1185
1572410 1185
1572420 1185
1572430 1185
1572440 1185
1572450 1184
1572460 1184
1572470 1184
1572480 1182
1572490 1182
1572500 1181
1572510 1181
1572520 1180
1572530 1179
1572540 1179
1572550 1177
1572560 1175
1572570 1175
1572580 1173
1572590 1171
1572600 1171
1572610 1169
1572620 1167
1572630 1167
1572640 1165
1572650 1163
1572660 1163
1572670 1161
1572680 1159
1572690 1161
1572700 1161
1572710 1159
1572720 1158
1572730 1158
1572740 1157
1572750 1156
1572760 1156
1572770 1155
1572780 1153
1572790 1153
1572800 1151
1572810 1149
1572820 1149
1572830 1147
1572840 1145
1572850 1145
1572860 1142
1572870 1143
1572880 1150
1572890 1150
1572900 1157
1572910 1163
1572920 1163
1572930 1169
1572940 1174
1572950 1174
1572960 1177
1572970 1181
1572980 1181
1572990 1184
1573000 1188
1573010 1188
1573020 1192
1573030 1196
1573040 1196
1573050 1200
1573060 1205
1573070 1210
1573080 1210
1573090 1215
1573100 1220
1573110 1220
1573120 1225
1573130 1230
1573140 1230
1573150 1236
1573160 1241
1573170 1241
1573180 1246
1573190 1251
1573200 1251
1573210 1256
1573220 1261
1573230 1261
1573240 1265
1573250 1269
1573260 1273
1573270 1273
1573280 1278
1573290 1282
1573300 1282
1573310 1286
1573320 1291
1573330 1291
1573340 1294
1573350 1298
1573360 1298
1573370 1302
1573380 1306
1573390 1306
1573400 1310
1573410 1315
1573420 1315
1573430 1319
1573440 1323
1573450 1323
1573460 1328
1573470 1333
1573480 1338
1573490 1338
1573500 1343
1573510 1346
1573520 1346
1573530 1350
1573540 1354
1573550 1354
1573560 1358
1573570 1362
1573580 1362
1573590 1366
1573600 1369
1573610 1369
1573620 1373
1573630 1377
1573640 1377
1573650 1380
1573660 1383
1573670 1385
1573680 1385
1573690 1388
1573700 1391
1573710 1391
1573720 1394
1573730 1398
1573740 1398
1573750 1401
1573760 1405
1573770 1405
1573780 1409
1573790 1414
1573800 1414
1573810 1419
1573820 1423
1573830 1423
1573840 1427
1573850 1431
1573860 1436
1573870 1436
1573880 1440
1573890 1445
1573900 1445
1573910 1449
1573920 1453
1573930 1453
1573940 1457
1573950 1460
1573960 1460
1573970 1464
1573980 1466
1573990 1466
1574000 1468
1574010 1469
1574020 1469
1574030 1469
1574040 1470
1574050 1469
1574060 1469
1574070 1469
1574080 1468
1574090 1468
1574100 1467
1574110 1468
1574120 1468
1574130 1466
1574140 1464
1574150 1464
1574160 1462
1574170 1459
1574180 1459
1574190 1455
1574200 1451
1574210 1451
1574220 1448
1574230 1444
1574240 1440
1574250 1440
1574260 1436
1574270 1431
1574280 1431
1574290 1427
1574300 1423
1574310 1423
1574320 1421
1574330 1418
1574340 1418
1574350 1415
1574360 1413
1574370 1413
1574380 1410
1574390 1408
1574400 1408
1574410 1407
1574420 1405
1574430 1404
1574440 1404
1574450 1403
1574460 1401
1574470 1401
1574480 1401
1574490 1400
1574500 1400
1574510 1400
1574520 1400
1574530 1400
1574540 1399
1574550 1397
1574560 1397
1574570 1397
1574580 1397
1574590 1397
1574600 1396
1574610 1395
1574620 1394
1574630 1394
1574640 1393
1574650 1391
1574660 1391
1574670 1393
1574680 1396
1574690 1396
1574700 1399
1574710 1401
1574720 1401
1574730 1402
1574740 1402
1574750 1402
1574760 1401
1574770 1401
1574780 1401
1574790 1404
1574800 1408
1574810 1411
1574820 1411
1574830 1415
1574840 1418
1574850 1418
1574860 1420
1574870 1422
1574880 1422
1574890 1423
1574900 1424
1574910 1424
1574920 1424
1574930 1423
1574940 1423
1574950 1422
1574960 1420
1574970 1420
1574980 1418
1574990 1416
1575000 1414
1575010 1414
1575020 1411
1575030 1408
1575040 1408
1575050 1406
1575060 1404
1575070 1404
1575080 1402
1575090 1400
1575100 1400
1575110 1398
1575120 1396
1575130 1396
1575140 1393
1575150 1390
1575160 1390
1575170 1387
1575180 1383
1575190 1380
1575200 1380
1575210 1377
1575220 1373
1575230 1373
1575240 1370
1575250 1366
1575260 1366
1575270 1363
1575280 1359
1575290 1359
1575300 1356
1575310 1353
1575320 1353
1575330 1349
1575340 1346
1575350 1346
1575360 1342
1575370 1340
1575380 1337
1575390 1337
1575400 1334
1575410 1332
1575420 1332
1575430 1329
1575440 1325
1575450 1325
1575460 1322
1575470 1318
1575480 1318
1575490 1314
1575500 1310
1575510 1308
1575520 1304
1575530 1300
1575540 1300
1575550 1296
1575560 1292
1575570 1288
1575580 1288
1575590 1284
1575600 1280
1575610 1280
1575620 1276
1575630 1272
1575640 1272
1575650 1269
1575660 1264
1575670 1264
1575680 1260
1575690 1255
1575700 1255
1575710 1251
1575720 1247
1575730 1247
1575740 1243
1575750 1240
1575760 1235
1575770 1235
1575780 1230
1575790 1225
1575800 1225
1575810 1220
1575820 1215
1575830 1215
1575840 1210
1575850 1205
1575860 1205
1575870 1200
1575880 1195
1575890 1195
1575900 1189
1575910 1183
1575920 1183
1575930 1178
1575940 1171
1575950 1171
1575960 1165
1575970 1159
1575980 1153
1575990 1153
1576000 1146
1576010 1141
1576020 1141
1576030 1135
1576040 1129
1576050 1129
1576060 1121
1576070 1116
1576080 1116
1576090 1120
1576100 1127
1576110 1127
1576120 1130
1576130 1133
1576140 1133
1576150 1135
1576160 1137
1576170 1139
1576180 1139
1576190 1141
1576200 1142
1576210 1142
1576220 1143
1576230 1143
1576240 1143
1576250 1143
1576260 1144
1576270 1144
1576280 1146
1576290 1148
1576300 1148
1576310 1150
1576320 1154
1576330 1154
1576340 1156
1576350 1159
1576360 1163
1576370 1163
1576380 1167
1576390 1170
1576400 1170
1576410 1174
1576420 1178
1576430 1178
1576440 1182
1576450 1187
1576460 1187
1576470 1191
1576480 1193
1576490 1193
1576500 1195
1576510 1198
1576520 1198
1576530 1199
1576540 1200
1576550 1202
1576560 1202
1576570 1205
1576580 1207
1576590 1207
1576600 1210
1576610 1213
1576620 1213
1576630 1216
1576640 1219
1576650 1219
1576660 1222
1576670 1224
1576680 1224
1576690 1227
1576700 1229
1576710 1229
1576720 1231
1576730 1231
1576740 1232
1576750 1232
1576760 1235
1576770 1240
1576780 1240
1576790 1243
1576800 1245
1576810 1245
1576820 1247
1576830 1248
1576840 1248
1576850 1249
1576860 1249
1576870 1249
1576880 1248
1576890 1248
1576900 1248
1576910 1244
1576920 1240
1576930 1236
1576940 1236
1576950 1232
1576960 1228
1576970 1228
1576980 1221
1576990 1215
1577000 1215
1577010 1209
1577020 1204
1577030 1204
1577040 1200
1577050 1197
1577060 1197
1577070 1194
1577080 1190
1577090 1190
1577100 1187
1577110 1185
1577120 1184
1577130 1184
1577140 1181
1577150 1179
1577160 1179
1577170 1177
1577180 1180
1577190 1180
1577200 1183
1577210 1185
1577220 1185
1577230 1188
1577240 1190
1577250 1190
1577260 1194
1577270 1197
1577280 1197
1577290 1200
1577300 1203
1577310 1207
1577320 1207
1577330 1211
1577340 1215
1577350 1215
1577360 1219
1577370 1223
1577380 1223
1577390 1228
1577400 1233
1577410 1233
1577420 1238
1577430 1244
1577440 1244
1577450 1248
1577460 1250
1577470 1250
1577480 1253
1577490 1256
1577500 1260
1577510 1260
1577520 1264
1577530 1267
1577540 1267
1577550 1271
1577560 1275
1577570 1275
1577580 1278
1577590 1281
1577600 1281
1577610 1285
1577620 1289
1577630 1289
1577640 1293
1577650 1296
1577660 1296
1577670 1300
1577680 1303
1577690 1306
1577700 1306
1577710 1310
1577720 1313
1577730 1313
1577740 1316
1577750 1320
1577760 1320
1577770 1322
1577780 1325
1577790 1325
1577800 1327
1577810 1330
1577820 1330
1577830 1332
1577840 1334
1577850 1334
1577860 1336
1577870 1338
1577880 1340
1577890 1340
1577900 1342
1577910 1343
1577920 1343
1577930 1345
1577940 1346
1577950 1346
1577960 1347
1577970 1348
1577980 1348
1577990 1348
1578000 1349
1578010 1349
1578020 1350
1578030 1351
1578040 1351
1578050 1352
1578060 1354
1578070 1355
1578080 1355
1578090 1355
1578100 1356
1578110 1356
1578120 1357
1578130 1358
1578140 1358
1578150 1358
1578160 1359
1578170 1359
1578180 1359
1578190 1360
1578200 1360
1578210 1359
1578220 1359
1578230 1359
1578240 1359
1578250 1359
1578260 1359
1578270 1358
1578280 1357
1578290 1355
1578300 1355
1578310 1353
1578320 1351
1578330 1351
1578340 1350
1578350 1348
1578360 1348
1578370 1346
1578380 1345
1578390 1345
1578400 1343
1578410 1342
1578420 1342
1578430 1340
1578440 1339
1578450 1339
1578460 1338
1578470 1337
1578480 1335
1578490 1335
1578500 1334
1578510 1332
1578520 1332
1578530 1331
1578540 1329
1578550 1329
1578560 1327
1578570 1324
1578580 1324
1578590 1322
1578600 1320
1578610 1320
1578620 1317
1578630 1315
1578640 1315
1578650 1312
1578660 1309
1578670 1307
1578680 1307
1578690 1305
1578700 1302
1578710 1302
1578720 1300
1578730 1298
1578740 1298
1578750 1295
1578760 1292
1578770 1292
1578780 1289
1578790 1287
1578800 1287
1578810 1285
1578820 1282
1578830 1282
1578840 1281
1578850 1280
1578860 1280
1578870 1280
1578880 1280
1578890 1278
1578900 1278
1578910 1276
1578920 1276
1578930 1276
1578940 1275
1578950 1273
1578960 1273
1578970 1271
1578980 1269
1578990 1269
1579000 1267
1579010 1266
1579020 1266
1579030 1264
1579040 1262
1579050 1258
1579060 1258
1579070 1256
1579080 1253
1579090 1253
1579100 1251
1579110 1247
1579120 1247
1579130 1243
1579140 1240
1579150 1240
1579160 1237
1579170 1236
1579180 1236
1579190 1234
1579200 1232
1579210 1232
1579220 1229
1579230 1228
1579240 1226
1579250 1226
1579260 1223
1579270 1219
1579280 1219
1579290 1216
1579300 1213
1579310 1213
1579320 1211
1579330 1210
1579340 1210
1579350 1210
1579360 1210
1579370 1210
1579380 1211
1579390 1213
1579400 1213
1579410 1214
1579420 1215
1579430 1215
1579440 1215
1579450 1216
1579460 1217
1579470 1217
1579480 1218
1579490 1220
1579500 1220
1579510 1222
1579520 1222
1579530 1222
1579540 1224
1579550 1224
1579560 1224
1579570 1224
1579580 1223
1579590 1219
1579600 1219
1579610 1220
1579620 1220
1579630 1220
1579640 1222
1579650 1223
1579660 1223
1579670 1225
1579680 1227
1579690 1227
1579700 1228
1579710 1229
1579720 1229
1579730 1230
1579740 1231
1579750 1231
1579760 1232
1579770 1233
1579780 1233
1579790 1234
1579800 1235
1579810 1237
1579820 1237
1579830 1238
1579840 1240
1579850 1240
1579860 1242
1579870 1244
1579880 1244
1579890 1247
1579900 1250
1579910 1250
1579920 1253
1579930 1255
1579940 1255
1579950 1258
1579960 1260
1579970 1260
1579980 1263
1579990 1264
