1560000 1647
1560010 1645
1560020 1645
1560030 1643
1560040 1640
1560050 1640
1560060 1636
1560070 1632
1560080 1632
1560090 1626
1560100 1620
1560110 1620
1560120 1615
1560130 1611
1560140 1611
1560150 1607
1560160 1603
1560170 1599
1560180 1599
1560190 1596
1560200 1594
1560210 1594
1560220 1590
1560230 1584
1560240 1584
1560250 1578
1560260 1571
1560270 1571
1560280 1565
1560290 1560
1560300 1560
1560310 1555
1560320 1549
1560330 1549
1560340 1544
1560350 1544
1560360 1543
1560370 1543
1560380 1542
1560390 1541
1560400 1541
1560410 1540
1560420 1539
1560430 1539
1560440 1539
1560450 1539
1560460 1539
1560470 1541
1560480 1544
1560490 1544
1560500 1546
1560510 1547
1560520 1547
1560530 1548
1560540 1549
1560550 1550
1560560 1550
1560570 1551
1560580 1552
1560590 1552
1560600 1552
1560610 1553
1560620 1553
1560630 1553
1560640 1553
1560650 1553
1560660 1553
1560670 1554
1560680 1554
1560690 1555
1560700 1556
1560710 1556
1560720 1557
1560730 1558
1560740 1558
1560750 1558
1560760 1556
1560770 1551
1560780 1551
1560790 1549
1560800 1546
1560810 1546
1560820 1543
1560830 1543
1560840 1543
1560850 1542
1560860 1539
1560870 1539
1560880 1538
1560890 1537
1560900 1537
1560910 1535
1560920 1531
1560930 1528
1560940 1528
1560950 1524
1560960 1518
1560970 1518
1560980 1507
1560990 1493
1561000 1493
1561010 1485
1561020 1478
1561030 1478
1561040 1474
1561050 1472
1561060 1472
1561070 1470
1561080 1467
1561090 1467
1561100 1463
1561110 1458
1561120 1452
1561130 1452
1561140 1446
1561150 1442
1561160 1442
1561170 1437
1561180 1433
1561190 1433
1561200 1428
1561210 1425
1561220 1425
1561230 1427
1561240 1426
1561250 1426
1561260 1422
1561270 1420
1561280 1420
1561290 1419
1561300 1418
1561310 1418
1561320 1418
1561330 1415
1561340 1408
1561350 1408
1561360 1399
1561370 1396
1561380 1396
1561390 1401
1561400 1407
1561410 1405
1561420 1409
1561430 1411
1561440 1411
1561450 1411
1561460 1411
1561470 1411
1561480 1411
1561490 1412
1561500 1412
1561510 1411
1561520 1411
1561530 1411
1561540 1411
1561550 1410
1561560 1408
1561570 1408
1561580 1408
1561590 1409
1561600 1409
1561610 1410
1561620 1410
1561630 1410
1561640 1409
1561650 1408
1561660 1408
1561670 1407
1561680 1406
1561690 1406
1561700 1406
1561710 1406
1561720 1405
1561730 1405
1561740 1403
1561750 1400
1561760 1400
1561770 1399
1561780 1397
1561790 1397
1561800 1396
1561810 1395
1561820 1395
1561830 1395
1561840 1394
1561850 1394
1561860 1393
1561870 1393
1561880 1393
1561890 1393
1561900 1393
1561910 1393
1561920 1393
1561930 1392
1561940 1393
1561950 1393
1561960 1394
1561970 1394
1561980 1394
1561990 1394
1562000 1394
1562010 1394
1562020 1394
1562030 1395
1562040 1395
1562050 1393
1562060 1392
1562070 1392
1562080 1393
1562090 1394
1562100 1396
1562110 1396
1562120 1397
1562130 1398
1562140 1398
1562150 1400
1562160 1401
1562170 1401
1562180 1401
1562190 1402
1562200 1402
1562210 1402
1562220 1403
1562230 1403
1562240 1403
1562250 1402
1562260 1402
1562270 1402
1562280 1402
1562290 1403
1562300 1403
1562310 1403
1562320 1404
1562330 1404
1562340 1408
1562350 1409
1562360 1409
1562370 1411
1562380 1412
1562390 1412
1562400 1414
1562410 1415
1562420 1415
1562430 1414
1562440 1410
1562450 1410
1562460 1408
1562470 1408
1562480 1408
1562490 1408
1562500 1406
1562510 1405
1562520 1405
1562530 1404
1562540 1404
1562550 1404
1562560 1405
1562570 1402
1562580 1402
1562590 1397
1562600 1393
1562610 1393
1562620 1388
1562630 1386
1562640 1386
1562650 1382
1562660 1378
1562670 1375
1562680 1375
1562690 1374
1562700 1373
1562710 1373
1562720 1373
1562730 1373
1562740 1373
1562750 1373
1562760 1373
1562770 1373
1562780 1373
1562790 1373
1562800 1373
1562810 1373
1562820 1373
1562830 1373
1562840 1373
1562850 1374
1562860 1374
1562870 1377
1562880 1380
1562890 1383
1562900 1383
1562910 1385
1562920 1385
1562930 1385
1562940 1382
1562950 1378
1562960 1378
1562970 1376
1562980 1375
1562990 1375
1563000 1376
1563010 1377
1563020 1377
1563030 1377
1563040 1380
1563050 1380
1563060 1380
1563070 1380
1563080 1379
1563090 1379
1563100 1378
1563110 1377
1563120 1377
1563130 1376
1563140 1375
1563150 1375
1563160 1375
1563170 1375
1563180 1375
1563190 1376
1563200 1377
1563210 1377
1563220 1378
1563230 1379
1563240 1379
1563250 1380
1563260 1380
1563270 1381
1563280 1381
1563290 1382
1563300 1382
1563310 1382
1563320 1383
1563330 1383
1563340 1383
1563350 1381
1563360 1379
1563370 1379
1563380 1376
1563390 1373
1563400 1373
1563410 1373
1563420 1374
1563430 1374
1563440 1377
1563450 1375
1563460 1369
1563470 1369
1563480 1365
1563490 1362
1563500 1362
1563510 1359
1563520 1358
1563530 1358
1563540 1359
1563550 1362
1563560 1362
1563570 1363
1563580 1365
1563590 1365
1563600 1367
1563610 1368
1563620 1368
1563630 1369
1563640 1369
1563650 1371
1563660 1371
1563670 1373
1563680 1374
1563690 1374
1563700 1374
1563710 1377
1563720 1377
1563730 1386
1563740 1392
1563750 1392
1563760 1393
1563770 1390
1563780 1390
1563790 1392
1563800 1399
1563810 1399
1563820 1407
1563830 1412
1563840 1413
1563850 1413
1563860 1413
1563870 1410
1563880 1410
1563890 1408
1563900 1410
1563910 1410
1563920 1418
1563930 1418
1563940 1418
1563950 1418
1563960 1420
1563970 1420
1563980 1423
1563990 1432
1564000 1432
1564010 1443
1564020 1446
1564030 1446
1564040 1446
1564050 1445
1564060 1446
1564070 1446
1564080 1446
1564090 1444
1564100 1444
1564110 1441
1564120 1438
1564130 1438
1564140 1440
1564150 1444
1564160 1444
1564170 1447
1564180 1448
1564190 1448
1564200 1449
1564210 1449
1564220 1449
1564230 1446
1564240 1440
1564250 1433
1564260 1433
1564270 1424
1564280 1417
1564290 1417
1564300 1410
1564310 1403
1564320 1403
1564330 1398
1564340 1393
1564350 1393
1564360 1391
1564370 1390
1564380 1390
1564390 1388
1564400 1383
1564410 1383
1564420 1378
1564430 1374
1564440 1372
1564450 1372
1564460 1372
1564470 1371
1564480 1371
1564490 1371
1564500 1372
1564510 1372
1564520 1374
1564530 1375
1564540 1375
1564550 1377
1564560 1379
1564570 1379
1564580 1381
1564590 1384
1564600 1384
1564610 1388
1564620 1392
1564630 1397
1564640 1397
1564650 1403
1564660 1409
1564670 1409
1564680 1416
1564690 1421
1564700 1421
1564710 1425
1564720 1428
1564730 1428
1564740 1431
1564750 1436
1564760 1436
1564770 1442
1564780 1446
1564790 1446
1564800 1447
1564810 1443
1564820 1441
1564830 1441
1564840 1443
1564850 1444
1564860 1444
1564870 1445
1564880 1447
1564890 1447
1564900 1449
1564910 1451
1564920 1451
1564930 1454
1564940 1458
1564950 1458
1564960 1460
1564970 1463
1564980 1463
1564990 1466
1565000 1469
1565010 1473
1565020 1473
1565030 1476
1565040 1479
1565050 1479
1565060 1483
1565070 1487
1565080 1487
1565090 1491
1565100 1495
1565110 1495
1565120 1499
1565130 1503
1565140 1503
1565150 1507
1565160 1511
1565170 1511
1565180 1516
1565190 1521
1565200 1524
1565210 1524
1565220 1529
1565230 1533
1565240 1533
1565250 1537
1565260 1541
1565270 1541
1565280 1545
1565290 1547
1565300 1547
1565310 1551
1565320 1553
1565330 1553
1565340 1557
1565350 1560
1565360 1560
1565370 1563
1565380 1566
1565390 1566
1565400 1569
1565410 1572
1565420 1575
1565430 1575
1565440 1578
1565450 1581
1565460 1581
1565470 1584
1565480 1587
1565490 1587
1565500 1591
1565510 1594
1565520 1594
1565530 1598
1565540 1601
1565550 1601
1565560 1604
1565570 1607
1565580 1607
1565590 1611
1565600 1614
1565610 1617
1565620 1617
1565630 1621
1565640 1624
1565650 1624
1565660 1627
1565670 1630
1565680 1630
1565690 1632
1565700 1635
1565710 1635
1565720 1638
1565730 1642
1565740 1642
1565750 1645
1565760 1647
1565770 1647
1565780 1650
1565790 1651
1565800 1652
1565810 1652
1565820 1652
1565830 1651
1565840 1651
1565850 1652
1565860 1654
1565870 1654
1565880 1655
1565890 1656
1565900 1656
1565910 1657
1565920 1659
1565930 1659
1565940 1660
1565950 1662
1565960 1662
1565970 1664
1565980 1667
1565990 1669
1566000 1669
1566010 1672
1566020 1674
1566030 1674
1566040 1677
1566050 1680
1566060 1680
1566070 1683
1566080 1686
1566090 1686
1566100 1689
1566110 1691
1566120 1691
1566130 1693
1566140 1695
1566150 1695
1566160 1698
1566170 1700
1566180 1703
1566190 1703
1566200 1704
1566210 1706
1566220 1706
1566230 1708
1566240 1709
1566250 1709
1566260 1711
1566270 1713
1566280 1713
1566290 1713
1566300 1712
1566310 1712
1566320 1712
1566330 1712
1566340 1712
1566350 1712
1566360 1712
1566370 1712
1566380 1712
1566390 1711
1566400 1711
1566410 1711
1566420 1710
1566430 1709
1566440 1709
1566450 1708
1566460 1706
1566470 1706
1566480 1705
1566490 1705
1566500 1705
1566510 1704
1566520 1704
1566530 1704
1566540 1703
1566550 1702
1566560 1702
1566570 1702
1566580 1701
1566590 1699
1566600 1699
1566610 1698
1566620 1696
1566630 1696
1566640 1694
1566650 1693
1566660 1693
1566670 1691
1566680 1688
1566690 1688
1566700 1686
1566710 1684
1566720 1684
1566730 1682
1566740 1680
1566750 1680
1566760 1678
1566770 1676
1566780 1675
1566790 1675
1566800 1673
1566810 1671
1566820 1671
1566830 1669
1566840 1667
1566850 1667
1566860 1665
1566870 1663
1566880 1663
1566890 1662
1566900 1660
1566910 1660
1566920 1658
1566930 1657
1566940 1657
1566950 1656
1566960 1656
1566970 1655
1566980 1655
1566990 1653
1567000 1650
1567010 1650
1567020 1649
1567030 1648
1567040 1648
1567050 1647
1567060 1647
1567070 1647
1567080 1646
1567090 1645
1567100 1645
1567110 1644
1567120 1641
1567130 1641
1567140 1639
1567150 1636
1567160 1632
1567170 1632
1567180 1629
1567190 1627
1567200 1627
1567210 1625
1567220 1623
1567230 1623
1567240 1622
1567250 1620
1567260 1620
1567270 1618
1567280 1617
1567290 1617
1567300 1616
1567310 1615
1567320 1615
1567330 1613
1567340 1613
1567350 1612
1567360 1612
1567370 1612
1567380 1612
1567390 1612
1567400 1612
1567410 1613
1567420 1613
1567430 1613
1567440 1613
1567450 1613
1567460 1613
1567470 1613
1567480 1613
1567490 1612
1567500 1611
1567510 1611
1567520 1609
1567530 1608
1567540 1607
1567550 1607
1567560 1605
1567570 1604
1567580 1604
1567590 1602
1567600 1600
1567610 1600
1567620 1598
1567630 1597
1567640 1597
1567650 1595
1567660 1593
1567670 1593
1567680 1591
1567690 1590
1567700 1590
1567710 1589
1567720 1588
1567730 1587
1567740 1591
1567750 1590
1567760 1588
1567770 1588
1567780 1587
1567790 1586
1567800 1586
1567810 1585
1567820 1584
1567830 1584
1567840 1583
1567850 1582
1567860 1582
1567870 1581
1567880 1580
1567890 1580
1567900 1579
1567910 1578
1567920 1578
1567930 1577
1567940 1576
1567950 1575
1567960 1575
1567970 1574
1567980 1574
1567990 1574
1568000 1574
1568010 1574
1568020 1574
1568030 1575
1568040 1575
1568050 1575
1568060 1576
1568070 1576
1568080 1576
1568090 1576
1568100 1578
1568110 1578
1568120 1580
1568130 1581
1568140 1583
1568150 1583
1568160 1584
1568170 1586
1568180 1586
1568190 1588
1568200 1589
1568210 1589
1568220 1590
1568230 1592
1568240 1592
1568250 1594
1568260 1595
1568270 1595
1568280 1596
1568290 1596
1568300 1596
1568310 1597
1568320 1598
1568330 1599
1568340 1599
1568350 1600
1568360 1601
1568370 1601
1568380 1601
1568390 1601
1568400 1601
1568410 1601
1568420 1601
1568430 1601
1568440 1601
1568450 1601
1568460 1601
1568470 1600
1568480 1600
1568490 1600
1568500 1598
1568510 1596
1568520 1594
1568530 1594
1568540 1591
1568550 1588
1568560 1588
1568570 1585
1568580 1581
1568590 1581
1568600 1578
1568610 1574
1568620 1574
1568630 1571
1568640 1567
1568650 1567
1568660 1563
1568670 1559
1568680 1559
1568690 1555
1568700 1551
1568710 1547
1568720 1547
1568730 1543
1568740 1539
1568750 1539
1568760 1536
1568770 1533
1568780 1533
1568790 1530
1568800 1527
1568810 1527
1568820 1524
1568830 1522
1568840 1522
1568850 1520
1568860 1517
1568870 1517
1568880 1515
1568890 1513
1568900 1511
1568910 1511
1568920 1509
1568930 1506
1568940 1506
1568950 1504
1568960 1501
1568970 1501
1568980 1499
1568990 1497
1569000 1497
1569010 1494
1569020 1491
1569030 1491
1569040 1489
1569050 1486
1569060 1486
1569070 1484
1569080 1482
1569090 1479
1569100 1479
1569110 1478
1569120 1476
1569130 1476
1569140 1474
1569150 1472
1569160 1472
1569170 1470
1569180 1468
1569190 1468
1569200 1466
1569210 1465
1569220 1465
1569230 1464
1569240 1464
1569250 1460
1569260 1459
1569270 1458
1569280 1458
1569290 1458
1569300 1456
1569310 1455
1569320 1455
1569330 1453
1569340 1452
1569350 1452
1569360 1451
1569370 1450
1569380 1450
1569390 1449
1569400 1448
1569410 1448
1569420 1446
1569430 1445
1569440 1445
1569450 1443
1569460 1442
1569470 1442
1569480 1440
1569490 1438
1569500 1436
1569510 1436
1569520 1434
1569530 1432
1569540 1432
1569550 1429
1569560 1427
1569570 1427
1569580 1426
1569590 1424
1569600 1424
1569610 1423
1569620 1421
1569630 1421
1569640 1419
1569650 1417
1569660 1417
1569670 1415
1569680 1413
1569690 1412
1569700 1412
1569710 1410
1569720 1408
1569730 1408
1569740 1405
1569750 1403
1569760 1403
1569770 1400
1569780 1397
1569790 1397
1569800 1394
1569810 1390
1569820 1390
1569830 1386
1569840 1382
1569850 1382
1569860 1378
1569870 1374
1569880 1370
1569890 1370
1569900 1366
1569910 1362
1569920 1362
1569930 1358
1569940 1355
1569950 1355
1569960 1352
1569970 1349
1569980 1349
1569990 1346
1570000 1343
1570010 1343
1570020 1341
1570030 1337
1570040 1337
1570050 1333
1570060 1328
1570070 1323
1570080 1323
1570090 1319
1570100 1314
1570110 1314
1570120 1309
1570130 1304
1570140 1304
1570150 1300
1570160 1295
1570170 1295
1570180 1292
1570190 1287
1570200 1287
1570210 1283
1570220 1278
1570230 1278
1570240 1274
1570250 1271
1570260 1269
1570270 1269
1570280 1266
1570290 1264
1570300 1264
1570310 1261
1570320 1259
1570330 1259
1570340 1256
1570350 1254
1570360 1254
1570370 1252
1570380 1251
1570390 1251
1570400 1250
1570410 1249
1570420 1249
1570430 1246
1570440 1244
1570450 1244
1570460 1241
1570470 1239
1570480 1237
1570490 1237
1570500 1235
1570510 1232
1570520 1232
1570530 1229
1570540 1226
1570550 1226
1570560 1223
1570570 1224
1570580 1224
1570590 1226
1570600 1228
1570610 1228
1570620 1230
1570630 1232
1570640 1232
1570650 1234
1570660 1235
1570670 1237
1570680 1237
1570690 1241
1570700 1244
1570710 1244
1570720 1247
1570730 1247
1570740 1247
1570750 1250
1570760 1253
1570770 1253
1570780 1256
1570790 1260
1570800 1260
1570810 1265
1570820 1270
1570830 1270
1570840 1276
1570850 1280
1570860 1284
1570870 1284
1570880 1288
1570890 1292
1570900 1292
1570910 1296
1570920 1301
1570930 1301
1570940 1305
1570950 1310
1570960 1310
1570970 1315
1570980 1320
1570990 1320
1571000 1324
1571010 1328
1571020 1328
1571030 1332
1571040 1335
1571050 1337
1571060 1337
1571070 1340
1571080 1343
1571090 1343
1571100 1346
1571110 1349
1571120 1349
1571130 1351
1571140 1354
1571150 1354
1571160 1357
1571170 1359
1571180 1359
1571190 1362
1571200 1365
1571210 1365
1571220 1368
1571230 1371
1571240 1374
1571250 1374
1571260 1377
1571270 1381
1571280 1381
1571290 1384
1571300 1388
1571310 1388
1571320 1391
1571330 1395
1571340 1395
1571350 1398
1571360 1402
1571370 1402
1571380 1405
1571390 1410
1571400 1410
1571410 1413
1571420 1417
1571430 1421
1571440 1421
1571450 1425
1571460 1429
1571470 1429
1571480 1433
1571490 1437
1571500 1437
1571510 1441
1571520 1444
1571530 1444
1571540 1448
1571550 1452
1571560 1452
1571570 1455
1571580 1459
1571590 1459
1571600 1463
1571610 1466
1571620 1470
1571630 1470
1571640 1474
1571650 1478
1571660 1478
1571670 1482
1571680 1486
1571690 1486
1571700 1490
1571710 1494
1571720 1494
1571730 1498
1571740 1502
1571750 1502
1571760 1506
1571770 1509
1571780 1509
1571790 1513
1571800 1517
1571810 1517
1571820 1520
1571830 1524
1571840 1527
1571850 1527
1571860 1531
1571870 1534
1571880 1534
1571890 1537
1571900 1540
1571910 1540
1571920 1544
1571930 1549
1571940 1549
1571950 1551
1571960 1552
1571970 1552
1571980 1550
1571990 1547
1572000 1547
1572010 1543
1572020 1538
1572030 1532
1572040 1532
1572050 1526
1572060 1521
1572070 1521
1572080 1516
1572090 1512
1572100 1512
1572110 1507
1572120 1503
1572130 1503
1572140 1499
1572150 1495
1572160 1495
1572170 1490
1572180 1486
1572190 1484
1572200 1479
1572210 1475
1572220 1470
1572230 1470
1572240 1465
1572250 1460
1572260 1460
1572270 1456
1572280 1452
1572290 1452
1572300 1447
1572310 1444
1572320 1444
1572330 1442
1572340 1438
1572350 1438
1572360 1435
1572370 1431
1572380 1431
1572390 1428
1572400 1426
1572410 1423
1572420 1423
1572430 1421
1572440 1418
1572450 1418
1572460 1416
1572470 1414
1572480 1414
1572490 1412
1572500 1411
1572510 1411
1572520 1409
1572530 1408
1572540 1408
1572550 1407
1572560 1405
1572570 1405
1572580 1403
1572590 1402
1572600 1401
1572610 1401
1572620 1399
1572630 1398
1572640 1398
1572650 1396
1572660 1394
1572670 1394
1572680 1392
1572690 1390
1572700 1390
1572710 1389
1572720 1387
1572730 1387
1572740 1385
1572750 1383
1572760 1383
1572770 1381
1572780 1377
1572790 1374
1572800 1374
1572810 1369
1572820 1363
1572830 1363
1572840 1357
1572850 1351
1572860 1351
1572870 1345
1572880 1340
1572890 1340
1572900 1335
1572910 1330
1572920 1330
1572930 1325
1572940 1321
1572950 1321
1572960 1317
1572970 1312
1572980 1312
1572990 1307
1573000 1303
1573010 1300
1573020 1300
1573030 1295
1573040 1289
1573050 1289
1573060 1284
1573070 1283
1573080 1283
1573090 1289
1573100 1295
1573110 1295
1573120 1300
1573130 1306
1573140 1306
1573150 1312
1573160 1318
1573170 1318
1573180 1324
1573190 1329
1573200 1334
1573210 1334
1573220 1339
1573230 1344
1573240 1344
1573250 1349
1573260 1354
1573270 1354
1573280 1360
1573290 1365
1573300 1365
1573310 1370
1573320 1375
1573330 1375
1573340 1380
1573350 1385
1573360 1385
1573370 1390
1573380 1395
1573390 1400
1573400 1400
1573410 1406
1573420 1412
1573430 1412
1573440 1418
1573450 1422
1573460 1422
1573470 1429
1573480 1434
1573490 1434
1573500 1441
1573510 1446
1573520 1446
1573530 1450
1573540 1454
1573550 1454
1573560 1459
1573570 1462
1573580 1465
1573590 1465
1573600 1468
1573610 1471
1573620 1468
1573630 1472
1573640 1476
1573650 1476
1573660 1479
1573670 1482
1573680 1482
1573690 1486
1573700 1489
1573710 1489
1573720 1492
1573730 1495
1573740 1495
1573750 1498
1573760 1502
1573770 1505
1573780 1505
1573790 1508
1573800 1512
1573810 1512
1573820 1515
1573830 1519
1573840 1519
1573850 1523
1573860 1526
1573870 1526
1573880 1530
1573890 1534
1573900 1534
1573910 1538
1573920 1542
1573930 1542
1573940 1547
1573950 1551
1573960 1555
1573970 1555
1573980 1559
1573990 1563
1574000 1563
1574010 1567
1574020 1570
1574030 1570
1574040 1573
1574050 1576
1574060 1576
1574070 1578
1574080 1578
1574090 1578
1574100 1576
1574110 1574
1574120 1574
1574130 1570
1574140 1565
1574150 1565
1574160 1559
1574170 1553
1574180 1549
1574190 1549
1574200 1544
1574210 1539
1574220 1539
1574230 1536
1574240 1532
1574250 1532
1574260 1529
1574270 1525
1574280 1525
1574290 1522
1574300 1519
1574310 1519
1574320 1515
1574330 1512
1574340 1512
1574350 1509
1574360 1506
1574370 1503
1574380 1503
1574390 1499
1574400 1496
1574410 1496
1574420 1493
1574430 1490
1574440 1490
1574450 1486
1574460 1482
1574470 1482
1574480 1478
1574490 1474
1574500 1474
1574510 1471
1574520 1468
1574530 1468
1574540 1465
1574550 1461
1574560 1458
1574570 1458
1574580 1455
1574590 1452
1574600 1452
1574610 1449
1574620 1445
1574630 1445
1574640 1442
1574650 1440
1574660 1440
1574670 1437
1574680 1434
1574690 1434
1574700 1432
1574710 1430
1574720 1430
1574730 1429
1574740 1428
1574750 1427
1574760 1427
1574770 1426
1574780 1424
1574790 1424
1574800 1424
1574810 1424
1574820 1424
1574830 1423
1574840 1421
1574850 1421
1574860 1420
1574870 1418
1574880 1418
1574890 1417
1574900 1415
1574910 1415
1574920 1414
1574930 1412
1574940 1411
1574950 1411
1574960 1409
1574970 1407
1574980 1407
1574990 1404
1575000 1401
1575010 1401
1575020 1400
1575030 1395
1575040 1395
1575050 1392
1575060 1390
1575070 1390
1575080 1386
1575090 1383
1575100 1383
1575110 1380
1575120 1377
1575130 1375
1575140 1375
1575150 1374
1575160 1372
1575170 1372
1575180 1371
1575190 1370
1575200 1370
1575210 1370
1575220 1371
1575230 1371
1575240 1371
1575250 1372
1575260 1372
1575270 1373
1575280 1373
1575290 1373
1575300 1374
1575310 1374
1575320 1375
1575330 1375
1575340 1376
1575350 1377
1575360 1377
1575370 1377
1575380 1378
1575390 1378
1575400 1379
1575410 1380
1575420 1380
1575430 1381
1575440 1381
1575450 1381
1575460 1382
1575470 1383
1575480 1383
1575490 1384
1575500 1386
1575510 1386
1575520 1388
1575530 1389
1575540 1391
1575550 1391
1575560 1394
1575570 1396
1575580 1396
1575590 1399
1575600 1401
1575610 1401
1575620 1405
1575630 1408
1575640 1408
1575650 1411
1575660 1415
1575670 1415
1575680 1418
1575690 1422
1575700 1422
1575710 1425
1575720 1429
1575730 1432
1575740 1432
1575750 1436
1575760 1439
1575770 1439
1575780 1443
1575790 1447
1575800 1447
1575810 1450
1575820 1453
1575830 1453
1575840 1456
1575850 1459
1575860 1459
1575870 1462
1575880 1465
1575890 1465
1575900 1468
1575910 1471
1575920 1474
1575930 1474
1575940 1476
1575950 1479
1575960 1479
1575970 1481
1575980 1483
1575990 1483
1576000 1486
1576010 1488
1576020 1488
1576030 1489
1576040 1491
1576050 1491
1576060 1493
1576070 1494
1576080 1494
1576090 1495
1576100 1496
1576110 1498
1576120 1498
1576130 1498
1576140 1499
1576150 1499
1576160 1501
1576170 1503
1576180 1503
1576190 1504
1576200 1505
1576210 1505
1576220 1507
1576230 1508
1576240 1508
1576250 1509
1576260 1510
1576270 1510
1576280 1510
1576290 1511
1576300 1511
1576310 1511
1576320 1512
1576330 1512
1576340 1512
1576350 1512
1576360 1513
1576370 1513
1576380 1514
1576390 1514
1576400 1514
1576410 1514
1576420 1513
1576430 1513
1576440 1513
1576450 1514
1576460 1514
1576470 1514
1576480 1514
1576490 1514
1576500 1514
1576510 1514
1576520 1514
1576530 1514
1576540 1515
1576550 1515
1576560 1515
1576570 1515
1576580 1515
1576590 1515
1576600 1515
1576610 1515
1576620 1515
1576630 1516
1576640 1517
1576650 1517
1576660 1517
1576670 1518
1576680 1518
1576690 1519
1576700 1519
1576710 1520
1576720 1520
1576730 1522
1576740 1523
1576750 1523
1576760 1523
1576770 1524
1576780 1524
1576790 1524
1576800 1525
1576810 1525
1576820 1525
1576830 1526
1576840 1526
1576850 1527
1576860 1528
1576870 1528
1576880 1528
1576890 1529
1576900 1529
1576910 1529
1576920 1529
1576930 1530
1576940 1530
1576950 1530
1576960 1530
1576970 1530
1576980 1530
1576990 1530
1577000 1530
1577010 1530
1577020 1530
1577030 1530
1577040 1528
1577050 1526
1577060 1526
1577070 1525
1577080 1523
1577090 1523
1577100 1523
1577110 1522
1577120 1521
1577130 1521
1577140 1521
1577150 1521
1577160 1521
1577170 1520
1577180 1519
1577190 1519
1577200 1518
1577210 1516
1577220 1516
1577230 1514
1577240 1511
1577250 1511
1577260 1508
1577270 1505
1577280 1502
1577290 1502
1577300 1499
1577310 1496
1577320 1496
1577330 1494
1577340 1492
1577350 1492
1577360 1489
1577370 1487
1577380 1487
1577390 1485
1577400 1483
1577410 1483
1577420 1482
1577430 1481
1577440 1481
1577450 1480
1577460 1479
1577470 1477
1577480 1477
1577490 1476
1577500 1476
1577510 1476
1577520 1474
1577530 1473
1577540 1473
1577550 1471
1577560 1469
1577570 1469
1577580 1468
1577590 1467
1577600 1467
1577610 1467
1577620 1466
1577630 1466
1577640 1465
1577650 1464
1577660 1463
1577670 1463
1577680 1462
1577690 1461
1577700 1461
1577710 1461
1577720 1460
1577730 1460
1577740 1459
1577750 1459
1577760 1459
1577770 1458
1577780 1455
1577790 1455
1577800 1455
1577810 1454
1577820 1454
1577830 1453
1577840 1451
1577850 1451
1577860 1448
1577870 1447
1577880 1446
1577890 1446
1577900 1446
1577910 1445
1577920 1445
1577930 1444
1577940 1443
1577950 1443
1577960 1442
1577970 1441
1577980 1441
1577990 1440
1578000 1439
1578010 1439
1578020 1438
1578030 1437
1578040 1437
1578050 1436
1578060 1435
1578070 1433
1578080 1433
1578090 1431
1578100 1429
1578110 1429
1578120 1427
1578130 1425
1578140 1425
1578150 1423
1578160 1420
1578170 1420
1578180 1419
1578190 1417
1578200 1417
1578210 1415
1578220 1413
1578230 1413
1578240 1410
1578250 1408
1578260 1404
1578270 1404
1578280 1401
1578290 1397
1578300 1397
1578310 1395
1578320 1392
1578330 1392
1578340 1388
1578350 1385
1578360 1385
1578370 1382
1578380 1379
1578390 1379
1578400 1376
1578410 1374
1578420 1374
1578430 1372
1578440 1370
1578450 1368
1578460 1368
1578470 1367
1578480 1366
1578490 1366
1578500 1365
1578510 1364
1578520 1364
1578530 1363
1578540 1362
1578550 1362
1578560 1361
1578570 1360
1578580 1360
1578590 1359
1578600 1357
1578610 1357
1578620 1355
1578630 1352
1578640 1349
1578650 1349
1578660 1345
1578670 1341
1578680 1341
1578690 1338
1578700 1336
1578710 1336
1578720 1335
1578730 1334
1578740 1334
1578750 1333
1578760 1333
1578770 1333
1578780 1333
1578790 1333
1578800 1333
1578810 1334
1578820 1334
1578830 1335
1578840 1335
1578850 1337
1578860 1337
1578870 1337
1578880 1339
1578890 1341
1578900 1341
1578910 1343
1578920 1344
1578930 1344
1578940 1345
1578950 1347
1578960 1347
1578970 1349
1578980 1351
1578990 1351
1579000 1352
1579010 1354
1579020 1356
1579030 1356
1579040 1358
1579050 1360
1579060 1360
1579070 1361
1579080 1363
1579090 1363
1579100 1365
1579110 1368
1579120 1368
1579130 1367
1579140 1369
1579150 1369
1579160 1370
1579170 1370
1579180 1370
1579190 1369
1579200 1368
1579210 1368
1579220 1367
1579230 1365
1579240 1364
1579250 1364
1579260 1363
1579270 1362
1579280 1362
1579290 1361
1579300 1360
1579310 1360
1579320 1360
1579330 1359
1579340 1359
1579350 1358
1579360 1357
1579370 1357
1579380 1356
1579390 1354
1579400 1354
1579410 1353
1579420 1352
1579430 1351
1579440 1351
1579450 1351
1579460 1350
1579470 1350
1579480 1351
1579490 1351
1579500 1351
1579510 1351
1579520 1351
1579530 1351
1579540 1352
1579550 1352
1579560 1352
1579570 1352
1579580 1354
1579590 1354
1579600 1356
1579610 1358
1579620 1360
1579630 1360
1579640 1362
1579650 1364
1579660 1364
1579670 1367
1579680 1369
1579690 1369
1579700 1372
1579710 1375
1579720 1375
1579730 1379
1579740 1381
1579750 1381
1579760 1384
1579770 1387
1579780 1387
1579790 1390
1579800 1393
1579810 1396
1579820 1396
1579830 1398
1579840 1400
1579850 1400
1579860 1403
1579870 1406
1579880 1406
1579890 1408
1579900 1410
1579910 1410
1579920 1412
1579930 1414
1579940 1414
1579950 1415
1579960 1418
1579970 1418
1579980 1420
1579990 1422
