1560000 1542
1560010 1542
1560020 1543
1560030 1544
1560040 1544
1560050 1544
1560060 1544
1560070 1544
1560080 1545
1560090 1544
1560100 1544
1560110 1544
1560120 1543
1560130 1543
1560140 1543
1560150 1543
1560160 1541
1560170 1541
1560180 1539
1560190 1539
1560200 1539
1560210 1541
1560220 1544
1560230 1544
1560240 1547
1560250 1550
1560260 1550
1560270 1554
1560280 1558
1560290 1558
1560300 1561
1560310 1564
1560320 1567
1560330 1567
1560340 1569
1560350 1571
1560360 1571
1560370 1573
1560380 1575
1560390 1575
1560400 1577
1560410 1578
1560420 1578
1560430 1579
1560440 1579
1560450 1579
1560460 1578
1560470 1577
1560480 1577
1560490 1576
1560500 1571
1560510 1562
1560520 1562
1560530 1548
1560540 1538
1560550 1538
1560560 1533
1560570 1532
1560580 1532
1560590 1536
1560600 1538
1560610 1538
1560620 1534
1560630 1528
1560640 1528
1560650 1515
1560660 1503
1560670 1503
1560680 1494
1560690 1485
1560700 1485
1560710 1477
1560720 1469
1560730 1462
1560740 1462
1560750 1456
1560760 1451
1560770 1451
1560780 1447
1560790 1443
1560800 1443
1560810 1439
1560820 1436
1560830 1436
1560840 1435
1560850 1433
1560860 1433
1560870 1432
1560880 1431
1560890 1431
1560900 1430
1560910 1430
1560920 1430
1560930 1430
1560940 1432
1560950 1431
1560960 1431
1560970 1426
1560980 1421
1560990 1421
1561000 1415
1561010 1411
1561020 1411
1561030 1409
1561040 1405
1561050 1405
1561060 1403
1561070 1402
1561080 1402
1561090 1401
1561100 1401
1561110 1400
1561120 1400
1561130 1399
1561140 1398
1561150 1398
1561160 1397
1561170 1396
1561180 1396
1561190 1394
1561200 1393
1561210 1393
1561220 1392
1561230 1391
1561240 1391
1561250 1390
1561260 1389
1561270 1389
1561280 1388
1561290 1387
1561300 1386
1561310 1386
1561320 1385
1561330 1384
1561340 1384
1561350 1384
1561360 1383
1561370 1383
1561380 1383
1561390 1382
1561400 1382
1561410 1382
1561420 1382
1561430 1382
1561440 1382
1561450 1382
1561460 1382
1561470 1381
1561480 1381
1561490 1381
1561500 1381
1561510 1381
1561520 1381
1561530 1381
1561540 1381
1561550 1381
1561560 1381
1561570 1381
1561580 1380
1561590 1380
1561600 1380
1561610 1380
1561620 1380
1561630 1380
1561640 1380
1561650 1380
1561660 1380
1561670 1380
1561680 1379
1561690 1379
1561700 1379
1561710 1380
1561720 1380
1561730 1380
1561740 1379
1561750 1379
1561760 1379
1561770 1379
1561780 1379
1561790 1379
1561800 1379
1561810 1379
1561820 1379
1561830 1379
1561840 1379
1561850 1378
1561860 1379
1561870 1379
1561880 1378
1561890 1378
1561900 1378
1561910 1378
1561920 1378
1561930 1379
1561940 1379
1561950 1379
1561960 1379
1561970 1379
1561980 1379
1561990 1380
1562000 1380
1562010 1383
1562020 1387
1562030 1387
1562040 1391
1562050 1395
1562060 1395
1562070 1399
1562080 1404
1562090 1409
1562100 1409
1562110 1414
1562120 1420
1562130 1420
1562140 1424
1562150 1427
1562160 1427
1562170 1430
1562180 1432
1562190 1432
1562200 1435
1562210 1438
1562220 1438
1562230 1441
1562240 1445
1562250 1445
1562260 1448
1562270 1450
1562280 1453
1562290 1453
1562300 1455
1562310 1457
1562320 1457
1562330 1459
1562340 1461
1562350 1461
1562360 1459
1562370 1451
1562380 1451
1562390 1445
1562400 1440
1562410 1440
1562420 1437
1562430 1436
1562440 1436
1562450 1434
1562460 1433
1562470 1432
1562480 1432
1562490 1432
1562500 1434
1562510 1434
1562520 1434
1562530 1431
1562540 1431
1562550 1428
1562560 1428
1562570 1428
1562580 1430
1562590 1433
1562600 1433
1562610 1437
1562620 1442
1562630 1442
1562640 1447
1562650 1451
1562660 1455
1562670 1455
1562680 1460
1562690 1464
1562700 1464
1562710 1469
1562720 1474
1562730 1474
1562740 1478
1562750 1481
1562760 1481
1562770 1483
1562780 1485
1562790 1485
1562800 1488
1562810 1490
1562820 1490
1562830 1492
1562840 1494
1562850 1494
1562860 1494
1562870 1495
1562880 1498
1562890 1498
1562900 1500
1562910 1502
1562920 1502
1562930 1503
1562940 1504
1562950 1504
1562960 1506
1562970 1507
1562980 1507
1562990 1506
1563000 1506
1563010 1506
1563020 1504
1563030 1503
1563040 1503
1563050 1503
1563060 1503
1563070 1504
1563080 1504
1563090 1507
1563100 1508
1563110 1508
1563120 1510
1563130 1513
1563140 1513
1563150 1515
1563160 1517
1563170 1517
1563180 1520
1563190 1523
1563200 1523
1563210 1527
1563220 1532
1563230 1532
1563240 1535
1563250 1538
1563260 1542
1563270 1542
1563280 1547
1563290 1552
1563300 1552
1563310 1554
1563320 1555
1563330 1555
1563340 1557
1563350 1560
1563360 1560
1563370 1562
1563380 1564
1563390 1564
1563400 1568
1563410 1570
1563420 1570
1563430 1573
1563440 1577
1563450 1581
1563460 1581
1563470 1585
1563480 1588
1563490 1588
1563500 1591
1563510 1594
1563520 1594
1563530 1598
1563540 1602
1563550 1602
1563560 1606
1563570 1610
1563580 1610
1563590 1616
1563600 1620
1563610 1620
1563620 1624
1563630 1628
1563640 1630
1563650 1630
1563660 1631
1563670 1630
1563680 1630
1563690 1628
1563700 1624
1563710 1624
1563720 1618
1563730 1611
1563740 1611
1563750 1606
1563760 1601
1563770 1601
1563780 1595
1563790 1586
1563800 1586
1563810 1581
1563820 1574
1563830 1567
1563840 1567
1563850 1561
1563860 1555
1563870 1555
1563880 1537
1563890 1516
1563900 1516
1563910 1493
1563920 1485
1563930 1485
1563940 1478
1563950 1470
1563960 1470
1563970 1462
1563980 1455
1563990 1455
1564000 1448
1564010 1442
1564020 1436
1564030 1436
1564040 1429
1564050 1422
1564060 1422
1564070 1416
1564080 1410
1564090 1410
1564100 1406
1564110 1402
1564120 1402
1564130 1398
1564140 1395
1564150 1395
1564160 1393
1564170 1390
1564180 1390
1564190 1388
1564200 1386
1564210 1386
1564220 1383
1564230 1378
1564240 1370
1564250 1370
1564260 1364
1564270 1358
1564280 1358
1564290 1353
1564300 1349
1564310 1349
1564320 1348
1564330 1347
1564340 1347
1564350 1346
1564360 1345
1564370 1345
1564380 1344
1564390 1344
1564400 1344
1564410 1344
1564420 1343
1564430 1343
1564440 1343
1564450 1342
1564460 1342
1564470 1342
1564480 1341
1564490 1341
1564500 1341
1564510 1340
1564520 1339
1564530 1339
1564540 1338
1564550 1337
1564560 1337
1564570 1337
1564580 1339
1564590 1339
1564600 1340
1564610 1341
1564620 1343
1564630 1343
1564640 1345
1564650 1347
1564660 1347
1564670 1349
1564680 1351
1564690 1351
1564700 1352
1564710 1355
1564720 1355
1564730 1356
1564740 1358
1564750 1358
1564760 1359
1564770 1362
1564780 1362
1564790 1366
1564800 1369
1564810 1372
1564820 1372
1564830 1376
1564840 1380
1564850 1380
1564860 1385
1564870 1390
1564880 1390
1564890 1395
1564900 1398
1564910 1398
1564920 1399
1564930 1398
1564940 1398
1564950 1398
1564960 1398
1564970 1398
1564980 1399
1564990 1400
1565000 1402
1565010 1402
1565020 1404
1565030 1407
1565040 1407
1565050 1410
1565060 1412
1565070 1412
1565080 1415
1565090 1419
1565100 1419
1565110 1423
1565120 1429
1565130 1429
1565140 1433
1565150 1437
1565160 1437
1565170 1440
1565180 1442
1565190 1444
1565200 1444
1565210 1447
1565220 1451
1565230 1451
1565240 1455
1565250 1458
1565260 1458
1565270 1460
1565280 1462
1565290 1462
1565300 1466
1565310 1470
1565320 1470
1565330 1474
1565340 1478
1565350 1478
1565360 1482
1565370 1486
1565380 1488
1565390 1488
1565400 1491
1565410 1494
1565420 1494
1565430 1496
1565440 1499
1565450 1499
1565460 1502
1565470 1506
1565480 1506
1565490 1510
1565500 1513
1565510 1513
1565520 1515
1565530 1517
1565540 1517
1565550 1520
1565560 1523
1565570 1523
1565580 1524
1565590 1527
1565600 1531
1565610 1531
1565620 1534
1565630 1537
1565640 1537
1565650 1540
1565660 1543
1565670 1543
1565680 1546
1565690 1549
1565700 1549
1565710 1551
1565720 1554
1565730 1554
1565740 1556
1565750 1559
1565760 1559
1565770 1562
1565780 1564
1565790 1567
1565800 1567
1565810 1569
1565820 1571
1565830 1571
1565840 1574
1565850 1577
1565860 1577
1565870 1580
1565880 1584
1565890 1584
1565900 1587
1565910 1590
1565920 1590
1565930 1594
1565940 1597
1565950 1597
1565960 1599
1565970 1603
1565980 1606
1565990 1606
1566000 1609
1566010 1611
1566020 1611
1566030 1614
1566040 1616
1566050 1616
1566060 1619
1566070 1621
1566080 1621
1566090 1624
1566100 1626
1566110 1626
1566120 1629
1566130 1632
1566140 1632
1566150 1635
1566160 1636
1566170 1638
1566180 1638
1566190 1640
1566200 1641
1566210 1641
1566220 1642
1566230 1643
1566240 1643
1566250 1644
1566260 1644
1566270 1644
1566280 1643
1566290 1643
1566300 1643
1566310 1642
1566320 1641
1566330 1641
1566340 1640
1566350 1639
1566360 1638
1566370 1638
1566380 1638
1566390 1637
1566400 1637
1566410 1637
1566420 1638
1566430 1638
1566440 1638
1566450 1639
1566460 1639
1566470 1639
1566480 1638
1566490 1638
1566500 1638
1566510 1638
1566520 1638
1566530 1637
1566540 1636
1566550 1634
1566560 1634
1566570 1632
1566580 1631
1566590 1631
1566600 1628
1566610 1626
1566620 1626
1566630 1623
1566640 1620
1566650 1620
1566660 1618
1566670 1615
1566680 1615
1566690 1611
1566700 1608
1566710 1608
1566720 1605
1566730 1602
1566740 1602
1566750 1599
1566760 1596
1566770 1593
1566780 1593
1566790 1590
1566800 1587
1566810 1587
1566820 1584
1566830 1581
1566840 1581
1566850 1578
1566860 1575
1566870 1575
1566880 1572
1566890 1568
1566900 1568
1566910 1565
1566920 1562
1566930 1562
1566940 1558
1566950 1555
1566960 1552
1566970 1552
1566980 1549
1566990 1546
1567000 1546
1567010 1545
1567020 1543
1567030 1543
1567040 1542
1567050 1540
1567060 1540
1567070 1539
1567080 1539
1567090 1539
1567100 1539
1567110 1539
1567120 1539
1567130 1535
1567140 1536
1567150 1537
1567160 1537
1567170 1538
1567180 1539
1567190 1539
1567200 1540
1567210 1542
1567220 1542
1567230 1544
1567240 1545
1567250 1545
1567260 1547
1567270 1549
1567280 1549
1567290 1551
1567300 1552
1567310 1552
1567320 1555
1567330 1557
1567340 1559
1567350 1559
1567360 1562
1567370 1565
1567380 1565
1567390 1567
1567400 1570
1567410 1570
1567420 1573
1567430 1576
1567440 1576
1567450 1578
1567460 1581
1567470 1581
1567480 1584
1567490 1586
1567500 1586
1567510 1589
1567520 1592
1567530 1595
1567540 1595
1567550 1597
1567560 1599
1567570 1599
1567580 1602
1567590 1604
1567600 1604
1567610 1606
1567620 1608
1567630 1608
1567640 1611
1567650 1612
1567660 1612
1567670 1614
1567680 1616
1567690 1616
1567700 1617
1567710 1618
1567720 1619
1567730 1619
1567740 1620
1567750 1620
1567760 1620
1567770 1619
1567780 1618
1567790 1618
1567800 1618
1567810 1617
1567820 1617
1567830 1616
1567840 1615
1567850 1615
1567860 1613
1567870 1610
1567880 1610
1567890 1608
1567900 1605
1567910 1605
1567920 1601
1567930 1598
1567940 1595
1567950 1595
1567960 1592
1567970 1589
1567980 1589
1567990 1587
1568000 1584
1568010 1584
1568020 1582
1568030 1580
1568040 1580
1568050 1577
1568060 1576
1568070 1576
1568080 1574
1568090 1572
1568100 1572
1568110 1571
1568120 1571
1568130 1570
1568140 1570
1568150 1570
1568160 1569
1568170 1569
1568180 1569
1568190 1569
1568200 1569
1568210 1569
1568220 1569
1568230 1569
1568240 1569
1568250 1569
1568260 1569
1568270 1569
1568280 1569
1568290 1569
1568300 1569
1568310 1568
1568320 1568
1568330 1568
1568340 1566
1568350 1565
1568360 1565
1568370 1564
1568380 1562
1568390 1562
1568400 1560
1568410 1558
1568420 1558
1568430 1556
1568440 1554
1568450 1554
1568460 1551
1568470 1548
1568480 1548
1568490 1545
1568500 1542
1568510 1538
1568520 1538
1568530 1535
1568540 1532
1568550 1532
1568560 1528
1568570 1524
1568580 1524
1568590 1520
1568600 1517
1568610 1517
1568620 1513
1568630 1510
1568640 1510
1568650 1504
1568660 1501
1568670 1501
1568680 1497
1568690 1493
1568700 1489
1568710 1489
1568720 1484
1568730 1479
1568740 1479
1568750 1474
1568760 1468
1568770 1468
1568780 1463
1568790 1457
1568800 1457
1568810 1452
1568820 1448
1568830 1448
1568840 1444
1568850 1440
1568860 1440
1568870 1436
1568880 1432
1568890 1428
1568900 1428
1568910 1423
1568920 1420
1568930 1420
1568940 1416
1568950 1411
1568960 1411
1568970 1407
1568980 1402
1568990 1402
1569000 1397
1569010 1393
1569020 1393
1569030 1390
1569040 1387
1569050 1387
1569060 1384
1569070 1380
1569080 1380
1569090 1378
1569100 1374
1569110 1370
1569120 1370
1569130 1363
1569140 1358
1569150 1358
1569160 1352
1569170 1347
1569180 1347
1569190 1343
1569200 1338
1569210 1338
1569220 1333
1569230 1329
1569240 1329
1569250 1324
1569260 1319
1569270 1319
1569280 1316
1569290 1316
1569300 1316
1569310 1316
1569320 1315
1569330 1313
1569340 1313
1569350 1312
1569360 1312
1569370 1312
1569380 1313
1569390 1313
1569400 1313
1569410 1314
1569420 1315
1569430 1315
1569440 1314
1569450 1313
1569460 1313
1569470 1311
1569480 1310
1569490 1309
1569500 1309
1569510 1308
1569520 1307
1569530 1307
1569540 1306
1569550 1306
1569560 1306
1569570 1305
1569580 1303
1569590 1303
1569600 1301
1569610 1298
1569620 1298
1569630 1295
1569640 1292
1569650 1292
1569660 1287
1569670 1283
1569680 1279
1569690 1279
1569700 1276
1569710 1274
1569720 1274
1569730 1272
1569740 1270
1569750 1270
1569760 1268
1569770 1267
1569780 1267
1569790 1266
1569800 1264
1569810 1264
1569820 1263
1569830 1262
1569840 1262
1569850 1261
1569860 1260
1569870 1258
1569880 1258
1569890 1255
1569900 1253
1569910 1253
1569920 1251
1569930 1249
1569940 1249
1569950 1245
1569960 1241
1569970 1241
1569980 1237
1569990 1234
1570000 1234
1570010 1231
1570020 1228
1570030 1228
1570040 1225
1570050 1221
1570060 1217
1570070 1217
1570080 1214
1570090 1211
1570100 1211
1570110 1208
1570120 1206
1570130 1206
1570140 1202
1570150 1200
1570160 1200
1570170 1197
1570180 1193
1570190 1193
1570200 1189
1570210 1187
1570220 1187
1570230 1186
1570240 1185
1570250 1185
1570260 1184
1570270 1183
1570280 1182
1570290 1182
1570300 1181
1570310 1179
1570320 1179
1570330 1178
1570340 1177
1570350 1177
1570360 1175
1570370 1173
1570380 1173
1570390 1172
1570400 1171
1570410 1171
1570420 1169
1570430 1166
1570440 1166
1570450 1164
1570460 1163
1570470 1160
1570480 1160
1570490 1156
1570500 1151
1570510 1151
1570520 1151
1570530 1157
1570540 1157
1570550 1164
1570560 1172
1570570 1172
1570580 1177
1570590 1182
1570600 1182
1570610 1186
1570620 1190
1570630 1190
1570640 1194
1570650 1198
1570660 1202
1570670 1202
1570680 1206
1570690 1211
1570700 1211
1570710 1217
1570720 1223
1570730 1223
1570740 1229
1570750 1234
1570760 1234
1570770 1239
1570780 1244
1570790 1244
1570800 1249
1570810 1253
1570820 1253
1570830 1257
1570840 1261
1570850 1264
1570860 1264
1570870 1266
1570880 1271
1570890 1271
1570900 1278
1570910 1283
1570920 1283
1570930 1290
1570940 1296
1570950 1296
1570960 1302
1570970 1309
1570980 1309
1570990 1316
1571000 1322
1571010 1322
1571020 1326
1571030 1330
1571040 1333
1571050 1333
1571060 1337
1571070 1340
1571080 1340
1571090 1343
1571100 1347
1571110 1347
1571120 1351
1571130 1355
1571140 1355
1571150 1358
1571160 1362
1571170 1362
1571180 1365
1571190 1368
1571200 1368
1571210 1370
1571220 1373
1571230 1373
1571240 1376
1571250 1379
1571260 1381
1571270 1381
1571280 1384
1571290 1387
1571300 1387
1571310 1389
1571320 1392
1571330 1392
1571340 1395
1571350 1398
1571360 1398
1571370 1401
1571380 1405
1571390 1405
1571400 1407
1571410 1410
1571420 1410
1571430 1414
1571440 1417
1571450 1420
1571460 1420
1571470 1422
1571480 1425
1571490 1425
1571500 1429
1571510 1432
1571520 1432
1571530 1435
1571540 1438
1571550 1438
1571560 1441
1571570 1444
1571580 1444
1571590 1447
1571600 1450
1571610 1449
1571620 1452
1571630 1455
1571640 1458
1571650 1458
1571660 1460
1571670 1463
1571680 1463
1571690 1466
1571700 1469
1571710 1469
1571720 1471
1571730 1473
1571740 1473
1571750 1475
1571760 1477
1571770 1477
1571780 1479
1571790 1481
1571800 1481
1571810 1483
1571820 1484
1571830 1485
1571840 1485
1571850 1487
1571860 1489
1571870 1489
1571880 1490
1571890 1491
1571900 1491
1571910 1491
1571920 1491
1571930 1491
1571940 1491
1571950 1491
1571960 1491
1571970 1491
1571980 1490
1571990 1490
1572000 1489
1572010 1488
1572020 1485
1572030 1485
1572040 1483
1572050 1480
1572060 1480
1572070 1477
1572080 1473
1572090 1473
1572100 1470
1572110 1466
1572120 1466
1572130 1463
1572140 1459
1572150 1459
1572160 1455
1572170 1452
1572180 1452
1572190 1448
1572200 1445
1572210 1441
1572220 1441
1572230 1437
1572240 1433
1572250 1433
1572260 1429
1572270 1426
1572280 1426
1572290 1422
1572300 1419
1572310 1419
1572320 1415
1572330 1411
1572340 1411
1572350 1407
1572360 1403
1572370 1403
1572380 1399
1572390 1394
1572400 1394
1572410 1391
1572420 1387
1572430 1383
1572440 1383
1572450 1380
1572460 1376
1572470 1376
1572480 1372
1572490 1368
1572500 1368
1572510 1362
1572520 1356
1572530 1356
1572540 1351
1572550 1345
1572560 1345
1572570 1340
1572580 1333
1572590 1333
1572600 1327
1572610 1321
1572620 1316
1572630 1316
1572640 1311
1572650 1306
1572660 1306
1572670 1300
1572680 1294
1572690 1294
1572700 1289
1572710 1285
1572720 1285
1572730 1281
1572740 1278
1572750 1278
1572760 1273
1572770 1268
1572780 1268
1572790 1263
1572800 1258
1572810 1253
1572820 1253
1572830 1248
1572840 1244
1572850 1244
1572860 1242
1572870 1242
1572880 1242
1572890 1241
1572900 1239
1572910 1239
1572920 1237
1572930 1234
1572940 1234
1572950 1231
1572960 1229
1572970 1229
1572980 1227
1572990 1225
1573000 1220
1573010 1220
1573020 1214
1573030 1213
1573040 1213
1573050 1214
1573060 1217
1573070 1217
1573080 1220
1573090 1225
1573100 1225
1573110 1229
1573120 1234
1573130 1234
1573140 1240
1573150 1246
1573160 1246
1573170 1251
1573180 1258
1573190 1263
1573200 1263
1573210 1269
1573220 1275
1573230 1275
1573240 1280
1573250 1284
1573260 1284
1573270 1288
1573280 1292
1573290 1292
1573300 1296
1573310 1300
1573320 1300
1573330 1304
1573340 1307
1573350 1307
1573360 1311
1573370 1314
1573380 1318
1573390 1318
1573400 1322
1573410 1327
1573420 1327
1573430 1332
1573440 1338
1573450 1338
1573460 1343
1573470 1349
1573480 1349
1573490 1355
1573500 1360
1573510 1360
1573520 1365
1573530 1370
1573540 1370
1573550 1375
1573560 1379
1573570 1379
1573580 1383
1573590 1386
1573600 1389
1573610 1389
1573620 1392
1573630 1396
1573640 1396
1573650 1400
1573660 1404
1573670 1404
1573680 1408
1573690 1412
1573700 1412
1573710 1416
1573720 1421
1573730 1421
1573740 1425
1573750 1430
1573760 1430
1573770 1435
1573780 1439
1573790 1444
1573800 1444
1573810 1449
1573820 1453
1573830 1453
1573840 1458
1573850 1462
1573860 1462
1573870 1466
1573880 1470
1573890 1470
1573900 1474
1573910 1478
1573920 1478
1573930 1482
1573940 1487
1573950 1487
1573960 1491
1573970 1495
1573980 1499
1573990 1499
1574000 1503
1574010 1506
1574020 1506
1574030 1509
1574040 1512
1574050 1512
1574060 1515
1574070 1517
1574080 1517
1574090 1518
1574100 1519
1574110 1519
1574120 1519
1574130 1517
1574140 1517
1574150 1514
1574160 1511
1574170 1507
1574180 1507
1574190 1502
1574200 1498
1574210 1498
1574220 1493
1574230 1490
1574240 1490
1574250 1487
1574260 1485
1574270 1485
1574280 1482
1574290 1478
1574300 1478
1574310 1474
1574320 1470
1574330 1470
1574340 1466
1574350 1461
1574360 1458
1574370 1458
1574380 1455
1574390 1452
1574400 1452
1574410 1450
1574420 1447
1574430 1447
1574440 1443
1574450 1440
1574460 1440
1574470 1435
1574480 1432
1574490 1432
1574500 1429
1574510 1425
1574520 1425
1574530 1422
1574540 1419
1574550 1415
1574560 1415
1574570 1412
1574580 1408
1574590 1408
1574600 1404
1574610 1400
1574620 1400
1574630 1396
1574640 1393
1574650 1393
1574660 1389
1574670 1385
1574680 1385
1574690 1381
1574700 1378
1574710 1378
1574720 1374
1574730 1369
1574740 1369
1574750 1365
1574760 1361
1574770 1357
1574780 1357
1574790 1355
1574800 1350
1574810 1350
1574820 1346
1574830 1342
1574840 1342
1574850 1338
1574860 1334
1574870 1334
1574880 1331
1574890 1328
1574900 1328
1574910 1325
1574920 1323
1574930 1323
1574940 1322
1574950 1320
1574960 1316
1574970 1316
1574980 1314
1574990 1313
1575000 1313
1575010 1313
1575020 1313
1575030 1313
1575040 1310
1575050 1308
1575060 1308
1575070 1305
1575080 1302
1575090 1302
1575100 1298
1575110 1294
1575120 1294
1575130 1291
1575140 1288
1575150 1285
1575160 1285
1575170 1282
1575180 1279
1575190 1279
1575200 1276
1575210 1274
1575220 1274
1575230 1273
1575240 1271
1575250 1271
1575260 1270
1575270 1272
1575280 1272
1575290 1274
1575300 1276
1575310 1276
1575320 1279
1575330 1281
1575340 1284
1575350 1284
1575360 1287
1575370 1289
1575380 1289
1575390 1293
1575400 1296
1575410 1296
1575420 1300
1575430 1303
1575440 1303
1575450 1307
1575460 1311
1575470 1311
1575480 1314
1575490 1317
1575500 1317
1575510 1320
1575520 1322
1575530 1325
1575540 1325
1575550 1328
1575560 1332
1575570 1332
1575580 1335
1575590 1339
1575600 1339
1575610 1342
1575620 1346
1575630 1346
1575640 1348
1575650 1351
1575660 1351
1575670 1354
1575680 1357
1575690 1357
1575700 1360
1575710 1363
1575720 1366
1575730 1366
1575740 1368
1575750 1371
1575760 1371
1575770 1374
1575780 1377
1575790 1377
1575800 1379
1575810 1382
1575820 1382
1575830 1384
1575840 1386
1575850 1386
1575860 1384
1575870 1386
1575880 1386
1575890 1388
1575900 1390
1575910 1390
1575920 1392
1575930 1393
1575940 1395
1575950 1395
1575960 1397
1575970 1399
1575980 1399
1575990 1400
1576000 1402
1576010 1402
1576020 1403
1576030 1405
1576040 1405
1576050 1407
1576060 1409
1576070 1409
1576080 1411
1576090 1413
1576100 1413
1576110 1414
1576120 1415
1576130 1416
1576140 1416
1576150 1417
1576160 1417
1576170 1417
1576180 1417
1576190 1416
1576200 1416
1576210 1415
1576220 1413
1576230 1413
1576240 1412
1576250 1410
1576260 1410
1576270 1408
1576280 1406
1576290 1406
1576300 1405
1576310 1404
1576320 1403
1576330 1403
1576340 1401
1576350 1400
1576360 1400
1576370 1399
1576380 1397
1576390 1397
1576400 1396
1576410 1396
1576420 1396
1576430 1394
1576440 1393
1576450 1393
1576460 1393
1576470 1394
1576480 1394
1576490 1394
1576500 1395
1576510 1396
1576520 1396
1576530 1399
1576540 1402
1576550 1402
1576560 1405
1576570 1409
1576580 1409
1576590 1413
1576600 1417
1576610 1417
1576620 1421
1576630 1426
1576640 1426
1576650 1430
1576660 1434
1576670 1434
1576680 1439
1576690 1443
1576700 1447
1576710 1447
1576720 1451
1576730 1456
1576740 1456
1576750 1461
1576760 1466
1576770 1466
1576780 1471
1576790 1475
1576800 1475
1576810 1479
1576820 1484
1576830 1484
1576840 1488
1576850 1492
1576860 1492
1576870 1495
1576880 1498
1576890 1498
1576900 1502
1576910 1505
1576920 1508
1576930 1508
1576940 1510
1576950 1513
1576960 1513
1576970 1515
1576980 1517
1576990 1517
1577000 1519
1577010 1520
1577020 1520
1577030 1520
1577040 1517
1577050 1517
1577060 1511
1577070 1505
1577080 1505
1577090 1499
1577100 1493
1577110 1487
1577120 1487
1577130 1481
1577140 1475
1577150 1475
1577160 1469
1577170 1464
1577180 1464
1577190 1459
1577200 1454
1577210 1454
1577220 1448
1577230 1444
1577240 1441
1577250 1436
1577260 1431
1577270 1431
1577280 1426
1577290 1421
1577300 1417
1577310 1417
1577320 1413
1577330 1409
1577340 1409
1577350 1405
1577360 1400
1577370 1400
1577380 1393
1577390 1387
1577400 1387
1577410 1382
1577420 1377
1577430 1377
1577440 1373
1577450 1368
1577460 1368
1577470 1363
1577480 1358
1577490 1352
1577500 1352
1577510 1346
1577520 1341
1577530 1341
1577540 1337
1577550 1332
1577560 1332
1577570 1328
1577580 1326
1577590 1326
1577600 1325
1577610 1322
1577620 1322
1577630 1320
1577640 1319
1577650 1319
1577660 1318
1577670 1317
1577680 1315
1577690 1315
1577700 1314
1577710 1312
1577720 1312
1577730 1311
1577740 1308
1577750 1308
1577760 1307
1577770 1306
1577780 1306
1577790 1305
1577800 1304
1577810 1304
1577820 1302
1577830 1301
1577840 1301
1577850 1300
1577860 1299
1577870 1298
1577880 1298
1577890 1298
1577900 1297
1577910 1297
1577920 1296
1577930 1295
1577940 1295
1577950 1294
1577960 1294
1577970 1294
1577980 1293
1577990 1291
1578000 1291
1578010 1290
1578020 1288
1578030 1288
1578040 1286
1578050 1284
1578060 1284
1578070 1283
1578080 1282
1578090 1281
1578100 1281
1578110 1280
1578120 1280
1578130 1280
1578140 1281
1578150 1281
1578160 1281
1578170 1282
1578180 1284
1578190 1284
1578200 1285
1578210 1286
1578220 1286
1578230 1287
1578240 1289
1578250 1289
1578260 1290
1578270 1292
1578280 1293
1578290 1293
1578300 1294
1578310 1295
1578320 1295
1578330 1295
1578340 1294
1578350 1294
1578360 1294
1578370 1293
1578380 1293
1578390 1291
1578400 1287
1578410 1287
1578420 1283
1578430 1279
1578440 1279
1578450 1275
1578460 1270
1578470 1264
1578480 1264
1578490 1258
1578500 1252
1578510 1252
1578520 1246
1578530 1241
1578540 1241
1578550 1236
1578560 1231
1578570 1231
1578580 1226
1578590 1223
1578600 1221
1578610 1217
1578620 1215
1578630 1215
1578640 1212
1578650 1210
1578660 1207
1578670 1207
1578680 1205
1578690 1204
1578700 1204
1578710 1203
1578720 1201
1578730 1201
1578740 1200
1578750 1199
1578760 1199
1578770 1199
1578780 1199
1578790 1199
1578800 1199
1578810 1200
1578820 1200
1578830 1203
1578840 1206
1578850 1210
1578860 1210
1578870 1214
1578880 1217
1578890 1217
1578900 1222
1578910 1226
1578920 1226
1578930 1231
1578940 1236
1578950 1236
1578960 1241
1578970 1245
1578980 1245
1578990 1249
1579000 1252
1579010 1252
1579020 1254
1579030 1254
1579040 1253
1579050 1253
1579060 1250
1579070 1248
1579080 1248
1579090 1245
1579100 1241
1579110 1241
1579120 1238
1579130 1235
1579140 1235
1579150 1232
1579160 1228
1579170 1228
1579180 1225
1579190 1222
1579200 1222
1579210 1220
1579220 1217
1579230 1217
1579240 1215
1579250 1214
1579260 1211
1579270 1211
1579280 1210
1579290 1209
1579300 1209
1579310 1207
1579320 1208
1579330 1208
1579340 1210
1579350 1213
1579360 1213
1579370 1216
1579380 1219
1579390 1219
1579400 1222
1579410 1225
1579420 1225
1579430 1229
1579440 1233
1579450 1236
1579460 1236
1579470 1239
1579480 1242
1579490 1242
1579500 1246
1579510 1249
1579520 1249
1579530 1252
1579540 1255
1579550 1255
1579560 1258
1579570 1262
1579580 1262
1579590 1265
1579600 1268
1579610 1268
1579620 1272
1579630 1276
1579640 1280
1579650 1280
1579660 1284
1579670 1288
1579680 1288
1579690 1292
1579700 1296
1579710 1296
1579720 1301
1579730 1305
1579740 1305
1579750 1310
1579760 1316
1579770 1316
1579780 1320
1579790 1323
1579800 1323
1579810 1329
1579820 1334
1579830 1339
1579840 1339
1579850 1344
1579860 1349
1579870 1349
1579880 1354
1579890 1358
1579900 1358
1579910 1362
1579920 1365
1579930 1365
1579940 1369
1579950 1372
1579960 1372
1579970 1376
1579980 1380
1579990 1380
