1560000 1482
1560010 1482
1560020 1481
1560030 1479
1560040 1479
1560050 1476
1560060 1473
1560070 1473
1560080 1471
1560090 1467
1560100 1462
1560110 1462
1560120 1458
1560130 1454
1560140 1454
1560150 1453
1560160 1452
1560170 1452
1560180 1452
1560190 1451
1560200 1451
1560210 1450
1560220 1450
1560230 1450
1560240 1450
1560250 1450
1560260 1450
1560270 1450
1560280 1449
1560290 1449
1560300 1449
1560310 1448
1560320 1449
1560330 1449
1560340 1450
1560350 1450
1560360 1450
1560370 1446
1560380 1442
1560390 1442
1560400 1441
1560410 1441
1560420 1441
1560430 1441
1560440 1439
1560450 1439
1560460 1437
1560470 1436
1560480 1436
1560490 1435
1560500 1435
1560510 1437
1560520 1437
1560530 1438
1560540 1439
1560550 1439
1560560 1438
1560570 1435
1560580 1435
1560590 1432
1560600 1428
1560610 1428
1560620 1424
1560630 1420
1560640 1420
1560650 1418
1560660 1415
1560670 1416
1560680 1415
1560690 1413
1560700 1410
1560710 1410
1560720 1407
1560730 1403
1560740 1403
1560750 1400
1560760 1397
1560770 1397
1560780 1395
1560790 1393
1560800 1393
1560810 1391
1560820 1390
1560830 1390
1560840 1391
1560850 1392
1560860 1392
1560870 1390
1560880 1388
1560890 1385
1560900 1385
1560910 1382
1560920 1379
1560930 1379
1560940 1380
1560950 1381
1560960 1381
1560970 1381
1560980 1380
1560990 1380
1561000 1376
1561010 1371
1561020 1371
1561030 1367
1561040 1364
1561050 1364
1561060 1364
1561070 1364
1561080 1364
1561090 1364
1561100 1364
1561110 1364
1561120 1364
1561130 1364
1561140 1364
1561150 1364
1561160 1364
1561170 1364
1561180 1364
1561190 1364
1561200 1364
1561210 1364
1561220 1365
1561230 1367
1561240 1367
1561250 1369
1561260 1371
1561270 1374
1561280 1374
1561290 1374
1561300 1373
1561310 1373
1561320 1375
1561330 1382
1561340 1382
1561350 1388
1561360 1390
1561370 1390
1561380 1394
1561390 1397
1561400 1397
1561410 1402
1561420 1405
1561430 1405
1561440 1409
1561450 1412
1561460 1412
1561470 1415
1561480 1419
1561490 1423
1561500 1423
1561510 1427
1561520 1429
1561530 1429
1561540 1431
1561550 1435
1561560 1435
1561570 1438
1561580 1443
1561590 1443
1561600 1446
1561610 1450
1561620 1450
1561630 1453
1561640 1456
1561650 1456
1561660 1460
1561670 1463
1561680 1465
1561690 1465
1561700 1465
1561710 1467
1561720 1467
1561730 1471
1561740 1475
1561750 1475
1561760 1478
1561770 1480
1561780 1480
1561790 1481
1561800 1482
1561810 1482
1561820 1484
1561830 1487
1561840 1487
1561850 1492
1561860 1497
1561870 1501
1561880 1501
1561890 1505
1561900 1509
1561910 1509
1561920 1515
1561930 1520
1561940 1520
1561950 1523
1561960 1525
1561970 1525
1561980 1528
1561990 1531
1562000 1531
1562010 1533
1562020 1531
1562030 1531
1562040 1526
1562050 1520
1562060 1516
1562070 1516
1562080 1516
1562090 1517
1562100 1517
1562110 1517
1562120 1518
1562130 1518
1562140 1520
1562150 1521
1562160 1521
1562170 1523
1562180 1526
1562190 1526
1562200 1530
1562210 1534
1562220 1534
1562230 1538
1562240 1540
1562250 1542
1562260 1542
1562270 1544
1562280 1547
1562290 1547
1562300 1549
1562310 1550
1562320 1550
1562330 1552
1562340 1554
1562350 1554
1562360 1556
1562370 1558
1562380 1558
1562390 1561
1562400 1563
1562410 1563
1562420 1565
1562430 1568
1562440 1568
1562450 1572
1562460 1575
1562470 1579
1562480 1579
1562490 1583
1562500 1586
1562510 1586
1562520 1590
1562530 1592
1562540 1592
1562550 1593
1562560 1593
1562570 1593
1562580 1591
1562590 1590
1562600 1590
1562610 1591
1562620 1594
1562630 1594
1562640 1598
1562650 1602
1562660 1605
1562670 1605
1562680 1607
1562690 1609
1562700 1609
1562710 1612
1562720 1614
1562730 1614
1562740 1615
1562750 1617
1562760 1617
1562770 1620
1562780 1622
1562790 1622
1562800 1623
1562810 1625
1562820 1625
1562830 1626
1562840 1627
1562850 1629
1562860 1629
1562870 1631
1562880 1633
1562890 1633
1562900 1633
1562910 1634
1562920 1634
1562930 1636
1562940 1638
1562950 1638
1562960 1640
1562970 1642
1562980 1642
1562990 1644
1563000 1646
1563010 1646
1563020 1647
1563030 1646
1563040 1646
1563050 1646
1563060 1645
1563070 1644
1563080 1644
1563090 1643
1563100 1641
1563110 1641
1563120 1639
1563130 1637
1563140 1637
1563150 1635
1563160 1635
1563170 1635
1563180 1636
1563190 1637
1563200 1637
1563210 1637
1563220 1638
1563230 1638
1563240 1639
1563250 1639
1563260 1639
1563270 1639
1563280 1639
1563290 1639
1563300 1639
1563310 1641
1563320 1643
1563330 1643
1563340 1646
1563350 1649
1563360 1649
1563370 1651
1563380 1653
1563390 1653
1563400 1656
1563410 1658
1563420 1658
1563430 1661
1563440 1664
1563450 1667
1563460 1667
1563470 1669
1563480 1671
1563490 1671
1563500 1673
1563510 1675
1563520 1675
1563530 1677
1563540 1680
1563550 1680
1563560 1683
1563570 1685
1563580 1685
1563590 1687
1563600 1689
1563610 1689
1563620 1690
1563630 1691
1563640 1690
1563650 1690
1563660 1686
1563670 1681
1563680 1681
1563690 1677
1563700 1673
1563710 1673
1563720 1666
1563730 1652
1563740 1652
1563750 1638
1563760 1628
1563770 1628
1563780 1620
1563790 1609
1563800 1609
1563810 1600
1563820 1592
1563830 1585
1563840 1585
1563850 1580
1563860 1576
1563870 1576
1563880 1571
1563890 1566
1563900 1566
1563910 1560
1563920 1558
1563930 1558
1563940 1553
1563950 1548
1563960 1548
1563970 1544
1563980 1539
1563990 1539
1564000 1535
1564010 1533
1564020 1532
1564030 1532
1564040 1533
1564050 1538
1564060 1538
1564070 1541
1564080 1543
1564090 1543
1564100 1544
1564110 1544
1564120 1544
1564130 1542
1564140 1537
1564150 1537
1564160 1532
1564170 1528
1564180 1528
1564190 1524
1564200 1521
1564210 1521
1564220 1519
1564230 1517
1564240 1515
1564250 1515
1564260 1511
1564270 1503
1564280 1503
1564290 1496
1564300 1490
1564310 1490
1564320 1485
1564330 1480
1564340 1480
1564350 1475
1564360 1471
1564370 1471
1564380 1468
1564390 1467
1564400 1467
1564410 1468
1564420 1470
1564430 1472
1564440 1472
1564450 1472
1564460 1471
1564470 1471
1564480 1470
1564490 1468
1564500 1468
1564510 1467
1564520 1466
1564530 1466
1564540 1463
1564550 1461
1564560 1461
1564570 1459
1564580 1457
1564590 1457
1564600 1456
1564610 1456
1564620 1456
1564630 1456
1564640 1456
1564650 1457
1564660 1457
1564670 1457
1564680 1455
1564690 1455
1564700 1453
1564710 1448
1564720 1448
1564730 1443
1564740 1437
1564750 1437
1564760 1432
1564770 1427
1564780 1427
1564790 1423
1564800 1418
1564810 1413
1564820 1413
1564830 1409
1564840 1405
1564850 1405
1564860 1400
1564870 1395
1564880 1395
1564890 1390
1564900 1384
1564910 1384
1564920 1378
1564930 1373
1564940 1373
1564950 1367
1564960 1363
1564970 1363
1564980 1357
1564990 1352
1565000 1344
1565010 1344
1565020 1337
1565030 1331
1565040 1331
1565050 1327
1565060 1322
1565070 1322
1565080 1319
1565090 1316
1565100 1316
1565110 1313
1565120 1310
1565130 1310
1565140 1308
1565150 1306
1565160 1306
1565170 1304
1565180 1299
1565190 1299
1565200 1296
1565210 1293
1565220 1289
1565230 1289
1565240 1286
1565250 1284
1565260 1284
1565270 1281
1565280 1278
1565290 1278
1565300 1275
1565310 1272
1565320 1272
1565330 1270
1565340 1267
1565350 1267
1565360 1263
1565370 1258
1565380 1258
1565390 1255
1565400 1253
1565410 1249
1565420 1249
1565430 1245
1565440 1240
1565450 1240
1565460 1235
1565470 1230
1565480 1230
1565490 1227
1565500 1227
1565510 1227
1565520 1222
1565530 1217
1565540 1217
1565550 1212
1565560 1205
1565570 1205
1565580 1201
1565590 1199
1565600 1198
1565610 1198
1565620 1196
1565630 1188
1565640 1188
1565650 1187
1565660 1189
1565670 1189
1565680 1188
1565690 1186
1565700 1186
1565710 1183
1565720 1180
1565730 1180
1565740 1178
1565750 1178
1565760 1178
1565770 1178
1565780 1177
1565790 1177
1565800 1177
1565810 1177
1565820 1176
1565830 1176
1565840 1175
1565850 1175
1565860 1175
1565870 1175
1565880 1173
1565890 1173
1565900 1172
1565910 1171
1565920 1171
1565930 1171
1565940 1171
1565950 1171
1565960 1172
1565970 1173
1565980 1174
1565990 1174
1566000 1175
1566010 1177
1566020 1177
1566030 1174
1566040 1169
1566050 1169
1566060 1167
1566070 1165
1566080 1165
1566090 1162
1566100 1160
1566110 1160
1566120 1158
1566130 1157
1566140 1157
1566150 1155
1566160 1153
1566170 1153
1566180 1151
1566190 1149
1566200 1148
1566210 1148
1566220 1146
1566230 1145
1566240 1145
1566250 1142
1566260 1139
1566270 1139
1566280 1135
1566290 1132
1566300 1132
1566310 1128
1566320 1119
1566330 1119
1566340 1114
1566350 1114
1566360 1114
1566370 1116
1566380 1117
1566390 1119
1566400 1119
1566410 1120
1566420 1120
1566430 1120
1566440 1118
1566450 1115
1566460 1115
1566470 1111
1566480 1106
1566490 1106
1566500 1102
1566510 1098
1566520 1098
1566530 1096
1566540 1094
1566550 1094
1566560 1093
1566570 1092
1566580 1092
1566590 1092
1566600 1091
1566610 1091
1566620 1091
1566630 1091
1566640 1090
1566650 1090
1566660 1088
1566670 1086
1566680 1086
1566690 1085
1566700 1085
1566710 1085
1566720 1084
1566730 1083
1566740 1083
1566750 1083
1566760 1083
1566770 1082
1566780 1082
1566790 1082
1566800 1081
1566810 1081
1566820 1081
1566830 1081
1566840 1081
1566850 1081
1566860 1079
1566870 1079
1566880 1077
1566890 1081
1566900 1081
1566910 1083
1566920 1084
1566930 1084
1566940 1085
1566950 1085
1566960 1085
1566970 1084
1566980 1084
1566990 1083
1567000 1083
1567010 1082
1567020 1081
1567030 1081
1567040 1080
1567050 1077
1567060 1077
1567070 1075
1567080 1074
1567090 1074
1567100 1074
1567110 1073
1567120 1073
1567130 1072
1567140 1070
1567150 1070
1567160 1069
1567170 1070
1567180 1070
1567190 1070
1567200 1070
1567210 1069
1567220 1069
1567230 1067
1567240 1066
1567250 1066
1567260 1064
1567270 1064
1567280 1064
1567290 1064
1567300 1066
1567310 1066
1567320 1069
1567330 1072
1567340 1072
1567350 1073
1567360 1072
1567370 1071
1567380 1071
1567390 1071
1567400 1069
1567410 1069
1567420 1068
1567430 1066
1567440 1066
1567450 1065
1567460 1063
1567470 1063
1567480 1064
1567490 1065
1567500 1065
1567510 1065
1567520 1065
1567530 1065
1567540 1067
1567550 1069
1567560 1068
1567570 1068
1567580 1065
1567590 1063
1567600 1063
1567610 1058
1567620 1052
1567630 1052
1567640 1051
1567650 1050
1567660 1050
1567670 1050
1567680 1051
1567690 1051
1567700 1050
1567710 1048
1567720 1048
1567730 1047
1567740 1047
1567750 1046
1567760 1046
1567770 1046
1567780 1046
1567790 1046
1567800 1045
1567810 1045
1567820 1045
1567830 1045
1567840 1045
1567850 1045
1567860 1045
1567870 1045
1567880 1045
1567890 1045
1567900 1044
1567910 1044
1567920 1044
1567930 1045
1567940 1045
1567950 1046
1567960 1048
1567970 1049
1567980 1049
1567990 1050
1568000 1051
1568010 1051
1568020 1052
1568030 1053
1568040 1053
1568050 1053
1568060 1054
1568070 1054
1568080 1054
1568090 1053
1568100 1053
1568110 1052
1568120 1051
1568130 1051
1568140 1051
1568150 1049
1568160 1048
1568170 1048
1568180 1046
1568190 1043
1568200 1043
1568210 1042
1568220 1044
1568230 1044
1568240 1042
1568250 1036
1568260 1036
1568270 1033
1568280 1034
1568290 1034
1568300 1035
1568310 1035
1568320 1035
1568330 1034
1568340 1034
1568350 1033
1568360 1033
1568370 1031
1568380 1031
1568390 1031
1568400 1030
1568410 1030
1568420 1030
1568430 1031
1568440 1032
1568450 1032
1568460 1033
1568470 1033
1568480 1033
1568490 1033
1568500 1032
1568510 1032
1568520 1032
1568530 1033
1568540 1033
1568550 1033
1568560 1033
1568570 1035
1568580 1035
1568590 1034
1568600 1034
1568610 1034
1568620 1035
1568630 1035
1568640 1035
1568650 1034
1568660 1033
1568670 1033
1568680 1032
1568690 1030
1568700 1030
1568710 1029
1568720 1029
1568730 1028
1568740 1028
1568750 1028
1568760 1027
1568770 1027
1568780 1027
1568790 1027
1568800 1027
1568810 1026
1568820 1026
1568830 1026
1568840 1025
1568850 1025
1568860 1025
1568870 1025
1568880 1025
1568890 1025
1568900 1025
1568910 1024
1568920 1024
1568930 1024
1568940 1024
1568950 1023
1568960 1023
1568970 1023
1568980 1022
1568990 1022
1569000 1022
1569010 1021
1569020 1021
1569030 1021
1569040 1022
1569050 1022
1569060 1022
1569070 1023
1569080 1023
1569090 1023
1569100 1023
1569110 1023
1569120 1023
1569130 1023
1569140 1023
1569150 1023
1569160 1022
1569170 1022
1569180 1022
1569190 1022
1569200 1022
1569210 1022
1569220 1021
1569230 1020
1569240 1020
1569250 1019
1569260 1018
1569270 1018
1569280 1018
1569290 1018
1569300 1018
1569310 1018
1569320 1018
1569330 1018
1569340 1018
1569350 1018
1569360 1018
1569370 1018
1569380 1017
1569390 1017
1569400 1017
1569410 1016
1569420 1016
1569430 1016
1569440 1015
1569450 1015
1569460 1015
1569470 1015
1569480 1015
1569490 1015
1569500 1015
1569510 1015
1569520 1016
1569530 1016
1569540 1016
1569550 1017
1569560 1017
1569570 1018
1569580 1020
1569590 1020
1569600 1022
1569610 1024
1569620 1024
1569630 1024
1569640 1024
1569650 1024
1569660 1024
1569670 1023
1569680 1023
1569690 1022
1569700 1021
1569710 1021
1569720 1019
1569730 1017
1569740 1015
1569750 1015
1569760 1014
1569770 1014
1569780 1014
1569790 1012
1569800 1009
1569810 1009
1569820 1008
1569830 1006
1569840 1006
1569850 1006
1569860 1005
1569870 1005
1569880 1004
1569890 1004
1569900 1004
1569910 1003
1569920 1003
1569930 1002
1569940 1002
1569950 1002
1569960 1001
1569970 1001
1569980 1001
1569990 1001
1570000 1001
1570010 1001
1570020 1001
1570030 1001
1570040 1001
1570050 1001
1570060 1001
1570070 1004
1570080 1004
1570090 1004
1570100 1004
1570110 1002
1570120 1002
1570130 1002
1570140 1001
1570150 1000
1570160 1000
1570170 999
1570180 998
1570190 998
1570200 996
1570210 995
1570220 995
1570230 995
1570240 995
1570250 995
1570260 994
1570270 994
1570280 994
1570290 994
1570300 994
1570310 994
1570320 994
1570330 993
1570340 993
1570350 993
1570360 993
1570370 993
1570380 993
1570390 993
1570400 992
1570410 992
1570420 992
1570430 992
1570440 992
1570450 992
1570460 992
1570470 992
1570480 992
1570490 992
1570500 993
1570510 993
1570520 993
1570530 993
1570540 993
1570550 993
1570560 993
1570570 993
1570580 992
1570590 992
1570600 992
1570610 992
1570620 992
1570630 992
1570640 991
1570650 991
1570660 991
1570670 991
1570680 991
1570690 991
1570700 991
1570710 990
1570720 990
1570730 990
1570740 990
1570750 990
1570760 990
1570770 990
1570780 990
1570790 990
1570800 989
1570810 989
1570820 989
1570830 989
1570840 989
1570850 989
1570860 989
1570870 989
1570880 989
1570890 989
1570900 988
1570910 988
1570920 988
1570930 988
1570940 988
1570950 988
1570960 987
1570970 987
1570980 987
1570990 986
1571000 986
1571010 986
1571020 986
1571030 986
1571040 986
1571050 987
1571060 988
1571070 988
1571080 988
1571090 989
1571100 990
1571110 990
1571120 991
1571130 991
1571140 991
1571150 992
1571160 994
1571170 994
1571180 996
1571190 998
1571200 998
1571210 1000
1571220 1002
1571230 1002
1571240 1003
1571250 1004
1571260 1004
1571270 1006
1571280 1006
1571290 1006
1571300 1006
1571310 1007
1571320 1009
1571330 1009
1571340 1010
1571350 1012
1571360 1012
1571370 1014
1571380 1016
1571390 1016
1571400 1018
1571410 1020
1571420 1020
1571430 1023
1571440 1027
1571450 1027
1571460 1031
1571470 1036
1571480 1036
1571490 1040
1571500 1042
1571510 1045
1571520 1045
1571530 1049
1571540 1047
1571550 1047
1571560 1051
1571570 1054
1571580 1054
1571590 1056
1571600 1057
1571610 1057
1571620 1059
1571630 1060
1571640 1060
1571650 1061
1571660 1062
1571670 1062
1571680 1063
1571690 1064
1571700 1065
1571710 1065
1571720 1064
1571730 1064
1571740 1064
1571750 1064
1571760 1061
1571770 1061
1571780 1058
1571790 1056
1571800 1056
1571810 1054
1571820 1053
1571830 1053
1571840 1053
1571850 1052
1571860 1052
1571870 1051
1571880 1050
1571890 1048
1571900 1048
1571910 1046
1571920 1044
1571930 1044
1571940 1043
1571950 1043
1571960 1043
1571970 1043
1571980 1043
1571990 1043
1572000 1043
1572010 1043
1572020 1043
1572030 1043
1572040 1043
1572050 1043
1572060 1043
1572070 1043
1572080 1043
1572090 1043
1572100 1044
1572110 1044
1572120 1044
1572130 1044
1572140 1044
1572150 1044
1572160 1044
1572170 1045
1572180 1045
1572190 1045
1572200 1045
1572210 1045
1572220 1045
1572230 1045
1572240 1045
1572250 1044
1572260 1044
1572270 1043
1572280 1043
1572290 1043
1572300 1043
1572310 1043
1572320 1043
1572330 1042
1572340 1042
1572350 1040
1572360 1038
1572370 1038
1572380 1035
1572390 1032
1572400 1032
1572410 1031
1572420 1029
1572430 1029
1572440 1027
1572450 1025
1572460 1025
1572470 1026
1572480 1029
1572490 1031
1572500 1031
1572510 1032
1572520 1034
1572530 1034
1572540 1036
1572550 1038
1572560 1038
1572570 1041
1572580 1045
1572590 1045
1572600 1047
1572610 1050
1572620 1050
1572630 1054
1572640 1058
1572650 1058
1572660 1063
1572670 1069
1572680 1076
1572690 1076
1572700 1082
1572710 1088
1572720 1088
1572730 1094
1572740 1103
1572750 1103
1572760 1108
1572770 1113
1572780 1113
1572790 1117
1572800 1119
1572810 1119
1572820 1122
1572830 1123
1572840 1123
1572850 1124
1572860 1125
1572870 1128
1572880 1128
1572890 1132
1572900 1136
1572910 1136
1572920 1140
1572930 1143
1572940 1143
1572950 1147
1572960 1151
1572970 1151
1572980 1150
1572990 1153
1573000 1153
1573010 1156
1573020 1158
1573030 1158
1573040 1160
1573050 1162
1573060 1164
1573070 1164
1573080 1165
1573090 1168
1573100 1168
1573110 1170
1573120 1172
1573130 1172
1573140 1175
1573150 1179
1573160 1179
1573170 1183
1573180 1183
1573190 1183
1573200 1185
1573210 1187
1573220 1187
1573230 1190
1573240 1192
1573250 1192
1573260 1194
1573270 1197
1573280 1200
1573290 1200
1573300 1203
1573310 1205
1573320 1205
1573330 1208
1573340 1209
1573350 1209
1573360 1211
1573370 1211
1573380 1211
1573390 1213
1573400 1215
1573410 1215
1573420 1218
1573430 1219
1573440 1219
1573450 1219
1573460 1219
1573470 1220
1573480 1220
1573490 1221
1573500 1223
1573510 1223
1573520 1226
1573530 1228
1573540 1228
1573550 1230
1573560 1230
1573570 1230
1573580 1232
1573590 1234
1573600 1234
1573610 1236
1573620 1238
1573630 1238
1573640 1239
1573650 1240
1573660 1240
1573670 1240
1573680 1241
1573690 1241
1573700 1241
1573710 1241
1573720 1241
1573730 1241
1573740 1242
1573750 1241
1573760 1241
1573770 1240
1573780 1238
1573790 1238
1573800 1237
1573810 1236
1573820 1236
1573830 1236
1573840 1237
1573850 1238
1573860 1238
1573870 1239
1573880 1240
1573890 1240
1573900 1241
1573910 1242
1573920 1242
1573930 1242
1573940 1242
1573950 1242
1573960 1243
1573970 1244
1573980 1244
1573990 1245
1574000 1245
1574010 1245
1574020 1245
1574030 1245
1574040 1244
1574050 1244
1574060 1244
1574070 1244
1574080 1244
1574090 1246
1574100 1247
1574110 1247
1574120 1249
1574130 1251
1574140 1251
1574150 1253
1574160 1255
1574170 1255
1574180 1257
1574190 1259
1574200 1259
1574210 1260
1574220 1262
1574230 1262
1574240 1264
1574250 1267
1574260 1270
1574270 1270
1574280 1273
1574290 1276
1574300 1276
1574310 1279
1574320 1281
1574330 1281
1574340 1282
1574350 1282
1574360 1282
1574370 1283
1574380 1283
1574390 1283
1574400 1280
1574410 1281
1574420 1281
1574430 1281
1574440 1283
1574450 1285
1574460 1285
1574470 1285
1574480 1283
1574490 1283
1574500 1283
1574510 1283
1574520 1283
1574530 1286
1574540 1293
1574550 1293
1574560 1296
1574570 1299
1574580 1299
1574590 1301
1574600 1303
1574610 1303
1574620 1305
1574630 1308
1574640 1310
1574650 1310
1574660 1313
1574670 1316
1574680 1316
1574690 1319
1574700 1320
1574710 1320
1574720 1322
1574730 1325
1574740 1325
1574750 1328
1574760 1330
1574770 1330
1574780 1331
1574790 1333
1574800 1333
1574810 1334
1574820 1335
1574830 1336
1574840 1336
1574850 1338
1574860 1339
1574870 1339
1574880 1340
1574890 1341
1574900 1341
1574910 1342
1574920 1342
1574930 1342
1574940 1343
1574950 1344
1574960 1344
1574970 1345
1574980 1346
1574990 1346
1575000 1347
1575010 1350
1575020 1350
1575030 1352
1575040 1355
1575050 1357
1575060 1357
1575070 1358
1575080 1355
1575090 1355
1575100 1349
1575110 1343
1575120 1343
1575130 1336
1575140 1329
1575150 1329
1575160 1324
1575170 1319
1575180 1319
1575190 1314
1575200 1310
1575210 1310
1575220 1307
1575230 1305
1575240 1304
1575250 1304
1575260 1303
1575270 1301
1575280 1301
1575290 1299
1575300 1297
1575310 1297
1575320 1295
1575330 1293
1575340 1293
1575350 1291
1575360 1288
1575370 1288
1575380 1285
1575390 1281
1575400 1281
1575410 1278
1575420 1276
1575430 1273
1575440 1273
1575450 1270
1575460 1267
1575470 1267
1575480 1264
1575490 1261
1575500 1261
1575510 1259
1575520 1257
1575530 1257
1575540 1256
1575550 1254
1575560 1254
1575570 1252
1575580 1249
1575590 1249
1575600 1247
1575610 1244
1575620 1241
1575630 1241
1575640 1239
1575650 1237
1575660 1237
1575670 1234
1575680 1230
1575690 1230
1575700 1226
1575710 1222
1575720 1222
1575730 1218
1575740 1213
1575750 1213
1575760 1208
1575770 1204
1575780 1204
1575790 1200
1575800 1198
1575810 1194
1575820 1194
1575830 1191
1575840 1188
1575850 1188
1575860 1183
1575870 1177
1575880 1177
1575890 1172
1575900 1167
1575910 1167
1575920 1163
1575930 1159
1575940 1159
1575950 1156
1575960 1153
1575970 1153
1575980 1148
1575990 1144
1576000 1144
1576010 1139
1576020 1134
1576030 1129
1576040 1129
1576050 1126
1576060 1124
1576070 1124
1576080 1127
1576090 1130
1576100 1130
1576110 1133
1576120 1137
1576130 1137
1576140 1141
1576150 1144
1576160 1144
1576170 1148
1576180 1151
1576190 1151
1576200 1156
1576210 1159
1576220 1161
1576230 1161
1576240 1164
1576250 1167
1576260 1167
1576270 1170
1576280 1173
1576290 1173
1576300 1176
1576310 1178
1576320 1178
1576330 1182
1576340 1185
1576350 1185
1576360 1188
1576370 1190
1576380 1190
1576390 1193
1576400 1196
1576410 1198
1576420 1198
1576430 1200
1576440 1201
1576450 1201
1576460 1201
1576470 1201
1576480 1201
1576490 1200
1576500 1199
1576510 1199
1576520 1198
1576530 1197
1576540 1197
1576550 1196
1576560 1196
1576570 1196
1576580 1196
1576590 1194
1576600 1194
1576610 1194
1576620 1197
1576630 1203
1576640 1203
1576650 1207
1576660 1211
1576670 1211
1576680 1213
1576690 1216
1576700 1216
1576710 1219
1576720 1222
1576730 1222
1576740 1225
1576750 1229
1576760 1229
1576770 1232
1576780 1237
1576790 1237
1576800 1241
1576810 1247
1576820 1251
1576830 1251
1576840 1256
1576850 1260
1576860 1260
1576870 1265
1576880 1269
1576890 1269
1576900 1274
1576910 1279
1576920 1279
1576930 1282
1576940 1287
1576950 1287
1576960 1291
1576970 1295
1576980 1295
1576990 1299
1577000 1303
1577010 1308
1577020 1308
1577030 1312
1577040 1316
1577050 1316
1577060 1320
1577070 1323
1577080 1323
1577090 1326
1577100 1329
1577110 1329
1577120 1331
1577130 1333
1577140 1333
1577150 1335
1577160 1337
1577170 1337
1577180 1339
1577190 1341
1577200 1343
1577210 1343
1577220 1344
1577230 1346
1577240 1346
1577250 1348
1577260 1351
1577270 1351
1577280 1353
1577290 1356
1577300 1356
1577310 1358
1577320 1361
1577330 1361
1577340 1364
1577350 1367
1577360 1367
1577370 1370
1577380 1373
1577390 1376
1577400 1376
1577410 1380
1577420 1385
1577430 1385
1577440 1390
1577450 1396
1577460 1396
1577470 1400
1577480 1404
1577490 1404
1577500 1407
1577510 1410
1577520 1410
1577530 1414
1577540 1417
1577550 1417
1577560 1420
1577570 1424
1577580 1428
1577590 1428
1577600 1431
1577610 1432
1577620 1432
1577630 1431
1577640 1427
1577650 1427
1577660 1421
1577670 1416
1577680 1416
1577690 1410
1577700 1405
1577710 1405
1577720 1399
1577730 1394
1577740 1394
1577750 1389
1577760 1384
1577770 1384
1577780 1380
1577790 1376
1577800 1371
1577810 1371
1577820 1366
1577830 1362
1577840 1362
1577850 1357
1577860 1352
1577870 1352
1577880 1347
1577890 1341
1577900 1341
1577910 1335
1577920 1329
1577930 1329
1577940 1323
1577950 1317
1577960 1317
1577970 1310
1577980 1305
1577990 1300
1578000 1300
1578010 1295
1578020 1291
1578030 1291
1578040 1286
1578050 1281
1578060 1281
1578070 1276
1578080 1272
1578090 1272
1578100 1268
1578110 1262
1578120 1262
1578130 1259
1578140 1255
1578150 1255
1578160 1251
1578170 1246
1578180 1241
1578190 1241
1578200 1237
1578210 1233
1578220 1233
1578230 1230
1578240 1227
1578250 1227
1578260 1224
1578270 1220
1578280 1220
1578290 1217
1578300 1214
1578310 1214
1578320 1214
1578330 1216
1578340 1216
1578350 1221
1578360 1226
1578370 1229
1578380 1229
1578390 1224
1578400 1218
1578410 1218
1578420 1212
1578430 1209
1578440 1209
1578450 1207
1578460 1206
1578470 1206
1578480 1204
1578490 1203
1578500 1203
1578510 1200
1578520 1198
1578530 1198
1578540 1201
1578550 1196
1578560 1196
1578570 1194
1578580 1194
1578590 1196
1578600 1196
1578610 1197
1578620 1197
1578630 1197
1578640 1196
1578650 1196
1578660 1196
1578670 1196
1578680 1195
1578690 1195
1578700 1194
1578710 1192
1578720 1192
1578730 1187
1578740 1184
1578750 1184
1578760 1181
1578770 1179
1578780 1176
1578790 1176
1578800 1173
1578810 1170
1578820 1170
1578830 1166
1578840 1163
1578850 1163
1578860 1158
1578870 1156
1578880 1156
1578890 1151
1578900 1146
1578910 1146
1578920 1142
1578930 1139
1578940 1139
1578950 1136
1578960 1134
1578970 1132
1578980 1132
1578990 1131
1579000 1130
1579010 1130
1579020 1129
1579030 1128
1579040 1128
1579050 1128
1579060 1128
1579070 1128
1579080 1128
1579090 1127
1579100 1127
1579110 1126
1579120 1123
1579130 1123
1579140 1119
1579150 1112
1579160 1105
1579170 1105
1579180 1099
1579190 1093
1579200 1093
1579210 1086
1579220 1079
1579230 1079
1579240 1073
1579250 1068
1579260 1068
1579270 1067
1579280 1066
1579290 1066
1579300 1067
1579310 1068
1579320 1068
1579330 1068
1579340 1068
1579350 1068
1579360 1068
1579370 1068
1579380 1070
1579390 1070
1579400 1071
1579410 1072
1579420 1072
1579430 1073
1579440 1073
1579450 1073
1579460 1072
1579470 1073
1579480 1073
1579490 1074
1579500 1075
1579510 1075
1579520 1075
1579530 1074
1579540 1074
1579550 1074
1579560 1074
1579570 1074
1579580 1074
1579590 1075
1579600 1077
1579610 1077
1579620 1079
1579630 1081
1579640 1081
1579650 1083
1579660 1085
1579670 1085
1579680 1087
1579690 1089
1579700 1089
1579710 1090
1579720 1091
1579730 1091
1579740 1091
1579750 1089
1579760 1086
1579770 1086
1579780 1081
1579790 1078
1579800 1078
1579810 1076
1579820 1075
1579830 1075
1579840 1075
1579850 1075
1579860 1075
1579870 1076
1579880 1074
1579890 1074
1579900 1073
1579910 1076
1579920 1076
1579930 1078
1579940 1080
1579950 1083
1579960 1083
1579970 1085
1579980 1088
1579990 1088
