1560000 1419
1560010 1419
1560020 1419
1560030 1419
1560040 1419
1560050 1418
1560060 1417
1560070 1417
1560080 1417
1560090 1417
1560100 1417
1560110 1416
1560120 1416
1560130 1416
1560140 1416
1560150 1415
1560160 1415
1560170 1414
1560180 1414
1560190 1413
1560200 1413
1560210 1413
1560220 1411
1560230 1411
1560240 1410
1560250 1408
1560260 1408
1560270 1408
1560280 1407
1560290 1407
1560300 1406
1560310 1405
1560320 1405
1560330 1403
1560340 1401
1560350 1401
1560360 1399
1560370 1396
1560380 1393
1560390 1393
1560400 1392
1560410 1389
1560420 1389
1560430 1387
1560440 1383
1560450 1383
1560460 1379
1560470 1376
1560480 1376
1560490 1372
1560500 1369
1560510 1369
1560520 1367
1560530 1366
1560540 1366
1560550 1365
1560560 1364
1560570 1362
1560580 1362
1560590 1361
1560600 1359
1560610 1359
1560620 1357
1560630 1356
1560640 1356
1560650 1354
1560660 1352
1560670 1352
1560680 1350
1560690 1349
1560700 1349
1560710 1347
1560720 1346
1560730 1346
1560740 1345
1560750 1345
1560760 1345
1560770 1345
1560780 1345
1560790 1344
1560800 1344
1560810 1344
1560820 1343
1560830 1343
1560840 1343
1560850 1344
1560860 1344
1560870 1344
1560880 1344
1560890 1344
1560900 1344
1560910 1345
1560920 1345
1560930 1345
1560940 1345
1560950 1345
1560960 1345
1560970 1345
1560980 1345
1560990 1345
1561000 1345
1561010 1344
1561020 1344
1561030 1344
1561040 1345
1561050 1345
1561060 1347
1561070 1349
1561080 1349
1561090 1351
1561100 1354
1561110 1354
1561120 1357
1561130 1360
1561140 1360
1561150 1363
1561160 1364
1561170 1365
1561180 1365
1561190 1365
1561200 1367
1561210 1367
1561220 1368
1561230 1369
1561240 1369
1561250 1371
1561260 1374
1561270 1374
1561280 1378
1561290 1381
1561300 1381
1561310 1386
1561320 1390
1561330 1390
1561340 1395
1561350 1400
1561360 1405
1561370 1405
1561380 1409
1561390 1412
1561400 1412
1561410 1415
1561420 1416
1561430 1416
1561440 1417
1561450 1419
1561460 1419
1561470 1423
1561480 1427
1561490 1427
1561500 1431
1561510 1434
1561520 1434
1561530 1437
1561540 1440
1561550 1443
1561560 1443
1561570 1446
1561580 1450
1561590 1450
1561600 1452
1561610 1456
1561620 1456
1561630 1459
1561640 1463
1561650 1463
1561660 1466
1561670 1469
1561680 1469
1561690 1471
1561700 1474
1561710 1474
1561720 1477
1561730 1479
1561740 1479
1561750 1482
1561760 1485
1561770 1489
1561780 1489
1561790 1492
1561800 1495
1561810 1495
1561820 1498
1561830 1500
1561840 1500
1561850 1501
1561860 1504
1561870 1504
1561880 1507
1561890 1509
1561900 1509
1561910 1510
1561920 1511
1561930 1511
1561940 1513
1561950 1515
1561960 1518
1561970 1518
1561980 1519
1561990 1521
1562000 1521
1562010 1523
1562020 1526
1562030 1526
1562040 1529
1562050 1533
1562060 1533
1562070 1536
1562080 1540
1562090 1540
1562100 1543
1562110 1546
1562120 1546
1562130 1549
1562140 1552
1562150 1555
1562160 1555
1562170 1558
1562180 1562
1562190 1562
1562200 1566
1562210 1569
1562220 1569
1562230 1571
1562240 1575
1562250 1575
1562260 1578
1562270 1580
1562280 1580
1562290 1583
1562300 1586
1562310 1586
1562320 1590
1562330 1594
1562340 1594
1562350 1597
1562360 1601
1562370 1605
1562380 1605
1562390 1608
1562400 1611
1562410 1611
1562420 1613
1562430 1616
1562440 1616
1562450 1619
1562460 1623
1562470 1623
1562480 1627
1562490 1629
1562500 1629
1562510 1630
1562520 1631
1562530 1631
1562540 1632
1562550 1633
1562560 1635
1562570 1635
1562580 1638
1562590 1640
1562600 1640
1562610 1641
1562620 1644
1562630 1644
1562640 1646
1562650 1647
1562660 1649
1562670 1650
1562680 1652
1562690 1652
1562700 1654
1562710 1656
1562720 1656
1562730 1658
1562740 1660
1562750 1662
1562760 1662
1562770 1666
1562780 1669
1562790 1669
1562800 1673
1562810 1677
1562820 1677
1562830 1682
1562840 1686
1562850 1686
1562860 1689
1562870 1692
1562880 1692
1562890 1695
1562900 1699
1562910 1699
1562920 1701
1562930 1704
1562940 1706
1562950 1706
1562960 1707
1562970 1707
1562980 1707
1562990 1706
1563000 1705
1563010 1705
1563020 1705
1563030 1704
1563040 1704
1563050 1705
1563060 1707
1563070 1707
1563080 1709
1563090 1711
1563100 1711
1563110 1711
1563120 1712
1563130 1712
1563140 1714
1563150 1716
1563160 1717
1563170 1717
1563180 1717
1563190 1717
1563200 1717
1563210 1717
1563220 1718
1563230 1718
1563240 1720
1563250 1724
1563260 1724
1563270 1727
1563280 1728
1563290 1728
1563300 1728
1563310 1727
1563320 1727
1563330 1728
1563340 1730
1563350 1733
1563360 1733
1563370 1736
1563380 1739
1563390 1739
1563400 1743
1563410 1746
1563420 1746
1563430 1747
1563440 1749
1563450 1749
1563460 1750
1563470 1750
1563480 1750
1563490 1752
1563500 1754
1563510 1754
1563520 1757
1563530 1761
1563540 1764
1563550 1764
1563560 1766
1563570 1768
1563580 1768
1563590 1770
1563600 1771
1563610 1771
1563620 1771
1563630 1770
1563640 1770
1563650 1771
1563660 1769
1563670 1769
1563680 1768
1563690 1765
1563700 1765
1563710 1763
1563720 1761
1563730 1757
1563740 1757
1563750 1753
1563760 1750
1563770 1750
1563780 1748
1563790 1747
1563800 1747
1563810 1746
1563820 1744
1563830 1744
1563840 1741
1563850 1739
1563860 1739
1563870 1739
1563880 1739
1563890 1739
1563900 1738
1563910 1736
1563920 1736
1563930 1734
1563940 1731
1563950 1729
1563960 1729
1563970 1730
1563980 1730
1563990 1730
1564000 1728
1564010 1727
1564020 1727
1564030 1725
1564040 1724
1564050 1724
1564060 1722
1564070 1715
1564080 1715
1564090 1708
1564100 1704
1564110 1704
1564120 1700
1564130 1698
1564140 1694
1564150 1694
1564160 1692
1564170 1689
1564180 1689
1564190 1686
1564200 1683
1564210 1683
1564220 1681
1564230 1679
1564240 1679
1564250 1677
1564260 1673
1564270 1673
1564280 1671
1564290 1670
1564300 1670
1564310 1672
1564320 1674
1564330 1677
1564340 1677
1564350 1681
1564360 1684
1564370 1684
1564380 1686
1564390 1686
1564400 1686
1564410 1687
1564420 1691
1564430 1691
1564440 1695
1564450 1699
1564460 1699
1564470 1704
1564480 1707
1564490 1707
1564500 1708
1564510 1709
1564520 1709
1564530 1712
1564540 1713
1564550 1715
1564560 1715
1564570 1718
1564580 1722
1564590 1722
1564600 1725
1564610 1724
1564620 1724
1564630 1721
1564640 1720
1564650 1720
1564660 1718
1564670 1718
1564680 1718
1564690 1718
1564700 1714
1564710 1714
1564720 1714
1564730 1711
1564740 1705
1564750 1705
1564760 1702
1564770 1699
1564780 1699
1564790 1698
1564800 1697
1564810 1697
1564820 1697
1564830 1696
1564840 1696
1564850 1694
1564860 1692
1564870 1692
1564880 1691
1564890 1690
1564900 1690
1564910 1691
1564920 1692
1564930 1692
1564940 1692
1564950 1692
1564960 1692
1564970 1692
1564980 1692
1564990 1692
1565000 1692
1565010 1693
1565020 1694
1565030 1694
1565040 1696
1565050 1697
1565060 1697
1565070 1695
1565080 1695
1565090 1695
1565100 1695
1565110 1694
1565120 1690
1565130 1690
1565140 1686
1565150 1680
1565160 1680
1565170 1673
1565180 1664
1565190 1664
1565200 1653
1565210 1638
1565220 1638
1565230 1627
1565240 1618
1565250 1618
1565260 1607
1565270 1595
1565280 1595
1565290 1586
1565300 1578
1565310 1578
1565320 1571
1565330 1564
1565340 1555
1565350 1555
1565360 1547
1565370 1540
1565380 1540
1565390 1533
1565400 1527
1565410 1527
1565420 1521
1565430 1516
1565440 1516
1565450 1514
1565460 1513
1565470 1513
1565480 1513
1565490 1512
1565500 1512
1565510 1510
1565520 1509
1565530 1508
1565540 1508
1565550 1507
1565560 1503
1565570 1503
1565580 1499
1565590 1497
1565600 1497
1565610 1495
1565620 1494
1565630 1494
1565640 1493
1565650 1491
1565660 1491
1565670 1490
1565680 1488
1565690 1488
1565700 1484
1565710 1478
1565720 1471
1565730 1471
1565740 1463
1565750 1455
1565760 1455
1565770 1451
1565780 1453
1565790 1453
1565800 1456
1565810 1457
1565820 1457
1565830 1461
1565840 1459
1565850 1459
1565860 1460
1565870 1462
1565880 1462
1565890 1463
1565900 1464
1565910 1464
1565920 1464
1565930 1463
1565940 1463
1565950 1463
1565960 1464
1565970 1464
1565980 1464
1565990 1464
1566000 1459
1566010 1459
1566020 1452
1566030 1448
1566040 1448
1566050 1447
1566060 1449
1566070 1449
1566080 1451
1566090 1452
1566100 1452
1566110 1453
1566120 1454
1566130 1454
1566140 1454
1566150 1454
1566160 1453
1566170 1453
1566180 1452
1566190 1451
1566200 1451
1566210 1451
1566220 1450
1566230 1450
1566240 1449
1566250 1447
1566260 1447
1566270 1442
1566280 1437
1566290 1437
1566300 1436
1566310 1438
1566320 1438
1566330 1438
1566340 1434
1566350 1428
1566360 1428
1566370 1420
1566380 1413
1566390 1413
1566400 1406
1566410 1400
1566420 1400
1566430 1395
1566440 1391
1566450 1391
1566460 1387
1566470 1383
1566480 1383
1566490 1381
1566500 1380
1566510 1380
1566520 1380
1566530 1378
1566540 1375
1566550 1375
1566560 1371
1566570 1367
1566580 1367
1566590 1365
1566600 1367
1566610 1367
1566620 1371
1566630 1375
1566640 1375
1566650 1378
1566660 1380
1566670 1380
1566680 1382
1566690 1385
1566700 1385
1566710 1387
1566720 1390
1566730 1393
1566740 1393
1566750 1396
1566760 1399
1566770 1399
1566780 1401
1566790 1405
1566800 1405
1566810 1408
1566820 1411
1566830 1411
1566840 1415
1566850 1418
1566860 1418
1566870 1421
1566880 1425
1566890 1425
1566900 1430
1566910 1434
1566920 1439
1566930 1439
1566940 1444
1566950 1449
1566960 1449
1566970 1455
1566980 1461
1566990 1461
1567000 1466
1567010 1472
1567020 1472
1567030 1478
1567040 1483
1567050 1483
1567060 1489
1567070 1496
1567080 1496
1567090 1502
1567100 1509
1567110 1516
1567120 1516
1567130 1523
1567140 1529
1567150 1529
1567160 1533
1567170 1535
1567180 1535
1567190 1537
1567200 1538
1567210 1538
1567220 1538
1567230 1538
1567240 1538
1567250 1540
1567260 1543
1567270 1543
1567280 1545
1567290 1545
1567300 1546
1567310 1546
1567320 1548
1567330 1552
1567340 1552
1567350 1557
1567360 1560
1567370 1560
1567380 1566
1567390 1568
1567400 1568
1567410 1570
1567420 1573
1567430 1573
1567440 1575
1567450 1576
1567460 1576
1567470 1577
1567480 1577
1567490 1577
1567500 1577
1567510 1576
1567520 1576
1567530 1576
1567540 1575
1567550 1575
1567560 1575
1567570 1575
1567580 1574
1567590 1574
1567600 1573
1567610 1572
1567620 1572
1567630 1571
1567640 1572
1567650 1572
1567660 1575
1567670 1576
1567680 1576
1567690 1574
1567700 1571
1567710 1568
1567720 1568
1567730 1565
1567740 1563
1567750 1563
1567760 1561
1567770 1558
1567780 1558
1567790 1555
1567800 1551
1567810 1551
1567820 1546
1567830 1540
1567840 1540
1567850 1533
1567860 1527
1567870 1527
1567880 1522
1567890 1516
1567900 1510
1567910 1510
1567920 1505
1567930 1501
1567940 1501
1567950 1496
1567960 1491
1567970 1491
1567980 1487
1567990 1482
1568000 1482
1568010 1478
1568020 1473
1568030 1473
1568040 1469
1568050 1464
1568060 1464
1568070 1459
1568080 1455
1568090 1451
1568100 1451
1568110 1447
1568120 1442
1568130 1442
1568140 1440
1568150 1436
1568160 1436
1568170 1431
1568180 1428
1568190 1428
1568200 1425
1568210 1424
1568220 1424
1568230 1423
1568240 1421
1568250 1421
1568260 1420
1568270 1417
1568280 1417
1568290 1416
1568300 1414
1568310 1412
1568320 1412
1568330 1410
1568340 1406
1568350 1406
1568360 1402
1568370 1397
1568380 1397
1568390 1393
1568400 1390
1568410 1390
1568420 1386
1568430 1382
1568440 1382
1568450 1378
1568460 1371
1568470 1371
1568480 1364
1568490 1366
1568500 1369
1568510 1369
1568520 1370
1568530 1370
1568540 1370
1568550 1370
1568560 1372
1568570 1372
1568580 1374
1568590 1376
1568600 1376
1568610 1377
1568620 1379
1568630 1379
1568640 1380
1568650 1381
1568660 1381
1568670 1382
1568680 1383
1568690 1385
1568700 1385
1568710 1387
1568720 1389
1568730 1389
1568740 1391
1568750 1392
1568760 1392
1568770 1394
1568780 1395
1568790 1395
1568800 1398
1568810 1400
1568820 1400
1568830 1402
1568840 1403
1568850 1403
1568860 1404
1568870 1404
1568880 1404
1568890 1406
1568900 1405
1568910 1405
1568920 1405
1568930 1405
1568940 1404
1568950 1404
1568960 1402
1568970 1401
1568980 1401
1568990 1398
1569000 1396
1569010 1396
1569020 1394
1569030 1390
1569040 1390
1569050 1387
1569060 1383
1569070 1383
1569080 1378
1569090 1375
1569100 1370
1569110 1370
1569120 1365
1569130 1361
1569140 1361
1569150 1359
1569160 1355
1569170 1355
1569180 1351
1569190 1349
1569200 1349
1569210 1348
1569220 1346
1569230 1346
1569240 1344
1569250 1341
1569260 1341
1569270 1337
1569280 1334
1569290 1330
1569300 1330
1569310 1325
1569320 1319
1569330 1319
1569340 1313
1569350 1308
1569360 1308
1569370 1305
1569380 1301
1569390 1301
1569400 1298
1569410 1295
1569420 1295
1569430 1292
1569440 1288
1569450 1288
1569460 1283
1569470 1279
1569480 1276
1569490 1276
1569500 1273
1569510 1269
1569520 1269
1569530 1265
1569540 1262
1569550 1262
1569560 1258
1569570 1255
1569580 1255
1569590 1252
1569600 1249
1569610 1249
1569620 1245
1569630 1243
1569640 1243
1569650 1240
1569660 1237
1569670 1237
1569680 1233
1569690 1229
1569700 1226
1569710 1226
1569720 1224
1569730 1222
1569740 1222
1569750 1220
1569760 1218
1569770 1218
1569780 1216
1569790 1213
1569800 1213
1569810 1209
1569820 1203
1569830 1203
1569840 1198
1569850 1196
1569860 1196
1569870 1201
1569880 1201
1569890 1202
1569900 1202
1569910 1203
1569920 1205
1569930 1205
1569940 1206
1569950 1208
1569960 1208
1569970 1209
1569980 1211
1569990 1211
1570000 1213
1570010 1215
1570020 1215
1570030 1215
1570040 1214
1570050 1214
1570060 1213
1570070 1211
1570080 1209
1570090 1209
1570100 1208
1570110 1208
1570120 1208
1570130 1207
1570140 1207
1570150 1207
1570160 1207
1570170 1206
1570180 1206
1570190 1206
1570200 1205
1570210 1205
1570220 1204
1570230 1205
1570240 1205
1570250 1206
1570260 1206
1570270 1206
1570280 1206
1570290 1205
1570300 1205
1570310 1205
1570320 1204
1570330 1205
1570340 1205
1570350 1206
1570360 1208
1570370 1208
1570380 1213
1570390 1214
1570400 1214
1570410 1216
1570420 1218
1570430 1218
1570440 1220
1570450 1223
1570460 1223
1570470 1227
1570480 1232
1570490 1236
1570500 1236
1570510 1238
1570520 1240
1570530 1240
1570540 1241
1570550 1242
1570560 1242
1570570 1244
1570580 1247
1570590 1247
1570600 1250
1570610 1255
1570620 1255
1570630 1260
1570640 1264
1570650 1264
1570660 1269
1570670 1273
1570680 1277
1570690 1277
1570700 1282
1570710 1287
1570720 1287
1570730 1289
1570740 1291
1570750 1291
1570760 1292
1570770 1293
1570780 1293
1570790 1293
1570800 1292
1570810 1292
1570820 1291
1570830 1289
1570840 1289
1570850 1286
1570860 1283
1570870 1279
1570880 1279
1570890 1277
1570900 1276
1570910 1276
1570920 1274
1570930 1271
1570940 1271
1570950 1269
1570960 1266
1570970 1266
1570980 1262
1570990 1259
1571000 1259
1571010 1256
1571020 1253
1571030 1253
1571040 1250
1571050 1247
1571060 1247
1571070 1244
1571080 1241
1571090 1237
1571100 1237
1571110 1234
1571120 1232
1571130 1232
1571140 1230
1571150 1228
1571160 1228
1571170 1227
1571180 1225
1571190 1225
1571200 1224
1571210 1223
1571220 1223
1571230 1222
1571240 1222
1571250 1222
1571260 1221
1571270 1219
1571280 1217
1571290 1217
1571300 1215
1571310 1215
1571320 1215
1571330 1215
1571340 1214
1571350 1214
1571360 1213
1571370 1214
1571380 1214
1571390 1216
1571400 1219
1571410 1219
1571420 1222
1571430 1224
1571440 1224
1571450 1227
1571460 1229
1571470 1232
1571480 1232
1571490 1235
1571500 1238
1571510 1238
1571520 1240
1571530 1241
1571540 1241
1571550 1242
1571560 1243
1571570 1243
1571580 1244
1571590 1246
1571600 1246
1571610 1248
1571620 1251
1571630 1251
1571640 1253
1571650 1256
1571660 1259
1571670 1259
1571680 1261
1571690 1264
1571700 1264
1571710 1267
1571720 1269
1571730 1269
1571740 1272
1571750 1277
1571760 1277
1571770 1282
1571780 1283
1571790 1283
1571800 1283
1571810 1285
1571820 1285
1571830 1287
1571840 1286
1571850 1294
1571860 1294
1571870 1293
1571880 1294
1571890 1294
1571900 1296
1571910 1297
1571920 1297
1571930 1297
1571940 1296
1571950 1296
1571960 1297
1571970 1300
1571980 1300
1571990 1300
1572000 1298
1572010 1298
1572020 1293
1572030 1287
1572040 1287
1572050 1282
1572060 1278
1572070 1272
1572080 1272
1572090 1265
1572100 1259
1572110 1259
1572120 1254
1572130 1248
1572140 1248
1572150 1245
1572160 1241
1572170 1241
1572180 1238
1572190 1235
1572200 1235
1572210 1232
1572220 1229
1572230 1229
1572240 1226
1572250 1222
1572260 1219
1572270 1219
1572280 1216
1572290 1214
1572300 1214
1572310 1212
1572320 1210
1572330 1210
1572340 1208
1572350 1207
1572360 1207
1572370 1204
1572380 1202
1572390 1202
1572400 1201
1572410 1201
1572420 1201
1572430 1200
1572440 1197
1572450 1193
1572460 1193
1572470 1190
1572480 1185
1572490 1185
1572500 1182
1572510 1178
1572520 1178
1572530 1175
1572540 1172
1572550 1172
1572560 1170
1572570 1169
1572580 1169
1572590 1167
1572600 1164
1572610 1164
1572620 1163
1572630 1165
1572640 1165
1572650 1160
1572660 1156
1572670 1151
1572680 1151
1572690 1147
1572700 1141
1572710 1141
1572720 1136
1572730 1132
1572740 1132
1572750 1129
1572760 1124
1572770 1124
1572780 1118
1572790 1114
1572800 1114
1572810 1110
1572820 1106
1572830 1106
1572840 1102
1572850 1098
1572860 1094
1572870 1094
1572880 1090
1572890 1086
1572900 1086
1572910 1083
1572920 1080
1572930 1080
1572940 1079
1572950 1078
1572960 1078
1572970 1077
1572980 1077
1572990 1077
1573000 1076
1573010 1075
1573020 1075
1573030 1076
1573040 1078
1573050 1081
1573060 1081
1573070 1084
1573080 1084
1573090 1084
1573100 1085
1573110 1088
1573120 1088
1573130 1087
1573140 1085
1573150 1085
1573160 1083
1573170 1081
1573180 1081
1573190 1080
1573200 1077
1573210 1077
1573220 1070
1573230 1062
1573240 1062
1573250 1053
1573260 1048
1573270 1044
1573280 1044
1573290 1044
1573300 1040
1573310 1040
1573320 1036
1573330 1035
1573340 1035
1573350 1034
1573360 1035
1573370 1035
1573380 1036
1573390 1035
1573400 1035
1573410 1035
1573420 1033
1573430 1033
1573440 1031
1573450 1029
1573460 1026
1573470 1026
1573480 1023
1573490 1021
1573500 1021
1573510 1018
1573520 1017
1573530 1017
1573540 1016
1573550 1014
1573560 1014
1573570 1013
1573580 1012
1573590 1012
1573600 1010
1573610 1010
1573620 1010
1573630 1008
1573640 1007
1573650 1007
1573660 1007
1573670 1007
1573680 1005
1573690 1005
1573700 1002
1573710 998
1573720 998
1573730 993
1573740 987
1573750 987
1573760 979
1573770 972
1573780 972
1573790 966
1573800 962
1573810 962
1573820 959
1573830 956
1573840 952
1573850 952
1573860 949
1573870 948
1573880 948
1573890 946
1573900 945
1573910 945
1573920 943
1573930 940
1573940 940
1573950 941
1573960 941
1573970 941
1573980 941
1573990 942
1574000 942
1574010 942
1574020 943
1574030 943
1574040 943
1574050 943
1574060 943
1574070 943
1574080 943
1574090 943
1574100 943
1574110 942
1574120 942
1574130 942
1574140 942
1574150 942
1574160 942
1574170 942
1574180 942
1574190 942
1574200 942
1574210 942
1574220 942
1574230 943
1574240 943
1574250 944
1574260 944
1574270 944
1574280 945
1574290 945
1574300 946
1574310 948
1574320 948
1574330 949
1574340 950
1574350 950
1574360 951
1574370 953
1574380 953
1574390 954
1574400 956
1574410 956
1574420 958
1574430 961
1574440 964
1574450 964
1574460 965
1574470 965
1574480 965
1574490 967
1574500 971
1574510 971
1574520 973
1574530 977
1574540 977
1574550 981
1574560 985
1574570 985
1574580 987
1574590 988
1574600 988
1574610 989
1574620 989
1574630 989
1574640 990
1574650 990
1574660 990
1574670 990
1574680 990
1574690 991
1574700 991
1574710 993
1574720 996
1574730 996
1574740 1000
1574750 1003
1574760 1003
1574770 1005
1574780 1007
1574790 1007
1574800 1008
1574810 1009
1574820 1009
1574830 1010
1574840 1010
1574850 1009
1574860 1009
1574870 1009
1574880 1008
1574890 1008
1574900 1007
1574910 1006
1574920 1006
1574930 1005
1574940 1003
1574950 1003
1574960 1001
1574970 1000
1574980 1000
1574990 997
1575000 994
1575010 994
1575020 991
1575030 988
1575040 988
1575050 988
1575060 987
1575070 987
1575080 987
1575090 986
1575100 986
1575110 986
1575120 985
1575130 984
1575140 984
1575150 984
1575160 984
1575170 984
1575180 982
1575190 981
1575200 981
1575210 982
1575220 983
1575230 983
1575240 983
1575250 983
1575260 982
1575270 982
1575280 977
1575290 973
1575300 973
1575310 971
1575320 969
1575330 969
1575340 966
1575350 965
1575360 965
1575370 963
1575380 961
1575390 961
1575400 961
1575410 960
1575420 960
1575430 960
1575440 961
1575450 963
1575460 963
1575470 965
1575480 969
1575490 969
1575500 974
1575510 976
1575520 976
1575530 980
1575540 984
1575550 984
1575560 987
1575570 990
1575580 990
1575590 993
1575600 996
1575610 996
1575620 999
1575630 1002
1575640 1004
1575650 1004
1575660 1007
1575670 1011
1575680 1011
1575690 1014
1575700 1020
1575710 1020
1575720 1023
1575730 1028
1575740 1028
1575750 1034
1575760 1039
1575770 1039
1575780 1044
1575790 1050
1575800 1050
1575810 1054
1575820 1059
1575830 1065
1575840 1065
1575850 1072
1575860 1079
1575870 1079
1575880 1086
1575890 1092
1575900 1092
1575910 1098
1575920 1103
1575930 1103
1575940 1109
1575950 1115
1575960 1115
1575970 1121
1575980 1128
1575990 1128
1576000 1135
1576010 1141
1576020 1141
1576030 1147
1576040 1153
1576050 1159
1576060 1159
1576070 1166
1576080 1172
1576090 1172
1576100 1179
1576110 1185
1576120 1185
1576130 1189
1576140 1193
1576150 1193
1576160 1198
1576170 1202
1576180 1202
1576190 1206
1576200 1209
1576210 1209
1576220 1213
1576230 1216
1576240 1219
1576250 1219
1576260 1222
1576270 1225
1576280 1225
1576290 1228
1576300 1232
1576310 1232
1576320 1236
1576330 1239
1576340 1239
1576350 1243
1576360 1246
1576370 1246
1576380 1249
1576390 1253
1576400 1253
1576410 1256
1576420 1259
1576430 1261
1576440 1261
1576450 1264
1576460 1268
1576470 1268
1576480 1271
1576490 1274
1576500 1274
1576510 1277
1576520 1279
1576530 1279
1576540 1281
1576550 1283
1576560 1283
1576570 1285
1576580 1287
1576590 1287
1576600 1288
1576610 1290
1576620 1291
1576630 1291
1576640 1293
1576650 1295
1576660 1295
1576670 1298
1576680 1300
1576690 1300
1576700 1302
1576710 1304
1576720 1304
1576730 1306
1576740 1307
1576750 1307
1576760 1308
1576770 1309
1576780 1309
1576790 1310
1576800 1312
1576810 1312
1576820 1314
1576830 1316
1576840 1317
1576850 1317
1576860 1319
1576870 1320
1576880 1320
1576890 1321
1576900 1323
1576910 1323
1576920 1324
1576930 1324
1576940 1324
1576950 1325
1576960 1326
1576970 1326
1576980 1325
1576990 1324
1577000 1324
1577010 1321
1577020 1318
1577030 1315
1577040 1315
1577050 1312
1577060 1308
1577070 1308
1577080 1305
1577090 1302
1577100 1302
1577110 1298
1577120 1295
1577130 1295
1577140 1292
1577150 1289
1577160 1289
1577170 1287
1577180 1284
1577190 1284
1577200 1281
1577210 1279
1577220 1277
1577230 1277
1577240 1275
1577250 1273
1577260 1273
1577270 1271
1577280 1269
1577290 1269
1577300 1267
1577310 1266
1577320 1266
1577330 1263
1577340 1260
1577350 1260
1577360 1258
1577370 1257
1577380 1257
1577390 1255
1577400 1254
1577410 1251
1577420 1251
1577430 1249
1577440 1248
1577450 1248
1577460 1250
1577470 1249
1577480 1249
1577490 1249
1577500 1250
1577510 1250
1577520 1252
1577530 1254
1577540 1254
1577550 1255
1577560 1255
1577570 1255
1577580 1254
1577590 1255
1577600 1255
1577610 1257
1577620 1261
1577630 1263
1577640 1263
1577650 1265
1577660 1267
1577670 1267
1577680 1267
1577690 1267
1577700 1267
1577710 1265
1577720 1264
1577730 1264
1577740 1262
1577750 1260
1577760 1260
1577770 1258
1577780 1257
1577790 1257
1577800 1254
1577810 1252
1577820 1248
1577830 1248
1577840 1244
1577850 1241
1577860 1241
1577870 1237
1577880 1232
1577890 1232
1577900 1227
1577910 1222
1577920 1222
1577930 1218
1577940 1213
1577950 1213
1577960 1210
1577970 1205
1577980 1205
1577990 1201
1578000 1196
1578010 1192
1578020 1192
1578030 1187
1578040 1181
1578050 1181
1578060 1178
1578070 1174
1578080 1174
1578090 1173
1578100 1174
1578110 1174
1578120 1175
1578130 1176
1578140 1176
1578150 1178
1578160 1179
1578170 1179
1578180 1182
1578190 1184
1578200 1184
1578210 1185
1578220 1186
1578230 1186
1578240 1186
1578250 1186
1578260 1187
1578270 1187
1578280 1188
1578290 1189
1578300 1189
1578310 1190
1578320 1192
1578330 1192
1578340 1194
1578350 1196
1578360 1196
1578370 1199
1578380 1201
1578390 1201
1578400 1204
1578410 1206
1578420 1209
1578430 1209
1578440 1212
1578450 1215
1578460 1215
1578470 1218
1578480 1222
1578490 1222
1578500 1225
1578510 1229
1578520 1229
1578530 1233
1578540 1237
1578550 1237
1578560 1241
1578570 1245
1578580 1245
1578590 1249
1578600 1253
1578610 1257
1578620 1257
1578630 1262
1578640 1266
1578650 1266
1578660 1269
1578670 1273
1578680 1273
1578690 1276
1578700 1279
1578710 1279
1578720 1282
1578730 1285
1578740 1285
1578750 1288
1578760 1290
1578770 1290
1578780 1292
1578790 1294
1578800 1295
1578810 1295
1578820 1295
1578830 1293
1578840 1293
1578850 1293
1578860 1293
1578870 1293
1578880 1293
1578890 1292
1578900 1292
1578910 1290
1578920 1288
1578930 1288
1578940 1284
1578950 1281
1578960 1281
1578970 1277
1578980 1274
1578990 1274
1579000 1270
1579010 1266
1579020 1264
1579030 1264
1579040 1264
1579050 1265
1579060 1265
1579070 1265
1579080 1265
1579090 1265
1579100 1264
1579110 1263
1579120 1263
1579130 1262
1579140 1262
1579150 1262
1579160 1261
1579170 1261
1579180 1261
1579190 1260
1579200 1259
1579210 1257
1579220 1257
1579230 1255
1579240 1253
1579250 1253
1579260 1249
1579270 1246
1579280 1246
1579290 1242
1579300 1238
1579310 1238
1579320 1234
1579330 1232
1579340 1232
1579350 1229
1579360 1227
1579370 1227
1579380 1224
1579390 1221
1579400 1218
1579410 1218
1579420 1215
1579430 1214
1579440 1214
1579450 1213
1579460 1212
1579470 1212
1579480 1211
1579490 1210
1579500 1210
1579510 1209
1579520 1209
1579530 1209
1579540 1209
1579550 1210
1579560 1210
1579570 1211
1579580 1211
1579590 1211
1579600 1211
1579610 1211
1579620 1211
1579630 1211
1579640 1210
1579650 1210
1579660 1210
1579670 1210
1579680 1210
1579690 1210
1579700 1209
1579710 1207
1579720 1207
1579730 1206
1579740 1202
1579750 1202
1579760 1197
1579770 1193
1579780 1193
1579790 1189
1579800 1185
1579810 1182
1579820 1182
1579830 1178
1579840 1173
1579850 1173
1579860 1167
1579870 1162
1579880 1162
1579890 1158
1579900 1155
1579910 1155
1579920 1154
1579930 1153
1579940 1153
1579950 1150
1579960 1148
1579970 1148
1579980 1149
1579990 1147
