1560000 1430
1560010 1428
1560020 1427
1560030 1427
1560040 1428
1560050 1430
1560060 1430
1560070 1434
1560080 1438
1560090 1438
1560100 1443
1560110 1449
1560120 1449
1560130 1458
1560140 1462
1560150 1462
1560160 1463
1560170 1464
1560180 1466
1560190 1466
1560200 1467
1560210 1469
1560220 1469
1560230 1471
1560240 1472
1560250 1472
1560260 1473
1560270 1474
1560280 1474
1560290 1475
1560300 1477
1560310 1477
1560320 1480
1560330 1483
1560340 1483
1560350 1486
1560360 1486
1560370 1485
1560380 1485
1560390 1484
1560400 1484
1560410 1484
1560420 1484
1560430 1484
1560440 1484
1560450 1486
1560460 1487
1560470 1487
1560480 1488
1560490 1488
1560500 1488
1560510 1488
1560520 1488
1560530 1488
1560540 1488
1560550 1489
1560560 1489
1560570 1491
1560580 1492
1560590 1495
1560600 1495
1560610 1498
1560620 1503
1560630 1503
1560640 1508
1560650 1513
1560660 1513
1560670 1519
1560680 1526
1560690 1526
1560700 1533
1560710 1541
1560720 1541
1560730 1546
1560740 1550
1560750 1550
1560760 1554
1560770 1555
1560780 1554
1560790 1554
1560800 1553
1560810 1552
1560820 1552
1560830 1549
1560840 1547
1560850 1547
1560860 1545
1560870 1540
1560880 1540
1560890 1536
1560900 1530
1560910 1530
1560920 1525
1560930 1520
1560940 1520
1560950 1515
1560960 1512
1560970 1512
1560980 1508
1560990 1504
1561000 1500
1561010 1500
1561020 1497
1561030 1493
1561040 1493
1561050 1489
1561060 1485
1561070 1485
1561080 1477
1561090 1473
1561100 1473
1561110 1471
1561120 1467
1561130 1467
1561140 1464
1561150 1460
1561160 1460
1561170 1457
1561180 1455
1561190 1453
1561200 1453
1561210 1451
1561220 1450
1561230 1450
1561240 1450
1561250 1450
1561260 1450
1561270 1450
1561280 1450
1561290 1450
1561300 1450
1561310 1449
1561320 1449
1561330 1450
1561340 1450
1561350 1450
1561360 1451
1561370 1452
1561380 1453
1561390 1453
1561400 1454
1561410 1456
1561420 1456
1561430 1457
1561440 1459
1561450 1459
1561460 1460
1561470 1462
1561480 1462
1561490 1464
1561500 1466
1561510 1466
1561520 1467
1561530 1468
1561540 1468
1561550 1468
1561560 1466
1561570 1466
1561580 1463
1561590 1459
1561600 1454
1561610 1454
1561620 1448
1561630 1442
1561640 1442
1561650 1436
1561660 1431
1561670 1431
1561680 1425
1561690 1420
1561700 1420
1561710 1416
1561720 1412
1561730 1412
1561740 1408
1561750 1407
1561760 1407
1561770 1405
1561780 1402
1561790 1401
1561800 1401
1561810 1399
1561820 1398
1561830 1398
1561840 1396
1561850 1395
1561860 1395
1561870 1393
1561880 1392
1561890 1392
1561900 1391
1561910 1391
1561920 1391
1561930 1390
1561940 1388
1561950 1388
1561960 1386
1561970 1384
1561980 1383
1561990 1383
1562000 1381
1562010 1378
1562020 1378
1562030 1374
1562040 1370
1562050 1370
1562060 1367
1562070 1364
1562080 1364
1562090 1361
1562100 1360
1562110 1360
1562120 1360
1562130 1360
1562140 1360
1562150 1361
1562160 1363
1562170 1363
1562180 1363
1562190 1364
1562200 1364
1562210 1364
1562220 1364
1562230 1366
1562240 1366
1562250 1369
1562260 1372
1562270 1372
1562280 1375
1562290 1378
1562300 1378
1562310 1379
1562320 1380
1562330 1380
1562340 1380
1562350 1379
1562360 1379
1562370 1378
1562380 1378
1562390 1379
1562400 1379
1562410 1379
1562420 1379
1562430 1379
1562440 1379
1562450 1380
1562460 1380
1562470 1381
1562480 1382
1562490 1382
1562500 1383
1562510 1383
1562520 1383
1562530 1383
1562540 1382
1562550 1382
1562560 1382
1562570 1383
1562580 1383
1562590 1383
1562600 1384
1562610 1385
1562620 1385
1562630 1386
1562640 1386
1562650 1386
1562660 1386
1562670 1386
1562680 1386
1562690 1387
1562700 1387
1562710 1387
1562720 1386
1562730 1390
1562740 1390
1562750 1394
1562760 1395
1562770 1395
1562780 1396
1562790 1396
1562800 1396
1562810 1396
1562820 1396
1562830 1397
1562840 1397
1562850 1398
1562860 1398
1562870 1398
1562880 1399
1562890 1400
1562900 1400
1562910 1399
1562920 1398
1562930 1398
1562940 1395
1562950 1392
1562960 1392
1562970 1386
1562980 1381
1562990 1376
1563000 1376
1563010 1373
1563020 1371
1563030 1371
1563040 1370
1563050 1370
1563060 1370
1563070 1370
1563080 1369
1563090 1369
1563100 1369
1563110 1368
1563120 1368
1563130 1367
1563140 1366
1563150 1366
1563160 1366
1563170 1367
1563180 1367
1563190 1367
1563200 1367
1563210 1367
1563220 1367
1563230 1367
1563240 1367
1563250 1367
1563260 1368
1563270 1368
1563280 1368
1563290 1369
1563300 1369
1563310 1369
1563320 1369
1563330 1370
1563340 1370
1563350 1370
1563360 1371
1563370 1371
1563380 1371
1563390 1370
1563400 1370
1563410 1370
1563420 1370
1563430 1370
1563440 1370
1563450 1369
1563460 1369
1563470 1369
1563480 1369
1563490 1367
1563500 1367
1563510 1366
1563520 1366
1563530 1366
1563540 1367
1563550 1367
1563560 1367
1563570 1368
1563580 1370
1563590 1371
1563600 1371
1563610 1372
1563620 1373
1563630 1373
1563640 1374
1563650 1375
1563660 1375
1563670 1377
1563680 1379
1563690 1379
1563700 1381
1563710 1382
1563720 1382
1563730 1384
1563740 1385
1563750 1385
1563760 1387
1563770 1389
1563780 1391
1563790 1391
1563800 1395
1563810 1397
1563820 1397
1563830 1398
1563840 1400
1563850 1400
1563860 1401
1563870 1402
1563880 1402
1563890 1403
1563900 1403
1563910 1403
1563920 1404
1563930 1404
1563940 1404
1563950 1403
1563960 1403
1563970 1403
1563980 1404
1563990 1404
1564000 1405
1564010 1405
1564020 1406
1564030 1407
1564040 1407
1564050 1408
1564060 1409
1564070 1409
1564080 1410
1564090 1411
1564100 1411
1564110 1413
1564120 1414
1564130 1414
1564140 1416
1564150 1417
1564160 1417
1564170 1418
1564180 1419
1564190 1420
1564200 1420
1564210 1420
1564220 1419
1564230 1419
1564240 1418
1564250 1418
1564260 1418
1564270 1419
1564280 1420
1564290 1420
1564300 1420
1564310 1421
1564320 1419
1564330 1420
1564340 1419
1564350 1419
1564360 1416
1564370 1414
1564380 1413
1564390 1413
1564400 1412
1564410 1412
1564420 1412
1564430 1411
1564440 1411
1564450 1411
1564460 1410
1564470 1409
1564480 1409
1564490 1408
1564500 1407
1564510 1407
1564520 1407
1564530 1407
1564540 1407
1564550 1407
1564560 1408
1564570 1408
1564580 1409
1564590 1410
1564600 1411
1564610 1411
1564620 1413
1564630 1414
1564640 1414
1564650 1416
1564660 1418
1564670 1418
1564680 1419
1564690 1420
1564700 1420
1564710 1421
1564720 1422
1564730 1422
1564740 1421
1564750 1419
1564760 1419
1564770 1417
1564780 1415
1564790 1415
1564800 1415
1564810 1414
1564820 1414
1564830 1414
1564840 1414
1564850 1413
1564860 1413
1564870 1412
1564880 1410
1564890 1410
1564900 1409
1564910 1407
1564920 1407
1564930 1406
1564940 1405
1564950 1405
1564960 1405
1564970 1406
1564980 1407
1564990 1407
1565000 1407
1565010 1406
1565020 1406
1565030 1406
1565040 1406
1565050 1406
1565060 1407
1565070 1407
1565080 1407
1565090 1407
1565100 1407
1565110 1407
1565120 1408
1565130 1408
1565140 1408
1565150 1408
1565160 1409
1565170 1409
1565180 1410
1565190 1411
1565200 1411
1565210 1411
1565220 1412
1565230 1413
1565240 1413
1565250 1414
1565260 1414
1565270 1414
1565280 1415
1565290 1416
1565300 1416
1565310 1418
1565320 1420
1565330 1420
1565340 1422
1565350 1424
1565360 1424
1565370 1427
1565380 1430
1565390 1433
1565400 1433
1565410 1436
1565420 1438
1565430 1438
1565440 1440
1565450 1443
1565460 1443
1565470 1445
1565480 1448
1565490 1448
1565500 1450
1565510 1453
1565520 1453
1565530 1455
1565540 1458
1565550 1458
1565560 1462
1565570 1466
1565580 1469
1565590 1469
1565600 1473
1565610 1478
1565620 1478
1565630 1483
1565640 1488
1565650 1488
1565660 1493
1565670 1498
1565680 1498
1565690 1503
1565700 1508
1565710 1508
1565720 1512
1565730 1516
1565740 1516
1565750 1519
1565760 1523
1565770 1523
1565780 1527
1565790 1531
1565800 1535
1565810 1535
1565820 1540
1565830 1544
1565840 1544
1565850 1548
1565860 1551
1565870 1551
1565880 1555
1565890 1560
1565900 1560
1565910 1564
1565920 1568
1565930 1568
1565940 1572
1565950 1577
1565960 1577
1565970 1581
1565980 1585
1565990 1589
1566000 1589
1566010 1592
1566020 1596
1566030 1596
1566040 1600
1566050 1602
1566060 1602
1566070 1606
1566080 1609
1566090 1609
1566100 1613
1566110 1618
1566120 1618
1566130 1622
1566140 1625
1566150 1625
1566160 1627
1566170 1629
1566180 1631
1566190 1631
1566200 1633
1566210 1635
1566220 1635
1566230 1636
1566240 1638
1566250 1638
1566260 1639
1566270 1639
1566280 1639
1566290 1640
1566300 1640
1566310 1640
1566320 1640
1566330 1640
1566340 1640
1566350 1640
1566360 1639
1566370 1639
1566380 1641
1566390 1644
1566400 1649
1566410 1649
1566420 1654
1566430 1659
1566440 1659
1566450 1663
1566460 1668
1566470 1668
1566480 1673
1566490 1677
1566500 1677
1566510 1682
1566520 1686
1566530 1686
1566540 1690
1566550 1695
1566560 1695
1566570 1699
1566580 1704
1566590 1709
1566600 1709
1566610 1713
1566620 1717
1566630 1717
1566640 1722
1566650 1726
1566660 1726
1566670 1731
1566680 1736
1566690 1736
1566700 1741
1566710 1746
1566720 1746
1566730 1750
1566740 1754
1566750 1754
1566760 1759
1566770 1763
1566780 1763
1566790 1768
1566800 1772
1566810 1776
1566820 1776
1566830 1781
1566840 1784
1566850 1784
1566860 1788
1566870 1792
1566880 1792
1566890 1795
1566900 1799
1566910 1799
1566920 1802
1566930 1805
1566940 1805
1566950 1807
1566960 1810
1566970 1810
1566980 1813
1566990 1815
1567000 1816
1567010 1816
1567020 1817
1567030 1818
1567040 1818
1567050 1819
1567060 1821
1567070 1821
1567080 1821
1567090 1822
1567100 1822
1567110 1822
1567120 1822
1567130 1822
1567140 1823
1567150 1823
1567160 1823
1567170 1824
1567180 1824
1567190 1825
1567200 1825
1567210 1826
1567220 1826
1567230 1826
1567240 1825
1567250 1824
1567260 1824
1567270 1822
1567280 1820
1567290 1820
1567300 1819
1567310 1818
1567320 1818
1567330 1817
1567340 1817
1567350 1817
1567360 1816
1567370 1816
1567380 1816
1567390 1815
1567400 1814
1567410 1812
1567420 1812
1567430 1807
1567440 1805
1567450 1805
1567460 1804
1567470 1803
1567480 1803
1567490 1803
1567500 1804
1567510 1804
1567520 1806
1567530 1807
1567540 1807
1567550 1808
1567560 1809
1567570 1809
1567580 1810
1567590 1811
1567600 1811
1567610 1811
1567620 1812
1567630 1812
1567640 1812
1567650 1812
1567660 1812
1567670 1812
1567680 1812
1567690 1811
1567700 1811
1567710 1811
1567720 1811
1567730 1811
1567740 1813
1567750 1815
1567760 1815
1567770 1816
1567780 1818
1567790 1819
1567800 1819
1567810 1820
1567820 1821
1567830 1821
1567840 1822
1567850 1824
1567860 1824
1567870 1826
1567880 1828
1567890 1828
1567900 1830
1567910 1832
1567920 1832
1567930 1834
1567940 1836
1567950 1836
1567960 1838
1567970 1839
1567980 1839
1567990 1841
1568000 1841
1568010 1842
1568020 1842
1568030 1843
1568040 1844
1568050 1844
1568060 1844
1568070 1845
1568080 1845
1568090 1846
1568100 1847
1568110 1847
1568120 1847
1568130 1848
1568140 1848
1568150 1849
1568160 1851
1568170 1851
1568180 1852
1568190 1854
1568200 1855
1568210 1855
1568220 1856
1568230 1856
1568240 1856
1568250 1857
1568260 1858
1568270 1858
1568280 1858
1568290 1859
1568300 1859
1568310 1860
1568320 1861
1568330 1861
1568340 1861
1568350 1862
1568360 1862
1568370 1863
1568380 1863
1568390 1864
1568400 1864
1568410 1864
1568420 1864
1568430 1864
1568440 1864
1568450 1864
1568460 1864
1568470 1864
1568480 1864
1568490 1864
1568500 1864
1568510 1864
1568520 1864
1568530 1864
1568540 1865
1568550 1865
1568560 1865
1568570 1865
1568580 1865
1568590 1865
1568600 1865
1568610 1865
1568620 1865
1568630 1864
1568640 1862
1568650 1862
1568660 1861
1568670 1860
1568680 1860
1568690 1858
1568700 1856
1568710 1856
1568720 1854
1568730 1851
1568740 1851
1568750 1849
1568760 1846
1568770 1846
1568780 1843
1568790 1840
1568800 1836
1568810 1836
1568820 1833
1568830 1829
1568840 1829
1568850 1826
1568860 1822
1568870 1822
1568880 1818
1568890 1814
1568900 1814
1568910 1810
1568920 1806
1568930 1806
1568940 1801
1568950 1795
1568960 1795
1568970 1791
1568980 1786
1568990 1781
1569000 1781
1569010 1776
1569020 1772
1569030 1772
1569040 1766
1569050 1762
1569060 1762
1569070 1757
1569080 1753
1569090 1753
1569100 1749
1569110 1744
1569120 1744
1569130 1740
1569140 1736
1569150 1736
1569160 1731
1569170 1728
1569180 1728
1569190 1724
1569200 1720
1569210 1716
1569220 1716
1569230 1712
1569240 1708
1569250 1708
1569260 1705
1569270 1701
1569280 1701
1569290 1697
1569300 1694
1569310 1694
1569320 1690
1569330 1686
1569340 1686
1569350 1682
1569360 1678
1569370 1678
1569380 1674
1569390 1670
1569400 1666
1569410 1666
1569420 1662
1569430 1657
1569440 1657
1569450 1653
1569460 1649
1569470 1649
1569480 1644
1569490 1640
1569500 1640
1569510 1637
1569520 1632
1569530 1632
1569540 1628
1569550 1623
1569560 1623
1569570 1619
1569580 1614
1569590 1610
1569600 1610
1569610 1606
1569620 1602
1569630 1602
1569640 1597
1569650 1593
1569660 1593
1569670 1588
1569680 1584
1569690 1584
1569700 1578
1569710 1573
1569720 1573
1569730 1567
1569740 1561
1569750 1561
1569760 1555
1569770 1548
1569780 1548
1569790 1542
1569800 1537
1569810 1533
1569820 1533
1569830 1531
1569840 1528
1569850 1528
1569860 1525
1569870 1521
1569880 1521
1569890 1517
1569900 1514
1569910 1514
1569920 1511
1569930 1508
1569940 1508
1569950 1506
1569960 1504
1569970 1504
1569980 1502
1569990 1500
1570000 1498
1570010 1498
1570020 1495
1570030 1492
1570040 1492
1570050 1489
1570060 1487
1570070 1487
1570080 1484
1570090 1482
1570100 1482
1570110 1480
1570120 1479
1570130 1479
1570140 1478
1570150 1476
1570160 1476
1570170 1474
1570180 1471
1570190 1468
1570200 1468
1570210 1467
1570220 1465
1570230 1465
1570240 1463
1570250 1460
1570260 1460
1570270 1460
1570280 1459
1570290 1459
1570300 1456
1570310 1453
1570320 1453
1570330 1449
1570340 1445
1570350 1445
1570360 1440
1570370 1434
1570380 1434
1570390 1429
1570400 1427
1570410 1427
1570420 1427
1570430 1427
1570440 1418
1570450 1418
1570460 1412
1570470 1406
1570480 1406
1570490 1403
1570500 1403
1570510 1403
1570520 1404
1570530 1404
1570540 1404
1570550 1403
1570560 1401
1570570 1401
1570580 1401
1570590 1400
1570600 1402
1570610 1402
1570620 1404
1570630 1404
1570640 1404
1570650 1404
1570660 1404
1570670 1404
1570680 1402
1570690 1400
1570700 1400
1570710 1398
1570720 1395
1570730 1395
1570740 1392
1570750 1389
1570760 1389
1570770 1387
1570780 1385
1570790 1383
1570800 1383
1570810 1381
1570820 1378
1570830 1378
1570840 1373
1570850 1367
1570860 1367
1570870 1360
1570880 1355
1570890 1355
1570900 1356
1570910 1358
1570920 1358
1570930 1358
1570940 1355
1570950 1355
1570960 1353
1570970 1352
1570980 1352
1570990 1353
1571000 1355
1571010 1356
1571020 1356
1571030 1356
1571040 1355
1571050 1355
1571060 1354
1571070 1354
1571080 1354
1571090 1355
1571100 1357
1571110 1357
1571120 1359
1571130 1360
1571140 1360
1571150 1359
1571160 1360
1571170 1360
1571180 1360
1571190 1362
1571200 1366
1571210 1366
1571220 1371
1571230 1377
1571240 1377
1571250 1380
1571260 1382
1571270 1382
1571280 1384
1571290 1387
1571300 1387
1571310 1389
1571320 1392
1571330 1392
1571340 1394
1571350 1397
1571360 1397
1571370 1399
1571380 1401
1571390 1402
1571400 1402
1571410 1404
1571420 1405
1571430 1405
1571440 1405
1571450 1406
1571460 1406
1571470 1405
1571480 1405
1571490 1405
1571500 1404
1571510 1403
1571520 1403
1571530 1401
1571540 1399
1571550 1399
1571560 1397
1571570 1396
1571580 1396
1571590 1394
1571600 1392
1571610 1390
1571620 1390
1571630 1388
1571640 1386
1571650 1386
1571660 1384
1571670 1382
1571680 1382
1571690 1381
1571700 1379
1571710 1379
1571720 1378
1571730 1377
1571740 1377
1571750 1376
1571760 1374
1571770 1374
1571780 1373
1571790 1372
1571800 1371
1571810 1371
1571820 1369
1571830 1368
1571840 1368
1571850 1367
1571860 1366
1571870 1366
1571880 1365
1571890 1364
1571900 1359
1571910 1358
1571920 1356
1571930 1356
1571940 1355
1571950 1353
1571960 1353
1571970 1351
1571980 1349
1571990 1346
1572000 1346
1572010 1344
1572020 1340
1572030 1340
1572040 1337
1572050 1335
1572060 1335
1572070 1331
1572080 1328
1572090 1328
1572100 1324
1572110 1319
1572120 1319
1572130 1314
1572140 1310
1572150 1310
1572160 1305
1572170 1302
1572180 1302
1572190 1298
1572200 1295
1572210 1292
1572220 1292
1572230 1289
1572240 1286
1572250 1286
1572260 1286
1572270 1287
1572280 1287
1572290 1289
1572300 1290
1572310 1290
1572320 1292
1572330 1294
1572340 1294
1572350 1297
1572360 1300
1572370 1300
1572380 1303
1572390 1304
1572400 1307
1572410 1307
1572420 1310
1572430 1313
1572440 1313
1572450 1316
1572460 1318
1572470 1318
1572480 1322
1572490 1325
1572500 1325
1572510 1327
1572520 1329
1572530 1329
1572540 1331
1572550 1332
1572560 1332
1572570 1332
1572580 1333
1572590 1333
1572600 1333
1572610 1333
1572620 1334
1572630 1334
1572640 1333
1572650 1333
1572660 1333
1572670 1332
1572680 1331
1572690 1331
1572700 1330
1572710 1329
1572720 1329
1572730 1328
1572740 1328
1572750 1328
1572760 1326
1572770 1325
1572780 1325
1572790 1323
1572800 1322
1572810 1320
1572820 1320
1572830 1317
1572840 1315
1572850 1315
1572860 1313
1572870 1309
1572880 1309
1572890 1304
1572900 1299
1572910 1299
1572920 1293
1572930 1287
1572940 1287
1572950 1281
1572960 1275
1572970 1275
1572980 1268
1572990 1264
1573000 1261
1573010 1261
1573020 1258
1573030 1255
1573040 1255
1573050 1252
1573060 1248
1573070 1248
1573080 1246
1573090 1243
1573100 1243
1573110 1241
1573120 1239
1573130 1239
1573140 1237
1573150 1235
1573160 1235
1573170 1232
1573180 1229
1573190 1229
1573200 1226
1573210 1223
1573220 1218
1573230 1218
1573240 1213
1573250 1208
1573260 1208
1573270 1203
1573280 1199
1573290 1199
1573300 1196
1573310 1194
1573320 1194
1573330 1191
1573340 1186
1573350 1186
1573360 1184
1573370 1184
1573380 1184
1573390 1183
1573400 1182
1573410 1181
1573420 1181
1573430 1179
1573440 1178
1573450 1178
1573460 1177
1573470 1176
1573480 1176
1573490 1175
1573500 1174
1573510 1174
1573520 1173
1573530 1172
1573540 1172
1573550 1170
1573560 1169
1573570 1169
1573580 1168
1573590 1168
1573600 1167
1573610 1167
1573620 1166
1573630 1165
1573640 1165
1573650 1163
1573660 1161
1573670 1161
1573680 1159
1573690 1156
1573700 1156
1573710 1153
1573720 1149
1573730 1149
1573740 1145
1573750 1141
1573760 1141
1573770 1138
1573780 1135
1573790 1135
1573800 1133
1573810 1130
1573820 1128
1573830 1128
1573840 1125
1573850 1120
1573860 1120
1573870 1117
1573880 1113
1573890 1113
1573900 1110
1573910 1107
1573920 1107
1573930 1104
1573940 1101
1573950 1101
1573960 1098
1573970 1096
1573980 1096
1573990 1094
1574000 1090
1574010 1087
1574020 1087
1574030 1084
1574040 1080
1574050 1080
1574060 1077
1574070 1073
1574080 1073
1574090 1070
1574100 1067
1574110 1067
1574120 1065
1574130 1063
1574140 1063
1574150 1061
1574160 1058
1574170 1058
1574180 1056
1574190 1053
1574200 1049
1574210 1049
1574220 1044
1574230 1041
1574240 1041
1574250 1038
1574260 1035
1574270 1035
1574280 1033
1574290 1032
1574300 1032
1574310 1032
1574320 1031
1574330 1031
1574340 1029
1574350 1028
1574360 1028
1574370 1026
1574380 1025
1574390 1025
1574400 1023
1574410 1021
1574420 1019
1574430 1019
1574440 1018
1574450 1017
1574460 1017
1574470 1016
1574480 1014
1574490 1014
1574500 1013
1574510 1010
1574520 1010
1574530 1007
1574540 1004
1574550 1004
1574560 1000
1574570 997
1574580 997
1574590 995
1574600 992
1574610 990
1574620 990
1574630 988
1574640 986
1574650 986
1574660 983
1574670 982
1574680 982
1574690 980
1574700 978
1574710 978
1574720 976
1574730 974
1574740 974
1574750 972
1574760 967
1574770 967
1574780 965
1574790 963
1574800 961
1574810 961
1574820 961
1574830 962
1574840 962
1574850 962
1574860 963
1574870 963
1574880 963
1574890 963
1574900 963
1574910 962
1574920 962
1574930 962
1574940 962
1574950 964
1574960 964
1574970 967
1574980 971
1574990 971
1575000 973
1575010 976
1575020 978
1575030 978
1575040 982
1575050 983
1575060 983
1575070 986
1575080 988
1575090 988
1575100 990
1575110 992
1575120 992
1575130 996
1575140 1000
1575150 1000
1575160 1004
1575170 1007
1575180 1007
1575190 1012
1575200 1016
1575210 1019
1575220 1019
1575230 1021
1575240 1023
1575250 1023
1575260 1024
1575270 1025
1575280 1025
1575290 1025
1575300 1025
1575310 1025
1575320 1025
1575330 1026
1575340 1026
1575350 1027
1575360 1027
1575370 1027
1575380 1028
1575390 1029
1575400 1029
1575410 1029
1575420 1030
1575430 1030
1575440 1030
1575450 1030
1575460 1030
1575470 1030
1575480 1030
1575490 1031
1575500 1031
1575510 1031
1575520 1031
1575530 1031
1575540 1032
1575550 1033
1575560 1033
1575570 1034
1575580 1035
1575590 1035
1575600 1036
1575610 1037
1575620 1038
1575630 1038
1575640 1038
1575650 1038
1575660 1038
1575670 1038
1575680 1037
1575690 1037
1575700 1036
1575710 1036
1575720 1036
1575730 1036
1575740 1037
1575750 1037
1575760 1037
1575770 1038
1575780 1038
1575790 1039
1575800 1040
1575810 1041
1575820 1041
1575830 1040
1575840 1040
1575850 1040
1575860 1040
1575870 1040
1575880 1040
1575890 1040
1575900 1040
1575910 1040
1575920 1040
1575930 1040
1575940 1040
1575950 1040
1575960 1040
1575970 1040
1575980 1040
1575990 1039
1576000 1039
1576010 1039
1576020 1039
1576030 1041
1576040 1041
1576050 1041
1576060 1041
1576070 1041
1576080 1041
1576090 1041
1576100 1041
1576110 1041
1576120 1042
1576130 1042
1576140 1043
1576150 1044
1576160 1049
1576170 1050
1576180 1051
1576190 1051
1576200 1050
1576210 1049
1576220 1048
1576230 1048
1576240 1047
1576250 1044
1576260 1044
1576270 1041
1576280 1038
1576290 1038
1576300 1035
1576310 1032
1576320 1032
1576330 1028
1576340 1024
1576350 1024
1576360 1020
1576370 1016
1576380 1016
1576390 1010
1576400 1005
1576410 1000
1576420 1000
1576430 995
1576440 991
1576450 991
1576460 988
1576470 986
1576480 986
1576490 983
1576500 981
1576510 981
1576520 978
1576530 976
1576540 976
1576550 974
1576560 972
1576570 972
1576580 971
1576590 970
1576600 970
1576610 968
1576620 967
1576630 965
1576640 965
1576650 963
1576660 959
1576670 959
1576680 955
1576690 953
1576700 953
1576710 950
1576720 947
1576730 947
1576740 944
1576750 941
1576760 941
1576770 937
1576780 934
1576790 934
1576800 932
1576810 930
1576820 927
1576830 927
1576840 925
1576850 923
1576860 923
1576870 921
1576880 918
1576890 918
1576900 916
1576910 914
1576920 914
1576930 912
1576940 911
1576950 911
1576960 910
1576970 909
1576980 909
1576990 908
1577000 906
1577010 904
1577020 904
1577030 903
1577040 902
1577050 902
1577060 901
1577070 901
1577080 901
1577090 900
1577100 899
1577110 899
1577120 899
1577130 898
1577140 898
1577150 896
1577160 895
1577170 895
1577180 894
1577190 893
1577200 893
1577210 893
1577220 893
1577230 892
1577240 892
1577250 890
1577260 888
1577270 888
1577280 886
1577290 885
1577300 885
1577310 884
1577320 883
1577330 883
1577340 882
1577350 880
1577360 880
1577370 879
1577380 879
1577390 879
1577400 879
1577410 879
1577420 879
1577430 879
1577440 879
1577450 880
1577460 880
1577470 881
1577480 881
1577490 881
1577500 881
1577510 881
1577520 881
1577530 880
1577540 880
1577550 880
1577560 880
1577570 881
1577580 881
1577590 883
1577600 884
1577610 886
1577620 886
1577630 887
1577640 889
1577650 889
1577660 888
1577670 888
1577680 888
1577690 890
1577700 891
1577710 891
1577720 891
1577730 891
1577740 891
1577750 891
1577760 891
1577770 891
1577780 890
1577790 890
1577800 890
1577810 889
1577820 888
1577830 888
1577840 888
1577850 887
1577860 887
1577870 887
1577880 886
1577890 886
1577900 886
1577910 886
1577920 886
1577930 886
1577940 886
1577950 886
1577960 886
1577970 886
1577980 886
1577990 886
1578000 885
1578010 885
1578020 884
1578030 884
1578040 883
1578050 881
1578060 881
1578070 880
1578080 882
1578090 882
1578100 884
1578110 883
1578120 883
1578130 883
1578140 883
1578150 883
1578160 882
1578170 881
1578180 881
1578190 879
1578200 877
1578210 876
1578220 876
1578230 877
1578240 881
1578250 881
1578260 883
1578270 882
1578280 882
1578290 881
1578300 880
1578310 880
1578320 880
1578330 880
1578340 880
1578350 880
1578360 881
1578370 881
1578380 882
1578390 884
1578400 884
1578410 886
1578420 890
1578430 893
1578440 893
1578450 896
1578460 899
1578470 899
1578480 900
1578490 901
1578500 901
1578510 902
1578520 902
1578530 902
1578540 902
1578550 902
1578560 902
1578570 902
1578580 903
1578590 903
1578600 902
1578610 902
1578620 902
1578630 902
1578640 902
1578650 901
1578660 901
1578670 901
1578680 901
1578690 901
1578700 901
1578710 901
1578720 901
1578730 901
1578740 901
1578750 901
1578760 901
1578770 901
1578780 901
1578790 901
1578800 901
1578810 900
1578820 900
1578830 898
1578840 898
1578850 898
1578860 898
1578870 898
1578880 892
1578890 893
1578900 895
1578910 895
1578920 896
1578930 897
1578940 897
1578950 897
1578960 896
1578970 896
1578980 897
1578990 898
1579000 898
1579010 899
1579020 897
1579030 896
1579040 896
1579050 901
1579060 902
1579070 902
1579080 903
1579090 904
1579100 904
1579110 906
1579120 907
1579130 907
1579140 907
1579150 908
1579160 908
1579170 908
1579180 909
1579190 909
1579200 909
1579210 909
1579220 909
1579230 909
1579240 910
1579250 910
1579260 910
1579270 910
1579280 910
1579290 910
1579300 911
1579310 910
1579320 910
1579330 911
1579340 912
1579350 912
1579360 912
1579370 912
1579380 912
1579390 911
1579400 911
1579410 910
1579420 910
1579430 910
1579440 910
1579450 910
1579460 911
1579470 912
1579480 912
1579490 913
1579500 913
1579510 913
1579520 914
1579530 916
1579540 916
1579550 915
1579560 913
1579570 913
1579580 911
1579590 911
1579600 911
1579610 911
1579620 910
1579630 911
1579640 911
1579650 916
1579660 918
1579670 918
1579680 921
1579690 923
1579700 923
1579710 927
1579720 931
1579730 931
1579740 932
1579750 934
1579760 934
1579770 935
1579780 936
1579790 936
1579800 938
1579810 939
1579820 941
1579830 941
1579840 943
1579850 945
1579860 945
1579870 947
1579880 949
1579890 949
1579900 950
1579910 953
1579920 953
1579930 956
1579940 959
1579950 959
1579960 961
1579970 962
1579980 962
1579990 964
