1560000 1278
1560010 1275
1560020 1270
1560030 1270
1560040 1266
1560050 1263
1560060 1263
1560070 1260
1560080 1256
1560090 1256
1560100 1250
1560110 1245
1560120 1245
1560130 1242
1560140 1242
1560150 1242
1560160 1242
1560170 1242
1560180 1241
1560190 1241
1560200 1240
1560210 1240
1560220 1240
1560230 1242
1560240 1245
1560250 1245
1560260 1247
1560270 1247
1560280 1247
1560290 1249
1560300 1252
1560310 1252
1560320 1256
1560330 1260
1560340 1264
1560350 1264
1560360 1270
1560370 1275
1560380 1275
1560390 1282
1560400 1288
1560410 1288
1560420 1292
1560430 1295
1560440 1295
1560450 1299
1560460 1302
1560470 1302
1560480 1306
1560490 1310
1560500 1310
1560510 1313
1560520 1317
1560530 1317
1560540 1321
1560550 1325
1560560 1328
1560570 1328
1560580 1331
1560590 1334
1560600 1334
1560610 1336
1560620 1339
1560630 1339
1560640 1341
1560650 1343
1560660 1343
1560670 1344
1560680 1346
1560690 1346
1560700 1347
1560710 1349
1560720 1349
1560730 1350
1560740 1348
1560750 1351
1560760 1351
1560770 1356
1560780 1360
1560790 1360
1560800 1364
1560810 1367
1560820 1367
1560830 1369
1560840 1370
1560850 1370
1560860 1371
1560870 1372
1560880 1372
1560890 1373
1560900 1375
1560910 1375
1560920 1377
1560930 1379
1560940 1379
1560950 1383
1560960 1388
1560970 1393
1560980 1393
1560990 1397
1561000 1401
1561010 1401
1561020 1405
1561030 1409
1561040 1409
1561050 1414
1561060 1419
1561070 1419
1561080 1423
1561090 1427
1561100 1427
1561110 1430
1561120 1433
1561130 1433
1561140 1436
1561150 1439
1561160 1442
1561170 1442
1561180 1445
1561190 1449
1561200 1449
1561210 1454
1561220 1458
1561230 1458
1561240 1462
1561250 1466
1561260 1466
1561270 1470
1561280 1474
1561290 1474
1561300 1477
1561310 1481
1561320 1481
1561330 1484
1561340 1488
1561350 1488
1561360 1493
1561370 1495
1561380 1500
1561390 1500
1561400 1505
1561410 1511
1561420 1511
1561430 1517
1561440 1523
1561450 1523
1561460 1529
1561470 1534
1561480 1534
1561490 1539
1561500 1544
1561510 1544
1561520 1550
1561530 1554
1561540 1554
1561550 1558
1561560 1561
1561570 1564
1561580 1564
1561590 1569
1561600 1573
1561610 1573
1561620 1578
1561630 1583
1561640 1583
1561650 1589
1561660 1598
1561670 1598
1561680 1605
1561690 1611
1561700 1611
1561710 1616
1561720 1620
1561730 1620
1561740 1623
1561750 1625
1561760 1625
1561770 1626
1561780 1628
1561790 1629
1561800 1629
1561810 1631
1561820 1634
1561830 1634
1561840 1636
1561850 1638
1561860 1638
1561870 1641
1561880 1644
1561890 1644
1561900 1646
1561910 1648
1561920 1648
1561930 1651
1561940 1652
1561950 1652
1561960 1654
1561970 1655
1561980 1656
1561990 1656
1562000 1658
1562010 1660
1562020 1660
1562030 1662
1562040 1665
1562050 1665
1562060 1667
1562070 1670
1562080 1670
1562090 1672
1562100 1675
1562110 1675
1562120 1678
1562130 1680
1562140 1680
1562150 1682
1562160 1684
1562170 1684
1562180 1684
1562190 1686
1562200 1687
1562210 1687
1562220 1688
1562230 1688
1562240 1688
1562250 1687
1562260 1686
1562270 1686
1562280 1685
1562290 1682
1562300 1682
1562310 1677
1562320 1675
1562330 1675
1562340 1670
1562350 1666
1562360 1666
1562370 1663
1562380 1659
1562390 1655
1562400 1655
1562410 1651
1562420 1648
1562430 1648
1562440 1646
1562450 1643
1562460 1643
1562470 1641
1562480 1641
1562490 1641
1562500 1641
1562510 1641
1562520 1641
1562530 1640
1562540 1640
1562550 1640
1562560 1638
1562570 1638
1562580 1638
1562590 1638
1562600 1637
1562610 1637
1562620 1637
1562630 1636
1562640 1635
1562650 1635
1562660 1633
1562670 1632
1562680 1632
1562690 1631
1562700 1629
1562710 1629
1562720 1626
1562730 1624
1562740 1624
1562750 1622
1562760 1620
1562770 1620
1562780 1619
1562790 1618
1562800 1617
1562810 1617
1562820 1615
1562830 1614
1562840 1614
1562850 1613
1562860 1612
1562870 1612
1562880 1611
1562890 1610
1562900 1610
1562910 1609
1562920 1608
1562930 1608
1562940 1607
1562950 1605
1562960 1605
1562970 1603
1562980 1602
1562990 1601
1563000 1601
1563010 1600
1563020 1598
1563030 1598
1563040 1598
1563050 1597
1563060 1597
1563070 1597
1563080 1597
1563090 1597
1563100 1597
1563110 1595
1563120 1595
1563130 1594
1563140 1593
1563150 1593
1563160 1593
1563170 1592
1563180 1592
1563190 1593
1563200 1589
1563210 1588
1563220 1588
1563230 1588
1563240 1587
1563250 1587
1563260 1585
1563270 1584
1563280 1584
1563290 1586
1563300 1589
1563310 1589
1563320 1591
1563330 1592
1563340 1592
1563350 1594
1563360 1596
1563370 1596
1563380 1597
1563390 1600
1563400 1602
1563410 1602
1563420 1604
1563430 1607
1563440 1607
1563450 1609
1563460 1611
1563470 1611
1563480 1613
1563490 1616
1563500 1616
1563510 1619
1563520 1623
1563530 1623
1563540 1627
1563550 1631
1563560 1631
1563570 1635
1563580 1638
1563590 1638
1563600 1642
1563610 1647
1563620 1649
1563630 1649
1563640 1656
1563650 1661
1563660 1661
1563670 1665
1563680 1669
1563690 1669
1563700 1672
1563710 1675
1563720 1675
1563730 1678
1563740 1680
1563750 1680
1563760 1681
1563770 1684
1563780 1684
1563790 1687
1563800 1689
1563810 1690
1563820 1690
1563830 1692
1563840 1692
1563850 1692
1563860 1693
1563870 1693
1563880 1693
1563890 1694
1563900 1696
1563910 1696
1563920 1698
1563930 1699
1563940 1699
1563950 1700
1563960 1702
1563970 1702
1563980 1703
1563990 1703
1564000 1703
1564010 1704
1564020 1705
1564030 1705
1564040 1705
1564050 1706
1564060 1706
1564070 1706
1564080 1707
1564090 1706
1564100 1706
1564110 1706
1564120 1706
1564130 1706
1564140 1705
1564150 1705
1564160 1705
1564170 1707
1564180 1709
1564190 1709
1564200 1710
1564210 1712
1564220 1711
1564230 1711
1564240 1710
1564250 1712
1564260 1712
1564270 1715
1564280 1718
1564290 1718
1564300 1722
1564310 1726
1564320 1726
1564330 1730
1564340 1735
1564350 1735
1564360 1739
1564370 1742
1564380 1742
1564390 1745
1564400 1747
1564410 1749
1564420 1749
1564430 1751
1564440 1753
1564450 1753
1564460 1755
1564470 1757
1564480 1757
1564490 1759
1564500 1761
1564510 1761
1564520 1763
1564530 1765
1564540 1765
1564550 1767
1564560 1770
1564570 1770
1564580 1771
1564590 1772
1564600 1772
1564610 1773
1564620 1773
1564630 1772
1564640 1772
1564650 1773
1564660 1773
1564670 1773
1564680 1774
1564690 1775
1564700 1775
1564710 1776
1564720 1776
1564730 1776
1564740 1777
1564750 1778
1564760 1778
1564770 1778
1564780 1780
1564790 1776
1564800 1778
1564810 1779
1564820 1780
1564830 1780
1564840 1781
1564850 1782
1564860 1782
1564870 1784
1564880 1785
1564890 1785
1564900 1786
1564910 1786
1564920 1786
1564930 1787
1564940 1788
1564950 1788
1564960 1789
1564970 1790
1564980 1790
1564990 1792
1565000 1794
1565010 1794
1565020 1796
1565030 1797
1565040 1799
1565050 1799
1565060 1801
1565070 1802
1565080 1802
1565090 1804
1565100 1805
1565110 1805
1565120 1807
1565130 1808
1565140 1808
1565150 1810
1565160 1812
1565170 1812
1565180 1813
1565190 1815
1565200 1815
1565210 1816
1565220 1818
1565230 1819
1565240 1819
1565250 1820
1565260 1821
1565270 1821
1565280 1822
1565290 1823
1565300 1823
1565310 1824
1565320 1825
1565330 1825
1565340 1825
1565350 1826
1565360 1826
1565370 1827
1565380 1829
1565390 1829
1565400 1830
1565410 1831
1565420 1831
1565430 1832
1565440 1835
1565450 1837
1565460 1837
1565470 1839
1565480 1841
1565490 1841
1565500 1842
1565510 1843
1565520 1843
1565530 1845
1565540 1846
1565550 1846
1565560 1847
1565570 1849
1565580 1849
1565590 1851
1565600 1852
1565610 1852
1565620 1854
1565630 1855
1565640 1856
1565650 1856
1565660 1858
1565670 1859
1565680 1859
1565690 1859
1565700 1861
1565710 1861
1565720 1862
1565730 1863
1565740 1863
1565750 1864
1565760 1865
1565770 1865
1565780 1866
1565790 1866
1565800 1866
1565810 1867
1565820 1868
1565830 1868
1565840 1870
1565850 1871
1565860 1872
1565870 1872
1565880 1873
1565890 1874
1565900 1874
1565910 1875
1565920 1876
1565930 1876
1565940 1877
1565950 1879
1565960 1879
1565970 1881
1565980 1882
1565990 1882
1566000 1883
1566010 1884
1566020 1884
1566030 1886
1566040 1888
1566050 1892
1566060 1892
1566070 1895
1566080 1897
1566090 1897
1566100 1898
1566110 1899
1566120 1899
1566130 1901
1566140 1902
1566150 1902
1566160 1904
1566170 1906
1566180 1906
1566190 1910
1566200 1913
1566210 1913
1566220 1917
1566230 1919
1566240 1919
1566250 1922
1566260 1925
1566270 1927
1566280 1927
1566290 1930
1566300 1933
1566310 1933
1566320 1936
1566330 1938
1566340 1938
1566350 1941
1566360 1943
1566370 1943
1566380 1945
1566390 1948
1566400 1948
1566410 1950
1566420 1952
1566430 1952
1566440 1954
1566450 1956
1566460 1957
1566470 1957
1566480 1958
1566490 1960
1566500 1960
1566510 1961
1566520 1961
1566530 1961
1566540 1962
1566550 1962
1566560 1962
1566570 1963
1566580 1964
1566590 1964
1566600 1964
1566610 1964
1566620 1964
1566630 1964
1566640 1964
1566650 1964
1566660 1964
1566670 1964
1566680 1964
1566690 1964
1566700 1964
1566710 1964
1566720 1964
1566730 1964
1566740 1963
1566750 1963
1566760 1963
1566770 1963
1566780 1963
1566790 1962
1566800 1960
1566810 1960
1566820 1957
1566830 1953
1566840 1953
1566850 1950
1566860 1945
1566870 1941
1566880 1941
1566890 1937
1566900 1934
1566910 1934
1566920 1930
1566930 1927
1566940 1927
1566950 1922
1566960 1918
1566970 1918
1566980 1914
1566990 1909
1567000 1909
1567010 1906
1567020 1901
1567030 1901
1567040 1898
1567050 1895
1567060 1893
1567070 1893
1567080 1890
1567090 1888
1567100 1888
1567110 1883
1567120 1879
1567130 1879
1567140 1877
1567150 1874
1567160 1874
1567170 1871
1567180 1868
1567190 1868
1567200 1866
1567210 1865
1567220 1865
1567230 1861
1567240 1858
1567250 1858
1567260 1855
1567270 1854
1567280 1853
1567290 1853
1567300 1852
1567310 1852
1567320 1852
1567330 1853
1567340 1855
1567350 1855
1567360 1857
1567370 1859
1567380 1859
1567390 1864
1567400 1867
1567410 1867
1567420 1869
1567430 1873
1567440 1873
1567450 1878
1567460 1885
1567470 1892
1567480 1892
1567490 1899
1567500 1905
1567510 1905
1567520 1909
1567530 1915
1567540 1915
1567550 1919
1567560 1923
1567570 1923
1567580 1927
1567590 1931
1567600 1931
1567610 1935
1567620 1939
1567630 1939
1567640 1943
1567650 1946
1567660 1946
1567670 1950
1567680 1953
1567690 1957
1567700 1957
1567710 1961
1567720 1964
1567730 1964
1567740 1968
1567750 1971
1567760 1971
1567770 1974
1567780 1978
1567790 1978
1567800 1981
1567810 1984
1567820 1984
1567830 1987
1567840 1989
1567850 1989
1567860 1992
1567870 1995
1567880 1997
1567890 1999
1567900 2001
1567910 2003
1567920 2003
1567930 2005
1567940 2007
1567950 2007
1567960 2009
1567970 2011
1567980 2011
1567990 2012
1568000 2013
1568010 2013
1568020 2014
1568030 2015
1568040 2015
1568050 2015
1568060 2015
1568070 2015
1568080 2015
1568090 2015
1568100 2013
1568110 2013
1568120 2011
1568130 2006
1568140 2006
1568150 2001
1568160 1996
1568170 1996
1568180 1990
1568190 1985
1568200 1985
1568210 1979
1568220 1973
1568230 1973
1568240 1967
1568250 1962
1568260 1962
1568270 1957
1568280 1951
1568290 1946
1568300 1946
1568310 1940
1568320 1935
1568330 1935
1568340 1929
1568350 1923
1568360 1923
1568370 1919
1568380 1913
1568390 1913
1568400 1908
1568410 1904
1568420 1904
1568430 1900
1568440 1896
1568450 1896
1568460 1891
1568470 1886
1568480 1886
1568490 1882
1568500 1878
1568510 1873
1568520 1873
1568530 1869
1568540 1864
1568550 1864
1568560 1860
1568570 1856
1568580 1856
1568590 1852
1568600 1848
1568610 1848
1568620 1843
1568630 1837
1568640 1837
1568650 1834
1568660 1829
1568670 1829
1568680 1823
1568690 1817
1568700 1811
1568710 1811
1568720 1805
1568730 1799
1568740 1799
1568750 1794
1568760 1789
1568770 1789
1568780 1785
1568790 1781
1568800 1781
1568810 1778
1568820 1774
1568830 1774
1568840 1769
1568850 1764
1568860 1764
1568870 1759
1568880 1754
1568890 1749
1568900 1749
1568910 1744
1568920 1740
1568930 1740
1568940 1736
1568950 1733
1568960 1733
1568970 1729
1568980 1727
1568990 1727
1569000 1725
1569010 1723
1569020 1723
1569030 1721
1569040 1720
1569050 1720
1569060 1719
1569070 1718
1569080 1718
1569090 1717
1569100 1716
1569110 1715
1569120 1715
1569130 1715
1569140 1714
1569150 1714
1569160 1713
1569170 1711
1569180 1711
1569190 1709
1569200 1706
1569210 1706
1569220 1702
1569230 1698
1569240 1698
1569250 1694
1569260 1690
1569270 1690
1569280 1687
1569290 1684
1569300 1681
1569310 1681
1569320 1679
1569330 1676
1569340 1676
1569350 1673
1569360 1670
1569370 1670
1569380 1667
1569390 1665
1569400 1668
1569410 1663
1569420 1660
1569430 1660
1569440 1657
1569450 1656
1569460 1656
1569470 1654
1569480 1652
1569490 1652
1569500 1650
1569510 1647
1569520 1643
1569530 1643
1569540 1638
1569550 1629
1569560 1629
1569570 1626
1569580 1628
1569590 1628
1569600 1630
1569610 1628
1569620 1628
1569630 1623
1569640 1617
1569650 1617
1569660 1616
1569670 1617
1569680 1617
1569690 1617
1569700 1620
1569710 1623
1569720 1623
1569730 1626
1569740 1629
1569750 1629
1569760 1631
1569770 1632
1569780 1632
1569790 1632
1569800 1631
1569810 1631
1569820 1631
1569830 1630
1569840 1630
1569850 1630
1569860 1629
1569870 1629
1569880 1627
1569890 1622
1569900 1622
1569910 1616
1569920 1610
1569930 1604
1569940 1604
1569950 1598
1569960 1593
1569970 1593
1569980 1586
1569990 1580
1570000 1580
1570010 1573
1570020 1568
1570030 1568
1570040 1562
1570050 1553
1570060 1553
1570070 1546
1570080 1540
1570090 1540
1570100 1541
1570110 1545
1570120 1550
1570130 1550
1570140 1548
1570150 1544
1570160 1544
1570170 1543
1570180 1544
1570190 1544
1570200 1545
1570210 1547
1570220 1547
1570230 1549
1570240 1544
1570250 1544
1570260 1537
1570270 1531
1570280 1531
1570290 1525
1570300 1521
1570310 1521
1570320 1517
1570330 1514
1570340 1514
1570350 1514
1570360 1514
1570370 1513
1570380 1513
1570390 1509
1570400 1504
1570410 1504
1570420 1497
1570430 1491
1570440 1491
1570450 1492
1570460 1498
1570470 1498
1570480 1504
1570490 1508
1570500 1508
1570510 1513
1570520 1517
1570530 1521
1570540 1521
1570550 1524
1570560 1524
1570570 1524
1570580 1522
1570590 1520
1570600 1520
1570610 1517
1570620 1516
1570630 1516
1570640 1516
1570650 1517
1570660 1517
1570670 1519
1570680 1522
1570690 1522
1570700 1524
1570710 1525
1570720 1527
1570730 1527
1570740 1529
1570750 1530
1570760 1530
1570770 1532
1570780 1534
1570790 1534
1570800 1536
1570810 1537
1570820 1537
1570830 1539
1570840 1542
1570850 1542
1570860 1545
1570870 1548
1570880 1553
1570890 1556
1570900 1559
1570910 1559
1570920 1562
1570930 1565
1570940 1567
1570950 1567
1570960 1568
1570970 1567
1570980 1567
1570990 1566
1571000 1566
1571010 1566
1571020 1565
1571030 1565
1571040 1565
1571050 1565
1571060 1565
1571070 1565
1571080 1564
1571090 1563
1571100 1563
1571110 1563
1571120 1564
1571130 1565
1571140 1565
1571150 1566
1571160 1568
1571170 1568
1571180 1568
1571190 1569
1571200 1569
1571210 1570
1571220 1570
1571230 1570
1571240 1570
1571250 1567
1571260 1567
1571270 1564
1571280 1559
1571290 1559
1571300 1555
1571310 1550
1571320 1550
1571330 1545
1571340 1540
1571350 1535
1571360 1535
1571370 1530
1571380 1525
1571390 1525
1571400 1520
1571410 1515
1571420 1515
1571430 1510
1571440 1507
1571450 1507
1571460 1503
1571470 1499
1571480 1499
1571490 1494
1571500 1490
1571510 1490
1571520 1484
1571530 1479
1571540 1474
1571550 1474
1571560 1469
1571570 1462
1571580 1462
1571590 1455
1571600 1447
1571610 1447
1571620 1441
1571630 1435
1571640 1435
1571650 1430
1571660 1425
1571670 1425
1571680 1420
1571690 1414
1571700 1414
1571710 1410
1571720 1406
1571730 1406
1571740 1402
1571750 1399
1571760 1399
1571770 1399
1571780 1400
1571790 1399
1571800 1399
1571810 1397
1571820 1395
1571830 1395
1571840 1393
1571850 1392
1571860 1392
1571870 1393
1571880 1395
1571890 1395
1571900 1397
1571910 1397
1571920 1397
1571930 1399
1571940 1403
1571950 1408
1571960 1408
1571970 1412
1571980 1415
1571990 1415
1572000 1420
1572010 1419
1572020 1419
1572030 1420
1572040 1426
1572050 1426
1572060 1431
1572070 1437
1572080 1437
1572090 1442
1572100 1447
1572110 1447
1572120 1455
1572130 1462
1572140 1462
1572150 1468
1572160 1472
1572170 1477
1572180 1477
1572190 1480
1572200 1484
1572210 1484
1572220 1487
1572230 1491
1572240 1491
1572250 1496
1572260 1500
1572270 1500
1572280 1505
1572290 1510
1572300 1510
1572310 1515
1572320 1521
1572330 1521
1572340 1530
1572350 1535
1572360 1539
1572370 1539
1572380 1544
1572390 1548
1572400 1548
1572410 1553
1572420 1557
1572430 1557
1572440 1561
1572450 1565
1572460 1565
1572470 1568
1572480 1571
1572490 1571
1572500 1575
1572510 1577
1572520 1577
1572530 1580
1572540 1583
1572550 1583
1572560 1586
1572570 1588
1572580 1591
1572590 1591
1572600 1593
1572610 1595
1572620 1595
1572630 1597
1572640 1599
1572650 1599
1572660 1601
1572670 1602
1572680 1602
1572690 1603
1572700 1602
1572710 1602
1572720 1599
1572730 1596
1572740 1596
1572750 1593
1572760 1589
1572770 1585
1572780 1585
1572790 1581
1572800 1577
1572810 1577
1572820 1574
1572830 1570
1572840 1570
1572850 1566
1572860 1562
1572870 1562
1572880 1559
1572890 1555
1572900 1555
1572910 1551
1572920 1548
1572930 1548
1572940 1545
1572950 1542
1572960 1542
1572970 1540
1572980 1537
1572990 1534
1573000 1534
1573010 1531
1573020 1528
1573030 1528
1573040 1525
1573050 1521
1573060 1521
1573070 1518
1573080 1515
1573090 1515
1573100 1511
1573110 1507
1573120 1507
1573130 1504
1573140 1501
1573150 1501
1573160 1498
1573170 1496
1573180 1493
1573190 1493
1573200 1490
1573210 1486
1573220 1486
1573230 1483
1573240 1479
1573250 1479
1573260 1476
1573270 1473
1573280 1473
1573290 1471
1573300 1468
1573310 1468
1573320 1464
1573330 1461
1573340 1461
1573350 1457
1573360 1453
1573370 1449
1573380 1449
1573390 1445
1573400 1440
1573410 1440
1573420 1436
1573430 1432
1573440 1432
1573450 1428
1573460 1424
1573470 1424
1573480 1421
1573490 1418
1573500 1418
1573510 1415
1573520 1412
1573530 1412
1573540 1409
1573550 1407
1573560 1407
1573570 1405
1573580 1404
1573590 1403
1573600 1403
1573610 1402
1573620 1400
1573630 1400
1573640 1399
1573650 1398
1573660 1398
1573670 1397
1573680 1396
1573690 1396
1573700 1394
1573710 1393
1573720 1393
1573730 1391
1573740 1388
1573750 1388
1573760 1386
1573770 1383
1573780 1380
1573790 1380
1573800 1378
1573810 1375
1573820 1375
1573830 1372
1573840 1370
1573850 1370
1573860 1367
1573870 1364
1573880 1364
1573890 1361
1573900 1357
1573910 1357
1573920 1354
1573930 1351
1573940 1351
1573950 1347
1573960 1345
1573970 1345
1573980 1343
1573990 1342
1574000 1341
1574010 1341
1574020 1339
1574030 1337
1574040 1337
1574050 1334
1574060 1333
1574070 1333
1574080 1331
1574090 1330
1574100 1330
1574110 1329
1574120 1327
1574130 1327
1574140 1325
1574150 1323
1574160 1323
1574170 1321
1574180 1319
1574190 1317
1574200 1317
1574210 1315
1574220 1313
1574230 1313
1574240 1311
1574250 1311
1574260 1311
1574270 1310
1574280 1310
1574290 1310
1574300 1308
1574310 1306
1574320 1306
1574330 1303
1574340 1299
1574350 1299
1574360 1296
1574370 1292
1574380 1292
1574390 1288
1574400 1283
1574410 1279
1574420 1279
1574430 1276
1574440 1275
1574450 1275
1574460 1273
1574470 1271
1574480 1271
1574490 1270
1574500 1269
1574510 1269
1574520 1267
1574530 1265
1574540 1265
1574550 1263
1574560 1261
1574570 1261
1574580 1259
1574590 1257
1574600 1256
1574610 1256
1574620 1254
1574630 1253
1574640 1253
1574650 1251
1574660 1249
1574670 1249
1574680 1247
1574690 1245
1574700 1245
1574710 1243
1574720 1241
1574730 1241
1574740 1241
1574750 1240
1574760 1240
1574770 1239
1574780 1237
1574790 1237
1574800 1235
1574810 1231
1574820 1228
1574830 1228
1574840 1225
1574850 1223
1574860 1223
1574870 1222
1574880 1221
1574890 1221
1574900 1220
1574910 1220
1574920 1220
1574930 1218
1574940 1217
1574950 1217
1574960 1214
1574970 1211
1574980 1211
1574990 1208
1575000 1205
1575010 1202
1575020 1202
1575030 1200
1575040 1197
1575050 1197
1575060 1194
1575070 1192
1575080 1192
1575090 1190
1575100 1188
1575110 1188
1575120 1186
1575130 1184
1575140 1184
1575150 1182
1575160 1180
1575170 1180
1575180 1178
1575190 1173
1575200 1170
1575210 1170
1575220 1166
1575230 1163
1575240 1163
1575250 1161
1575260 1159
1575270 1159
1575280 1156
1575290 1155
1575300 1155
1575310 1152
1575320 1151
1575330 1151
1575340 1149
1575350 1147
1575360 1147
1575370 1146
1575380 1145
1575390 1145
1575400 1144
1575410 1142
1575420 1141
1575430 1141
1575440 1140
1575450 1140
1575460 1140
1575470 1139
1575480 1137
1575490 1137
1575500 1135
1575510 1134
1575520 1134
1575530 1134
1575540 1133
1575550 1133
1575560 1131
1575570 1130
1575580 1130
1575590 1129
1575600 1129
1575610 1128
1575620 1128
1575630 1128
1575640 1127
1575650 1127
1575660 1124
1575670 1119
1575680 1119
1575690 1113
1575700 1108
1575710 1108
1575720 1103
1575730 1099
1575740 1099
1575750 1095
1575760 1091
1575770 1091
1575780 1088
1575790 1084
1575800 1084
1575810 1081
1575820 1080
1575830 1079
1575840 1079
1575850 1077
1575860 1076
1575870 1076
1575880 1075
1575890 1073
1575900 1073
1575910 1070
1575920 1066
1575930 1066
1575940 1064
1575950 1061
1575960 1061
1575970 1057
1575980 1054
1575990 1054
1576000 1052
1576010 1051
1576020 1045
1576030 1045
1576040 1038
1576050 1035
1576060 1035
1576070 1034
1576080 1033
1576090 1033
1576100 1033
1576110 1035
1576120 1035
1576130 1038
1576140 1041
1576150 1041
1576160 1043
1576170 1043
1576180 1043
1576190 1042
1576200 1041
1576210 1041
1576220 1040
1576230 1039
1576240 1039
1576250 1039
1576260 1039
1576270 1038
1576280 1038
1576290 1036
1576300 1033
1576310 1033
1576320 1029
1576330 1026
1576340 1026
1576350 1023
1576360 1021
1576370 1021
1576380 1018
1576390 1015
1576400 1015
1576410 1012
1576420 1009
1576430 1000
1576440 1000
1576450 991
1576460 984
1576470 984
1576480 978
1576490 975
1576500 975
1576510 974
1576520 972
1576530 972
1576540 971
1576550 967
1576560 967
1576570 963
1576580 960
1576590 960
1576600 959
1576610 958
1576620 958
1576630 957
1576640 956
1576650 955
1576660 955
1576670 953
1576680 949
1576690 949
1576700 943
1576710 938
1576720 938
1576730 935
1576740 929
1576750 929
1576760 924
1576770 923
1576780 923
1576790 923
1576800 923
1576810 923
1576820 923
1576830 923
1576840 924
1576850 924
1576860 926
1576870 931
1576880 931
1576890 938
1576900 944
1576910 944
1576920 948
1576930 950
1576940 950
1576950 951
1576960 951
1576970 951
1576980 951
1576990 951
1577000 951
1577010 951
1577020 951
1577030 951
1577040 951
1577050 951
1577060 950
1577070 950
1577080 950
1577090 950
1577100 950
1577110 950
1577120 950
1577130 950
1577140 950
1577150 950
1577160 950
1577170 951
1577180 951
1577190 951
1577200 950
1577210 950
1577220 950
1577230 950
1577240 950
1577250 951
1577260 951
1577270 952
1577280 953
1577290 953
1577300 955
1577310 956
1577320 956
1577330 958
1577340 961
1577350 961
1577360 964
1577370 967
1577380 967
1577390 969
1577400 971
1577410 971
1577420 973
1577430 974
1577440 975
1577450 975
1577460 978
1577470 981
1577480 981
1577490 986
1577500 988
1577510 988
1577520 991
1577530 993
1577540 993
1577550 995
1577560 998
1577570 998
1577580 1001
1577590 1005
1577600 1005
1577610 1008
1577620 1012
1577630 1012
1577640 1015
1577650 1019
1577660 1023
1577670 1023
1577680 1029
1577690 1035
1577700 1035
1577710 1040
1577720 1045
1577730 1045
1577740 1050
1577750 1055
1577760 1055
1577770 1060
1577780 1066
1577790 1066
1577800 1073
1577810 1081
1577820 1081
1577830 1088
1577840 1093
1577850 1095
1577860 1095
1577870 1098
1577880 1101
1577890 1101
1577900 1105
1577910 1109
1577920 1109
1577930 1113
1577940 1123
1577950 1123
1577960 1127
1577970 1132
1577980 1132
1577990 1136
1578000 1140
1578010 1140
1578020 1142
1578030 1144
1578040 1144
1578050 1146
1578060 1148
1578070 1150
1578080 1150
1578090 1154
1578100 1157
1578110 1157
1578120 1161
1578130 1165
1578140 1165
1578150 1169
1578160 1172
1578170 1172
1578180 1176
1578190 1178
1578200 1178
1578210 1183
1578220 1187
1578230 1187
1578240 1191
1578250 1196
1578260 1200
1578270 1200
1578280 1204
1578290 1207
1578300 1207
1578310 1210
1578320 1213
1578330 1213
1578340 1217
1578350 1220
1578360 1220
1578370 1223
1578380 1227
1578390 1227
1578400 1229
1578410 1231
1578420 1231
1578430 1232
1578440 1231
1578450 1231
1578460 1229
1578470 1226
1578480 1223
1578490 1223
1578500 1219
1578510 1216
1578520 1216
1578530 1212
1578540 1208
1578550 1208
1578560 1204
1578570 1200
1578580 1200
1578590 1195
1578600 1191
1578610 1191
1578620 1186
1578630 1181
1578640 1181
1578650 1177
1578660 1173
1578670 1169
1578680 1169
1578690 1165
1578700 1160
1578710 1160
1578720 1156
1578730 1152
1578740 1152
1578750 1148
1578760 1145
1578770 1145
1578780 1142
1578790 1139
1578800 1139
1578810 1136
1578820 1133
1578830 1133
1578840 1130
1578850 1128
1578860 1128
1578870 1125
1578880 1123
1578890 1120
1578900 1120
1578910 1117
1578920 1114
1578930 1114
1578940 1110
1578950 1107
1578960 1107
1578970 1103
1578980 1099
1578990 1099
1579000 1095
1579010 1092
1579020 1092
1579030 1089
1579040 1085
1579050 1085
1579060 1081
1579070 1077
1579080 1073
1579090 1073
1579100 1069
1579110 1065
1579120 1065
1579130 1061
1579140 1056
1579150 1056
1579160 1052
1579170 1049
1579180 1049
1579190 1045
1579200 1042
1579210 1042
1579220 1039
1579230 1035
1579240 1035
1579250 1034
1579260 1032
1579270 1032
1579280 1031
1579290 1029
1579300 1028
1579310 1028
1579320 1027
1579330 1025
1579340 1025
1579350 1022
1579360 1018
1579370 1018
1579380 1014
1579390 1008
1579400 1008
1579410 1003
1579420 1001
1579430 1001
1579440 1002
1579450 1002
1579460 1002
1579470 1004
1579480 1008
1579490 1013
1579500 1013
1579510 1019
1579520 1027
1579530 1027
1579540 1034
1579550 1035
1579560 1035
1579570 1037
1579580 1038
1579590 1038
1579600 1040
1579610 1043
1579620 1043
1579630 1046
1579640 1050
1579650 1050
1579660 1055
1579670 1059
1579680 1062
1579690 1062
1579700 1065
1579710 1067
1579720 1067
1579730 1070
1579740 1072
1579750 1072
1579760 1075
1579770 1077
1579780 1077
1579790 1082
1579800 1087
1579810 1087
1579820 1091
1579830 1094
1579840 1094
1579850 1096
1579860 1098
1579870 1098
1579880 1101
1579890 1104
1579900 1107
1579910 1107
1579920 1110
1579930 1113
1579940 1113
1579950 1116
1579960 1119
1579970 1119
1579980 1122
1579990 1126
