1560000 1295
1560010 1292
1560020 1287
1560030 1287
1560040 1275
1560050 1267
1560060 1267
1560070 1261
1560080 1256
1560090 1256
1560100 1253
1560110 1250
1560120 1250
1560130 1247
1560140 1243
1560150 1243
1560160 1241
1560170 1241
1560180 1240
1560190 1240
1560200 1240
1560210 1238
1560220 1238
1560230 1240
1560240 1240
1560250 1240
1560260 1242
1560270 1249
1560280 1249
1560290 1252
1560300 1254
1560310 1254
1560320 1257
1560330 1259
1560340 1259
1560350 1261
1560360 1264
1560370 1264
1560380 1269
1560390 1273
1560400 1277
1560410 1277
1560420 1281
1560430 1284
1560440 1284
1560450 1288
1560460 1291
1560470 1291
1560480 1294
1560490 1297
1560500 1297
1560510 1299
1560520 1302
1560530 1302
1560540 1306
1560550 1309
1560560 1309
1560570 1311
1560580 1314
1560590 1316
1560600 1316
1560610 1318
1560620 1318
1560630 1318
1560640 1320
1560650 1321
1560660 1321
1560670 1323
1560680 1323
1560690 1323
1560700 1325
1560710 1328
1560720 1328
1560730 1333
1560740 1337
1560750 1337
1560760 1340
1560770 1341
1560780 1342
1560790 1342
1560800 1345
1560810 1349
1560820 1349
1560830 1352
1560840 1355
1560850 1355
1560860 1359
1560870 1363
1560880 1363
1560890 1368
1560900 1373
1560910 1373
1560920 1377
1560930 1381
1560940 1381
1560950 1386
1560960 1390
1560970 1390
1560980 1395
1560990 1400
1561000 1403
1561010 1403
1561020 1407
1561030 1411
1561040 1411
1561050 1416
1561060 1421
1561070 1421
1561080 1425
1561090 1428
1561100 1428
1561110 1432
1561120 1435
1561130 1435
1561140 1439
1561150 1442
1561160 1442
1561170 1446
1561180 1451
1561190 1456
1561200 1456
1561210 1460
1561220 1464
1561230 1464
1561240 1468
1561250 1472
1561260 1472
1561270 1475
1561280 1479
1561290 1479
1561300 1482
1561310 1486
1561320 1486
1561330 1490
1561340 1494
1561350 1494
1561360 1499
1561370 1504
1561380 1504
1561390 1509
1561400 1515
1561410 1521
1561420 1521
1561430 1526
1561440 1530
1561450 1530
1561460 1535
1561470 1540
1561480 1540
1561490 1545
1561500 1550
1561510 1550
1561520 1554
1561530 1559
1561540 1559
1561550 1562
1561560 1566
1561570 1566
1561580 1571
1561590 1575
1561600 1580
1561610 1580
1561620 1585
1561630 1591
1561640 1591
1561650 1596
1561660 1602
1561670 1602
1561680 1606
1561690 1611
1561700 1611
1561710 1616
1561720 1620
1561730 1620
1561740 1624
1561750 1626
1561760 1626
1561770 1630
1561780 1633
1561790 1633
1561800 1636
1561810 1639
1561820 1644
1561830 1644
1561840 1650
1561850 1653
1561860 1653
1561870 1655
1561880 1658
1561890 1658
1561900 1660
1561910 1660
1561920 1660
1561930 1661
1561940 1662
1561950 1662
1561960 1665
1561970 1664
1561980 1664
1561990 1664
1562000 1665
1562010 1667
1562020 1667
1562030 1669
1562040 1670
1562050 1670
1562060 1672
1562070 1676
1562080 1676
1562090 1680
1562100 1682
1562110 1682
1562120 1683
1562130 1683
1562140 1683
1562150 1682
1562160 1680
1562170 1680
1562180 1680
1562190 1679
1562200 1679
1562210 1677
1562220 1675
1562230 1673
1562240 1673
1562250 1670
1562260 1667
1562270 1667
1562280 1664
1562290 1661
1562300 1661
1562310 1658
1562320 1656
1562330 1656
1562340 1652
1562350 1649
1562360 1649
1562370 1646
1562380 1644
1562390 1644
1562400 1641
1562410 1638
1562420 1633
1562430 1633
1562440 1629
1562450 1628
1562460 1628
1562470 1627
1562480 1626
1562490 1626
1562500 1625
1562510 1624
1562520 1624
1562530 1623
1562540 1622
1562550 1622
1562560 1623
1562570 1623
1562580 1623
1562590 1623
1562600 1622
1562610 1622
1562620 1622
1562630 1621
1562640 1621
1562650 1621
1562660 1620
1562670 1619
1562680 1619
1562690 1617
1562700 1615
1562710 1615
1562720 1613
1562730 1610
1562740 1610
1562750 1608
1562760 1607
1562770 1607
1562780 1606
1562790 1606
1562800 1606
1562810 1607
1562820 1606
1562830 1605
1562840 1605
1562850 1604
1562860 1601
1562870 1601
1562880 1598
1562890 1595
1562900 1595
1562910 1592
1562920 1589
1562930 1589
1562940 1589
1562950 1586
1562960 1586
1562970 1584
1562980 1583
1562990 1579
1563000 1578
1563010 1577
1563020 1576
1563030 1576
1563040 1575
1563050 1574
1563060 1574
1563070 1574
1563080 1573
1563090 1573
1563100 1571
1563110 1570
1563120 1570
1563130 1570
1563140 1571
1563150 1571
1563160 1571
1563170 1570
1563180 1570
1563190 1571
1563200 1571
1563210 1571
1563220 1571
1563230 1568
1563240 1566
1563250 1566
1563260 1566
1563270 1568
1563280 1568
1563290 1570
1563300 1571
1563310 1571
1563320 1572
1563330 1573
1563340 1573
1563350 1575
1563360 1577
1563370 1577
1563380 1579
1563390 1581
1563400 1581
1563410 1583
1563420 1586
1563430 1590
1563440 1590
1563450 1593
1563460 1596
1563470 1596
1563480 1600
1563490 1603
1563500 1603
1563510 1606
1563520 1610
1563530 1610
1563540 1615
1563550 1618
1563560 1618
1563570 1621
1563580 1625
1563590 1625
1563600 1629
1563610 1636
1563620 1636
1563630 1642
1563640 1643
1563650 1644
1563660 1644
1563670 1646
1563680 1653
1563690 1653
1563700 1656
1563710 1659
1563720 1659
1563730 1662
1563740 1664
1563750 1664
1563760 1666
1563770 1668
1563780 1668
1563790 1669
1563800 1671
1563810 1671
1563820 1673
1563830 1676
1563840 1679
1563850 1679
1563860 1679
1563870 1679
1563880 1679
1563890 1680
1563900 1680
1563910 1680
1563920 1681
1563930 1681
1563940 1681
1563950 1681
1563960 1681
1563970 1681
1563980 1681
1563990 1681
1564000 1681
1564010 1680
1564020 1679
1564030 1679
1564040 1678
1564050 1677
1564060 1678
1564070 1678
1564080 1678
1564090 1679
1564100 1679
1564110 1679
1564120 1678
1564130 1678
1564140 1677
1564150 1677
1564160 1677
1564170 1676
1564180 1675
1564190 1675
1564200 1672
1564210 1673
1564220 1673
1564230 1680
1564240 1687
1564250 1692
1564260 1692
1564270 1696
1564280 1699
1564290 1699
1564300 1703
1564310 1707
1564320 1707
1564330 1711
1564340 1713
1564350 1713
1564360 1716
1564370 1718
1564380 1718
1564390 1720
1564400 1723
1564410 1723
1564420 1725
1564430 1728
1564440 1728
1564450 1732
1564460 1735
1564470 1738
1564480 1738
1564490 1741
1564500 1743
1564510 1743
1564520 1746
1564530 1748
1564540 1748
1564550 1749
1564560 1750
1564570 1750
1564580 1750
1564590 1742
1564600 1742
1564610 1743
1564620 1745
1564630 1745
1564640 1746
1564650 1747
1564660 1749
1564670 1749
1564680 1750
1564690 1750
1564700 1750
1564710 1751
1564720 1753
1564730 1753
1564740 1754
1564750 1756
1564760 1756
1564770 1757
1564780 1758
1564790 1758
1564800 1759
1564810 1761
1564820 1761
1564830 1762
1564840 1764
1564850 1764
1564860 1765
1564870 1766
1564880 1767
1564890 1767
1564900 1768
1564910 1770
1564920 1770
1564930 1771
1564940 1772
1564950 1772
1564960 1774
1564970 1776
1564980 1776
1564990 1777
1565000 1779
1565010 1779
1565020 1782
1565030 1784
1565040 1784
1565050 1786
1565060 1788
1565070 1790
1565080 1790
1565090 1791
1565100 1793
1565110 1793
1565120 1794
1565130 1796
1565140 1796
1565150 1798
1565160 1799
1565170 1799
1565180 1801
1565190 1802
1565200 1802
1565210 1804
1565220 1806
1565230 1806
1565240 1807
1565250 1809
1565260 1810
1565270 1810
1565280 1811
1565290 1813
1565300 1813
1565310 1814
1565320 1814
1565330 1814
1565340 1815
1565350 1816
1565360 1816
1565370 1818
1565380 1818
1565390 1818
1565400 1820
1565410 1821
1565420 1821
1565430 1822
1565440 1824
1565450 1824
1565460 1825
1565470 1827
1565480 1829
1565490 1829
1565500 1830
1565510 1832
1565520 1832
1565530 1833
1565540 1835
1565550 1835
1565560 1837
1565570 1838
1565580 1838
1565590 1840
1565600 1841
1565610 1841
1565620 1843
1565630 1844
1565640 1844
1565650 1845
1565660 1846
1565670 1847
1565680 1847
1565690 1849
1565700 1851
1565710 1851
1565720 1852
1565730 1853
1565740 1853
1565750 1854
1565760 1856
1565770 1856
1565780 1857
1565790 1859
1565800 1859
1565810 1860
1565820 1861
1565830 1861
1565840 1862
1565850 1863
1565860 1863
1565870 1864
1565880 1866
1565890 1867
1565900 1867
1565910 1868
1565920 1870
1565930 1870
1565940 1872
1565950 1873
1565960 1873
1565970 1874
1565980 1876
1565990 1876
1566000 1877
1566010 1879
1566020 1879
1566030 1880
1566040 1881
1566050 1881
1566060 1883
1566070 1885
1566080 1887
1566090 1887
1566100 1890
1566110 1893
1566120 1893
1566130 1896
1566140 1900
1566150 1900
1566160 1903
1566170 1907
1566180 1907
1566190 1910
1566200 1913
1566210 1913
1566220 1916
1566230 1919
1566240 1919
1566250 1922
1566260 1925
1566270 1925
1566280 1928
1566290 1931
1566300 1934
1566310 1934
1566320 1936
1566330 1939
1566340 1939
1566350 1941
1566360 1944
1566370 1944
1566380 1946
1566390 1948
1566400 1948
1566410 1950
1566420 1951
1566430 1951
1566440 1952
1566450 1953
1566460 1953
1566470 1954
1566480 1955
1566490 1955
1566500 1955
1566510 1956
1566520 1956
1566530 1956
1566540 1957
1566550 1957
1566560 1957
1566570 1957
1566580 1957
1566590 1957
1566600 1958
1566610 1959
1566620 1959
1566630 1960
1566640 1960
1566650 1960
1566660 1960
1566670 1961
1566680 1961
1566690 1961
1566700 1961
1566710 1961
1566720 1961
1566730 1961
1566740 1962
1566750 1962
1566760 1962
1566770 1962
1566780 1962
1566790 1962
1566800 1962
1566810 1962
1566820 1962
1566830 1962
1566840 1962
1566850 1962
1566860 1962
1566870 1962
1566880 1962
1566890 1962
1566900 1962
1566910 1962
1566920 1961
1566930 1960
1566940 1960
1566950 1958
1566960 1954
1566970 1954
1566980 1950
1566990 1947
1567000 1947
1567010 1943
1567020 1939
1567030 1939
1567040 1935
1567050 1931
1567060 1931
1567070 1927
1567080 1923
1567090 1923
1567100 1918
1567110 1913
1567120 1907
1567130 1907
1567140 1902
1567150 1898
1567160 1898
1567170 1894
1567180 1892
1567190 1892
1567200 1891
1567210 1891
1567220 1891
1567230 1890
1567240 1888
1567250 1888
1567260 1885
1567270 1883
1567280 1883
1567290 1880
1567300 1878
1567310 1876
1567320 1876
1567330 1874
1567340 1875
1567350 1875
1567360 1877
1567370 1880
1567380 1880
1567390 1883
1567400 1886
1567410 1886
1567420 1889
1567430 1893
1567440 1893
1567450 1898
1567460 1902
1567470 1902
1567480 1908
1567490 1913
1567500 1918
1567510 1918
1567520 1922
1567530 1926
1567540 1926
1567550 1929
1567560 1933
1567570 1933
1567580 1937
1567590 1940
1567600 1940
1567610 1944
1567620 1948
1567630 1948
1567640 1952
1567650 1956
1567660 1956
1567670 1959
1567680 1963
1567690 1963
1567700 1968
1567710 1972
1567720 1976
1567730 1976
1567740 1979
1567750 1983
1567760 1983
1567770 1986
1567780 1989
1567790 1989
1567800 1993
1567810 1995
1567820 1995
1567830 1998
1567840 2000
1567850 2000
1567860 2003
1567870 2005
1567880 2005
1567890 2007
1567900 2009
1567910 2011
1567920 2011
1567930 2013
1567940 2014
1567950 2014
1567960 2015
1567970 2016
1567980 2016
1567990 2017
1568000 2018
1568010 2018
1568020 2018
1568030 2018
1568040 2018
1568050 2018
1568060 2017
1568070 2017
1568080 2017
1568090 2015
1568100 2015
1568110 2013
1568120 2010
1568130 2003
1568140 2003
1568150 1996
1568160 1989
1568170 1989
1568180 1983
1568190 1978
1568200 1978
1568210 1972
1568220 1965
1568230 1965
1568240 1958
1568250 1951
1568260 1951
1568270 1943
1568280 1935
1568290 1935
1568300 1928
1568310 1921
1568320 1915
1568330 1915
1568340 1909
1568350 1904
1568360 1904
1568370 1898
1568380 1893
1568390 1893
1568400 1889
1568410 1884
1568420 1884
1568430 1879
1568440 1875
1568450 1875
1568460 1870
1568470 1866
1568480 1866
1568490 1862
1568500 1857
1568510 1857
1568520 1853
1568530 1848
1568540 1845
1568550 1845
1568560 1841
1568570 1838
1568580 1838
1568590 1834
1568600 1830
1568610 1830
1568620 1826
1568630 1820
1568640 1820
1568650 1814
1568660 1807
1568670 1807
1568680 1803
1568690 1799
1568700 1799
1568710 1794
1568720 1790
1568730 1786
1568740 1786
1568750 1781
1568760 1778
1568770 1778
1568780 1775
1568790 1772
1568800 1772
1568810 1769
1568820 1765
1568830 1765
1568840 1762
1568850 1759
1568860 1759
1568870 1756
1568880 1754
1568890 1754
1568900 1753
1568910 1752
1568920 1752
1568930 1751
1568940 1750
1568950 1748
1568960 1748
1568970 1747
1568980 1746
1568990 1746
1569000 1745
1569010 1744
1569020 1744
1569030 1743
1569040 1742
1569050 1742
1569060 1743
1569070 1744
1569080 1744
1569090 1746
1569100 1747
1569110 1747
1569120 1746
1569130 1745
1569140 1745
1569150 1745
1569160 1744
1569170 1743
1569180 1743
1569190 1741
1569200 1740
1569210 1746
1569220 1744
1569230 1741
1569240 1741
1569250 1738
1569260 1735
1569270 1735
1569280 1730
1569290 1723
1569300 1723
1569310 1716
1569320 1711
1569330 1711
1569340 1707
1569350 1703
1569360 1700
1569370 1700
1569380 1698
1569390 1696
1569400 1696
1569410 1694
1569420 1692
1569430 1692
1569440 1691
1569450 1688
1569460 1688
1569470 1686
1569480 1684
1569490 1684
1569500 1681
1569510 1677
1569520 1677
1569530 1673
1569540 1671
1569550 1670
1569560 1670
1569570 1667
1569580 1664
1569590 1664
1569600 1660
1569610 1657
1569620 1657
1569630 1658
1569640 1658
1569650 1658
1569660 1658
1569670 1657
1569680 1657
1569690 1659
1569700 1661
1569710 1661
1569720 1662
1569730 1663
1569740 1665
1569750 1665
1569760 1666
1569770 1666
1569780 1666
1569790 1666
1569800 1665
1569810 1665
1569820 1663
1569830 1660
1569840 1660
1569850 1656
1569860 1652
1569870 1652
1569880 1647
1569890 1642
1569900 1642
1569910 1637
1569920 1632
1569930 1632
1569940 1627
1569950 1623
1569960 1618
1569970 1618
1569980 1613
1569990 1608
1570000 1608
1570010 1602
1570020 1596
1570030 1596
1570040 1588
1570050 1581
1570060 1581
1570070 1582
1570080 1583
1570090 1583
1570100 1586
1570110 1588
1570120 1588
1570130 1590
1570140 1590
1570150 1589
1570160 1589
1570170 1587
1570180 1584
1570190 1584
1570200 1582
1570210 1578
1570220 1578
1570230 1574
1570240 1569
1570250 1569
1570260 1564
1570270 1559
1570280 1559
1570290 1554
1570300 1551
1570310 1551
1570320 1549
1570330 1550
1570340 1550
1570350 1554
1570360 1554
1570370 1552
1570380 1552
1570390 1548
1570400 1543
1570410 1543
1570420 1537
1570430 1532
1570440 1532
1570450 1530
1570460 1534
1570470 1534
1570480 1540
1570490 1545
1570500 1545
1570510 1548
1570520 1551
1570530 1551
1570540 1552
1570550 1553
1570560 1554
1570570 1554
1570580 1555
1570590 1555
1570600 1555
1570610 1555
1570620 1555
1570630 1555
1570640 1554
1570650 1553
1570660 1553
1570670 1552
1570680 1553
1570690 1559
1570700 1560
1570710 1561
1570720 1561
1570730 1563
1570740 1564
1570750 1564
1570760 1566
1570770 1568
1570780 1570
1570790 1570
1570800 1573
1570810 1575
1570820 1575
1570830 1578
1570840 1580
1570850 1580
1570860 1584
1570870 1587
1570880 1587
1570890 1590
1570900 1594
1570910 1594
1570920 1597
1570930 1601
1570940 1601
1570950 1604
1570960 1606
1570970 1607
1570980 1607
1570990 1608
1571000 1608
1571010 1608
1571020 1609
1571030 1610
1571040 1610
1571050 1610
1571060 1611
1571070 1611
1571080 1612
1571090 1611
1571100 1611
1571110 1609
1571120 1607
1571130 1607
1571140 1606
1571150 1606
1571160 1606
1571170 1605
1571180 1605
1571190 1605
1571200 1605
1571210 1605
1571220 1604
1571230 1604
1571240 1601
1571250 1598
1571260 1598
1571270 1594
1571280 1589
1571290 1589
1571300 1583
1571310 1578
1571320 1578
1571330 1572
1571340 1567
1571350 1567
1571360 1562
1571370 1557
1571380 1552
1571390 1552
1571400 1546
1571410 1540
1571420 1540
1571430 1534
1571440 1528
1571450 1528
1571460 1523
1571470 1518
1571480 1518
1571490 1513
1571500 1508
1571510 1508
1571520 1502
1571530 1496
1571540 1496
1571550 1490
1571560 1484
1571570 1484
1571580 1477
1571590 1471
1571600 1465
1571610 1465
1571620 1461
1571630 1457
1571640 1457
1571650 1452
1571660 1446
1571670 1446
1571680 1441
1571690 1436
1571700 1436
1571710 1428
1571720 1424
1571730 1424
1571740 1425
1571750 1426
1571760 1426
1571770 1427
1571780 1427
1571790 1427
1571800 1427
1571810 1426
1571820 1423
1571830 1423
1571840 1423
1571850 1426
1571860 1426
1571870 1432
1571880 1433
1571890 1433
1571900 1434
1571910 1435
1571920 1435
1571930 1437
1571940 1438
1571950 1438
1571960 1439
1571970 1445
1571980 1445
1571990 1451
1572000 1457
1572010 1462
1572020 1462
1572030 1467
1572040 1467
1572050 1467
1572060 1468
1572070 1469
1572080 1469
1572090 1469
1572100 1471
1572110 1471
1572120 1475
1572130 1477
1572140 1477
1572150 1482
1572160 1490
1572170 1490
1572180 1497
1572190 1503
1572200 1509
1572210 1509
1572220 1514
1572230 1520
1572240 1520
1572250 1526
1572260 1531
1572270 1531
1572280 1536
1572290 1541
1572300 1541
1572310 1547
1572320 1553
1572330 1553
1572340 1557
1572350 1561
1572360 1561
1572370 1565
1572380 1570
1572390 1573
1572400 1573
1572410 1576
1572420 1580
1572430 1580
1572440 1583
1572450 1586
1572460 1586
1572470 1589
1572480 1592
1572490 1592
1572500 1595
1572510 1598
1572520 1598
1572530 1601
1572540 1603
1572550 1603
1572560 1606
1572570 1608
1572580 1608
1572590 1609
1572600 1610
1572610 1610
1572620 1610
1572630 1610
1572640 1609
1572650 1609
1572660 1606
1572670 1603
1572680 1603
1572690 1600
1572700 1596
1572710 1596
1572720 1593
1572730 1589
1572740 1589
1572750 1584
1572760 1579
1572770 1579
1572780 1575
1572790 1571
1572800 1567
1572810 1567
1572820 1562
1572830 1558
1572840 1558
1572850 1553
1572860 1550
1572870 1550
1572880 1547
1572890 1543
1572900 1543
1572910 1540
1572920 1538
1572930 1538
1572940 1536
1572950 1533
1572960 1533
1572970 1531
1572980 1528
1572990 1528
1573000 1526
1573010 1523
1573020 1519
1573030 1519
1573040 1515
1573050 1511
1573060 1511
1573070 1507
1573080 1503
1573090 1503
1573100 1499
1573110 1494
1573120 1494
1573130 1493
1573140 1490
1573150 1490
1573160 1485
1573170 1481
1573180 1481
1573190 1477
1573200 1474
1573210 1471
1573220 1471
1573230 1468
1573240 1465
1573250 1465
1573260 1462
1573270 1458
1573280 1458
1573290 1455
1573300 1452
1573310 1452
1573320 1449
1573330 1446
1573340 1446
1573350 1442
1573360 1439
1573370 1439
1573380 1436
1573390 1432
1573400 1432
1573410 1428
1573420 1425
1573430 1422
1573440 1422
1573450 1419
1573460 1416
1573470 1416
1573480 1413
1573490 1410
1573500 1410
1573510 1408
1573520 1406
1573530 1406
1573540 1404
1573550 1402
1573560 1402
1573570 1401
1573580 1400
1573590 1399
1573600 1399
1573610 1398
1573620 1397
1573630 1397
1573640 1395
1573650 1393
1573660 1393
1573670 1391
1573680 1390
1573690 1390
1573700 1388
1573710 1386
1573720 1386
1573730 1383
1573740 1380
1573750 1380
1573760 1376
1573770 1372
1573780 1372
1573790 1369
1573800 1366
1573810 1366
1573820 1362
1573830 1359
1573840 1356
1573850 1356
1573860 1354
1573870 1351
1573880 1351
1573890 1348
1573900 1345
1573910 1345
1573920 1343
1573930 1339
1573940 1339
1573950 1336
1573960 1334
1573970 1334
1573980 1332
1573990 1331
1574000 1331
1574010 1330
1574020 1329
1574030 1326
1574040 1326
1574050 1323
1574060 1321
1574070 1321
1574080 1320
1574090 1320
1574100 1320
1574110 1318
1574120 1316
1574130 1316
1574140 1313
1574150 1311
1574160 1311
1574170 1309
1574180 1307
1574190 1307
1574200 1306
1574210 1305
1574220 1305
1574230 1304
1574240 1302
1574250 1301
1574260 1301
1574270 1300
1574280 1300
1574290 1300
1574300 1299
1574310 1297
1574320 1297
1574330 1294
1574340 1291
1574350 1291
1574360 1288
1574370 1286
1574380 1286
1574390 1283
1574400 1279
1574410 1279
1574420 1276
1574430 1272
1574440 1268
1574450 1268
1574460 1265
1574470 1263
1574480 1263
1574490 1260
1574500 1258
1574510 1258
1574520 1257
1574530 1255
1574540 1255
1574550 1253
1574560 1250
1574570 1250
1574580 1247
1574590 1245
1574600 1245
1574610 1243
1574620 1242
1574630 1241
1574640 1241
1574650 1240
1574660 1239
1574670 1239
1574680 1237
1574690 1236
1574700 1236
1574710 1235
1574720 1234
1574730 1234
1574740 1234
1574750 1233
1574760 1233
1574770 1232
1574780 1230
1574790 1230
1574800 1227
1574810 1223
1574820 1223
1574830 1218
1574840 1214
1574850 1210
1574860 1210
1574870 1207
1574880 1205
1574890 1205
1574900 1203
1574910 1201
1574920 1201
1574930 1199
1574940 1196
1574950 1196
1574960 1191
1574970 1189
1574980 1189
1574990 1187
1575000 1184
1575010 1181
1575020 1178
1575030 1175
1575040 1172
1575050 1172
1575060 1169
1575070 1167
1575080 1167
1575090 1165
1575100 1162
1575110 1162
1575120 1159
1575130 1157
1575140 1157
1575150 1155
1575160 1153
1575170 1153
1575180 1151
1575190 1149
1575200 1149
1575210 1147
1575220 1144
1575230 1144
1575240 1142
1575250 1139
1575260 1137
1575270 1137
1575280 1136
1575290 1135
1575300 1135
1575310 1134
1575320 1132
1575330 1132
1575340 1130
1575350 1129
1575360 1129
1575370 1128
1575380 1127
1575390 1127
1575400 1126
1575410 1125
1575420 1125
1575430 1122
1575440 1119
1575450 1115
1575460 1115
1575470 1114
1575480 1113
1575490 1113
1575500 1113
1575510 1112
1575520 1112
1575530 1111
1575540 1111
1575550 1111
1575560 1111
1575570 1112
1575580 1112
1575590 1111
1575600 1110
1575610 1110
1575620 1109
1575630 1105
1575640 1105
1575650 1100
1575660 1094
1575670 1089
1575680 1089
1575690 1083
1575700 1079
1575710 1079
1575720 1075
1575730 1071
1575740 1071
1575750 1068
1575760 1065
1575770 1065
1575780 1063
1575790 1061
1575800 1061
1575810 1060
1575820 1059
1575830 1059
1575840 1058
1575850 1056
1575860 1055
1575870 1055
1575880 1053
1575890 1051
1575900 1051
1575910 1049
1575920 1047
1575930 1047
1575940 1046
1575950 1044
1575960 1044
1575970 1043
1575980 1041
1575990 1041
1576000 1039
1576010 1038
1576020 1038
1576030 1037
1576040 1033
1576050 1033
1576060 1027
1576070 1022
1576080 1018
1576090 1018
1576100 1018
1576110 1017
1576120 1017
1576130 1017
1576140 1019
1576150 1019
1576160 1020
1576170 1021
1576180 1021
1576190 1022
1576200 1022
1576210 1022
1576220 1022
1576230 1019
1576240 1019
1576250 1018
1576260 1020
1576270 1022
1576280 1022
1576290 1023
1576300 1023
1576310 1023
1576320 1018
1576330 1007
1576340 1007
1576350 1000
1576360 992
1576370 992
1576380 985
1576390 980
1576400 977
1576410 972
1576420 968
1576430 968
1576440 966
1576450 964
1576460 964
1576470 962
1576480 962
1576490 961
1576500 961
1576510 961
1576520 961
1576530 961
1576540 960
1576550 959
1576560 959
1576570 959
1576580 959
1576590 959
1576600 959
1576610 958
1576620 958
1576630 958
1576640 958
1576650 958
1576660 957
1576670 952
1576680 946
1576690 946
1576700 941
1576710 932
1576720 932
1576730 927
1576740 926
1576750 926
1576760 926
1576770 928
1576780 928
1576790 930
1576800 930
1576810 930
1576820 931
1576830 932
1576840 932
1576850 935
1576860 940
1576870 945
1576880 945
1576890 951
1576900 954
1576910 954
1576920 955
1576930 956
1576940 956
1576950 956
1576960 956
1576970 956
1576980 956
1576990 957
1577000 957
1577010 956
1577020 956
1577030 956
1577040 956
1577050 956
1577060 956
1577070 956
1577080 956
1577090 955
1577100 955
1577110 955
1577120 955
1577130 955
1577140 955
1577150 956
1577160 956
1577170 957
1577180 959
1577190 959
1577200 959
1577210 960
1577220 960
1577230 960
1577240 962
1577250 962
1577260 963
1577270 966
1577280 969
1577290 969
1577300 971
1577310 975
1577320 975
1577330 978
1577340 981
1577350 981
1577360 984
1577370 986
1577380 986
1577390 988
1577400 990
1577410 990
1577420 992
1577430 994
1577440 994
1577450 996
1577460 998
1577470 998
1577480 1001
1577490 1003
1577500 1005
1577510 1005
1577520 1007
1577530 1011
1577540 1011
1577550 1014
1577560 1016
1577570 1016
1577580 1018
1577590 1021
1577600 1021
1577610 1026
1577620 1030
1577630 1030
1577640 1035
1577650 1040
1577660 1040
1577670 1046
1577680 1053
1577690 1061
1577700 1061
1577710 1068
1577720 1073
1577730 1073
1577740 1075
1577750 1079
1577760 1079
1577770 1089
1577780 1095
1577790 1095
1577800 1099
1577810 1104
1577820 1104
1577830 1108
1577840 1113
1577850 1113
1577860 1117
1577870 1121
1577880 1121
1577890 1125
1577900 1129
1577910 1134
1577920 1134
1577930 1139
1577940 1142
1577950 1142
1577960 1146
1577970 1151
1577980 1151
1577990 1156
1578000 1161
1578010 1161
1578020 1164
1578030 1167
1578040 1167
1578050 1171
1578060 1176
1578070 1176
1578080 1179
1578090 1181
1578100 1185
1578110 1185
1578120 1189
1578130 1193
1578140 1193
1578150 1197
1578160 1201
1578170 1201
1578180 1205
1578190 1208
1578200 1208
1578210 1211
1578220 1214
1578230 1214
1578240 1217
1578250 1219
1578260 1219
1578270 1222
1578280 1224
1578290 1224
1578300 1227
1578310 1230
1578320 1232
1578330 1232
1578340 1235
1578350 1237
1578360 1237
1578370 1237
1578380 1237
1578390 1237
1578400 1235
1578410 1233
1578420 1233
1578430 1230
1578440 1228
1578450 1228
1578460 1225
1578470 1221
1578480 1221
1578490 1218
1578500 1214
1578510 1209
1578520 1209
1578530 1205
1578540 1200
1578550 1200
1578560 1196
1578570 1192
1578580 1192
1578590 1188
1578600 1184
1578610 1184
1578620 1179
1578630 1175
1578640 1175
1578650 1170
1578660 1165
1578670 1165
1578680 1160
1578690 1155
1578700 1155
1578710 1148
1578720 1143
1578730 1140
1578740 1140
1578750 1136
1578760 1134
1578770 1134
1578780 1133
1578790 1131
1578800 1131
1578810 1128
1578820 1124
1578830 1124
1578840 1121
1578850 1119
1578860 1119
1578870 1116
1578880 1114
1578890 1114
1578900 1112
1578910 1109
1578920 1107
1578930 1107
1578940 1104
1578950 1100
1578960 1100
1578970 1096
1578980 1091
1578990 1091
1579000 1087
1579010 1084
1579020 1084
1579030 1080
1579040 1076
1579050 1076
1579060 1072
1579070 1068
1579080 1068
1579090 1064
1579100 1060
1579110 1056
1579120 1055
1579130 1051
1579140 1048
1579150 1048
1579160 1045
1579170 1043
1579180 1043
1579190 1041
1579200 1039
1579210 1039
1579220 1036
1579230 1035
1579240 1035
1579250 1033
1579260 1032
1579270 1032
1579280 1031
1579290 1030
1579300 1030
1579310 1028
1579320 1025
1579330 1021
1579340 1021
1579350 1016
1579360 1010
1579370 1010
1579380 1006
1579390 1006
1579400 1006
1579410 1008
1579420 1009
1579430 1009
1579440 1010
1579450 1012
1579460 1012
1579470 1013
1579480 1016
1579490 1016
1579500 1020
1579510 1025
1579520 1029
1579530 1029
1579540 1033
1579550 1036
1579560 1036
1579570 1038
1579580 1041
1579590 1041
1579600 1043
1579610 1046
1579620 1046
1579630 1050
1579640 1053
1579650 1053
1579660 1057
1579670 1060
1579680 1060
1579690 1064
1579700 1068
1579710 1068
1579720 1072
1579730 1075
1579740 1080
1579750 1080
1579760 1085
1579770 1090
1579780 1090
1579790 1093
1579800 1097
1579810 1097
1579820 1101
1579830 1104
1579840 1104
1579850 1106
1579860 1109
1579870 1109
1579880 1113
1579890 1116
1579900 1116
1579910 1120
1579920 1124
1579930 1127
1579940 1127
1579950 1130
1579960 1134
1579970 1134
1579980 1138
1579990 1142
