1560000 1282
1560010 1279
1560020 1274
1560030 1274
1560040 1270
1560050 1266
1560060 1266
1560070 1261
1560080 1257
1560090 1257
1560100 1252
1560110 1247
1560120 1247
1560130 1242
1560140 1241
1560150 1242
1560160 1242
1560170 1241
1560180 1241
1560190 1241
1560200 1240
1560210 1239
1560220 1239
1560230 1241
1560240 1243
1560250 1243
1560260 1246
1560270 1247
1560280 1247
1560290 1248
1560300 1251
1560310 1251
1560320 1255
1560330 1260
1560340 1260
1560350 1264
1560360 1269
1560370 1274
1560380 1274
1560390 1279
1560400 1283
1560410 1283
1560420 1287
1560430 1291
1560440 1291
1560450 1296
1560460 1300
1560470 1300
1560480 1303
1560490 1307
1560500 1307
1560510 1311
1560520 1314
1560530 1314
1560540 1318
1560550 1321
1560560 1324
1560570 1324
1560580 1326
1560590 1328
1560600 1328
1560610 1330
1560620 1332
1560630 1332
1560640 1334
1560650 1336
1560660 1336
1560670 1337
1560680 1339
1560690 1339
1560700 1341
1560710 1342
1560720 1342
1560730 1342
1560740 1342
1560750 1342
1560760 1346
1560770 1352
1560780 1356
1560790 1356
1560800 1359
1560810 1360
1560820 1360
1560830 1361
1560840 1363
1560850 1363
1560860 1363
1560870 1365
1560880 1365
1560890 1367
1560900 1369
1560910 1369
1560920 1374
1560930 1380
1560940 1380
1560950 1384
1560960 1387
1560970 1392
1560980 1392
1560990 1397
1561000 1401
1561010 1401
1561020 1406
1561030 1410
1561040 1410
1561050 1414
1561060 1419
1561070 1419
1561080 1423
1561090 1427
1561100 1427
1561110 1429
1561120 1433
1561130 1433
1561140 1437
1561150 1439
1561160 1439
1561170 1442
1561180 1446
1561190 1450
1561200 1450
1561210 1456
1561220 1460
1561230 1460
1561240 1464
1561250 1467
1561260 1467
1561270 1470
1561280 1474
1561290 1474
1561300 1479
1561310 1483
1561320 1483
1561330 1487
1561340 1491
1561350 1491
1561360 1495
1561370 1499
1561380 1504
1561390 1504
1561400 1509
1561410 1516
1561420 1516
1561430 1521
1561440 1527
1561450 1527
1561460 1532
1561470 1537
1561480 1537
1561490 1541
1561500 1548
1561510 1548
1561520 1553
1561530 1556
1561540 1556
1561550 1559
1561560 1564
1561570 1564
1561580 1568
1561590 1571
1561600 1576
1561610 1576
1561620 1581
1561630 1586
1561640 1586
1561650 1592
1561660 1599
1561670 1599
1561680 1606
1561690 1611
1561700 1611
1561710 1616
1561720 1619
1561730 1619
1561740 1623
1561750 1626
1561760 1626
1561770 1629
1561780 1630
1561790 1631
1561800 1631
1561810 1633
1561820 1635
1561830 1635
1561840 1638
1561850 1642
1561860 1642
1561870 1645
1561880 1647
1561890 1647
1561900 1650
1561910 1652
1561920 1652
1561930 1654
1561940 1656
1561950 1656
1561960 1656
1561970 1657
1561980 1658
1561990 1658
1562000 1661
1562010 1663
1562020 1663
1562030 1665
1562040 1666
1562050 1666
1562060 1668
1562070 1671
1562080 1671
1562090 1673
1562100 1675
1562110 1675
1562120 1677
1562130 1680
1562140 1680
1562150 1682
1562160 1683
1562170 1683
1562180 1684
1562190 1684
1562200 1684
1562210 1684
1562220 1684
1562230 1683
1562240 1683
1562250 1681
1562260 1679
1562270 1679
1562280 1676
1562290 1674
1562300 1674
1562310 1670
1562320 1666
1562330 1666
1562340 1663
1562350 1660
1562360 1660
1562370 1657
1562380 1653
1562390 1650
1562400 1650
1562410 1646
1562420 1644
1562430 1644
1562440 1640
1562450 1637
1562460 1637
1562470 1637
1562480 1636
1562490 1636
1562500 1635
1562510 1635
1562520 1635
1562530 1635
1562540 1634
1562550 1634
1562560 1634
1562570 1633
1562580 1633
1562590 1633
1562600 1632
1562610 1632
1562620 1632
1562630 1631
1562640 1630
1562650 1630
1562660 1628
1562670 1627
1562680 1627
1562690 1625
1562700 1623
1562710 1623
1562720 1621
1562730 1619
1562740 1619
1562750 1617
1562760 1616
1562770 1616
1562780 1614
1562790 1613
1562800 1612
1562810 1612
1562820 1611
1562830 1610
1562840 1610
1562850 1608
1562860 1607
1562870 1607
1562880 1606
1562890 1604
1562900 1604
1562910 1604
1562920 1602
1562930 1602
1562940 1601
1562950 1599
1562960 1599
1562970 1596
1562980 1595
1562990 1595
1563000 1595
1563010 1594
1563020 1592
1563030 1592
1563040 1591
1563050 1590
1563060 1590
1563070 1589
1563080 1590
1563090 1590
1563100 1590
1563110 1588
1563120 1588
1563130 1584
1563140 1583
1563150 1583
1563160 1584
1563170 1584
1563180 1584
1563190 1584
1563200 1583
1563210 1582
1563220 1582
1563230 1580
1563240 1579
1563250 1579
1563260 1578
1563270 1580
1563280 1580
1563290 1583
1563300 1584
1563310 1584
1563320 1586
1563330 1588
1563340 1588
1563350 1590
1563360 1591
1563370 1591
1563380 1592
1563390 1594
1563400 1594
1563410 1596
1563420 1598
1563430 1601
1563440 1601
1563450 1603
1563460 1606
1563470 1606
1563480 1609
1563490 1612
1563500 1612
1563510 1615
1563520 1618
1563530 1618
1563540 1622
1563550 1626
1563560 1626
1563570 1630
1563580 1634
1563590 1634
1563600 1638
1563610 1640
1563620 1645
1563630 1645
1563640 1649
1563650 1654
1563660 1654
1563670 1658
1563680 1663
1563690 1663
1563700 1666
1563710 1669
1563720 1669
1563730 1673
1563740 1675
1563750 1675
1563760 1677
1563770 1679
1563780 1679
1563790 1681
1563800 1683
1563810 1683
1563820 1686
1563830 1688
1563840 1689
1563850 1689
1563860 1689
1563870 1691
1563880 1691
1563890 1692
1563900 1693
1563910 1693
1563920 1694
1563930 1696
1563940 1696
1563950 1697
1563960 1697
1563970 1697
1563980 1698
1563990 1698
1564000 1698
1564010 1697
1564020 1697
1564030 1696
1564040 1696
1564050 1696
1564060 1695
1564070 1695
1564080 1696
1564090 1696
1564100 1696
1564110 1696
1564120 1697
1564130 1697
1564140 1697
1564150 1695
1564160 1695
1564170 1695
1564180 1697
1564190 1697
1564200 1697
1564210 1696
1564220 1695
1564230 1695
1564240 1700
1564250 1707
1564260 1707
1564270 1712
1564280 1715
1564290 1715
1564300 1718
1564310 1720
1564320 1720
1564330 1724
1564340 1728
1564350 1728
1564360 1731
1564370 1734
1564380 1734
1564390 1737
1564400 1739
1564410 1739
1564420 1741
1564430 1744
1564440 1747
1564450 1747
1564460 1749
1564470 1752
1564480 1752
1564490 1755
1564500 1757
1564510 1757
1564520 1759
1564530 1762
1564540 1762
1564550 1764
1564560 1765
1564570 1765
1564580 1766
1564590 1766
1564600 1766
1564610 1767
1564620 1767
1564630 1767
1564640 1767
1564650 1767
1564660 1767
1564670 1767
1564680 1768
1564690 1768
1564700 1768
1564710 1769
1564720 1770
1564730 1767
1564740 1768
1564750 1770
1564760 1770
1564770 1771
1564780 1772
1564790 1772
1564800 1772
1564810 1773
1564820 1773
1564830 1774
1564840 1776
1564850 1777
1564860 1777
1564870 1778
1564880 1779
1564890 1779
1564900 1780
1564910 1781
1564920 1781
1564930 1782
1564940 1783
1564950 1783
1564960 1785
1564970 1786
1564980 1786
1564990 1787
1565000 1789
1565010 1789
1565020 1791
1565030 1793
1565040 1794
1565050 1794
1565060 1797
1565070 1798
1565080 1798
1565090 1800
1565100 1801
1565110 1801
1565120 1803
1565130 1804
1565140 1804
1565150 1806
1565160 1808
1565170 1808
1565180 1809
1565190 1811
1565200 1811
1565210 1812
1565220 1813
1565230 1813
1565240 1815
1565250 1816
1565260 1817
1565270 1817
1565280 1818
1565290 1820
1565300 1820
1565310 1821
1565320 1822
1565330 1822
1565340 1822
1565350 1823
1565360 1823
1565370 1823
1565380 1824
1565390 1824
1565400 1826
1565410 1827
1565420 1827
1565430 1828
1565440 1830
1565450 1833
1565460 1833
1565470 1835
1565480 1837
1565490 1837
1565500 1839
1565510 1840
1565520 1840
1565530 1841
1565540 1843
1565550 1843
1565560 1845
1565570 1846
1565580 1846
1565590 1847
1565600 1849
1565610 1849
1565620 1850
1565630 1852
1565640 1852
1565650 1853
1565660 1854
1565670 1855
1565680 1855
1565690 1856
1565700 1857
1565710 1857
1565720 1859
1565730 1860
1565740 1860
1565750 1861
1565760 1862
1565770 1862
1565780 1863
1565790 1864
1565800 1864
1565810 1865
1565820 1866
1565830 1866
1565840 1867
1565850 1868
1565860 1869
1565870 1869
1565880 1870
1565890 1872
1565900 1872
1565910 1873
1565920 1875
1565930 1875
1565940 1876
1565950 1877
1565960 1877
1565970 1879
1565980 1880
1565990 1880
1566000 1882
1566010 1883
1566020 1883
1566030 1885
1566040 1887
1566050 1889
1566060 1889
1566070 1892
1566080 1894
1566090 1894
1566100 1895
1566110 1896
1566120 1896
1566130 1898
1566140 1900
1566150 1900
1566160 1903
1566170 1907
1566180 1907
1566190 1910
1566200 1914
1566210 1914
1566220 1917
1566230 1920
1566240 1920
1566250 1922
1566260 1925
1566270 1928
1566280 1928
1566290 1931
1566300 1934
1566310 1934
1566320 1937
1566330 1939
1566340 1939
1566350 1941
1566360 1944
1566370 1944
1566380 1946
1566390 1949
1566400 1949
1566410 1951
1566420 1953
1566430 1953
1566440 1955
1566450 1956
1566460 1958
1566470 1958
1566480 1959
1566490 1959
1566500 1959
1566510 1960
1566520 1960
1566530 1960
1566540 1961
1566550 1962
1566560 1962
1566570 1962
1566580 1963
1566590 1963
1566600 1964
1566610 1964
1566620 1964
1566630 1964
1566640 1964
1566650 1964
1566660 1964
1566670 1964
1566680 1964
1566690 1964
1566700 1964
1566710 1964
1566720 1964
1566730 1964
1566740 1964
1566750 1964
1566760 1963
1566770 1963
1566780 1963
1566790 1963
1566800 1963
1566810 1963
1566820 1962
1566830 1962
1566840 1962
1566850 1960
1566860 1957
1566870 1953
1566880 1953
1566890 1949
1566900 1945
1566910 1945
1566920 1942
1566930 1939
1566940 1939
1566950 1935
1566960 1932
1566970 1932
1566980 1928
1566990 1924
1567000 1924
1567010 1921
1567020 1918
1567030 1918
1567040 1914
1567050 1910
1567060 1910
1567070 1906
1567080 1901
1567090 1896
1567100 1896
1567110 1892
1567120 1887
1567130 1887
1567140 1883
1567150 1879
1567160 1879
1567170 1877
1567180 1874
1567190 1874
1567200 1871
1567210 1869
1567220 1869
1567230 1865
1567240 1862
1567250 1862
1567260 1860
1567270 1860
1567280 1860
1567290 1860
1567300 1859
1567310 1859
1567320 1859
1567330 1860
1567340 1861
1567350 1861
1567360 1863
1567370 1866
1567380 1866
1567390 1869
1567400 1873
1567410 1873
1567420 1877
1567430 1882
1567440 1882
1567450 1887
1567460 1892
1567470 1892
1567480 1898
1567490 1904
1567500 1910
1567510 1910
1567520 1915
1567530 1919
1567540 1919
1567550 1923
1567560 1926
1567570 1926
1567580 1930
1567590 1934
1567600 1934
1567610 1938
1567620 1942
1567630 1942
1567640 1946
1567650 1949
1567660 1949
1567670 1953
1567680 1956
1567690 1960
1567700 1960
1567710 1964
1567720 1967
1567730 1967
1567740 1971
1567750 1975
1567760 1975
1567770 1978
1567780 1981
1567790 1981
1567800 1984
1567810 1987
1567820 1987
1567830 1991
1567840 1994
1567850 1994
1567860 1997
1567870 1999
1567880 1999
1567890 2001
1567900 2004
1567910 2006
1567920 2006
1567930 2008
1567940 2009
1567950 2009
1567960 2011
1567970 2012
1567980 2012
1567990 2014
1568000 2015
1568010 2015
1568020 2016
1568030 2016
1568040 2016
1568050 2017
1568060 2017
1568070 2017
1568080 2017
1568090 2018
1568100 2017
1568110 2017
1568120 2010
1568130 2003
1568140 2003
1568150 1998
1568160 1992
1568170 1992
1568180 1987
1568190 1982
1568200 1982
1568210 1977
1568220 1971
1568230 1971
1568240 1965
1568250 1959
1568260 1959
1568270 1952
1568280 1945
1568290 1938
1568300 1938
1568310 1932
1568320 1926
1568330 1926
1568340 1920
1568350 1914
1568360 1914
1568370 1909
1568380 1904
1568390 1904
1568400 1900
1568410 1895
1568420 1895
1568430 1891
1568440 1887
1568450 1887
1568460 1882
1568470 1878
1568480 1878
1568490 1874
1568500 1870
1568510 1865
1568520 1865
1568530 1861
1568540 1857
1568550 1857
1568560 1853
1568570 1849
1568580 1849
1568590 1845
1568600 1841
1568610 1841
1568620 1836
1568630 1831
1568640 1831
1568650 1826
1568660 1822
1568670 1822
1568680 1816
1568690 1810
1568700 1804
1568710 1804
1568720 1798
1568730 1792
1568740 1792
1568750 1787
1568760 1782
1568770 1782
1568780 1778
1568790 1775
1568800 1775
1568810 1772
1568820 1768
1568830 1768
1568840 1764
1568850 1759
1568860 1759
1568870 1754
1568880 1749
1568890 1749
1568900 1745
1568910 1743
1568920 1740
1568930 1740
1568940 1739
1568950 1738
1568960 1738
1568970 1736
1568980 1735
1568990 1735
1569000 1734
1569010 1732
1569020 1732
1569030 1730
1569040 1727
1569050 1727
1569060 1727
1569070 1726
1569080 1726
1569090 1726
1569100 1726
1569110 1727
1569120 1727
1569130 1725
1569140 1723
1569150 1723
1569160 1722
1569170 1719
1569180 1719
1569190 1716
1569200 1712
1569210 1712
1569220 1709
1569230 1705
1569240 1705
1569250 1702
1569260 1699
1569270 1699
1569280 1697
1569290 1694
1569300 1694
1569310 1691
1569320 1688
1569330 1685
1569340 1690
1569350 1686
1569360 1683
1569370 1683
1569380 1680
1569390 1677
1569400 1677
1569410 1673
1569420 1670
1569430 1670
1569440 1668
1569450 1666
1569460 1666
1569470 1664
1569480 1662
1569490 1662
1569500 1658
1569510 1654
1569520 1650
1569530 1650
1569540 1644
1569550 1640
1569560 1640
1569570 1642
1569580 1641
1569590 1641
1569600 1639
1569610 1635
1569620 1635
1569630 1630
1569640 1630
1569650 1630
1569660 1630
1569670 1630
1569680 1630
1569690 1631
1569700 1634
1569710 1634
1569720 1636
1569730 1638
1569740 1641
1569750 1641
1569760 1646
1569770 1648
1569780 1648
1569790 1645
1569800 1643
1569810 1643
1569820 1642
1569830 1641
1569840 1641
1569850 1639
1569860 1637
1569870 1637
1569880 1633
1569890 1628
1569900 1628
1569910 1623
1569920 1618
1569930 1612
1569940 1612
1569950 1606
1569960 1600
1569970 1600
1569980 1596
1569990 1591
1570000 1591
1570010 1586
1570020 1580
1570030 1580
1570040 1573
1570050 1566
1570060 1566
1570070 1557
1570080 1554
1570090 1554
1570100 1563
1570110 1566
1570120 1566
1570130 1563
1570140 1566
1570150 1567
1570160 1567
1570170 1564
1570180 1561
1570190 1561
1570200 1559
1570210 1558
1570220 1558
1570230 1556
1570240 1552
1570250 1552
1570260 1547
1570270 1540
1570280 1540
1570290 1535
1570300 1531
1570310 1531
1570320 1528
1570330 1526
1570340 1527
1570350 1527
1570360 1529
1570370 1529
1570380 1529
1570390 1527
1570400 1519
1570410 1519
1570420 1511
1570430 1504
1570440 1504
1570450 1505
1570460 1514
1570470 1514
1570480 1520
1570490 1522
1570500 1522
1570510 1526
1570520 1529
1570530 1532
1570540 1532
1570550 1534
1570560 1534
1570570 1534
1570580 1533
1570590 1532
1570600 1532
1570610 1530
1570620 1529
1570630 1529
1570640 1528
1570650 1528
1570660 1528
1570670 1530
1570680 1532
1570690 1532
1570700 1533
1570710 1535
1570720 1535
1570730 1537
1570740 1539
1570750 1540
1570760 1540
1570770 1542
1570780 1544
1570790 1544
1570800 1546
1570810 1548
1570820 1553
1570830 1555
1570840 1557
1570850 1557
1570860 1560
1570870 1564
1570880 1564
1570890 1567
1570900 1569
1570910 1569
1570920 1572
1570930 1575
1570940 1578
1570950 1578
1570960 1579
1570970 1579
1570980 1579
1570990 1579
1571000 1579
1571010 1579
1571020 1579
1571030 1579
1571040 1579
1571050 1579
1571060 1579
1571070 1579
1571080 1578
1571090 1579
1571100 1579
1571110 1577
1571120 1576
1571130 1576
1571140 1577
1571150 1579
1571160 1580
1571170 1580
1571180 1581
1571190 1582
1571200 1582
1571210 1583
1571220 1584
1571230 1584
1571240 1582
1571250 1579
1571260 1579
1571270 1575
1571280 1570
1571290 1570
1571300 1565
1571310 1560
1571320 1560
1571330 1555
1571340 1550
1571350 1545
1571360 1545
1571370 1540
1571380 1534
1571390 1534
1571400 1529
1571410 1524
1571420 1524
1571430 1518
1571440 1512
1571450 1512
1571460 1509
1571470 1505
1571480 1505
1571490 1501
1571500 1496
1571510 1496
1571520 1491
1571530 1486
1571540 1486
1571550 1480
1571560 1473
1571570 1467
1571580 1467
1571590 1459
1571600 1452
1571610 1452
1571620 1445
1571630 1439
1571640 1439
1571650 1434
1571660 1429
1571670 1429
1571680 1424
1571690 1420
1571700 1420
1571710 1416
1571720 1412
1571730 1412
1571740 1408
1571750 1406
1571760 1406
1571770 1406
1571780 1409
1571790 1410
1571800 1410
1571810 1408
1571820 1406
1571830 1406
1571840 1403
1571850 1401
1571860 1401
1571870 1402
1571880 1406
1571890 1406
1571900 1409
1571910 1410
1571920 1410
1571930 1410
1571940 1414
1571950 1414
1571960 1419
1571970 1426
1571980 1431
1571990 1431
1572000 1438
1572010 1442
1572020 1442
1572030 1438
1572040 1435
1572050 1435
1572060 1439
1572070 1445
1572080 1445
1572090 1449
1572100 1455
1572110 1455
1572120 1461
1572130 1467
1572140 1467
1572150 1474
1572160 1480
1572170 1485
1572180 1485
1572190 1489
1572200 1492
1572210 1492
1572220 1496
1572230 1499
1572240 1499
1572250 1503
1572260 1508
1572270 1508
1572280 1518
1572290 1523
1572300 1523
1572310 1528
1572320 1533
1572330 1533
1572340 1538
1572350 1543
1572360 1543
1572370 1547
1572380 1552
1572390 1557
1572400 1557
1572410 1561
1572420 1566
1572430 1566
1572440 1570
1572450 1570
1572460 1570
1572470 1574
1572480 1578
1572490 1578
1572500 1582
1572510 1585
1572520 1585
1572530 1587
1572540 1590
1572550 1590
1572560 1593
1572570 1595
1572580 1597
1572590 1597
1572600 1599
1572610 1601
1572620 1601
1572630 1603
1572640 1604
1572650 1604
1572660 1604
1572670 1604
1572680 1604
1572690 1603
1572700 1601
1572710 1601
1572720 1598
1572730 1594
1572740 1594
1572750 1590
1572760 1585
1572770 1581
1572780 1581
1572790 1577
1572800 1573
1572810 1573
1572820 1569
1572830 1565
1572840 1565
1572850 1560
1572860 1555
1572870 1555
1572880 1551
1572890 1548
1572900 1548
1572910 1546
1572920 1543
1572930 1543
1572940 1541
1572950 1539
1572960 1539
1572970 1536
1572980 1533
1572990 1531
1573000 1531
1573010 1528
1573020 1525
1573030 1525
1573040 1522
1573050 1517
1573060 1517
1573070 1514
1573080 1511
1573090 1511
1573100 1507
1573110 1502
1573120 1502
1573130 1498
1573140 1497
1573150 1497
1573160 1494
1573170 1490
1573180 1487
1573190 1487
1573200 1485
1573210 1482
1573220 1482
1573230 1479
1573240 1475
1573250 1475
1573260 1472
1573270 1470
1573280 1470
1573290 1467
1573300 1464
1573310 1464
1573320 1460
1573330 1456
1573340 1456
1573350 1453
1573360 1449
1573370 1449
1573380 1445
1573390 1441
1573400 1436
1573410 1436
1573420 1432
1573430 1428
1573440 1428
1573450 1424
1573460 1421
1573470 1421
1573480 1418
1573490 1415
1573500 1415
1573510 1413
1573520 1410
1573530 1410
1573540 1407
1573550 1405
1573560 1405
1573570 1404
1573580 1403
1573590 1402
1573600 1402
1573610 1401
1573620 1400
1573630 1400
1573640 1399
1573650 1398
1573660 1398
1573670 1397
1573680 1395
1573690 1395
1573700 1393
1573710 1390
1573720 1390
1573730 1388
1573740 1386
1573750 1386
1573760 1383
1573770 1380
1573780 1380
1573790 1377
1573800 1375
1573810 1372
1573820 1372
1573830 1369
1573840 1365
1573850 1365
1573860 1362
1573870 1360
1573880 1360
1573890 1356
1573900 1353
1573910 1353
1573920 1349
1573930 1346
1573940 1346
1573950 1343
1573960 1341
1573970 1341
1573980 1339
1573990 1338
1574000 1337
1574010 1337
1574020 1335
1574030 1333
1574040 1333
1574050 1331
1574060 1330
1574070 1330
1574080 1328
1574090 1326
1574100 1326
1574110 1325
1574120 1325
1574130 1325
1574140 1323
1574150 1320
1574160 1320
1574170 1318
1574180 1316
1574190 1316
1574200 1314
1574210 1312
1574220 1310
1574230 1310
1574240 1309
1574250 1309
1574260 1309
1574270 1308
1574280 1308
1574290 1308
1574300 1306
1574310 1304
1574320 1304
1574330 1301
1574340 1299
1574350 1299
1574360 1295
1574370 1292
1574380 1292
1574390 1288
1574400 1284
1574410 1279
1574420 1279
1574430 1276
1574440 1273
1574450 1273
1574460 1270
1574470 1268
1574480 1268
1574490 1266
1574500 1265
1574510 1265
1574520 1263
1574530 1261
1574540 1261
1574550 1259
1574560 1257
1574570 1257
1574580 1255
1574590 1254
1574600 1254
1574610 1252
1574620 1251
1574630 1249
1574640 1249
1574650 1248
1574660 1245
1574670 1245
1574680 1245
1574690 1243
1574700 1243
1574710 1241
1574720 1240
1574730 1240
1574740 1239
1574750 1238
1574760 1238
1574770 1237
1574780 1235
1574790 1235
1574800 1232
1574810 1227
1574820 1223
1574830 1223
1574840 1221
1574850 1220
1574860 1220
1574870 1218
1574880 1216
1574890 1216
1574900 1215
1574910 1214
1574920 1214
1574930 1212
1574940 1210
1574950 1210
1574960 1208
1574970 1206
1574980 1206
1574990 1203
1575000 1199
1575010 1196
1575020 1196
1575030 1192
1575040 1190
1575050 1190
1575060 1188
1575070 1185
1575080 1185
1575090 1183
1575100 1180
1575110 1180
1575120 1178
1575130 1172
1575140 1172
1575150 1170
1575160 1167
1575170 1167
1575180 1165
1575190 1164
1575200 1164
1575210 1161
1575220 1158
1575230 1156
1575240 1156
1575250 1154
1575260 1152
1575270 1152
1575280 1151
1575290 1149
1575300 1149
1575310 1147
1575320 1144
1575330 1144
1575340 1143
1575350 1142
1575360 1142
1575370 1141
1575380 1139
1575390 1139
1575400 1138
1575410 1136
1575420 1135
1575430 1135
1575440 1134
1575450 1133
1575460 1133
1575470 1132
1575480 1130
1575490 1130
1575500 1128
1575510 1127
1575520 1127
1575530 1127
1575540 1127
1575550 1127
1575560 1126
1575570 1125
1575580 1125
1575590 1125
1575600 1124
1575610 1124
1575620 1122
1575630 1121
1575640 1119
1575650 1119
1575660 1115
1575670 1109
1575680 1109
1575690 1103
1575700 1098
1575710 1098
1575720 1094
1575730 1089
1575740 1089
1575750 1085
1575760 1082
1575770 1082
1575780 1079
1575790 1076
1575800 1076
1575810 1073
1575820 1072
1575830 1072
1575840 1072
1575850 1071
1575860 1070
1575870 1070
1575880 1069
1575890 1067
1575900 1067
1575910 1065
1575920 1061
1575930 1061
1575940 1057
1575950 1054
1575960 1054
1575970 1051
1575980 1049
1575990 1049
1576000 1047
1576010 1046
1576020 1046
1576030 1043
1576040 1036
1576050 1031
1576060 1031
1576070 1029
1576080 1028
1576090 1028
1576100 1028
1576110 1028
1576120 1028
1576130 1030
1576140 1034
1576150 1034
1576160 1036
1576170 1036
1576180 1036
1576190 1036
1576200 1035
1576210 1035
1576220 1034
1576230 1032
1576240 1031
1576250 1031
1576260 1029
1576270 1028
1576280 1028
1576290 1025
1576300 1022
1576310 1022
1576320 1019
1576330 1015
1576340 1015
1576350 1013
1576360 1011
1576370 1011
1576380 1009
1576390 1007
1576400 1007
1576410 1002
1576420 997
1576430 997
1576440 990
1576450 984
1576460 979
1576470 979
1576480 973
1576490 970
1576500 970
1576510 969
1576520 967
1576530 967
1576540 965
1576550 962
1576560 962
1576570 960
1576580 959
1576590 959
1576600 958
1576610 957
1576620 957
1576630 957
1576640 956
1576650 955
1576660 955
1576670 953
1576680 945
1576690 945
1576700 940
1576710 935
1576720 935
1576730 928
1576740 925
1576750 925
1576760 924
1576770 925
1576780 925
1576790 925
1576800 925
1576810 925
1576820 926
1576830 926
1576840 926
1576850 927
1576860 929
1576870 935
1576880 935
1576890 942
1576900 948
1576910 948
1576920 951
1576930 952
1576940 952
1576950 952
1576960 953
1576970 953
1576980 953
1576990 953
1577000 953
1577010 953
1577020 952
1577030 952
1577040 952
1577050 952
1577060 952
1577070 952
1577080 952
1577090 951
1577100 951
1577110 951
1577120 951
1577130 951
1577140 952
1577150 952
1577160 952
1577170 953
1577180 953
1577190 953
1577200 953
1577210 953
1577220 953
1577230 953
1577240 953
1577250 954
1577260 954
1577270 955
1577280 956
1577290 956
1577300 958
1577310 960
1577320 960
1577330 963
1577340 966
1577350 966
1577360 969
1577370 972
1577380 972
1577390 975
1577400 977
1577410 977
1577420 979
1577430 980
1577440 980
1577450 982
1577460 984
1577470 988
1577480 988
1577490 993
1577500 997
1577510 997
1577520 1000
1577530 1001
1577540 1001
1577550 1002
1577560 1004
1577570 1004
1577580 1006
1577590 1009
1577600 1009
1577610 1013
1577620 1018
1577630 1018
1577640 1021
1577650 1025
1577660 1030
1577670 1030
1577680 1035
1577690 1040
1577700 1040
1577710 1044
1577720 1051
1577730 1051
1577740 1056
1577750 1061
1577760 1061
1577770 1067
1577780 1076
1577790 1076
1577800 1087
1577810 1092
1577820 1092
1577830 1095
1577840 1098
1577850 1098
1577860 1101
1577870 1105
1577880 1108
1577890 1112
1577900 1116
1577910 1121
1577920 1121
1577930 1126
1577940 1130
1577950 1130
1577960 1135
1577970 1138
1577980 1138
1577990 1141
1578000 1145
1578010 1145
1578020 1149
1578030 1154
1578040 1154
1578050 1157
1578060 1162
1578070 1166
1578080 1166
1578090 1170
1578100 1173
1578110 1173
1578120 1175
1578130 1176
1578140 1176
1578150 1177
1578160 1179
1578170 1179
1578180 1182
1578190 1186
1578200 1186
1578210 1190
1578220 1194
1578230 1194
1578240 1199
1578250 1203
1578260 1203
1578270 1207
1578280 1210
1578290 1213
1578300 1213
1578310 1216
1578320 1219
1578330 1219
1578340 1223
1578350 1226
1578360 1226
1578370 1229
1578380 1232
1578390 1232
1578400 1233
1578410 1234
1578420 1234
1578430 1233
1578440 1230
1578450 1230
1578460 1227
1578470 1224
1578480 1221
1578490 1221
1578500 1217
1578510 1214
1578520 1214
1578530 1210
1578540 1206
1578550 1206
1578560 1201
1578570 1197
1578580 1197
1578590 1193
1578600 1189
1578610 1189
1578620 1184
1578630 1179
1578640 1179
1578650 1175
1578660 1170
1578670 1170
1578680 1166
1578690 1161
1578700 1157
1578710 1157
1578720 1152
1578730 1149
1578740 1149
1578750 1145
1578760 1142
1578770 1142
1578780 1139
1578790 1136
1578800 1136
1578810 1133
1578820 1130
1578830 1130
1578840 1128
1578850 1125
1578860 1125
1578870 1123
1578880 1120
1578890 1117
1578900 1117
1578910 1116
1578920 1113
1578930 1113
1578940 1109
1578950 1106
1578960 1106
1578970 1101
1578980 1097
1578990 1097
1579000 1093
1579010 1089
1579020 1089
1579030 1086
1579040 1083
1579050 1083
1579060 1079
1579070 1075
1579080 1075
1579090 1070
1579100 1065
1579110 1061
1579120 1061
1579130 1058
1579140 1054
1579150 1054
1579160 1050
1579170 1046
1579180 1046
1579190 1043
1579200 1041
1579210 1041
1579220 1038
1579230 1035
1579240 1035
1579250 1034
1579260 1032
1579270 1032
1579280 1031
1579290 1029
1579300 1028
1579310 1028
1579320 1027
1579330 1024
1579340 1024
1579350 1020
1579360 1016
1579370 1016
1579380 1011
1579390 1006
1579400 1006
1579410 1002
1579420 1004
1579430 1004
1579440 1004
1579450 1005
1579460 1005
1579470 1007
1579480 1010
1579490 1015
1579500 1015
1579510 1026
1579520 1035
1579530 1035
1579540 1036
1579550 1037
1579560 1037
1579570 1038
1579580 1040
1579590 1040
1579600 1042
1579610 1045
1579620 1045
1579630 1048
1579640 1051
1579650 1051
1579660 1055
1579670 1059
1579680 1059
1579690 1063
1579700 1066
1579710 1069
1579720 1069
1579730 1072
1579740 1075
1579750 1075
1579760 1078
1579770 1084
1579780 1084
1579790 1087
1579800 1091
1579810 1091
1579820 1095
1579830 1098
1579840 1098
1579850 1100
1579860 1103
1579870 1103
1579880 1106
1579890 1109
1579900 1112
1579910 1112
1579920 1115
1579930 1118
1579940 1118
1579950 1122
1579960 1125
1579970 1125
1579980 1129
1579990 1132
