1560000 1224
1560010 1224
1560020 1224
1560030 1224
1560040 1224
1560050 1225
1560060 1225
1560070 1225
1560080 1225
1560090 1225
1560100 1230
1560110 1230
1560120 1232
1560130 1240
1560140 1240
1560150 1247
1560160 1252
1560170 1252
1560180 1257
1560190 1260
1560200 1260
1560210 1262
1560220 1266
1560230 1266
1560240 1270
1560250 1275
1560260 1275
1560270 1279
1560280 1282
1560290 1285
1560300 1285
1560310 1287
1560320 1288
1560330 1288
1560340 1288
1560350 1288
1560360 1288
1560370 1289
1560380 1291
1560390 1291
1560400 1293
1560410 1296
1560420 1296
1560430 1298
1560440 1299
1560450 1299
1560460 1301
1560470 1302
1560480 1302
1560490 1304
1560500 1306
1560510 1307
1560520 1307
1560530 1307
1560540 1308
1560550 1308
1560560 1310
1560570 1313
1560580 1313
1560590 1317
1560600 1320
1560610 1320
1560620 1323
1560630 1326
1560640 1326
1560650 1328
1560660 1330
1560670 1330
1560680 1333
1560690 1336
1560700 1340
1560710 1340
1560720 1344
1560730 1348
1560740 1348
1560750 1352
1560760 1354
1560770 1354
1560780 1355
1560790 1357
1560800 1357
1560810 1357
1560820 1358
1560830 1358
1560840 1359
1560850 1361
1560860 1361
1560870 1363
1560880 1365
1560890 1365
1560900 1367
1560910 1367
1560920 1368
1560930 1368
1560940 1369
1560950 1370
1560960 1370
1560970 1368
1560980 1370
1560990 1370
1561000 1372
1561010 1374
1561020 1374
1561030 1376
1561040 1377
1561050 1377
1561060 1380
1561070 1383
1561080 1383
1561090 1385
1561100 1387
1561110 1390
1561120 1390
1561130 1392
1561140 1394
1561150 1394
1561160 1397
1561170 1400
1561180 1400
1561190 1402
1561200 1404
1561210 1404
1561220 1406
1561230 1408
1561240 1408
1561250 1411
1561260 1413
1561270 1413
1561280 1416
1561290 1417
1561300 1417
1561310 1420
1561320 1422
1561330 1425
1561340 1425
1561350 1427
1561360 1430
1561370 1430
1561380 1432
1561390 1434
1561400 1434
1561410 1438
1561420 1440
1561430 1440
1561440 1442
1561450 1445
1561460 1445
1561470 1447
1561480 1451
1561490 1451
1561500 1454
1561510 1457
1561520 1458
1561530 1458
1561540 1461
1561550 1463
1561560 1463
1561570 1466
1561580 1470
1561590 1470
1561600 1475
1561610 1480
1561620 1480
1561630 1483
1561640 1486
1561650 1486
1561660 1488
1561670 1490
1561680 1490
1561690 1491
1561700 1492
1561710 1492
1561720 1494
1561730 1495
1561740 1496
1561750 1496
1561760 1498
1561770 1500
1561780 1500
1561790 1501
1561800 1503
1561810 1503
1561820 1505
1561830 1507
1561840 1507
1561850 1509
1561860 1511
1561870 1511
1561880 1512
1561890 1514
1561900 1514
1561910 1517
1561920 1519
1561930 1520
1561940 1520
1561950 1520
1561960 1518
1561970 1518
1561980 1516
1561990 1514
1562000 1514
1562010 1513
1562020 1513
1562030 1513
1562040 1514
1562050 1515
1562060 1515
1562070 1515
1562080 1514
1562090 1514
1562100 1513
1562110 1511
1562120 1511
1562130 1509
1562140 1508
1562150 1506
1562160 1506
1562170 1504
1562180 1504
1562190 1504
1562200 1504
1562210 1504
1562220 1504
1562230 1504
1562240 1503
1562250 1503
1562260 1502
1562270 1501
1562280 1501
1562290 1499
1562300 1497
1562310 1497
1562320 1495
1562330 1492
1562340 1491
1562350 1491
1562360 1490
1562370 1489
1562380 1489
1562390 1487
1562400 1485
1562410 1485
1562420 1482
1562430 1480
1562440 1480
1562450 1478
1562460 1475
1562470 1475
1562480 1474
1562490 1473
1562500 1473
1562510 1471
1562520 1469
1562530 1469
1562540 1467
1562550 1466
1562560 1465
1562570 1465
1562580 1465
1562590 1465
1562600 1465
1562610 1463
1562620 1464
1562630 1464
1562640 1464
1562650 1464
1562660 1464
1562670 1463
1562680 1464
1562690 1464
1562700 1466
1562710 1467
1562720 1467
1562730 1468
1562740 1469
1562750 1469
1562760 1469
1562770 1468
1562780 1467
1562790 1467
1562800 1466
1562810 1464
1562820 1464
1562830 1463
1562840 1461
1562850 1461
1562860 1459
1562870 1455
1562880 1455
1562890 1453
1562900 1453
1562910 1453
1562920 1452
1562930 1452
1562940 1451
1562950 1451
1562960 1451
1562970 1449
1562980 1449
1562990 1447
1563000 1445
1563010 1445
1563020 1443
1563030 1441
1563040 1441
1563050 1439
1563060 1435
1563070 1435
1563080 1431
1563090 1426
1563100 1426
1563110 1421
1563120 1416
1563130 1416
1563140 1411
1563150 1407
1563160 1407
1563170 1407
1563180 1409
1563190 1412
1563200 1412
1563210 1414
1563220 1417
1563230 1417
1563240 1419
1563250 1422
1563260 1422
1563270 1427
1563280 1430
1563290 1430
1563300 1434
1563310 1439
1563320 1439
1563330 1442
1563340 1446
1563350 1449
1563360 1449
1563370 1452
1563380 1455
1563390 1455
1563400 1457
1563410 1460
1563420 1460
1563430 1463
1563440 1466
1563450 1466
1563460 1468
1563470 1470
1563480 1470
1563490 1472
1563500 1474
1563510 1474
1563520 1476
1563530 1478
1563540 1478
1563550 1480
1563560 1483
1563570 1486
1563580 1486
1563590 1487
1563600 1489
1563610 1489
1563620 1490
1563630 1492
1563640 1492
1563650 1493
1563660 1494
1563670 1494
1563680 1494
1563690 1495
1563700 1495
1563710 1495
1563720 1496
1563730 1496
1563740 1496
1563750 1496
1563760 1496
1563770 1496
1563780 1495
1563790 1495
1563800 1495
1563810 1494
1563820 1494
1563830 1494
1563840 1494
1563850 1493
1563860 1493
1563870 1492
1563880 1491
1563890 1491
1563900 1490
1563910 1489
1563920 1489
1563930 1487
1563940 1486
1563950 1486
1563960 1484
1563970 1483
1563980 1481
1563990 1481
1564000 1479
1564010 1477
1564020 1477
1564030 1475
1564040 1471
1564050 1471
1564060 1466
1564070 1462
1564080 1462
1564090 1457
1564100 1451
1564110 1451
1564120 1446
1564130 1443
1564140 1443
1564150 1445
1564160 1449
1564170 1453
1564180 1453
1564190 1456
1564200 1458
1564210 1458
1564220 1456
1564230 1457
1564240 1457
1564250 1458
1564260 1460
1564270 1460
1564280 1464
1564290 1467
1564300 1467
1564310 1469
1564320 1472
1564330 1472
1564340 1474
1564350 1474
1564360 1474
1564370 1476
1564380 1480
1564390 1485
1564400 1485
1564410 1491
1564420 1496
1564430 1496
1564440 1503
1564450 1510
1564460 1510
1564470 1516
1564480 1524
1564490 1524
1564500 1532
1564510 1539
1564520 1539
1564530 1546
1564540 1553
1564550 1553
1564560 1559
1564570 1564
1564580 1569
1564590 1569
1564600 1573
1564610 1576
1564620 1576
1564630 1580
1564640 1585
1564650 1585
1564660 1589
1564670 1592
1564680 1592
1564690 1593
1564700 1595
1564710 1595
1564720 1597
1564730 1598
1564740 1598
1564750 1599
1564760 1600
1564770 1600
1564780 1600
1564790 1601
1564800 1602
1564810 1602
1564820 1603
1564830 1605
1564840 1605
1564850 1606
1564860 1607
1564870 1607
1564880 1608
1564890 1609
1564900 1609
1564910 1610
1564920 1610
1564930 1610
1564940 1611
1564950 1611
1564960 1611
1564970 1610
1564980 1610
1564990 1609
1565000 1609
1565010 1608
1565020 1608
1565030 1608
1565040 1607
1565050 1607
1565060 1607
1565070 1607
1565080 1606
1565090 1606
1565100 1605
1565110 1604
1565120 1604
1565130 1604
1565140 1603
1565150 1603
1565160 1602
1565170 1599
1565180 1599
1565190 1595
1565200 1591
1565210 1587
1565220 1587
1565230 1584
1565240 1582
1565250 1582
1565260 1579
1565270 1578
1565280 1578
1565290 1579
1565300 1582
1565310 1582
1565320 1584
1565330 1586
1565340 1586
1565350 1590
1565360 1593
1565370 1593
1565380 1596
1565390 1601
1565400 1606
1565410 1606
1565420 1611
1565430 1616
1565440 1616
1565450 1623
1565460 1631
1565470 1631
1565480 1633
1565490 1636
1565500 1636
1565510 1640
1565520 1644
1565530 1644
1565540 1648
1565550 1651
1565560 1651
1565570 1654
1565580 1658
1565590 1658
1565600 1664
1565610 1668
1565620 1672
1565630 1672
1565640 1676
1565650 1679
1565660 1679
1565670 1683
1565680 1686
1565690 1686
1565700 1689
1565710 1691
1565720 1691
1565730 1692
1565740 1694
1565750 1694
1565760 1696
1565770 1697
1565780 1697
1565790 1697
1565800 1699
1565810 1700
1565820 1700
1565830 1702
1565840 1703
1565850 1703
1565860 1704
1565870 1706
1565880 1706
1565890 1707
1565900 1708
1565910 1708
1565920 1709
1565930 1710
1565940 1710
1565950 1711
1565960 1712
1565970 1712
1565980 1713
1565990 1714
1566000 1714
1566010 1715
1566020 1716
1566030 1717
1566040 1717
1566050 1718
1566060 1718
1566070 1718
1566080 1719
1566090 1719
1566100 1719
1566110 1719
1566120 1720
1566130 1720
1566140 1720
1566150 1719
1566160 1719
1566170 1719
1566180 1720
1566190 1720
1566200 1722
1566210 1723
1566220 1724
1566230 1724
1566240 1725
1566250 1726
1566260 1726
1566270 1727
1566280 1727
1566290 1727
1566300 1728
1566310 1728
1566320 1728
1566330 1729
1566340 1730
1566350 1730
1566360 1730
1566370 1730
1566380 1730
1566390 1729
1566400 1729
1566410 1729
1566420 1728
1566430 1727
1566440 1727
1566450 1727
1566460 1727
1566470 1726
1566480 1726
1566490 1726
1566500 1728
1566510 1728
1566520 1730
1566530 1732
1566540 1732
1566550 1734
1566560 1735
1566570 1735
1566580 1735
1566590 1736
1566600 1736
1566610 1737
1566620 1738
1566630 1737
1566640 1737
1566650 1737
1566660 1736
1566670 1736
1566680 1736
1566690 1737
1566700 1737
1566710 1738
1566720 1739
1566730 1739
1566740 1740
1566750 1741
1566760 1741
1566770 1741
1566780 1741
1566790 1741
1566800 1742
1566810 1745
1566820 1745
1566830 1749
1566840 1750
1566850 1752
1566860 1752
1566870 1754
1566880 1756
1566890 1756
1566900 1758
1566910 1759
1566920 1759
1566930 1761
1566940 1766
1566950 1766
1566960 1773
1566970 1779
1566980 1779
1566990 1785
1567000 1790
1567010 1790
1567020 1796
1567030 1802
1567040 1808
1567050 1808
1567060 1814
1567070 1821
1567080 1821
1567090 1827
1567100 1833
1567110 1833
1567120 1839
1567130 1846
1567140 1846
1567150 1851
1567160 1857
1567170 1857
1567180 1863
1567190 1869
1567200 1869
1567210 1876
1567220 1882
1567230 1882
1567240 1888
1567250 1893
1567260 1898
1567270 1898
1567280 1903
1567290 1907
1567300 1907
1567310 1910
1567320 1914
1567330 1914
1567340 1917
1567350 1921
1567360 1921
1567370 1924
1567380 1927
1567390 1927
1567400 1931
1567410 1934
1567420 1934
1567430 1936
1567440 1939
1567450 1942
1567460 1942
1567470 1943
1567480 1945
1567490 1945
1567500 1948
1567510 1951
1567520 1951
1567530 1954
1567540 1958
1567550 1958
1567560 1961
1567570 1965
1567580 1965
1567590 1968
1567600 1973
1567610 1973
1567620 1976
1567630 1979
1567640 1979
1567650 1983
1567660 1985
1567670 1988
1567680 1988
1567690 1990
1567700 1993
1567710 1993
1567720 1995
1567730 1996
1567740 1996
1567750 1998
1567760 2000
1567770 2000
1567780 2003
1567790 2007
1567800 2007
1567810 2010
1567820 2011
1567830 2011
1567840 2013
1567850 2013
1567860 2013
1567870 2013
1567880 2011
1567890 2007
1567900 2007
1567910 2001
1567920 1996
1567930 1996
1567940 1989
1567950 1983
1567960 1983
1567970 1976
1567980 1968
1567990 1968
1568000 1959
1568010 1952
1568020 1952
1568030 1946
1568040 1940
1568050 1940
1568060 1934
1568070 1928
1568080 1923
1568090 1923
1568100 1918
1568110 1914
1568120 1914
1568130 1909
1568140 1905
1568150 1905
1568160 1902
1568170 1899
1568180 1899
1568190 1895
1568200 1892
1568210 1892
1568220 1889
1568230 1887
1568240 1887
1568250 1884
1568260 1881
1568270 1879
1568280 1879
1568290 1878
1568300 1875
1568310 1875
1568320 1873
1568330 1871
1568340 1871
1568350 1870
1568360 1869
1568370 1869
1568380 1868
1568390 1867
1568400 1867
1568410 1865
1568420 1863
1568430 1863
1568440 1862
1568450 1861
1568460 1861
1568470 1860
1568480 1858
1568490 1857
1568500 1857
1568510 1855
1568520 1853
1568530 1853
1568540 1851
1568550 1849
1568560 1849
1568570 1847
1568580 1845
1568590 1845
1568600 1842
1568610 1839
1568620 1839
1568630 1836
1568640 1833
1568650 1833
1568660 1831
1568670 1829
1568680 1828
1568690 1828
1568700 1826
1568710 1825
1568720 1825
1568730 1826
1568740 1826
1568750 1826
1568760 1826
1568770 1826
1568780 1826
1568790 1826
1568800 1827
1568810 1827
1568820 1827
1568830 1827
1568840 1827
1568850 1826
1568860 1819
1568870 1818
1568880 1818
1568890 1817
1568900 1818
1568910 1818
1568920 1819
1568930 1819
1568940 1819
1568950 1819
1568960 1819
1568970 1819
1568980 1820
1568990 1819
1569000 1819
1569010 1821
1569020 1824
1569030 1824
1569040 1827
1569050 1828
1569060 1828
1569070 1828
1569080 1829
1569090 1830
1569100 1830
1569110 1831
1569120 1832
1569130 1832
1569140 1834
1569150 1837
1569160 1837
1569170 1839
1569180 1840
1569190 1840
1569200 1841
1569210 1842
1569220 1842
1569230 1843
1569240 1843
1569250 1843
1569260 1843
1569270 1843
1569280 1843
1569290 1843
1569300 1844
1569310 1846
1569320 1846
1569330 1849
1569340 1851
1569350 1851
1569360 1853
1569370 1854
1569380 1854
1569390 1856
1569400 1857
1569410 1857
1569420 1858
1569430 1859
1569440 1859
1569450 1860
1569460 1861
1569470 1861
1569480 1862
1569490 1863
1569500 1864
1569510 1864
1569520 1865
1569530 1866
1569540 1866
1569550 1866
1569560 1867
1569570 1867
1569580 1868
1569590 1869
1569600 1869
1569610 1870
1569620 1870
1569630 1870
1569640 1871
1569650 1872
1569660 1872
1569670 1873
1569680 1873
1569690 1874
1569700 1874
1569710 1875
1569720 1876
1569730 1876
1569740 1877
1569750 1877
1569760 1877
1569770 1877
1569780 1877
1569790 1877
1569800 1877
1569810 1877
1569820 1877
1569830 1877
1569840 1875
1569850 1875
1569860 1873
1569870 1871
1569880 1871
1569890 1869
1569900 1867
1569910 1865
1569920 1865
1569930 1864
1569940 1862
1569950 1862
1569960 1861
1569970 1860
1569980 1860
1569990 1857
1570000 1856
1570010 1856
1570020 1853
1570030 1851
1570040 1851
1570050 1848
1570060 1846
1570070 1846
1570080 1843
1570090 1839
1570100 1834
1570110 1834
1570120 1829
1570130 1823
1570140 1823
1570150 1817
1570160 1811
1570170 1811
1570180 1806
1570190 1801
1570200 1801
1570210 1797
1570220 1794
1570230 1794
1570240 1790
1570250 1787
1570260 1787
1570270 1784
1570280 1782
1570290 1782
1570300 1780
1570310 1779
1570320 1777
1570330 1777
1570340 1776
1570350 1779
1570360 1779
1570370 1780
1570380 1781
1570390 1781
1570400 1783
1570410 1784
1570420 1784
1570430 1786
1570440 1788
1570450 1788
1570460 1790
1570470 1792
1570480 1792
1570490 1794
1570500 1797
1570510 1799
1570520 1799
1570530 1801
1570540 1804
1570550 1804
1570560 1806
1570570 1809
1570580 1809
1570590 1812
1570600 1815
1570610 1815
1570620 1818
1570630 1821
1570640 1821
1570650 1824
1570660 1826
1570670 1826
1570680 1829
1570690 1831
1570700 1831
1570710 1833
1570720 1835
1570730 1837
1570740 1837
1570750 1838
1570760 1839
1570770 1839
1570780 1840
1570790 1840
1570800 1840
1570810 1840
1570820 1839
1570830 1839
1570840 1838
1570850 1837
1570860 1837
1570870 1835
1570880 1833
1570890 1833
1570900 1831
1570910 1828
1570920 1825
1570930 1825
1570940 1822
1570950 1819
1570960 1819
1570970 1816
1570980 1813
1570990 1813
1571000 1811
1571010 1809
1571020 1809
1571030 1806
1571040 1804
1571050 1804
1571060 1801
1571070 1798
1571080 1798
1571090 1796
1571100 1793
1571110 1793
1571120 1790
1571130 1788
1571140 1786
1571150 1786
1571160 1783
1571170 1781
1571180 1781
1571190 1779
1571200 1777
1571210 1777
1571220 1775
1571230 1773
1571240 1773
1571250 1771
1571260 1769
1571270 1769
1571280 1767
1571290 1764
1571300 1764
1571310 1762
1571320 1760
1571330 1759
1571340 1759
1571350 1757
1571360 1757
1571370 1757
1571380 1756
1571390 1756
1571400 1756
1571410 1756
1571420 1756
1571430 1756
1571440 1756
1571450 1755
1571460 1755
1571470 1755
1571480 1755
1571490 1755
1571500 1754
1571510 1752
1571520 1752
1571530 1745
1571540 1737
1571550 1731
1571560 1731
1571570 1727
1571580 1725
1571590 1725
1571600 1722
1571610 1719
1571620 1719
1571630 1714
1571640 1711
1571650 1711
1571660 1708
1571670 1705
1571680 1705
1571690 1703
1571700 1701
1571710 1701
1571720 1700
1571730 1699
1571740 1699
1571750 1699
1571760 1699
1571770 1699
1571780 1699
1571790 1699
1571800 1700
1571810 1706
1571820 1709
1571830 1716
1571840 1716
1571850 1721
1571860 1724
1571870 1724
1571880 1725
1571890 1726
1571900 1726
1571910 1727
1571920 1727
1571930 1727
1571940 1728
1571950 1728
1571960 1728
1571970 1728
1571980 1727
1571990 1726
1572000 1726
1572010 1724
1572020 1721
1572030 1721
1572040 1718
1572050 1715
1572060 1715
1572070 1710
1572080 1707
1572090 1707
1572100 1703
1572110 1699
1572120 1699
1572130 1695
1572140 1692
1572150 1688
1572160 1688
1572170 1684
1572180 1679
1572190 1679
1572200 1675
1572210 1672
1572220 1672
1572230 1669
1572240 1665
1572250 1665
1572260 1661
1572270 1658
1572280 1658
1572290 1654
1572300 1650
1572310 1650
1572320 1646
1572330 1642
1572340 1642
1572350 1638
1572360 1634
1572370 1630
1572380 1630
1572390 1626
1572400 1622
1572410 1622
1572420 1617
1572430 1613
1572440 1613
1572450 1608
1572460 1603
1572470 1603
1572480 1599
1572490 1594
1572500 1594
1572510 1590
1572520 1586
1572530 1586
1572540 1582
1572550 1577
1572560 1572
1572570 1572
1572580 1564
1572590 1559
1572600 1559
1572610 1558
1572620 1553
1572630 1553
1572640 1546
1572650 1541
1572660 1541
1572670 1537
1572680 1531
1572690 1531
1572700 1527
1572710 1523
1572720 1523
1572730 1520
1572740 1517
1572750 1517
1572760 1514
1572770 1511
1572780 1509
1572790 1509
1572800 1507
1572810 1506
1572820 1506
1572830 1504
1572840 1502
1572850 1502
1572860 1500
1572870 1499
1572880 1499
1572890 1497
1572900 1497
1572910 1497
1572920 1496
1572930 1494
1572940 1494
1572950 1492
1572960 1491
1572970 1489
1572980 1489
1572990 1487
1573000 1485
1573010 1485
1573020 1482
1573030 1480
1573040 1480
1573050 1477
1573060 1475
1573070 1475
1573080 1472
1573090 1469
1573100 1469
1573110 1466
1573120 1464
1573130 1464
1573140 1461
1573150 1459
1573160 1459
1573170 1456
1573180 1452
1573190 1448
1573200 1448
1573210 1445
1573220 1441
1573230 1441
1573240 1438
1573250 1434
1573260 1438
1573270 1434
1573280 1431
1573290 1431
1573300 1428
1573310 1424
1573320 1424
1573330 1420
1573340 1417
1573350 1417
1573360 1413
1573370 1409
1573380 1405
1573390 1405
1573400 1401
1573410 1397
1573420 1397
1573430 1392
1573440 1387
1573450 1387
1573460 1380
1573470 1374
1573480 1374
1573490 1369
1573500 1366
1573510 1366
1573520 1361
1573530 1355
1573540 1355
1573550 1349
1573560 1345
1573570 1345
1573580 1340
1573590 1337
1573600 1332
1573610 1332
1573620 1329
1573630 1325
1573640 1325
1573650 1321
1573660 1318
1573670 1318
1573680 1315
1573690 1311
1573700 1311
1573710 1307
1573720 1303
1573730 1303
1573740 1299
1573750 1295
1573760 1295
1573770 1290
1573780 1286
1573790 1281
1573800 1281
1573810 1277
1573820 1274
1573830 1274
1573840 1271
1573850 1268
1573860 1268
1573870 1266
1573880 1264
1573890 1264
1573900 1261
1573910 1259
1573920 1259
1573930 1256
1573940 1253
1573950 1253
1573960 1250
1573970 1247
1573980 1247
1573990 1245
1574000 1242
1574010 1239
1574020 1239
1574030 1235
1574040 1230
1574050 1230
1574060 1227
1574070 1225
1574080 1225
1574090 1223
1574100 1220
1574110 1220
1574120 1218
1574130 1217
1574140 1217
1574150 1215
1574160 1213
1574170 1213
1574180 1211
1574190 1208
1574200 1203
1574210 1203
1574220 1197
1574230 1193
1574240 1193
1574250 1188
1574260 1185
1574270 1185
1574280 1182
1574290 1179
1574300 1179
1574310 1177
1574320 1174
1574330 1174
1574340 1172
1574350 1172
1574360 1172
1574370 1173
1574380 1173
1574390 1173
1574400 1172
1574410 1171
1574420 1169
1574430 1169
1574440 1166
1574450 1165
1574460 1165
1574470 1162
1574480 1160
1574490 1160
1574500 1160
1574510 1160
1574520 1160
1574530 1160
1574540 1159
1574550 1159
1574560 1159
1574570 1159
1574580 1159
1574590 1158
1574600 1157
1574610 1158
1574620 1158
1574630 1159
1574640 1162
1574650 1162
1574660 1164
1574670 1164
1574680 1166
1574690 1163
1574700 1158
1574710 1158
1574720 1154
1574730 1150
1574740 1150
1574750 1145
1574760 1140
1574770 1140
1574780 1137
1574790 1132
1574800 1132
1574810 1128
1574820 1129
1574830 1130
1574840 1130
1574850 1131
1574860 1131
1574870 1131
1574880 1131
1574890 1133
1574900 1133
1574910 1133
1574920 1133
1574930 1133
1574940 1134
1574950 1132
1574960 1132
1574970 1131
1574980 1131
1574990 1131
1575000 1131
1575010 1131
1575020 1131
1575030 1131
1575040 1131
1575050 1131
1575060 1131
1575070 1131
1575080 1133
1575090 1133
1575100 1134
1575110 1135
1575120 1135
1575130 1136
1575140 1137
1575150 1137
1575160 1136
1575170 1136
1575180 1136
1575190 1136
1575200 1137
1575210 1137
1575220 1138
1575230 1138
1575240 1138
1575250 1138
1575260 1138
1575270 1137
1575280 1137
1575290 1135
1575300 1133
1575310 1133
1575320 1130
1575330 1128
1575340 1128
1575350 1128
1575360 1128
1575370 1128
1575380 1130
1575390 1132
1575400 1132
1575410 1134
1575420 1134
1575430 1133
1575440 1133
1575450 1133
1575460 1131
1575470 1131
1575480 1130
1575490 1129
1575500 1129
1575510 1128
1575520 1129
1575530 1129
1575540 1130
1575550 1124
1575560 1124
1575570 1118
1575580 1114
1575590 1114
1575600 1112
1575610 1111
1575620 1110
1575630 1110
1575640 1109
1575650 1108
1575660 1108
1575670 1106
1575680 1104
1575690 1104
1575700 1101
1575710 1099
1575720 1099
1575730 1097
1575740 1096
1575750 1096
1575760 1096
1575770 1094
1575780 1094
1575790 1093
1575800 1091
1575810 1091
1575820 1092
1575830 1094
1575840 1094
1575850 1094
1575860 1093
1575870 1089
1575880 1089
1575890 1085
1575900 1078
1575910 1078
1575920 1074
1575930 1068
1575940 1068
1575950 1064
1575960 1061
1575970 1061
1575980 1055
1575990 1044
1576000 1044
1576010 1035
1576020 1027
1576030 1019
1576040 1019
1576050 1011
1576060 1000
1576070 999
1576080 992
1576090 986
1576100 986
1576110 980
1576120 972
1576130 972
1576140 973
1576150 981
1576160 981
1576170 992
1576180 1003
1576190 1003
1576200 1017
1576210 1037
1576220 1037
1576230 1043
1576240 1040
1576250 1035
1576260 1035
1576270 1030
1576280 1025
1576290 1025
1576300 1019
1576310 1012
1576320 1012
1576330 1007
1576340 1006
1576350 1006
1576360 1008
1576370 1010
1576380 1010
1576390 1012
1576400 1015
1576410 1015
1576420 1019
1576430 1023
1576440 1029
1576450 1029
1576460 1032
1576470 1035
1576480 1035
1576490 1039
1576500 1045
1576510 1045
1576520 1050
1576530 1055
1576540 1055
1576550 1061
1576560 1068
1576570 1068
1576580 1075
1576590 1081
1576600 1081
1576610 1085
1576620 1092
1576630 1092
1576640 1097
1576650 1103
1576660 1109
1576670 1109
1576680 1114
1576690 1119
1576700 1119
1576710 1124
1576720 1128
1576730 1128
1576740 1133
1576750 1138
1576760 1138
1576770 1145
1576780 1149
1576790 1149
1576800 1153
1576810 1156
1576820 1156
1576830 1159
1576840 1161
1576850 1163
1576860 1163
1576870 1167
1576880 1168
1576890 1168
1576900 1166
1576910 1161
1576920 1161
1576930 1156
1576940 1154
1576950 1154
1576960 1150
1576970 1147
1576980 1147
1576990 1143
1577000 1140
1577010 1140
1577020 1138
1577030 1136
1577040 1136
1577050 1135
1577060 1135
1577070 1137
1577080 1137
1577090 1136
1577100 1132
1577110 1132
1577120 1128
1577130 1125
1577140 1125
1577150 1125
1577160 1128
1577170 1128
1577180 1132
1577190 1131
1577200 1131
1577210 1131
1577220 1131
1577230 1131
1577240 1134
1577250 1138
1577260 1143
1577270 1143
1577280 1148
1577290 1152
1577300 1152
1577310 1156
1577320 1161
1577330 1161
1577340 1164
1577350 1168
1577360 1168
1577370 1171
1577380 1174
1577390 1174
1577400 1178
1577410 1183
1577420 1183
1577430 1189
1577440 1194
1577450 1197
1577460 1202
1577470 1207
1577480 1211
1577490 1211
1577500 1214
1577510 1217
1577520 1217
1577530 1221
1577540 1224
1577550 1224
1577560 1228
1577570 1231
1577580 1231
1577590 1235
1577600 1238
1577610 1238
1577620 1241
1577630 1244
1577640 1244
1577650 1247
1577660 1251
1577670 1253
1577680 1253
1577690 1256
1577700 1259
1577710 1259
1577720 1261
1577730 1264
1577740 1264
1577750 1266
1577760 1269
1577770 1269
1577780 1272
1577790 1275
1577800 1275
1577810 1277
1577820 1279
1577830 1279
1577840 1281
1577850 1282
1577860 1282
1577870 1283
1577880 1283
1577890 1283
1577900 1283
1577910 1282
1577920 1279
1577930 1279
1577940 1277
1577950 1275
1577960 1275
1577970 1274
1577980 1272
1577990 1272
1578000 1270
1578010 1269
1578020 1269
1578030 1268
1578040 1266
1578050 1266
1578060 1265
1578070 1263
1578080 1259
1578090 1259
1578100 1256
1578110 1252
1578120 1252
1578130 1248
1578140 1245
1578150 1245
1578160 1241
1578170 1237
1578180 1237
1578190 1233
1578200 1229
1578210 1229
1578220 1224
1578230 1220
1578240 1220
1578250 1214
1578260 1209
1578270 1209
1578280 1204
1578290 1200
1578300 1196
1578310 1196
1578320 1192
1578330 1188
1578340 1188
1578350 1185
1578360 1181
1578370 1181
1578380 1178
1578390 1174
1578400 1174
1578410 1171
1578420 1167
1578430 1167
1578440 1163
1578450 1159
1578460 1159
1578470 1156
1578480 1152
1578490 1148
1578500 1148
1578510 1144
1578520 1140
1578530 1140
1578540 1136
1578550 1132
1578560 1132
1578570 1127
1578580 1122
1578590 1122
1578600 1117
1578610 1111
1578620 1111
1578630 1105
1578640 1101
1578650 1101
1578660 1097
1578670 1094
1578680 1094
1578690 1091
1578700 1088
1578710 1085
1578720 1085
1578730 1083
1578740 1081
1578750 1081
1578760 1078
1578770 1076
1578780 1076
1578790 1074
1578800 1072
1578810 1072
1578820 1071
1578830 1069
1578840 1069
1578850 1067
1578860 1065
1578870 1065
1578880 1063
1578890 1061
1578900 1058
1578910 1058
1578920 1055
1578930 1051
1578940 1051
1578950 1048
1578960 1048
1578970 1048
1578980 1048
1578990 1051
1579000 1051
1579010 1056
1579020 1061
1579030 1061
1579040 1065
1579050 1066
1579060 1066
1579070 1066
1579080 1066
1579090 1066
1579100 1066
1579110 1067
1579120 1068
1579130 1068
1579140 1071
1579150 1075
1579160 1075
1579170 1079
1579180 1084
1579190 1084
1579200 1090
1579210 1096
1579220 1096
1579230 1103
1579240 1110
1579250 1110
1579260 1115
1579270 1119
1579280 1119
1579290 1124
1579300 1128
1579310 1133
1579320 1133
1579330 1140
1579340 1146
1579350 1146
1579360 1149
1579370 1150
1579380 1150
1579390 1152
1579400 1155
1579410 1155
1579420 1158
1579430 1163
1579440 1163
1579450 1168
1579460 1173
1579470 1173
1579480 1177
1579490 1181
1579500 1181
1579510 1186
1579520 1191
1579530 1194
1579540 1194
1579550 1196
1579560 1198
1579570 1198
1579580 1199
1579590 1198
1579600 1198
1579610 1197
1579620 1197
1579630 1197
1579640 1200
1579650 1204
1579660 1204
1579670 1206
1579680 1209
1579690 1209
1579700 1213
1579710 1217
1579720 1221
1579730 1221
1579740 1224
1579750 1228
1579760 1228
1579770 1232
1579780 1236
1579790 1236
1579800 1240
1579810 1243
1579820 1243
1579830 1246
1579840 1250
1579850 1250
1579860 1254
1579870 1258
1579880 1258
1579890 1262
1579900 1267
1579910 1267
1579920 1271
1579930 1275
1579940 1279
1579950 1279
1579960 1283
1579970 1285
1579980 1285
1579990 1287
