1560000 1377
1560010 1377
1560020 1378
1560030 1379
1560040 1379
1560050 1381
1560060 1381
1560070 1382
1560080 1382
1560090 1382
1560100 1383
1560110 1383
1560120 1384
1560130 1384
1560140 1384
1560150 1385
1560160 1385
1560170 1385
1560180 1384
1560190 1383
1560200 1383
1560210 1381
1560220 1378
1560230 1378
1560240 1373
1560250 1369
1560260 1365
1560270 1365
1560280 1362
1560290 1361
1560300 1361
1560310 1362
1560320 1362
1560330 1362
1560340 1359
1560350 1359
1560360 1359
1560370 1362
1560380 1366
1560390 1366
1560400 1370
1560410 1374
1560420 1374
1560430 1377
1560440 1380
1560450 1380
1560460 1384
1560470 1389
1560480 1393
1560490 1393
1560500 1396
1560510 1399
1560520 1399
1560530 1401
1560540 1404
1560550 1404
1560560 1408
1560570 1411
1560580 1411
1560590 1415
1560600 1419
1560610 1419
1560620 1423
1560630 1426
1560640 1426
1560650 1430
1560660 1433
1560670 1437
1560680 1437
1560690 1441
1560700 1445
1560710 1445
1560720 1448
1560730 1452
1560740 1452
1560750 1456
1560760 1459
1560770 1459
1560780 1462
1560790 1465
1560800 1465
1560810 1469
1560820 1474
1560830 1474
1560840 1478
1560850 1482
1560860 1482
1560870 1487
1560880 1490
1560890 1492
1560900 1492
1560910 1494
1560920 1496
1560930 1496
1560940 1498
1560950 1500
1560960 1500
1560970 1502
1560980 1503
1560990 1503
1561000 1505
1561010 1507
1561020 1507
1561030 1510
1561040 1511
1561050 1511
1561060 1512
1561070 1512
1561080 1512
1561090 1510
1561100 1508
1561110 1507
1561120 1507
1561130 1505
1561140 1504
1561150 1504
1561160 1502
1561170 1500
1561180 1500
1561190 1499
1561200 1500
1561210 1500
1561220 1500
1561230 1500
1561240 1500
1561250 1500
1561260 1501
1561270 1501
1561280 1501
1561290 1501
1561300 1503
1561310 1503
1561320 1504
1561330 1505
1561340 1505
1561350 1505
1561360 1505
1561370 1505
1561380 1505
1561390 1504
1561400 1504
1561410 1503
1561420 1502
1561430 1502
1561440 1501
1561450 1501
1561460 1501
1561470 1500
1561480 1497
1561490 1497
1561500 1495
1561510 1493
1561520 1490
1561530 1490
1561540 1488
1561550 1486
1561560 1486
1561570 1483
1561580 1481
1561590 1481
1561600 1480
1561610 1479
1561620 1479
1561630 1478
1561640 1471
1561650 1471
1561660 1470
1561670 1468
1561680 1468
1561690 1466
1561700 1464
1561710 1462
1561720 1462
1561730 1460
1561740 1458
1561750 1458
1561760 1455
1561770 1452
1561780 1452
1561790 1449
1561800 1445
1561810 1445
1561820 1442
1561830 1443
1561840 1443
1561850 1446
1561860 1449
1561870 1449
1561880 1450
1561890 1451
1561900 1451
1561910 1453
1561920 1454
1561930 1456
1561940 1456
1561950 1457
1561960 1459
1561970 1459
1561980 1460
1561990 1461
1562000 1461
1562010 1462
1562020 1463
1562030 1463
1562040 1464
1562050 1465
1562060 1465
1562070 1465
1562080 1466
1562090 1466
1562100 1466
1562110 1467
1562120 1467
1562130 1467
1562140 1467
1562150 1467
1562160 1467
1562170 1467
1562180 1466
1562190 1466
1562200 1466
1562210 1464
1562220 1464
1562230 1462
1562240 1459
1562250 1459
1562260 1456
1562270 1452
1562280 1452
1562290 1448
1562300 1448
1562310 1448
1562320 1453
1562330 1457
1562340 1459
1562350 1459
1562360 1461
1562370 1463
1562380 1463
1562390 1465
1562400 1468
1562410 1468
1562420 1470
1562430 1472
1562440 1472
1562450 1475
1562460 1477
1562470 1477
1562480 1479
1562490 1480
1562500 1480
1562510 1481
1562520 1482
1562530 1482
1562540 1484
1562550 1485
1562560 1487
1562570 1487
1562580 1488
1562590 1489
1562600 1489
1562610 1491
1562620 1492
1562630 1492
1562640 1493
1562650 1494
1562660 1494
1562670 1495
1562680 1496
1562690 1496
1562700 1497
1562710 1498
1562720 1498
1562730 1499
1562740 1500
1562750 1501
1562760 1501
1562770 1502
1562780 1503
1562790 1503
1562800 1504
1562810 1504
1562820 1504
1562830 1505
1562840 1506
1562850 1506
1562860 1506
1562870 1507
1562880 1507
1562890 1507
1562900 1508
1562910 1508
1562920 1509
1562930 1510
1562940 1510
1562950 1511
1562960 1512
1562970 1512
1562980 1512
1562990 1512
1563000 1513
1563010 1513
1563020 1513
1563030 1513
1563040 1513
1563050 1512
1563060 1511
1563070 1511
1563080 1507
1563090 1504
1563100 1504
1563110 1502
1563120 1502
1563130 1502
1563140 1504
1563150 1508
1563160 1511
1563170 1511
1563180 1514
1563190 1516
1563200 1516
1563210 1519
1563220 1522
1563230 1522
1563240 1524
1563250 1527
1563260 1527
1563270 1527
1563280 1531
1563290 1531
1563300 1535
1563310 1538
1563320 1538
1563330 1542
1563340 1546
1563350 1546
1563360 1551
1563370 1556
1563380 1560
1563390 1560
1563400 1564
1563410 1568
1563420 1568
1563430 1571
1563440 1573
1563450 1573
1563460 1576
1563470 1579
1563480 1579
1563490 1582
1563500 1585
1563510 1585
1563520 1588
1563530 1591
1563540 1591
1563550 1593
1563560 1596
1563570 1596
1563580 1598
1563590 1601
1563600 1603
1563610 1603
1563620 1606
1563630 1607
1563640 1607
1563650 1609
1563660 1610
1563670 1610
1563680 1611
1563690 1612
1563700 1612
1563710 1611
1563720 1610
1563730 1610
1563740 1609
1563750 1608
1563760 1608
1563770 1608
1563780 1608
1563790 1608
1563800 1608
1563810 1610
1563820 1612
1563830 1612
1563840 1614
1563850 1616
1563860 1616
1563870 1619
1563880 1622
1563890 1622
1563900 1625
1563910 1628
1563920 1628
1563930 1631
1563940 1634
1563950 1634
1563960 1636
1563970 1639
1563980 1639
1563990 1642
1564000 1644
1564010 1648
1564020 1648
1564030 1651
1564040 1653
1564050 1653
1564060 1654
1564070 1655
1564080 1655
1564090 1657
1564100 1659
1564110 1659
1564120 1661
1564130 1664
1564140 1664
1564150 1667
1564160 1670
1564170 1670
1564180 1671
1564190 1673
1564200 1675
1564210 1675
1564220 1678
1564230 1681
1564240 1681
1564250 1686
1564260 1690
1564270 1690
1564280 1694
1564290 1699
1564300 1699
1564310 1703
1564320 1708
1564330 1708
1564340 1712
1564350 1716
1564360 1716
1564370 1719
1564380 1723
1564390 1723
1564400 1726
1564410 1730
1564420 1734
1564430 1734
1564440 1737
1564450 1740
1564460 1740
1564470 1743
1564480 1746
1564490 1746
1564500 1750
1564510 1753
1564520 1753
1564530 1755
1564540 1758
1564550 1758
1564560 1761
1564570 1764
1564580 1764
1564590 1767
1564600 1770
1564610 1770
1564620 1772
1564630 1775
1564640 1777
1564650 1777
1564660 1780
1564670 1783
1564680 1783
1564690 1787
1564700 1790
1564710 1790
1564720 1794
1564730 1798
1564740 1798
1564750 1803
1564760 1807
1564770 1807
1564780 1811
1564790 1814
1564800 1814
1564810 1819
1564820 1823
1564830 1827
1564840 1827
1564850 1831
1564860 1834
1564870 1832
1564880 1835
1564890 1839
1564900 1839
1564910 1842
1564920 1846
1564930 1846
1564940 1849
1564950 1854
1564960 1854
1564970 1858
1564980 1862
1564990 1862
1565000 1867
1565010 1871
1565020 1871
1565030 1876
1565040 1880
1565050 1885
1565060 1885
1565070 1890
1565080 1895
1565090 1895
1565100 1900
1565110 1904
1565120 1904
1565130 1909
1565140 1913
1565150 1913
1565160 1917
1565170 1921
1565180 1921
1565190 1925
1565200 1929
1565210 1929
1565220 1934
1565230 1939
1565240 1943
1565250 1943
1565260 1948
1565270 1952
1565280 1952
1565290 1957
1565300 1960
1565310 1960
1565320 1964
1565330 1968
1565340 1968
1565350 1972
1565360 1976
1565370 1976
1565380 1979
1565390 1982
1565400 1982
1565410 1985
1565420 1989
1565430 1989
1565440 1993
1565450 1997
1565460 2000
1565470 2000
1565480 2001
1565490 2004
1565500 2004
1565510 2009
1565520 2015
1565530 2015
1565540 2021
1565550 2026
1565560 2026
1565570 2031
1565580 2036
1565590 2036
1565600 2041
1565610 2045
1565620 2045
1565630 2050
1565640 2055
1565650 2055
1565660 2060
1565670 2065
1565680 2070
1565690 2070
1565700 2075
1565710 2080
1565720 2080
1565730 2085
1565740 2090
1565750 2090
1565760 2095
1565770 2099
1565780 2099
1565790 2103
1565800 2107
1565810 2107
1565820 2110
1565830 2114
1565840 2114
1565850 2117
1565860 2120
1565870 2122
1565880 2122
1565890 2123
1565900 2122
1565910 2122
1565920 2119
1565930 2117
1565940 2117
1565950 2115
1565960 2113
1565970 2113
1565980 2111
1565990 2109
1566000 2109
1566010 2108
1566020 2108
1566030 2108
1566040 2107
1566050 2107
1566060 2107
1566070 2107
1566080 2107
1566090 2107
1566100 2107
1566110 2108
1566120 2109
1566130 2109
1566140 2110
1566150 2110
1566160 2110
1566170 2111
1566180 2112
1566190 2112
1566200 2113
1566210 2111
1566220 2111
1566230 2107
1566240 2100
1566250 2100
1566260 2094
1566270 2087
1566280 2081
1566290 2081
1566300 2075
1566310 2070
1566320 2070
1566330 2065
1566340 2060
1566350 2060
1566360 2055
1566370 2049
1566380 2049
1566390 2043
1566400 2037
1566410 2037
1566420 2032
1566430 2031
1566440 2031
1566450 2027
1566460 2024
1566470 2024
1566480 2021
1566490 2018
1566500 2015
1566510 2015
1566520 2013
1566530 2010
1566540 2010
1566550 2008
1566560 2008
1566570 2008
1566580 2007
1566590 2007
1566600 2007
1566610 2009
1566620 2011
1566630 2011
1566640 2013
1566650 2016
1566660 2016
1566670 2019
1566680 2022
1566690 2022
1566700 2026
1566710 2029
1566720 2033
1566730 2033
1566740 2036
1566750 2039
1566760 2039
1566770 2042
1566780 2045
1566790 2045
1566800 2048
1566810 2051
1566820 2051
1566830 2054
1566840 2057
1566850 2057
1566860 2060
1566870 2063
1566880 2063
1566890 2066
1566900 2068
1566910 2071
1566920 2071
1566930 2073
1566940 2075
1566950 2075
1566960 2077
1566970 2079
1566980 2079
1566990 2082
1567000 2084
1567010 2084
1567020 2086
1567030 2088
1567040 2088
1567050 2090
1567060 2092
1567070 2092
1567080 2094
1567090 2095
1567100 2095
1567110 2097
1567120 2098
1567130 2100
1567140 2100
1567150 2102
1567160 2103
1567170 2103
1567180 2105
1567190 2107
1567200 2107
1567210 2108
1567220 2110
1567230 2110
1567240 2112
1567250 2113
1567260 2113
1567270 2114
1567280 2116
1567290 2116
1567300 2116
1567310 2116
1567320 2114
1567330 2114
1567340 2113
1567350 2110
1567360 2110
1567370 2107
1567380 2103
1567390 2103
1567400 2100
1567410 2097
1567420 2097
1567430 2093
1567440 2089
1567450 2089
1567460 2084
1567470 2078
1567480 2078
1567490 2074
1567500 2069
1567510 2069
1567520 2063
1567530 2056
1567540 2049
1567550 2049
1567560 2043
1567570 2036
1567580 2036
1567590 2029
1567600 2023
1567610 2023
1567620 2015
1567630 2008
1567640 2008
1567650 2000
1567660 1993
1567670 1993
1567680 1985
1567690 1977
1567700 1977
1567710 1969
1567720 1962
1567730 1956
1567740 1956
1567750 1951
1567760 1946
1567770 1946
1567780 1940
1567790 1935
1567800 1935
1567810 1930
1567820 1925
1567830 1925
1567840 1922
1567850 1919
1567860 1919
1567870 1915
1567880 1910
1567890 1910
1567900 1905
1567910 1900
1567920 1900
1567930 1895
1567940 1889
1567950 1882
1567960 1882
1567970 1876
1567980 1870
1567990 1870
1568000 1864
1568010 1858
1568020 1858
1568030 1853
1568040 1847
1568050 1847
1568060 1841
1568070 1837
1568080 1837
1568090 1832
1568100 1828
1568110 1828
1568120 1824
1568130 1822
1568140 1822
1568150 1818
1568160 1815
1568170 1812
1568180 1812
1568190 1808
1568200 1805
1568210 1805
1568220 1801
1568230 1798
1568240 1798
1568250 1795
1568260 1789
1568270 1789
1568280 1783
1568290 1778
1568300 1778
1568310 1774
1568320 1771
1568330 1771
1568340 1768
1568350 1763
1568360 1757
1568370 1757
1568380 1750
1568390 1745
1568400 1745
1568410 1738
1568420 1732
1568430 1732
1568440 1727
1568450 1724
1568460 1724
1568470 1722
1568480 1720
1568490 1720
1568500 1715
1568510 1710
1568520 1710
1568530 1705
1568540 1700
1568550 1700
1568560 1697
1568570 1694
1568580 1693
1568590 1693
1568600 1691
1568610 1688
1568620 1688
1568630 1686
1568640 1685
1568650 1685
1568660 1683
1568670 1682
1568680 1682
1568690 1680
1568700 1678
1568710 1678
1568720 1678
1568730 1677
1568740 1677
1568750 1677
1568760 1677
1568770 1677
1568780 1677
1568790 1677
1568800 1679
1568810 1679
1568820 1680
1568830 1681
1568840 1681
1568850 1682
1568860 1684
1568870 1684
1568880 1684
1568890 1684
1568900 1684
1568910 1684
1568920 1683
1568930 1683
1568940 1682
1568950 1682
1568960 1682
1568970 1682
1568980 1682
1568990 1682
1569000 1682
1569010 1682
1569020 1680
1569030 1680
1569040 1680
1569050 1679
1569060 1679
1569070 1678
1569080 1678
1569090 1678
1569100 1678
1569110 1677
1569120 1677
1569130 1677
1569140 1677
1569150 1677
1569160 1677
1569170 1676
1569180 1676
1569190 1675
1569200 1673
1569210 1671
1569220 1671
1569230 1670
1569240 1669
1569250 1669
1569260 1669
1569270 1668
1569280 1668
1569290 1667
1569300 1666
1569310 1666
1569320 1665
1569330 1664
1569340 1664
1569350 1662
1569360 1660
1569370 1660
1569380 1658
1569390 1655
1569400 1652
1569410 1652
1569420 1648
1569430 1644
1569440 1644
1569450 1640
1569460 1635
1569470 1639
1569480 1634
1569490 1631
1569500 1631
1569510 1627
1569520 1623
1569530 1623
1569540 1619
1569550 1614
1569560 1614
1569570 1609
1569580 1604
1569590 1604
1569600 1599
1569610 1595
1569620 1590
1569630 1590
1569640 1585
1569650 1580
1569660 1580
1569670 1575
1569680 1570
1569690 1570
1569700 1564
1569710 1561
1569720 1561
1569730 1559
1569740 1556
1569750 1556
1569760 1553
1569770 1551
1569780 1551
1569790 1547
1569800 1543
1569810 1540
1569820 1540
1569830 1537
1569840 1533
1569850 1533
1569860 1529
1569870 1526
1569880 1526
1569890 1521
1569900 1516
1569910 1516
1569920 1510
1569930 1504
1569940 1504
1569950 1502
1569960 1501
1569970 1501
1569980 1499
1569990 1499
1570000 1499
1570010 1499
1570020 1497
1570030 1496
1570040 1496
1570050 1495
1570060 1493
1570070 1493
1570080 1491
1570090 1491
1570100 1491
1570110 1491
1570120 1490
1570130 1490
1570140 1484
1570150 1478
1570160 1478
1570170 1474
1570180 1471
1570190 1471
1570200 1468
1570210 1465
1570220 1465
1570230 1462
1570240 1460
1570250 1456
1570260 1456
1570270 1452
1570280 1447
1570290 1447
1570300 1443
1570310 1440
1570320 1440
1570330 1437
1570340 1434
1570350 1434
1570360 1431
1570370 1428
1570380 1428
1570390 1424
1570400 1421
1570410 1421
1570420 1418
1570430 1416
1570440 1413
1570450 1413
1570460 1409
1570470 1404
1570480 1404
1570490 1400
1570500 1396
1570510 1396
1570520 1393
1570530 1390
1570540 1390
1570550 1388
1570560 1387
1570570 1387
1570580 1388
1570590 1389
1570600 1389
1570610 1390
1570620 1391
1570630 1391
1570640 1390
1570650 1390
1570660 1390
1570670 1390
1570680 1390
1570690 1390
1570700 1390
1570710 1390
1570720 1389
1570730 1389
1570740 1387
1570750 1386
1570760 1386
1570770 1385
1570780 1384
1570790 1384
1570800 1384
1570810 1384
1570820 1384
1570830 1384
1570840 1384
1570850 1384
1570860 1384
1570870 1384
1570880 1383
1570890 1383
1570900 1384
1570910 1384
1570920 1384
1570930 1385
1570940 1383
1570950 1383
1570960 1380
1570970 1380
1570980 1380
1570990 1379
1571000 1379
1571010 1379
1571020 1378
1571030 1377
1571040 1377
1571050 1376
1571060 1375
1571070 1375
1571080 1375
1571090 1374
1571100 1374
1571110 1374
1571120 1373
1571130 1373
1571140 1373
1571150 1373
1571160 1372
1571170 1372
1571180 1371
1571190 1371
1571200 1371
1571210 1370
1571220 1369
1571230 1369
1571240 1369
1571250 1368
1571260 1368
1571270 1367
1571280 1366
1571290 1365
1571300 1365
1571310 1364
1571320 1363
1571330 1363
1571340 1362
1571350 1361
1571360 1361
1571370 1360
1571380 1359
1571390 1359
1571400 1358
1571410 1357
1571420 1357
1571430 1355
1571440 1353
1571450 1353
1571460 1351
1571470 1351
1571480 1350
1571490 1350
1571500 1350
1571510 1349
1571520 1349
1571530 1350
1571540 1350
1571550 1350
1571560 1350
1571570 1350
1571580 1350
1571590 1350
1571600 1347
1571610 1347
1571620 1343
1571630 1344
1571640 1344
1571650 1348
1571660 1350
1571670 1350
1571680 1351
1571690 1350
1571700 1350
1571710 1350
1571720 1351
1571730 1351
1571740 1351
1571750 1351
1571760 1351
1571770 1351
1571780 1351
1571790 1351
1571800 1351
1571810 1352
1571820 1353
1571830 1353
1571840 1354
1571850 1355
1571860 1355
1571870 1357
1571880 1359
1571890 1359
1571900 1359
1571910 1360
1571920 1362
1571930 1362
1571940 1365
1571950 1367
1571960 1367
1571970 1368
1571980 1370
1571990 1370
1572000 1372
1572010 1373
1572020 1373
1572030 1375
1572040 1376
1572050 1376
1572060 1378
1572070 1380
1572080 1380
1572090 1383
1572100 1385
1572110 1386
1572120 1386
1572130 1385
1572140 1385
1572150 1385
1572160 1387
1572170 1390
1572180 1390
1572190 1393
1572200 1394
1572210 1394
1572220 1397
1572230 1400
1572240 1400
1572250 1402
1572260 1405
1572270 1405
1572280 1408
1572290 1410
1572300 1410
1572310 1411
1572320 1413
1572330 1415
1572340 1415
1572350 1417
1572360 1419
1572370 1419
1572380 1420
1572390 1421
1572400 1421
1572410 1421
1572420 1419
1572430 1419
1572440 1420
1572450 1420
1572460 1420
1572470 1421
1572480 1422
1572490 1422
1572500 1423
1572510 1425
1572520 1427
1572530 1427
1572540 1428
1572550 1429
1572560 1429
1572570 1430
1572580 1431
1572590 1431
1572600 1432
1572610 1433
1572620 1433
1572630 1433
1572640 1434
1572650 1434
1572660 1435
1572670 1435
1572680 1435
1572690 1436
1572700 1437
1572710 1437
1572720 1437
1572730 1438
1572740 1439
1572750 1439
1572760 1439
1572770 1439
1572780 1439
1572790 1439
1572800 1439
1572810 1439
1572820 1439
1572830 1439
1572840 1439
1572850 1439
1572860 1439
1572870 1439
1572880 1439
1572890 1439
1572900 1439
1572910 1439
1572920 1440
1572930 1441
1572940 1441
1572950 1439
1572960 1437
1572970 1437
1572980 1440
1572990 1443
1573000 1443
1573010 1446
1573020 1450
1573030 1450
1573040 1454
1573050 1458
1573060 1458
1573070 1461
1573080 1466
1573090 1466
1573100 1470
1573110 1474
1573120 1474
1573130 1477
1573140 1480
1573150 1483
1573160 1483
1573170 1486
1573180 1487
1573190 1487
1573200 1489
1573210 1492
1573220 1492
1573230 1496
1573240 1500
1573250 1500
1573260 1503
1573270 1506
1573280 1506
1573290 1508
1573300 1511
1573310 1511
1573320 1514
1573330 1516
1573340 1518
1573350 1518
1573360 1519
1573370 1520
1573380 1520
1573390 1522
1573400 1524
1573410 1524
1573420 1526
1573430 1527
1573440 1527
1573450 1529
1573460 1531
1573470 1531
1573480 1533
1573490 1534
1573500 1534
1573510 1535
1573520 1538
1573530 1538
1573540 1540
1573550 1541
1573560 1543
1573570 1543
1573580 1544
1573590 1546
1573600 1546
1573610 1549
1573620 1552
1573630 1552
1573640 1555
1573650 1558
1573660 1558
1573670 1560
1573680 1561
1573690 1561
1573700 1561
1573710 1561
1573720 1561
1573730 1560
1573740 1560
1573750 1560
1573760 1558
1573770 1550
1573780 1546
1573790 1546
1573800 1544
1573810 1544
1573820 1544
1573830 1542
1573840 1540
1573850 1537
1573860 1535
1573870 1532
1573880 1532
1573890 1533
1573900 1528
1573910 1528
1573920 1523
1573930 1520
1573940 1520
1573950 1515
1573960 1511
1573970 1506
1573980 1506
1573990 1499
1574000 1492
1574010 1492
1574020 1485
1574030 1480
1574040 1480
1574050 1473
1574060 1465
1574070 1465
1574080 1456
1574090 1448
1574100 1448
1574110 1443
1574120 1440
1574130 1440
1574140 1437
1574150 1433
1574160 1433
1574170 1430
1574180 1427
1574190 1424
1574200 1424
1574210 1425
1574220 1423
1574230 1423
1574240 1419
1574250 1415
1574260 1415
1574270 1413
1574280 1409
1574290 1409
1574300 1405
1574310 1401
1574320 1401
1574330 1394
1574340 1384
1574350 1384
1574360 1376
1574370 1370
1574380 1364
1574390 1364
1574400 1356
1574410 1348
1574420 1348
1574430 1342
1574440 1335
1574450 1335
1574460 1327
1574470 1324
1574480 1324
1574490 1322
1574500 1318
1574510 1318
1574520 1313
1574530 1307
1574540 1307
1574550 1301
1574560 1297
1574570 1297
1574580 1290
1574590 1283
1574600 1277
1574610 1277
1574620 1271
1574630 1263
1574640 1263
1574650 1256
1574660 1249
1574670 1249
1574680 1244
1574690 1237
1574700 1237
1574710 1230
1574720 1223
1574730 1223
1574740 1218
1574750 1213
1574760 1213
1574770 1208
1574780 1205
1574790 1205
1574800 1202
1574810 1197
1574820 1190
1574830 1190
1574840 1185
1574850 1180
1574860 1180
1574870 1176
1574880 1172
1574890 1172
1574900 1171
1574910 1167
1574920 1167
1574930 1164
1574940 1161
1574950 1161
1574960 1159
1574970 1158
1574980 1158
1574990 1158
1575000 1158
1575010 1158
1575020 1158
1575030 1158
1575040 1164
1575050 1164
1575060 1169
1575070 1174
1575080 1174
1575090 1179
1575100 1185
1575110 1185
1575120 1191
1575130 1196
1575140 1196
1575150 1201
1575160 1205
1575170 1205
1575180 1209
1575190 1213
1575200 1213
1575210 1218
1575220 1225
1575230 1230
1575240 1230
1575250 1236
1575260 1246
1575270 1246
1575280 1251
1575290 1255
1575300 1255
1575310 1259
1575320 1262
1575330 1262
1575340 1265
1575350 1269
1575360 1269
1575370 1272
1575380 1274
1575390 1274
1575400 1276
1575410 1279
1575420 1282
1575430 1282
1575440 1284
1575450 1284
1575460 1284
1575470 1285
1575480 1287
1575490 1287
1575500 1291
1575510 1294
1575520 1294
1575530 1298
1575540 1301
1575550 1301
1575560 1305
1575570 1310
1575580 1310
1575590 1315
1575600 1319
1575610 1319
1575620 1322
1575630 1324
1575640 1326
1575650 1326
1575660 1328
1575670 1330
1575680 1330
1575690 1335
1575700 1338
1575710 1338
1575720 1342
1575730 1345
1575740 1345
1575750 1347
1575760 1350
1575770 1350
1575780 1355
1575790 1359
1575800 1359
1575810 1364
1575820 1368
1575830 1368
1575840 1372
1575850 1379
1575860 1387
1575870 1387
1575880 1394
1575890 1400
1575900 1400
1575910 1406
1575920 1410
1575930 1410
1575940 1414
1575950 1419
1575960 1419
1575970 1424
1575980 1429
1575990 1429
1576000 1433
1576010 1436
1576020 1436
1576030 1439
1576040 1442
1576050 1444
1576060 1444
1576070 1447
1576080 1449
1576090 1449
1576100 1453
1576110 1457
1576120 1457
1576130 1462
1576140 1467
1576150 1467
1576160 1472
1576170 1476
1576180 1476
1576190 1480
1576200 1486
1576210 1486
1576220 1493
1576230 1499
1576240 1499
1576250 1506
1576260 1510
1576270 1514
1576280 1514
1576290 1518
1576300 1522
1576310 1522
1576320 1525
1576330 1528
1576340 1528
1576350 1531
1576360 1535
1576370 1535
1576380 1540
1576390 1544
1576400 1544
1576410 1548
1576420 1552
1576430 1552
1576440 1558
1576450 1567
1576460 1576
1576470 1576
1576480 1587
1576490 1598
1576500 1598
1576510 1609
1576520 1621
1576530 1621
1576540 1631
1576550 1641
1576560 1641
1576570 1649
1576580 1656
1576590 1656
1576600 1661
1576610 1664
1576620 1664
1576630 1663
1576640 1662
1576650 1662
1576660 1659
1576670 1655
1576680 1650
1576690 1650
1576700 1646
1576710 1642
1576720 1642
1576730 1639
1576740 1635
1576750 1635
1576760 1631
1576770 1627
1576780 1627
1576790 1623
1576800 1619
1576810 1619
1576820 1615
1576830 1612
1576840 1612
1576850 1608
1576860 1604
1576870 1604
1576880 1600
1576890 1596
1576900 1594
1576910 1594
1576920 1590
1576930 1587
1576940 1587
1576950 1584
1576960 1581
1576970 1581
1576980 1578
1576990 1575
1577000 1575
1577010 1571
1577020 1567
1577030 1567
1577040 1564
1577050 1562
1577060 1562
1577070 1559
1577080 1556
1577090 1553
1577100 1553
1577110 1550
1577120 1547
1577130 1547
1577140 1544
1577150 1540
1577160 1540
1577170 1537
1577180 1534
1577190 1534
1577200 1531
1577210 1528
1577220 1528
1577230 1525
1577240 1523
1577250 1523
1577260 1520
1577270 1518
1577280 1518
1577290 1515
1577300 1513
1577310 1511
1577320 1511
1577330 1508
1577340 1505
1577350 1505
1577360 1501
1577370 1497
1577380 1497
1577390 1493
1577400 1489
1577410 1489
1577420 1485
1577430 1481
1577440 1481
1577450 1476
1577460 1472
1577470 1472
1577480 1467
1577490 1462
1577500 1456
1577510 1456
1577520 1450
1577530 1444
1577540 1444
1577550 1439
1577560 1436
1577570 1436
1577580 1432
1577590 1428
1577600 1428
1577610 1424
1577620 1421
1577630 1421
1577640 1418
1577650 1414
1577660 1414
1577670 1408
1577680 1403
1577690 1403
1577700 1400
1577710 1396
1577720 1392
1577730 1392
1577740 1388
1577750 1383
1577760 1383
1577770 1379
1577780 1375
1577790 1375
1577800 1370
1577810 1365
1577820 1365
1577830 1360
1577840 1352
1577850 1352
1577860 1345
1577870 1341
1577880 1341
1577890 1338
1577900 1335
1577910 1335
1577920 1330
1577930 1328
1577940 1325
1577950 1325
1577960 1322
1577970 1322
1577980 1322
1577990 1321
1578000 1318
1578010 1314
1578020 1312
1578030 1310
1578040 1310
1578050 1307
1578060 1304
1578070 1304
1578080 1301
1578090 1297
1578100 1297
1578110 1291
1578120 1286
1578130 1281
1578140 1281
1578150 1277
1578160 1274
1578170 1274
1578180 1271
1578190 1268
1578200 1268
1578210 1264
1578220 1260
1578230 1260
1578240 1256
1578250 1250
1578260 1250
1578270 1245
1578280 1240
1578290 1240
1578300 1236
1578310 1231
1578320 1231
1578330 1227
1578340 1221
1578350 1215
1578360 1215
1578370 1209
1578380 1202
1578390 1202
1578400 1195
1578410 1190
1578420 1190
1578430 1184
1578440 1178
1578450 1178
1578460 1172
1578470 1165
1578480 1165
1578490 1159
1578500 1151
1578510 1151
1578520 1144
1578530 1137
1578540 1130
1578550 1130
1578560 1123
1578570 1116
1578580 1116
1578590 1110
1578600 1104
1578610 1104
1578620 1098
1578630 1091
1578640 1091
1578650 1084
1578660 1077
1578670 1077
1578680 1071
1578690 1065
1578700 1065
1578710 1061
1578720 1057
1578730 1057
1578740 1054
1578750 1051
1578760 1048
1578770 1048
1578780 1045
1578790 1042
1578800 1042
1578810 1038
1578820 1035
1578830 1035
1578840 1035
1578850 1039
1578860 1039
1578870 1044
1578880 1047
1578890 1047
1578900 1049
1578910 1051
1578920 1051
1578930 1055
1578940 1059
1578950 1059
1578960 1064
1578970 1068
1578980 1071
1578990 1071
1579000 1075
1579010 1078
1579020 1078
1579030 1081
1579040 1083
1579050 1083
1579060 1088
1579070 1092
1579080 1092
1579090 1095
1579100 1099
1579110 1099
1579120 1102
1579130 1105
1579140 1105
1579150 1107
1579160 1110
1579170 1113
1579180 1113
1579190 1118
1579200 1121
1579210 1121
1579220 1126
1579230 1128
1579240 1128
1579250 1131
1579260 1135
1579270 1135
1579280 1138
1579290 1141
1579300 1141
1579310 1145
1579320 1149
1579330 1149
1579340 1152
1579350 1161
1579360 1161
1579370 1164
1579380 1168
1579390 1172
1579400 1172
1579410 1175
1579420 1180
1579430 1180
1579440 1185
1579450 1190
1579460 1190
1579470 1195
1579480 1197
1579490 1197
1579500 1198
1579510 1199
1579520 1199
1579530 1201
1579540 1202
1579550 1202
1579560 1202
1579570 1202
1579580 1201
1579590 1201
1579600 1200
1579610 1200
1579620 1200
1579630 1199
1579640 1199
1579650 1199
1579660 1199
1579670 1198
1579680 1198
1579690 1198
1579700 1199
1579710 1199
1579720 1200
1579730 1200
1579740 1200
1579750 1200
1579760 1200
1579770 1200
1579780 1200
1579790 1199
1579800 1199
1579810 1199
1579820 1199
1579830 1200
1579840 1200
1579850 1200
1579860 1199
1579870 1199
1579880 1198
1579890 1198
1579900 1198
1579910 1198
1579920 1197
1579930 1197
1579940 1197
1579950 1196
1579960 1196
1579970 1196
1579980 1195
1579990 1195
