1560000 1386
1560010 1387
1560020 1387
1560030 1389
1560040 1392
1560050 1395
1560060 1395
1560070 1399
1560080 1403
1560090 1403
1560100 1406
1560110 1410
1560120 1410
1560130 1414
1560140 1418
1560150 1418
1560160 1422
1560170 1424
1560180 1424
1560190 1427
1560200 1432
1560210 1432
1560220 1437
1560230 1439
1560240 1439
1560250 1441
1560260 1443
1560270 1446
1560280 1446
1560290 1448
1560300 1450
1560310 1450
1560320 1451
1560330 1452
1560340 1452
1560350 1453
1560360 1452
1560370 1452
1560380 1449
1560390 1447
1560400 1447
1560410 1448
1560420 1449
1560430 1449
1560440 1451
1560450 1454
1560460 1456
1560470 1456
1560480 1458
1560490 1459
1560500 1459
1560510 1460
1560520 1462
1560530 1462
1560540 1465
1560550 1467
1560560 1467
1560570 1471
1560580 1473
1560590 1473
1560600 1475
1560610 1477
1560620 1477
1560630 1479
1560640 1481
1560650 1481
1560660 1483
1560670 1485
1560680 1488
1560690 1488
1560700 1490
1560710 1491
1560720 1491
1560730 1493
1560740 1495
1560750 1495
1560760 1497
1560770 1501
1560780 1501
1560790 1503
1560800 1505
1560810 1505
1560820 1508
1560830 1510
1560840 1510
1560850 1512
1560860 1514
1560870 1516
1560880 1516
1560890 1518
1560900 1520
1560910 1520
1560920 1523
1560930 1526
1560940 1526
1560950 1529
1560960 1532
1560970 1532
1560980 1534
1560990 1537
1561000 1537
1561010 1540
1561020 1542
1561030 1542
1561040 1545
1561050 1548
1561060 1548
1561070 1550
1561080 1552
1561090 1554
1561100 1554
1561110 1556
1561120 1558
1561130 1558
1561140 1561
1561150 1563
1561160 1563
1561170 1565
1561180 1568
1561190 1568
1561200 1570
1561210 1573
1561220 1573
1561230 1575
1561240 1578
1561250 1578
1561260 1581
1561270 1583
1561280 1583
1561290 1586
1561300 1590
1561310 1591
1561320 1591
1561330 1594
1561340 1596
1561350 1596
1561360 1598
1561370 1600
1561380 1600
1561390 1602
1561400 1605
1561410 1605
1561420 1606
1561430 1608
1561440 1608
1561450 1609
1561460 1611
1561470 1611
1561480 1613
1561490 1615
1561500 1618
1561510 1618
1561520 1622
1561530 1624
1561540 1624
1561550 1625
1561560 1626
1561570 1626
1561580 1626
1561590 1627
1561600 1627
1561610 1627
1561620 1627
1561630 1627
1561640 1627
1561650 1626
1561660 1626
1561670 1626
1561680 1625
1561690 1625
1561700 1624
1561710 1625
1561720 1625
1561730 1625
1561740 1625
1561750 1625
1561760 1625
1561770 1625
1561780 1625
1561790 1625
1561800 1625
1561810 1625
1561820 1625
1561830 1626
1561840 1627
1561850 1627
1561860 1629
1561870 1630
1561880 1630
1561890 1631
1561900 1633
1561910 1634
1561920 1634
1561930 1635
1561940 1635
1561950 1635
1561960 1636
1561970 1637
1561980 1637
1561990 1639
1562000 1640
1562010 1640
1562020 1642
1562030 1644
1562040 1644
1562050 1646
1562060 1647
1562070 1647
1562080 1648
1562090 1648
1562100 1648
1562110 1649
1562120 1649
1562130 1650
1562140 1650
1562150 1650
1562160 1651
1562170 1651
1562180 1652
1562190 1652
1562200 1652
1562210 1652
1562220 1652
1562230 1652
1562240 1652
1562250 1653
1562260 1653
1562270 1653
1562280 1654
1562290 1654
1562300 1654
1562310 1654
1562320 1655
1562330 1655
1562340 1655
1562350 1655
1562360 1655
1562370 1654
1562380 1654
1562390 1654
1562400 1653
1562410 1652
1562420 1652
1562430 1650
1562440 1648
1562450 1648
1562460 1645
1562470 1643
1562480 1643
1562490 1642
1562500 1642
1562510 1642
1562520 1641
1562530 1642
1562540 1643
1562550 1643
1562560 1645
1562570 1646
1562580 1646
1562590 1647
1562600 1649
1562610 1649
1562620 1651
1562630 1654
1562640 1654
1562650 1657
1562660 1661
1562670 1661
1562680 1665
1562690 1670
1562700 1670
1562710 1674
1562720 1678
1562730 1678
1562740 1682
1562750 1689
1562760 1694
1562770 1694
1562780 1698
1562790 1700
1562800 1700
1562810 1700
1562820 1702
1562830 1702
1562840 1706
1562850 1709
1562860 1709
1562870 1712
1562880 1713
1562890 1713
1562900 1713
1562910 1713
1562920 1713
1562930 1713
1562940 1706
1562950 1703
1562960 1703
1562970 1701
1562980 1698
1562990 1698
1563000 1696
1563010 1694
1563020 1694
1563030 1693
1563040 1692
1563050 1692
1563060 1691
1563070 1690
1563080 1690
1563090 1690
1563100 1690
1563110 1690
1563120 1689
1563130 1688
1563140 1688
1563150 1687
1563160 1686
1563170 1685
1563180 1685
1563190 1683
1563200 1682
1563210 1682
1563220 1681
1563230 1680
1563240 1680
1563250 1679
1563260 1678
1563270 1678
1563280 1677
1563290 1677
1563300 1677
1563310 1676
1563320 1676
1563330 1676
1563340 1676
1563350 1676
1563360 1676
1563370 1676
1563380 1676
1563390 1677
1563400 1677
1563410 1677
1563420 1678
1563430 1678
1563440 1678
1563450 1678
1563460 1678
1563470 1679
1563480 1680
1563490 1680
1563500 1681
1563510 1681
1563520 1681
1563530 1682
1563540 1683
1563550 1683
1563560 1684
1563570 1685
1563580 1686
1563590 1686
1563600 1687
1563610 1687
1563620 1687
1563630 1688
1563640 1689
1563650 1689
1563660 1691
1563670 1693
1563680 1693
1563690 1697
1563700 1701
1563710 1701
1563720 1705
1563730 1709
1563740 1709
1563750 1713
1563760 1717
1563770 1721
1563780 1721
1563790 1725
1563800 1730
1563810 1730
1563820 1734
1563830 1737
1563840 1737
1563850 1741
1563860 1744
1563870 1744
1563880 1746
1563890 1749
1563900 1749
1563910 1752
1563920 1755
1563930 1755
1563940 1757
1563950 1759
1563960 1759
1563970 1760
1563980 1761
1563990 1763
1564000 1763
1564010 1765
1564020 1766
1564030 1766
1564040 1767
1564050 1769
1564060 1769
1564070 1771
1564080 1772
1564090 1772
1564100 1774
1564110 1775
1564120 1775
1564130 1777
1564140 1778
1564150 1778
1564160 1782
1564170 1785
1564180 1785
1564190 1789
1564200 1791
1564210 1794
1564220 1794
1564230 1797
1564240 1800
1564250 1800
1564260 1803
1564270 1806
1564280 1806
1564290 1809
1564300 1812
1564310 1812
1564320 1815
1564330 1818
1564340 1818
1564350 1821
1564360 1823
1564370 1823
1564380 1827
1564390 1829
1564400 1832
1564410 1832
1564420 1834
1564430 1838
1564440 1838
1564450 1841
1564460 1843
1564470 1843
1564480 1846
1564490 1849
1564500 1849
1564510 1852
1564520 1855
1564530 1855
1564540 1856
1564550 1858
1564560 1858
1564570 1861
1564580 1864
1564590 1864
1564600 1866
1564610 1870
1564620 1872
1564630 1872
1564640 1875
1564650 1878
1564660 1878
1564670 1881
1564680 1884
1564690 1884
1564700 1887
1564710 1890
1564720 1890
1564730 1894
1564740 1897
1564750 1897
1564760 1900
1564770 1903
1564780 1903
1564790 1906
1564800 1910
1564810 1914
1564820 1914
1564830 1917
1564840 1920
1564850 1920
1564860 1922
1564870 1925
1564880 1925
1564890 1927
1564900 1930
1564910 1930
1564920 1932
1564930 1935
1564940 1935
1564950 1936
1564960 1938
1564970 1938
1564980 1940
1564990 1942
1565000 1942
1565010 1945
1565020 1947
1565030 1949
1565040 1949
1565050 1951
1565060 1954
1565070 1954
1565080 1956
1565090 1959
1565100 1959
1565110 1961
1565120 1963
1565130 1963
1565140 1964
1565150 1966
1565160 1966
1565170 1967
1565180 1968
1565190 1968
1565200 1970
1565210 1971
1565220 1973
1565230 1973
1565240 1975
1565250 1977
1565260 1977
1565270 1980
1565280 1982
1565290 1982
1565300 1984
1565310 1986
1565320 1986
1565330 1989
1565340 1992
1565350 1992
1565360 1996
1565370 1998
1565380 1998
1565390 2001
1565400 2004
1565410 2004
1565420 2007
1565430 2009
1565440 2011
1565450 2011
1565460 2012
1565470 2007
1565480 2007
1565490 2000
1565500 1994
1565510 1994
1565520 1988
1565530 1980
1565540 1980
1565550 1973
1565560 1967
1565570 1967
1565580 1961
1565590 1955
1565600 1955
1565610 1949
1565620 1944
1565630 1944
1565640 1939
1565650 1935
1565660 1932
1565670 1932
1565680 1928
1565690 1924
1565700 1924
1565710 1920
1565720 1918
1565730 1918
1565740 1916
1565750 1913
1565760 1913
1565770 1910
1565780 1909
1565790 1909
1565800 1908
1565810 1907
1565820 1907
1565830 1907
1565840 1907
1565850 1905
1565860 1905
1565870 1901
1565880 1897
1565890 1897
1565900 1894
1565910 1892
1565920 1892
1565930 1890
1565940 1889
1565950 1889
1565960 1889
1565970 1891
1565980 1891
1565990 1892
1566000 1894
1566010 1894
1566020 1897
1566030 1899
1566040 1899
1566050 1903
1566060 1907
1566070 1909
1566080 1909
1566090 1911
1566100 1914
1566110 1920
1566120 1924
1566130 1924
1566140 1924
1566150 1925
1566160 1925
1566170 1925
1566180 1926
1566190 1927
1566200 1927
1566210 1929
1566220 1932
1566230 1932
1566240 1933
1566250 1934
1566260 1934
1566270 1934
1566280 1934
1566290 1933
1566300 1933
1566310 1932
1566320 1931
1566330 1931
1566340 1929
1566350 1929
1566360 1929
1566370 1929
1566380 1929
1566390 1929
1566400 1928
1566410 1927
1566420 1927
1566430 1926
1566440 1924
1566450 1924
1566460 1922
1566470 1919
1566480 1917
1566490 1917
1566500 1914
1566510 1910
1566520 1910
1566530 1906
1566540 1900
1566550 1900
1566560 1894
1566570 1889
1566580 1889
1566590 1884
1566600 1879
1566610 1879
1566620 1876
1566630 1874
1566640 1874
1566650 1871
1566660 1868
1566670 1865
1566680 1865
1566690 1862
1566700 1859
1566710 1859
1566720 1857
1566730 1857
1566740 1857
1566750 1854
1566760 1854
1566770 1854
1566780 1856
1566790 1858
1566800 1858
1566810 1859
1566820 1862
1566830 1862
1566840 1865
1566850 1867
1566860 1867
1566870 1869
1566880 1872
1566890 1877
1566900 1877
1566910 1883
1566920 1888
1566930 1888
1566940 1893
1566950 1898
1566960 1898
1566970 1902
1566980 1907
1566990 1907
1567000 1912
1567010 1917
1567020 1917
1567030 1921
1567040 1926
1567050 1926
1567060 1931
1567070 1935
1567080 1935
1567090 1940
1567100 1945
1567110 1950
1567120 1950
1567130 1954
1567140 1959
1567150 1959
1567160 1963
1567170 1968
1567180 1968
1567190 1972
1567200 1976
1567210 1976
1567220 1980
1567230 1983
1567240 1983
1567250 1987
1567260 1990
1567270 1990
1567280 1994
1567290 1997
1567300 2000
1567310 2000
1567320 2002
1567330 2005
1567340 2005
1567350 2007
1567360 2009
1567370 2009
1567380 2011
1567390 2013
1567400 2013
1567410 2014
1567420 2015
1567430 2015
1567440 2016
1567450 2016
1567460 2016
1567470 2014
1567480 2013
1567490 2013
1567500 2012
1567510 2011
1567520 2012
1567530 2012
1567540 2012
1567550 2013
1567560 2013
1567570 2013
1567580 2012
1567590 2012
1567600 2011
1567610 2008
1567620 2008
1567630 2005
1567640 2002
1567650 2004
1567660 2001
1567670 1997
1567680 1997
1567690 1992
1567700 1986
1567710 1979
1567720 1979
1567730 1972
1567740 1965
1567750 1965
1567760 1958
1567770 1950
1567780 1950
1567790 1942
1567800 1935
1567810 1935
1567820 1928
1567830 1922
1567840 1922
1567850 1916
1567860 1910
1567870 1910
1567880 1905
1567890 1900
1567900 1900
1567910 1893
1567920 1888
1567930 1881
1567940 1881
1567950 1874
1567960 1869
1567970 1869
1567980 1863
1567990 1858
1568000 1858
1568010 1852
1568020 1846
1568030 1846
1568040 1840
1568050 1834
1568060 1834
1568070 1830
1568080 1826
1568090 1826
1568100 1821
1568110 1817
1568120 1813
1568130 1813
1568140 1811
1568150 1809
1568160 1809
1568170 1806
1568180 1803
1568190 1803
1568200 1800
1568210 1797
1568220 1797
1568230 1793
1568240 1790
1568250 1790
1568260 1787
1568270 1785
1568280 1785
1568290 1782
1568300 1778
1568310 1778
1568320 1775
1568330 1771
1568340 1767
1568350 1767
1568360 1763
1568370 1759
1568380 1759
1568390 1756
1568400 1753
1568410 1753
1568420 1749
1568430 1746
1568440 1746
1568450 1742
1568460 1739
1568470 1739
1568480 1735
1568490 1732
1568500 1732
1568510 1730
1568520 1727
1568530 1727
1568540 1723
1568550 1719
1568560 1715
1568570 1715
1568580 1711
1568590 1706
1568600 1706
1568610 1703
1568620 1698
1568630 1698
1568640 1688
1568650 1683
1568660 1683
1568670 1678
1568680 1673
1568690 1673
1568700 1668
1568710 1663
1568720 1663
1568730 1658
1568740 1655
1568750 1651
1568760 1651
1568770 1648
1568780 1645
1568790 1645
1568800 1642
1568810 1639
1568820 1639
1568830 1637
1568840 1635
1568850 1635
1568860 1632
1568870 1629
1568880 1629
1568890 1627
1568900 1624
1568910 1624
1568920 1622
1568930 1620
1568940 1620
1568950 1617
1568960 1614
1568970 1611
1568980 1611
1568990 1608
1569000 1604
1569010 1604
1569020 1600
1569030 1597
1569040 1597
1569050 1594
1569060 1590
1569070 1590
1569080 1586
1569090 1583
1569100 1583
1569110 1580
1569120 1577
1569130 1577
1569140 1574
1569150 1570
1569160 1567
1569170 1567
1569180 1563
1569190 1560
1569200 1560
1569210 1556
1569220 1552
1569230 1552
1569240 1548
1569250 1544
1569260 1544
1569270 1541
1569280 1537
1569290 1537
1569300 1532
1569310 1527
1569320 1527
1569330 1523
1569340 1518
1569350 1518
1569360 1514
1569370 1509
1569380 1505
1569390 1505
1569400 1501
1569410 1498
1569420 1498
1569430 1494
1569440 1491
1569450 1491
1569460 1488
1569470 1485
1569480 1485
1569490 1481
1569500 1477
1569510 1477
1569520 1472
1569530 1470
1569540 1470
1569550 1470
1569560 1471
1569570 1471
1569580 1470
1569590 1467
1569600 1466
1569610 1466
1569620 1464
1569630 1461
1569640 1461
1569650 1458
1569660 1453
1569670 1453
1569680 1450
1569690 1452
1569700 1452
1569710 1457
1569720 1462
1569730 1462
1569740 1465
1569750 1467
1569760 1467
1569770 1469
1569780 1470
1569790 1471
1569800 1471
1569810 1473
1569820 1474
1569830 1474
1569840 1475
1569850 1476
1569860 1476
1569870 1478
1569880 1480
1569890 1480
1569900 1482
1569910 1483
1569920 1483
1569930 1485
1569940 1486
1569950 1486
1569960 1488
1569970 1490
1569980 1490
1569990 1492
1570000 1493
1570010 1495
1570020 1495
1570030 1496
1570040 1497
1570050 1497
1570060 1497
1570070 1498
1570080 1498
1570090 1499
1570100 1500
1570110 1500
1570120 1502
1570130 1504
1570140 1504
1570150 1505
1570160 1506
1570170 1506
1570180 1507
1570190 1507
1570200 1508
1570210 1508
1570220 1510
1570230 1512
1570240 1512
1570250 1513
1570260 1515
1570270 1515
1570280 1517
1570290 1519
1570300 1519
1570310 1521
1570320 1522
1570330 1522
1570340 1524
1570350 1526
1570360 1526
1570370 1529
1570380 1531
1570390 1531
1570400 1534
1570410 1536
1570420 1539
1570430 1539
1570440 1542
1570450 1544
1570460 1544
1570470 1547
1570480 1549
1570490 1549
1570500 1551
1570510 1553
1570520 1553
1570530 1555
1570540 1557
1570550 1557
1570560 1558
1570570 1559
1570580 1559
1570590 1559
1570600 1559
1570610 1560
1570620 1560
1570630 1561
1570640 1563
1570650 1558
1570660 1559
1570670 1558
1570680 1558
1570690 1558
1570700 1558
1570710 1558
1570720 1557
1570730 1555
1570740 1555
1570750 1554
1570760 1553
1570770 1553
1570780 1553
1570790 1551
1570800 1551
1570810 1550
1570820 1548
1570830 1546
1570840 1546
1570850 1545
1570860 1544
1570870 1544
1570880 1542
1570890 1539
1570900 1539
1570910 1537
1570920 1534
1570930 1534
1570940 1532
1570950 1529
1570960 1529
1570970 1526
1570980 1523
1570990 1523
1571000 1520
1571010 1517
1571020 1517
1571030 1514
1571040 1511
1571050 1508
1571060 1508
1571070 1506
1571080 1503
1571090 1503
1571100 1500
1571110 1497
1571120 1497
1571130 1495
1571140 1494
1571150 1494
1571160 1493
1571170 1491
1571180 1491
1571190 1488
1571200 1485
1571210 1485
1571220 1482
1571230 1480
1571240 1475
1571250 1475
1571260 1470
1571270 1467
1571280 1467
1571290 1464
1571300 1461
1571310 1461
1571320 1459
1571330 1457
1571340 1457
1571350 1454
1571360 1451
1571370 1451
1571380 1448
1571390 1444
1571400 1444
1571410 1440
1571420 1436
1571430 1436
1571440 1434
1571450 1431
1571460 1426
1571470 1426
1571480 1422
1571490 1418
1571500 1418
1571510 1414
1571520 1411
1571530 1411
1571540 1408
1571550 1409
1571560 1409
1571570 1412
1571580 1416
1571590 1416
1571600 1418
1571610 1424
1571620 1424
1571630 1427
1571640 1432
1571650 1435
1571660 1435
1571670 1437
1571680 1440
1571690 1440
1571700 1442
1571710 1444
1571720 1444
1571730 1447
1571740 1450
1571750 1450
1571760 1453
1571770 1456
1571780 1456
1571790 1460
1571800 1463
1571810 1463
1571820 1467
1571830 1471
1571840 1471
1571850 1474
1571860 1477
1571870 1482
1571880 1482
1571890 1486
1571900 1489
1571910 1489
1571920 1493
1571930 1496
1571940 1496
1571950 1500
1571960 1503
1571970 1503
1571980 1506
1571990 1509
1572000 1509
1572010 1511
1572020 1513
1572030 1513
1572040 1516
1572050 1519
1572060 1520
1572070 1520
1572080 1521
1572090 1522
1572100 1522
1572110 1523
1572120 1522
1572130 1522
1572140 1523
1572150 1525
1572160 1525
1572170 1525
1572180 1526
1572190 1526
1572200 1526
1572210 1527
1572220 1527
1572230 1527
1572240 1528
1572250 1528
1572260 1528
1572270 1529
1572280 1530
1572290 1530
1572300 1530
1572310 1531
1572320 1531
1572330 1531
1572340 1531
1572350 1531
1572360 1531
1572370 1532
1572380 1532
1572390 1533
1572400 1535
1572410 1535
1572420 1535
1572430 1537
1572440 1537
1572450 1539
1572460 1540
1572470 1540
1572480 1540
1572490 1542
1572500 1544
1572510 1544
1572520 1547
1572530 1549
1572540 1549
1572550 1551
1572560 1553
1572570 1553
1572580 1555
1572590 1556
1572600 1556
1572610 1558
1572620 1559
1572630 1559
1572640 1561
1572650 1563
1572660 1563
1572670 1565
1572680 1568
1572690 1571
1572700 1571
1572710 1575
1572720 1578
1572730 1578
1572740 1580
1572750 1582
1572760 1582
1572770 1584
1572780 1585
1572790 1585
1572800 1587
1572810 1588
1572820 1588
1572830 1588
1572840 1589
1572850 1589
1572860 1589
1572870 1590
1572880 1590
1572890 1590
1572900 1591
1572910 1592
1572920 1592
1572930 1592
1572940 1593
1572950 1593
1572960 1594
1572970 1595
1572980 1595
1572990 1596
1573000 1597
1573010 1597
1573020 1597
1573030 1597
1573040 1597
1573050 1598
1573060 1598
1573070 1598
1573080 1598
1573090 1599
1573100 1600
1573110 1600
1573120 1600
1573130 1601
1573140 1601
1573150 1601
1573160 1602
1573170 1602
1573180 1603
1573190 1604
1573200 1604
1573210 1604
1573220 1604
1573230 1604
1573240 1605
1573250 1607
1573260 1607
1573270 1608
1573280 1608
1573290 1608
1573300 1609
1573310 1610
1573320 1611
1573330 1611
1573340 1612
1573350 1613
1573360 1613
1573370 1614
1573380 1615
1573390 1615
1573400 1616
1573410 1617
1573420 1617
1573430 1618
1573440 1620
1573450 1620
1573460 1622
1573470 1623
1573480 1623
1573490 1625
1573500 1628
1573510 1630
1573520 1630
1573530 1633
1573540 1635
1573550 1633
1573560 1636
1573570 1639
1573580 1639
1573590 1642
1573600 1644
1573610 1644
1573620 1646
1573630 1648
1573640 1648
1573650 1650
1573660 1651
1573670 1651
1573680 1652
1573690 1653
1573700 1653
1573710 1654
1573720 1654
1573730 1653
1573740 1653
1573750 1650
1573760 1645
1573770 1645
1573780 1640
1573790 1636
1573800 1636
1573810 1633
1573820 1629
1573830 1629
1573840 1626
1573850 1622
1573860 1622
1573870 1619
1573880 1615
1573890 1615
1573900 1611
1573910 1608
1573920 1608
1573930 1606
1573940 1601
1573950 1596
1573960 1596
1573970 1592
1573980 1589
1573990 1589
1574000 1585
1574010 1582
1574020 1582
1574030 1578
1574040 1574
1574050 1574
1574060 1570
1574070 1566
1574080 1566
1574090 1559
1574100 1555
1574110 1555
1574120 1551
1574130 1545
1574140 1541
1574150 1541
1574160 1537
1574170 1533
1574180 1533
1574190 1527
1574200 1522
1574210 1522
1574220 1518
1574230 1514
1574240 1514
1574250 1508
1574260 1503
1574270 1503
1574280 1497
1574290 1490
1574300 1490
1574310 1481
1574320 1475
1574330 1475
1574340 1469
1574350 1463
1574360 1458
1574370 1458
1574380 1454
1574390 1451
1574400 1451
1574410 1448
1574420 1445
1574430 1445
1574440 1442
1574450 1438
1574460 1438
1574470 1434
1574480 1430
1574490 1430
1574500 1423
1574510 1416
1574520 1416
1574530 1410
1574540 1406
1574550 1400
1574560 1400
1574570 1395
1574580 1390
1574590 1390
1574600 1384
1574610 1379
1574620 1379
1574630 1373
1574640 1368
1574650 1368
1574660 1363
1574670 1359
1574680 1359
1574690 1355
1574700 1352
1574710 1352
1574720 1348
1574730 1343
1574740 1343
1574750 1337
1574760 1330
1574770 1324
1574780 1324
1574790 1319
1574800 1314
1574810 1314
1574820 1308
1574830 1300
1574840 1300
1574850 1294
1574860 1287
1574870 1287
1574880 1281
1574890 1276
1574900 1276
1574910 1270
1574920 1264
1574930 1264
1574940 1258
1574950 1251
1574960 1244
1574970 1244
1574980 1237
1574990 1230
1575000 1230
1575010 1225
1575020 1221
1575030 1221
1575040 1216
1575050 1212
1575060 1212
1575070 1206
1575080 1202
1575090 1202
1575100 1197
1575110 1194
1575120 1194
1575130 1192
1575140 1190
1575150 1190
1575160 1188
1575170 1185
1575180 1181
1575190 1181
1575200 1173
1575210 1165
1575220 1165
1575230 1160
1575240 1158
1575250 1158
1575260 1152
1575270 1144
1575280 1144
1575290 1137
1575300 1133
1575310 1133
1575320 1138
1575330 1147
1575340 1147
1575350 1157
1575360 1165
1575370 1165
1575380 1169
1575390 1172
1575400 1174
1575410 1174
1575420 1175
1575430 1176
1575440 1176
1575450 1177
1575460 1178
1575470 1178
1575480 1179
1575490 1181
1575500 1181
1575510 1183
1575520 1184
1575530 1184
1575540 1182
1575550 1180
1575560 1180
1575570 1184
1575580 1190
1575590 1195
1575600 1195
1575610 1199
1575620 1203
1575630 1203
1575640 1207
1575650 1209
1575660 1209
1575670 1212
1575680 1215
1575690 1215
1575700 1218
1575710 1221
1575720 1221
1575730 1224
1575740 1226
1575750 1226
1575760 1228
1575770 1230
1575780 1230
1575790 1232
1575800 1233
1575810 1235
1575820 1235
1575830 1237
1575840 1241
1575850 1241
1575860 1244
1575870 1248
1575880 1248
1575890 1251
1575900 1254
1575910 1254
1575920 1257
1575930 1261
1575940 1261
1575950 1264
1575960 1267
1575970 1267
1575980 1271
1575990 1275
1576000 1279
1576010 1279
1576020 1284
1576030 1288
1576040 1288
1576050 1293
1576060 1298
1576070 1298
1576080 1304
1576090 1308
1576100 1308
1576110 1311
1576120 1316
1576130 1316
1576140 1322
1576150 1329
1576160 1329
1576170 1335
1576180 1341
1576190 1341
1576200 1347
1576210 1352
1576220 1357
1576230 1357
1576240 1363
1576250 1369
1576260 1369
1576270 1375
1576280 1380
1576290 1380
1576300 1385
1576310 1391
1576320 1391
1576330 1398
1576340 1403
1576350 1403
1576360 1413
1576370 1416
1576380 1416
1576390 1419
1576400 1424
1576410 1430
1576420 1430
1576430 1435
1576440 1439
1576450 1439
1576460 1444
1576470 1448
1576480 1448
1576490 1453
1576500 1460
1576510 1460
1576520 1468
1576530 1476
1576540 1476
1576550 1484
1576560 1493
1576570 1493
1576580 1500
1576590 1505
1576600 1505
1576610 1510
1576620 1515
1576630 1520
1576640 1520
1576650 1526
1576660 1532
1576670 1532
1576680 1537
1576690 1542
1576700 1542
1576710 1546
1576720 1551
1576730 1551
1576740 1555
1576750 1559
1576760 1559
1576770 1561
1576780 1562
1576790 1562
1576800 1563
1576810 1564
1576820 1564
1576830 1565
1576840 1566
1576850 1566
1576860 1566
1576870 1565
1576880 1562
1576890 1562
1576900 1559
1576910 1557
1576920 1557
1576930 1554
1576940 1551
1576950 1551
1576960 1550
1576970 1550
1576980 1550
1576990 1548
1577000 1545
1577010 1545
1577020 1541
1577030 1537
1577040 1533
1577050 1533
1577060 1529
1577070 1524
1577080 1524
1577090 1520
1577100 1515
1577110 1515
1577120 1509
1577130 1504
1577140 1504
1577150 1499
1577160 1494
1577170 1494
1577180 1489
1577190 1484
1577200 1484
1577210 1480
1577220 1475
1577230 1475
1577240 1469
1577250 1466
1577260 1464
1577270 1464
1577280 1458
1577290 1453
1577300 1453
1577310 1448
1577320 1444
1577330 1444
1577340 1441
1577350 1437
1577360 1437
1577370 1433
1577380 1429
1577390 1429
1577400 1426
1577410 1424
1577420 1424
1577430 1420
1577440 1416
1577450 1412
1577460 1412
1577470 1408
1577480 1404
1577490 1404
1577500 1401
1577510 1397
1577520 1397
1577530 1394
1577540 1391
1577550 1391
1577560 1388
1577570 1384
1577580 1384
1577590 1381
1577600 1377
1577610 1377
1577620 1374
1577630 1370
1577640 1370
1577650 1367
1577660 1363
1577670 1359
1577680 1359
1577690 1356
1577700 1352
1577710 1352
1577720 1349
1577730 1347
1577740 1347
1577750 1344
1577760 1341
1577770 1341
1577780 1339
1577790 1338
1577800 1338
1577810 1337
1577820 1336
1577830 1336
1577840 1336
1577850 1337
1577860 1337
1577870 1337
1577880 1337
1577890 1337
1577900 1337
1577910 1337
1577920 1337
1577930 1337
1577940 1338
1577950 1339
1577960 1339
1577970 1341
1577980 1342
1577990 1342
1578000 1343
1578010 1344
1578020 1344
1578030 1344
1578040 1344
1578050 1344
1578060 1343
1578070 1343
1578080 1342
1578090 1342
1578100 1342
1578110 1342
1578120 1342
1578130 1342
1578140 1341
1578150 1341
1578160 1340
1578170 1337
1578180 1337
1578190 1331
1578200 1323
1578210 1323
1578220 1315
1578230 1307
1578240 1307
1578250 1300
1578260 1293
1578270 1293
1578280 1289
1578290 1289
1578300 1289
1578310 1289
1578320 1288
1578330 1286
1578340 1286
1578350 1285
1578360 1284
1578370 1284
1578380 1280
1578390 1274
1578400 1274
1578410 1271
1578420 1267
1578430 1267
1578440 1262
1578450 1258
1578460 1258
1578470 1254
1578480 1251
1578490 1249
1578500 1249
1578510 1246
1578520 1243
1578530 1243
1578540 1240
1578550 1236
1578560 1236
1578570 1233
1578580 1229
1578590 1229
1578600 1225
1578610 1221
1578620 1221
1578630 1216
1578640 1211
1578650 1211
1578660 1206
1578670 1201
1578680 1201
1578690 1196
1578700 1192
1578710 1187
1578720 1187
1578730 1182
1578740 1177
1578750 1177
1578760 1173
1578770 1169
1578780 1169
1578790 1165
1578800 1160
1578810 1160
1578820 1154
1578830 1145
1578840 1145
1578850 1137
1578860 1126
1578870 1126
1578880 1117
1578890 1108
1578900 1099
1578910 1099
1578920 1092
1578930 1085
1578940 1085
1578950 1077
1578960 1073
1578970 1073
1578980 1067
1578990 1063
1579000 1063
1579010 1061
1579020 1059
1579030 1059
1579040 1055
1579050 1056
1579060 1056
1579070 1052
1579080 1043
1579090 1043
1579100 1041
1579110 1037
1579120 1033
1579130 1033
1579140 1028
1579150 1024
1579160 1024
1579170 1020
1579180 1017
1579190 1017
1579200 1015
1579210 1015
1579220 1015
1579230 1013
1579240 1011
1579250 1011
1579260 1010
1579270 1009
1579280 1009
1579290 1007
1579300 1005
1579310 1003
1579320 1003
1579330 999
1579340 995
1579350 995
1579360 992
1579370 990
1579380 990
1579390 987
1579400 985
1579410 985
1579420 983
1579430 982
1579440 982
1579450 982
1579460 981
1579470 981
1579480 982
1579490 983
1579500 983
1579510 985
1579520 986
1579530 988
1579540 988
1579550 989
1579560 991
1579570 991
1579580 993
1579590 994
1579600 994
1579610 996
1579620 997
1579630 997
1579640 999
1579650 1000
1579660 1000
1579670 1001
1579680 1003
1579690 1003
1579700 1006
1579710 1009
1579720 1009
1579730 1011
1579740 1013
1579750 1014
1579760 1014
1579770 1016
1579780 1019
1579790 1019
1579800 1022
1579810 1025
1579820 1025
1579830 1028
1579840 1032
1579850 1032
1579860 1035
1579870 1039
1579880 1039
1579890 1042
1579900 1044
1579910 1044
1579920 1045
1579930 1046
1579940 1047
1579950 1047
1579960 1047
1579970 1048
1579980 1048
1579990 1047
