1560000 1347
1560010 1347
1560020 1353
1560030 1358
1560040 1358
1560050 1362
1560060 1367
1560070 1367
1560080 1371
1560090 1373
1560100 1373
1560110 1376
1560120 1379
1560130 1379
1560140 1382
1560150 1385
1560160 1385
1560170 1388
1560180 1391
1560190 1391
1560200 1395
1560210 1399
1560220 1402
1560230 1402
1560240 1406
1560250 1409
1560260 1409
1560270 1413
1560280 1416
1560290 1416
1560300 1419
1560310 1423
1560320 1423
1560330 1426
1560340 1429
1560350 1429
1560360 1432
1560370 1435
1560380 1435
1560390 1438
1560400 1440
1560410 1440
1560420 1444
1560430 1446
1560440 1450
1560450 1450
1560460 1454
1560470 1458
1560480 1458
1560490 1462
1560500 1467
1560510 1467
1560520 1470
1560530 1474
1560540 1474
1560550 1477
1560560 1480
1560570 1480
1560580 1482
1560590 1485
1560600 1485
1560610 1488
1560620 1491
1560630 1494
1560640 1494
1560650 1498
1560660 1501
1560670 1501
1560680 1503
1560690 1505
1560700 1505
1560710 1506
1560720 1508
1560730 1508
1560740 1509
1560750 1511
1560760 1511
1560770 1513
1560780 1516
1560790 1516
1560800 1520
1560810 1523
1560820 1523
1560830 1525
1560840 1527
1560850 1529
1560860 1529
1560870 1531
1560880 1532
1560890 1532
1560900 1534
1560910 1536
1560920 1536
1560930 1540
1560940 1543
1560950 1543
1560960 1546
1560970 1549
1560980 1549
1560990 1550
1561000 1551
1561010 1551
1561020 1554
1561030 1556
1561040 1556
1561050 1558
1561060 1560
1561070 1564
1561080 1564
1561090 1567
1561100 1569
1561110 1569
1561120 1570
1561130 1571
1561140 1571
1561150 1572
1561160 1575
1561170 1575
1561180 1578
1561190 1581
1561200 1580
1561210 1584
1561220 1586
1561230 1586
1561240 1588
1561250 1588
1561260 1589
1561270 1589
1561280 1590
1561290 1592
1561300 1592
1561310 1594
1561320 1596
1561330 1596
1561340 1599
1561350 1602
1561360 1602
1561370 1604
1561380 1607
1561390 1607
1561400 1609
1561410 1611
1561420 1611
1561430 1613
1561440 1616
1561450 1616
1561460 1618
1561470 1619
1561480 1621
1561490 1621
1561500 1623
1561510 1625
1561520 1625
1561530 1627
1561540 1629
1561550 1629
1561560 1631
1561570 1633
1561580 1633
1561590 1636
1561600 1637
1561610 1637
1561620 1640
1561630 1644
1561640 1644
1561650 1647
1561660 1649
1561670 1649
1561680 1651
1561690 1654
1561700 1657
1561710 1657
1561720 1659
1561730 1662
1561740 1662
1561750 1664
1561760 1667
1561770 1667
1561780 1671
1561790 1675
1561800 1675
1561810 1679
1561820 1683
1561830 1683
1561840 1688
1561850 1691
1561860 1691
1561870 1695
1561880 1698
1561890 1700
1561900 1700
1561910 1703
1561920 1705
1561930 1705
1561940 1707
1561950 1710
1561960 1710
1561970 1712
1561980 1714
1561990 1714
1562000 1716
1562010 1719
1562020 1719
1562030 1723
1562040 1725
1562050 1725
1562060 1728
1562070 1731
1562080 1731
1562090 1735
1562100 1738
1562110 1741
1562120 1741
1562130 1744
1562140 1746
1562150 1746
1562160 1749
1562170 1753
1562180 1753
1562190 1757
1562200 1760
1562210 1760
1562220 1763
1562230 1766
1562240 1766
1562250 1769
1562260 1772
1562270 1772
1562280 1776
1562290 1779
1562300 1779
1562310 1782
1562320 1785
1562330 1787
1562340 1787
1562350 1789
1562360 1791
1562370 1791
1562380 1794
1562390 1797
1562400 1797
1562410 1800
1562420 1805
1562430 1805
1562440 1807
1562450 1809
1562460 1809
1562470 1811
1562480 1814
1562490 1814
1562500 1817
1562510 1819
1562520 1820
1562530 1820
1562540 1820
1562550 1822
1562560 1822
1562570 1825
1562580 1828
1562590 1828
1562600 1830
1562610 1832
1562620 1832
1562630 1835
1562640 1837
1562650 1837
1562660 1840
1562670 1842
1562680 1842
1562690 1846
1562700 1849
1562710 1849
1562720 1851
1562730 1853
1562740 1855
1562750 1855
1562760 1858
1562770 1861
1562780 1861
1562790 1864
1562800 1866
1562810 1866
1562820 1869
1562830 1871
1562840 1871
1562850 1874
1562860 1878
1562870 1878
1562880 1881
1562890 1885
1562900 1885
1562910 1887
1562920 1890
1562930 1890
1562940 1892
1562950 1894
1562960 1895
1562970 1895
1562980 1897
1562990 1899
1563000 1899
1563010 1900
1563020 1903
1563030 1903
1563040 1905
1563050 1906
1563060 1906
1563070 1907
1563080 1909
1563090 1909
1563100 1911
1563110 1912
1563120 1912
1563130 1913
1563140 1914
1563150 1915
1563160 1915
1563170 1916
1563180 1916
1563190 1916
1563200 1917
1563210 1921
1563220 1921
1563230 1925
1563240 1927
1563250 1927
1563260 1930
1563270 1931
1563280 1931
1563290 1933
1563300 1935
1563310 1935
1563320 1937
1563330 1940
1563340 1940
1563350 1943
1563360 1946
1563370 1949
1563380 1949
1563390 1951
1563400 1954
1563410 1954
1563420 1958
1563430 1961
1563440 1961
1563450 1963
1563460 1966
1563470 1966
1563480 1969
1563490 1972
1563500 1972
1563510 1975
1563520 1977
1563530 1977
1563540 1979
1563550 1981
1563560 1981
1563570 1983
1563580 1986
1563590 1989
1563600 1989
1563610 1991
1563620 1994
1563630 1994
1563640 1996
1563650 1998
1563660 1998
1563670 2001
1563680 2003
1563690 2003
1563700 2006
1563710 2008
1563720 2008
1563730 2011
1563740 2013
1563750 2013
1563760 2014
1563770 2016
1563780 2019
1563790 2019
1563800 2020
1563810 2022
1563820 2022
1563830 2024
1563840 2027
1563850 2027
1563860 2029
1563870 2032
1563880 2032
1563890 2034
1563900 2036
1563910 2036
1563920 2038
1563930 2040
1563940 2040
1563950 2042
1563960 2043
1563970 2043
1563980 2044
1563990 2045
1564000 2046
1564010 2046
1564020 2047
1564030 2048
1564040 2048
1564050 2048
1564060 2049
1564070 2049
1564080 2051
1564090 2052
1564100 2052
1564110 2052
1564120 2053
1564130 2053
1564140 2054
1564150 2055
1564160 2055
1564170 2056
1564180 2057
1564190 2057
1564200 2058
1564210 2059
1564220 2060
1564230 2060
1564240 2061
1564250 2062
1564260 2062
1564270 2063
1564280 2065
1564290 2065
1564300 2066
1564310 2068
1564320 2068
1564330 2070
1564340 2072
1564350 2072
1564360 2073
1564370 2075
1564380 2075
1564390 2077
1564400 2079
1564410 2081
1564420 2081
1564430 2082
1564440 2084
1564450 2083
1564460 2086
1564470 2088
1564480 2088
1564490 2090
1564500 2092
1564510 2092
1564520 2094
1564530 2096
1564540 2096
1564550 2098
1564560 2100
1564570 2100
1564580 2102
1564590 2104
1564600 2104
1564610 2106
1564620 2108
1564630 2111
1564640 2111
1564650 2115
1564660 2118
1564670 2118
1564680 2120
1564690 2123
1564700 2123
1564710 2126
1564720 2130
1564730 2130
1564740 2133
1564750 2137
1564760 2137
1564770 2141
1564780 2145
1564790 2145
1564800 2148
1564810 2152
1564820 2152
1564830 2156
1564840 2159
1564850 2163
1564860 2163
1564870 2165
1564880 2168
1564890 2168
1564900 2168
1564910 2162
1564920 2162
1564930 2151
1564940 2137
1564950 2137
1564960 2129
1564970 2123
1564980 2123
1564990 2112
1565000 2100
1565010 2100
1565020 2087
1565030 2077
1565040 2061
1565050 2061
1565060 2055
1565070 2051
1565080 2051
1565090 2050
1565100 2048
1565110 2048
1565120 2045
1565130 2039
1565140 2039
1565150 2027
1565160 2011
1565170 2011
1565180 2005
1565190 1995
1565200 1995
1565210 1982
1565220 1976
1565230 1976
1565240 1970
1565250 1963
1565260 1959
1565270 1959
1565280 1957
1565290 1957
1565300 1957
1565310 1956
1565320 1955
1565330 1955
1565340 1954
1565350 1952
1565360 1952
1565370 1947
1565380 1943
1565390 1943
1565400 1941
1565410 1940
1565420 1940
1565430 1937
1565440 1934
1565450 1934
1565460 1933
1565470 1933
1565480 1932
1565490 1932
1565500 1933
1565510 1933
1565520 1933
1565530 1931
1565540 1930
1565550 1930
1565560 1928
1565570 1925
1565580 1925
1565590 1920
1565600 1914
1565610 1914
1565620 1909
1565630 1904
1565640 1904
1565650 1898
1565660 1895
1565670 1892
1565680 1892
1565690 1887
1565700 1885
1565710 1885
1565720 1881
1565730 1877
1565740 1877
1565750 1874
1565760 1871
1565770 1871
1565780 1867
1565790 1864
1565800 1864
1565810 1861
1565820 1858
1565830 1858
1565840 1856
1565850 1854
1565860 1854
1565870 1852
1565880 1849
1565890 1847
1565900 1847
1565910 1841
1565920 1835
1565930 1835
1565940 1831
1565950 1827
1565960 1827
1565970 1824
1565980 1822
1565990 1822
1566000 1819
1566010 1816
1566020 1818
1566030 1814
1566040 1811
1566050 1811
1566060 1809
1566070 1808
1566080 1808
1566090 1806
1566100 1805
1566110 1804
1566120 1804
1566130 1803
1566140 1801
1566150 1801
1566160 1800
1566170 1799
1566180 1799
1566190 1798
1566200 1797
1566210 1797
1566220 1796
1566230 1795
1566240 1795
1566250 1793
1566260 1792
1566270 1792
1566280 1789
1566290 1787
1566300 1783
1566310 1783
1566320 1780
1566330 1777
1566340 1777
1566350 1774
1566360 1769
1566370 1769
1566380 1765
1566390 1762
1566400 1762
1566410 1758
1566420 1755
1566430 1755
1566440 1752
1566450 1749
1566460 1749
1566470 1746
1566480 1743
1566490 1743
1566500 1739
1566510 1736
1566520 1734
1566530 1734
1566540 1732
1566550 1730
1566560 1730
1566570 1727
1566580 1723
1566590 1723
1566600 1719
1566610 1715
1566620 1715
1566630 1710
1566640 1705
1566650 1705
1566660 1698
1566670 1693
1566680 1693
1566690 1687
1566700 1681
1566710 1681
1566720 1675
1566730 1670
1566740 1665
1566750 1665
1566760 1660
1566770 1654
1566780 1654
1566790 1649
1566800 1645
1566810 1645
1566820 1640
1566830 1635
1566840 1635
1566850 1630
1566860 1624
1566870 1624
1566880 1619
1566890 1616
1566900 1616
1566910 1611
1566920 1609
1566930 1611
1566940 1611
1566950 1612
1566960 1615
1566970 1615
1566980 1618
1566990 1620
1567000 1620
1567010 1622
1567020 1624
1567030 1624
1567040 1626
1567050 1627
1567060 1627
1567070 1628
1567080 1630
1567090 1630
1567100 1633
1567110 1637
1567120 1637
1567130 1644
1567140 1649
1567150 1654
1567160 1654
1567170 1660
1567180 1664
1567190 1664
1567200 1669
1567210 1675
1567220 1675
1567230 1681
1567240 1688
1567250 1688
1567260 1695
1567270 1700
1567280 1700
1567290 1705
1567300 1710
1567310 1710
1567320 1715
1567330 1720
1567340 1720
1567350 1726
1567360 1731
1567370 1736
1567380 1736
1567390 1740
1567400 1744
1567410 1744
1567420 1749
1567430 1752
1567440 1752
1567450 1755
1567460 1759
1567470 1759
1567480 1762
1567490 1764
1567500 1764
1567510 1768
1567520 1771
1567530 1771
1567540 1773
1567550 1776
1567560 1777
1567570 1777
1567580 1780
1567590 1783
1567600 1783
1567610 1786
1567620 1790
1567630 1790
1567640 1793
1567650 1795
1567660 1795
1567670 1798
1567680 1801
1567690 1801
1567700 1803
1567710 1805
1567720 1805
1567730 1807
1567740 1809
1567750 1809
1567760 1811
1567770 1813
1567780 1815
1567790 1815
1567800 1817
1567810 1818
1567820 1818
1567830 1819
1567840 1820
1567850 1820
1567860 1821
1567870 1822
1567880 1822
1567890 1824
1567900 1825
1567910 1825
1567920 1825
1567930 1826
1567940 1826
1567950 1827
1567960 1827
1567970 1827
1567980 1828
1567990 1827
1568000 1825
1568010 1825
1568020 1823
1568030 1820
1568040 1820
1568050 1821
1568060 1822
1568070 1822
1568080 1823
1568090 1825
1568100 1825
1568110 1828
1568120 1831
1568130 1831
1568140 1833
1568150 1836
1568160 1836
1568170 1839
1568180 1842
1568190 1844
1568200 1844
1568210 1847
1568220 1849
1568230 1849
1568240 1852
1568250 1854
1568260 1854
1568270 1857
1568280 1859
1568290 1859
1568300 1862
1568310 1865
1568320 1865
1568330 1867
1568340 1869
1568350 1869
1568360 1871
1568370 1874
1568380 1874
1568390 1876
1568400 1879
1568410 1882
1568420 1882
1568430 1884
1568440 1888
1568450 1888
1568460 1891
1568470 1894
1568480 1894
1568490 1898
1568500 1901
1568510 1901
1568520 1903
1568530 1905
1568540 1905
1568550 1908
1568560 1911
1568570 1911
1568580 1914
1568590 1916
1568600 1916
1568610 1919
1568620 1921
1568630 1924
1568640 1924
1568650 1926
1568660 1927
1568670 1927
1568680 1929
1568690 1931
1568700 1931
1568710 1933
1568720 1935
1568730 1935
1568740 1937
1568750 1938
1568760 1938
1568770 1939
1568780 1941
1568790 1941
1568800 1942
1568810 1943
1568820 1944
1568830 1944
1568840 1945
1568850 1945
1568860 1945
1568870 1946
1568880 1947
1568890 1947
1568900 1948
1568910 1949
1568920 1949
1568930 1950
1568940 1951
1568950 1951
1568960 1952
1568970 1953
1568980 1953
1568990 1954
1569000 1955
1569010 1955
1569020 1956
1569030 1957
1569040 1957
1569050 1957
1569060 1957
1569070 1957
1569080 1953
1569090 1953
1569100 1953
1569110 1953
1569120 1953
1569130 1951
1569140 1951
1569150 1951
1569160 1951
1569170 1951
1569180 1951
1569190 1950
1569200 1950
1569210 1949
1569220 1949
1569230 1949
1569240 1947
1569250 1946
1569260 1945
1569270 1945
1569280 1944
1569290 1943
1569300 1943
1569310 1942
1569320 1940
1569330 1940
1569340 1939
1569350 1938
1569360 1938
1569370 1939
1569380 1939
1569390 1939
1569400 1939
1569410 1939
1569420 1939
1569430 1939
1569440 1939
1569450 1939
1569460 1939
1569470 1939
1569480 1939
1569490 1939
1569500 1939
1569510 1939
1569520 1939
1569530 1939
1569540 1939
1569550 1939
1569560 1939
1569570 1939
1569580 1939
1569590 1939
1569600 1939
1569610 1939
1569620 1939
1569630 1940
1569640 1940
1569650 1940
1569660 1940
1569670 1940
1569680 1940
1569690 1940
1569700 1940
1569710 1940
1569720 1940
1569730 1941
1569740 1941
1569750 1942
1569760 1942
1569770 1942
1569780 1943
1569790 1942
1569800 1942
1569810 1941
1569820 1940
1569830 1940
1569840 1938
1569850 1934
1569860 1934
1569870 1930
1569880 1926
1569890 1923
1569900 1923
1569910 1919
1569920 1915
1569930 1915
1569940 1909
1569950 1903
1569960 1903
1569970 1899
1569980 1894
1569990 1894
1570000 1889
1570010 1885
1570020 1885
1570030 1881
1570040 1878
1570050 1878
1570060 1875
1570070 1871
1570080 1868
1570090 1868
1570100 1866
1570110 1862
1570120 1862
1570130 1855
1570140 1847
1570150 1847
1570160 1839
1570170 1834
1570180 1834
1570190 1830
1570200 1828
1570210 1828
1570220 1826
1570230 1824
1570240 1824
1570250 1821
1570260 1818
1570270 1818
1570280 1815
1570290 1812
1570300 1809
1570310 1809
1570320 1806
1570330 1803
1570340 1803
1570350 1799
1570360 1796
1570370 1796
1570380 1792
1570390 1788
1570400 1788
1570410 1785
1570420 1783
1570430 1783
1570440 1780
1570450 1776
1570460 1776
1570470 1772
1570480 1768
1570490 1768
1570500 1763
1570510 1757
1570520 1752
1570530 1752
1570540 1748
1570550 1745
1570560 1745
1570570 1741
1570580 1738
1570590 1738
1570600 1732
1570610 1723
1570620 1723
1570630 1712
1570640 1702
1570650 1702
1570660 1694
1570670 1687
1570680 1687
1570690 1681
1570700 1675
1570710 1670
1570720 1670
1570730 1666
1570740 1662
1570750 1662
1570760 1660
1570770 1658
1570780 1658
1570790 1655
1570800 1653
1570810 1653
1570820 1649
1570830 1645
1570840 1645
1570850 1641
1570860 1641
1570870 1641
1570880 1643
1570890 1645
1570900 1645
1570910 1646
1570920 1646
1570930 1645
1570940 1645
1570950 1644
1570960 1642
1570970 1642
1570980 1641
1570990 1639
1571000 1639
1571010 1638
1571020 1638
1571030 1638
1571040 1637
1571050 1635
1571060 1635
1571070 1635
1571080 1635
1571090 1635
1571100 1634
1571110 1633
1571120 1633
1571130 1632
1571140 1634
1571150 1633
1571160 1633
1571170 1631
1571180 1630
1571190 1630
1571200 1632
1571210 1634
1571220 1634
1571230 1634
1571240 1633
1571250 1633
1571260 1633
1571270 1636
1571280 1636
1571290 1638
1571300 1640
1571310 1640
1571320 1640
1571330 1642
1571340 1644
1571350 1644
1571360 1645
1571370 1643
1571380 1643
1571390 1643
1571400 1645
1571410 1645
1571420 1646
1571430 1647
1571440 1647
1571450 1648
1571460 1651
1571470 1651
1571480 1653
1571490 1656
1571500 1656
1571510 1660
1571520 1663
1571530 1663
1571540 1666
1571550 1669
1571560 1672
1571570 1672
1571580 1675
1571590 1678
1571600 1678
1571610 1682
1571620 1685
1571630 1685
1571640 1688
1571650 1691
1571660 1691
1571670 1693
1571680 1695
1571690 1695
1571700 1697
1571710 1700
1571720 1700
1571730 1703
1571740 1706
1571750 1706
1571760 1707
1571770 1709
1571780 1712
1571790 1712
1571800 1714
1571810 1715
1571820 1715
1571830 1716
1571840 1718
1571850 1718
1571860 1720
1571870 1723
1571880 1723
1571890 1725
1571900 1725
1571910 1725
1571920 1722
1571930 1716
1571940 1716
1571950 1711
1571960 1705
1571970 1699
1571980 1699
1571990 1694
1572000 1691
1572010 1691
1572020 1688
1572030 1688
1572040 1688
1572050 1686
1572060 1685
1572070 1685
1572080 1682
1572090 1679
1572100 1679
1572110 1676
1572120 1672
1572130 1672
1572140 1668
1572150 1663
1572160 1663
1572170 1658
1572180 1654
1572190 1650
1572200 1650
1572210 1648
1572220 1645
1572230 1645
1572240 1644
1572250 1643
1572260 1643
1572270 1642
1572280 1642
1572290 1642
1572300 1642
1572310 1640
1572320 1640
1572330 1638
1572340 1636
1572350 1636
1572360 1635
1572370 1633
1572380 1633
1572390 1634
1572400 1634
1572410 1632
1572420 1632
1572430 1630
1572440 1627
1572450 1627
1572460 1626
1572470 1625
1572480 1625
1572490 1624
1572500 1623
1572510 1623
1572520 1621
1572530 1620
1572540 1620
1572550 1620
1572560 1620
1572570 1620
1572580 1618
1572590 1614
1572600 1608
1572610 1608
1572620 1603
1572630 1601
1572640 1601
1572650 1601
1572660 1603
1572670 1603
1572680 1604
1572690 1605
1572700 1605
1572710 1606
1572720 1606
1572730 1606
1572740 1607
1572750 1608
1572760 1608
1572770 1608
1572780 1609
1572790 1609
1572800 1610
1572810 1610
1572820 1611
1572830 1611
1572840 1611
1572850 1611
1572860 1611
1572870 1611
1572880 1611
1572890 1611
1572900 1611
1572910 1612
1572920 1612
1572930 1612
1572940 1612
1572950 1612
1572960 1613
1572970 1613
1572980 1613
1572990 1613
1573000 1613
1573010 1613
1573020 1613
1573030 1612
1573040 1612
1573050 1612
1573060 1611
1573070 1610
1573080 1610
1573090 1610
1573100 1609
1573110 1609
1573120 1609
1573130 1608
1573140 1608
1573150 1608
1573160 1606
1573170 1606
1573180 1604
1573190 1603
1573200 1603
1573210 1601
1573220 1599
1573230 1597
1573240 1597
1573250 1594
1573260 1592
1573270 1592
1573280 1591
1573290 1589
1573300 1589
1573310 1588
1573320 1587
1573330 1587
1573340 1586
1573350 1583
1573360 1583
1573370 1579
1573380 1575
1573390 1575
1573400 1571
1573410 1566
1573420 1566
1573430 1561
1573440 1557
1573450 1553
1573460 1553
1573470 1549
1573480 1544
1573490 1544
1573500 1540
1573510 1535
1573520 1535
1573530 1529
1573540 1523
1573550 1523
1573560 1517
1573570 1511
1573580 1511
1573590 1505
1573600 1500
1573610 1500
1573620 1495
1573630 1491
1573640 1491
1573650 1486
1573660 1481
1573670 1475
1573680 1475
1573690 1470
1573700 1464
1573710 1464
1573720 1458
1573730 1453
1573740 1453
1573750 1447
1573760 1441
1573770 1441
1573780 1435
1573790 1429
1573800 1429
1573810 1425
1573820 1422
1573830 1422
1573840 1414
1573850 1407
1573860 1401
1573870 1401
1573880 1395
1573890 1390
1573900 1390
1573910 1385
1573920 1380
1573930 1380
1573940 1376
1573950 1371
1573960 1371
1573970 1367
1573980 1362
1573990 1362
1574000 1358
1574010 1352
1574020 1352
1574030 1346
1574040 1339
1574050 1339
1574060 1333
1574070 1328
1574080 1324
1574090 1324
1574100 1320
1574110 1315
1574120 1315
1574130 1309
1574140 1302
1574150 1302
1574160 1294
1574170 1287
1574180 1287
1574190 1278
1574200 1266
1574210 1266
1574220 1251
1574230 1242
1574240 1242
1574250 1239
1574260 1245
1574270 1245
1574280 1249
1574290 1246
1574300 1239
1574310 1239
1574320 1229
1574330 1223
1574340 1223
1574350 1216
1574360 1212
1574370 1212
1574380 1209
1574390 1206
1574400 1206
1574410 1204
1574420 1201
1574430 1201
1574440 1198
1574450 1195
1574460 1195
1574470 1193
1574480 1191
1574490 1189
1574500 1189
1574510 1187
1574520 1185
1574530 1185
1574540 1184
1574550 1182
1574560 1182
1574570 1181
1574580 1180
1574590 1180
1574600 1178
1574610 1177
1574620 1177
1574630 1175
1574640 1174
1574650 1174
1574660 1173
1574670 1172
1574680 1172
1574690 1171
1574700 1171
1574710 1170
1574720 1170
1574730 1170
1574740 1169
1574750 1169
1574760 1169
1574770 1169
1574780 1169
1574790 1169
1574800 1169
1574810 1169
1574820 1169
1574830 1169
1574840 1169
1574850 1169
1574860 1170
1574870 1170
1574880 1171
1574890 1172
1574900 1172
1574910 1174
1574920 1179
1574930 1185
1574940 1185
1574950 1191
1574960 1197
1574970 1197
1574980 1202
1574990 1207
1575000 1207
1575010 1212
1575020 1216
1575030 1216
1575040 1220
1575050 1224
1575060 1224
1575070 1228
1575080 1231
1575090 1231
1575100 1235
1575110 1238
1575120 1240
1575130 1240
1575140 1243
1575150 1246
1575160 1246
1575170 1250
1575180 1255
1575190 1255
1575200 1261
1575210 1266
1575220 1266
1575230 1269
1575240 1271
1575250 1271
1575260 1275
1575270 1278
1575280 1278
1575290 1280
1575300 1283
1575310 1283
1575320 1285
1575330 1288
1575340 1291
1575350 1291
1575360 1293
1575370 1296
1575380 1296
1575390 1299
1575400 1302
1575410 1302
1575420 1305
1575430 1308
1575440 1308
1575450 1311
1575460 1313
1575470 1313
1575480 1316
1575490 1319
1575500 1319
1575510 1322
1575520 1324
1575530 1324
1575540 1327
1575550 1329
1575560 1331
1575570 1331
1575580 1332
1575590 1333
1575600 1333
1575610 1336
1575620 1337
1575630 1337
1575640 1337
1575650 1336
1575660 1336
1575670 1334
1575680 1332
1575690 1332
1575700 1331
1575710 1328
1575720 1328
1575730 1327
1575740 1326
1575750 1325
1575760 1325
1575770 1325
1575780 1325
1575790 1325
1575800 1325
1575810 1325
1575820 1325
1575830 1325
1575840 1325
1575850 1325
1575860 1323
1575870 1322
1575880 1322
1575890 1322
1575900 1321
1575910 1321
1575920 1319
1575930 1316
1575940 1316
1575950 1316
1575960 1314
1575970 1312
1575980 1312
1575990 1316
1576000 1320
1576010 1320
1576020 1323
1576030 1328
1576040 1328
1576050 1335
1576060 1339
1576070 1339
1576080 1342
1576090 1345
1576100 1345
1576110 1349
1576120 1352
1576130 1352
1576140 1355
1576150 1359
1576160 1359
1576170 1362
1576180 1364
1576190 1367
1576200 1367
1576210 1369
1576220 1370
1576230 1370
1576240 1371
1576250 1373
1576260 1373
1576270 1375
1576280 1372
1576290 1372
1576300 1373
1576310 1374
1576320 1374
1576330 1375
1576340 1376
1576350 1376
1576360 1377
1576370 1379
1576380 1381
1576390 1381
1576400 1383
1576410 1384
1576420 1384
1576430 1387
1576440 1391
1576450 1391
1576460 1394
1576470 1397
1576480 1397
1576490 1400
1576500 1404
1576510 1404
1576520 1407
1576530 1412
1576540 1412
1576550 1415
1576560 1419
1576570 1419
1576580 1423
1576590 1427
1576600 1431
1576610 1431
1576620 1436
1576630 1441
1576640 1441
1576650 1446
1576660 1452
1576670 1452
1576680 1457
1576690 1463
1576700 1463
1576710 1468
1576720 1474
1576730 1474
1576740 1479
1576750 1485
1576760 1485
1576770 1490
1576780 1495
1576790 1495
1576800 1500
1576810 1505
1576820 1510
1576830 1510
1576840 1514
1576850 1519
1576860 1519
1576870 1524
1576880 1529
1576890 1529
1576900 1535
1576910 1541
1576920 1541
1576930 1545
1576940 1548
1576950 1548
1576960 1551
1576970 1554
1576980 1554
1576990 1558
1577000 1563
1577010 1568
1577020 1568
1577030 1573
1577040 1578
1577050 1578
1577060 1581
1577070 1582
1577080 1582
1577090 1583
1577100 1586
1577110 1586
1577120 1588
1577130 1588
1577140 1588
1577150 1589
1577160 1589
1577170 1589
1577180 1589
1577190 1590
1577200 1590
1577210 1589
1577220 1584
1577230 1578
1577240 1578
1577250 1573
1577260 1571
1577270 1571
1577280 1569
1577290 1566
1577300 1566
1577310 1563
1577320 1560
1577330 1560
1577340 1553
1577350 1547
1577360 1547
1577370 1540
1577380 1534
1577390 1534
1577400 1529
1577410 1526
1577420 1526
1577430 1523
1577440 1520
1577450 1517
1577460 1517
1577470 1513
1577480 1510
1577490 1510
1577500 1507
1577510 1506
1577520 1506
1577530 1504
1577540 1500
1577550 1500
1577560 1495
1577570 1490
1577580 1490
1577590 1485
1577600 1479
1577610 1479
1577620 1473
1577630 1467
1577640 1460
1577650 1465
1577660 1458
1577670 1451
1577680 1451
1577690 1444
1577700 1437
1577710 1437
1577720 1431
1577730 1425
1577740 1425
1577750 1421
1577760 1416
1577770 1416
1577780 1410
1577790 1404
1577800 1404
1577810 1398
1577820 1390
1577830 1390
1577840 1385
1577850 1382
1577860 1382
1577870 1382
1577880 1381
1577890 1378
1577900 1378
1577910 1376
1577920 1376
1577930 1376
1577940 1379
1577950 1382
1577960 1382
1577970 1385
1577980 1388
1577990 1388
1578000 1391
1578010 1394
1578020 1394
1578030 1396
1578040 1398
1578050 1398
1578060 1400
1578070 1403
1578080 1407
1578090 1407
1578100 1410
1578110 1413
1578120 1413
1578130 1416
1578140 1420
1578150 1420
1578160 1421
1578170 1421
1578180 1421
1578190 1421
1578200 1421
1578210 1421
1578220 1423
1578230 1427
1578240 1427
1578250 1430
1578260 1433
1578270 1436
1578280 1436
1578290 1440
1578300 1444
1578310 1444
1578320 1448
1578330 1451
1578340 1451
1578350 1449
1578360 1450
1578370 1450
1578380 1453
1578390 1453
1578400 1453
1578410 1452
1578420 1453
1578430 1453
1578440 1454
1578450 1451
1578460 1451
1578470 1452
1578480 1455
1578490 1458
1578500 1458
1578510 1462
1578520 1467
1578530 1467
1578540 1471
1578550 1476
1578560 1476
1578570 1481
1578580 1484
1578590 1484
1578600 1489
1578610 1493
1578620 1493
1578630 1498
1578640 1502
1578650 1502
1578660 1504
1578670 1504
1578680 1504
1578690 1503
1578700 1506
1578710 1508
1578720 1508
1578730 1511
1578740 1515
1578750 1515
1578760 1523
1578770 1531
1578780 1531
1578790 1538
1578800 1542
1578810 1542
1578820 1543
1578830 1541
1578840 1541
1578850 1538
1578860 1534
1578870 1534
1578880 1531
1578890 1530
1578900 1531
1578910 1531
1578920 1532
1578930 1532
1578940 1532
1578950 1533
1578960 1535
1578970 1535
1578980 1538
1578990 1541
1579000 1543
1579010 1548
1579020 1553
1579030 1553
1579040 1558
1579050 1562
1579060 1562
1579070 1567
1579080 1573
1579090 1573
1579100 1578
1579110 1585
1579120 1592
1579130 1592
1579140 1602
1579150 1606
1579160 1606
1579170 1609
1579180 1613
1579190 1613
1579200 1617
1579210 1619
1579220 1619
1579230 1621
1579240 1625
1579250 1625
1579260 1630
1579270 1635
1579280 1635
1579290 1640
1579300 1645
1579310 1645
1579320 1649
1579330 1653
1579340 1658
1579350 1658
1579360 1663
1579370 1670
1579380 1670
1579390 1675
1579400 1681
1579410 1681
1579420 1687
1579430 1693
1579440 1693
1579450 1699
1579460 1705
1579470 1705
1579480 1711
1579490 1716
1579500 1716
1579510 1720
1579520 1723
1579530 1726
1579540 1726
1579550 1729
1579560 1731
1579570 1731
1579580 1734
1579590 1735
1579600 1735
1579610 1737
1579620 1737
1579630 1737
1579640 1738
1579650 1738
1579660 1738
1579670 1738
1579680 1737
1579690 1737
1579700 1737
1579710 1736
1579720 1736
1579730 1735
1579740 1735
1579750 1734
1579760 1734
1579770 1734
1579780 1734
1579790 1734
1579800 1734
1579810 1733
1579820 1733
1579830 1733
1579840 1732
1579850 1732
1579860 1730
1579870 1728
1579880 1728
1579890 1726
1579900 1725
1579910 1725
1579920 1724
1579930 1723
1579940 1723
1579950 1722
1579960 1721
1579970 1720
1579980 1720
1579990 1718
