1560000 1405
1560010 1410
1560020 1414
1560030 1414
1560040 1418
1560050 1422
1560060 1422
1560070 1426
1560080 1429
1560090 1429
1560100 1431
1560110 1434
1560120 1434
1560130 1436
1560140 1438
1560150 1438
1560160 1441
1560170 1444
1560180 1444
1560190 1447
1560200 1450
1560210 1453
1560220 1453
1560230 1456
1560240 1459
1560250 1459
1560260 1461
1560270 1463
1560280 1463
1560290 1466
1560300 1469
1560310 1469
1560320 1473
1560330 1477
1560340 1477
1560350 1480
1560360 1482
1560370 1482
1560380 1485
1560390 1488
1560400 1488
1560410 1491
1560420 1494
1560430 1496
1560440 1496
1560450 1499
1560460 1502
1560470 1502
1560480 1504
1560490 1508
1560500 1510
1560510 1513
1560520 1516
1560530 1516
1560540 1518
1560550 1521
1560560 1521
1560570 1523
1560580 1525
1560590 1525
1560600 1526
1560610 1528
1560620 1528
1560630 1531
1560640 1534
1560650 1536
1560660 1536
1560670 1538
1560680 1539
1560690 1539
1560700 1540
1560710 1541
1560720 1541
1560730 1542
1560740 1543
1560750 1543
1560760 1545
1560770 1546
1560780 1546
1560790 1548
1560800 1549
1560810 1549
1560820 1550
1560830 1551
1560840 1552
1560850 1552
1560860 1553
1560870 1555
1560880 1555
1560890 1556
1560900 1558
1560910 1558
1560920 1559
1560930 1560
1560940 1560
1560950 1562
1560960 1563
1560970 1563
1560980 1564
1560990 1566
1561000 1566
1561010 1567
1561020 1569
1561030 1569
1561040 1572
1561050 1576
1561060 1579
1561070 1579
1561080 1581
1561090 1584
1561100 1584
1561110 1587
1561120 1589
1561130 1589
1561140 1592
1561150 1595
1561160 1595
1561170 1600
1561180 1604
1561190 1604
1561200 1608
1561210 1610
1561220 1610
1561230 1612
1561240 1613
1561250 1613
1561260 1614
1561270 1615
1561280 1616
1561290 1616
1561300 1617
1561310 1618
1561320 1618
1561330 1619
1561340 1620
1561350 1620
1561360 1621
1561370 1622
1561380 1622
1561390 1623
1561400 1624
1561410 1624
1561420 1625
1561430 1626
1561440 1626
1561450 1627
1561460 1628
1561470 1628
1561480 1628
1561490 1629
1561500 1630
1561510 1630
1561520 1631
1561530 1633
1561540 1633
1561550 1634
1561560 1635
1561570 1635
1561580 1637
1561590 1639
1561600 1639
1561610 1642
1561620 1644
1561630 1644
1561640 1644
1561650 1644
1561660 1644
1561670 1645
1561680 1646
1561690 1648
1561700 1648
1561710 1651
1561720 1654
1561730 1654
1561740 1656
1561750 1657
1561760 1657
1561770 1659
1561780 1661
1561790 1661
1561800 1662
1561810 1663
1561820 1663
1561830 1664
1561840 1665
1561850 1665
1561860 1666
1561870 1667
1561880 1667
1561890 1667
1561900 1669
1561910 1670
1561920 1670
1561930 1671
1561940 1673
1561950 1673
1561960 1675
1561970 1677
1561980 1677
1561990 1679
1562000 1685
1562010 1685
1562020 1695
1562030 1701
1562040 1701
1562050 1705
1562060 1708
1562070 1708
1562080 1711
1562090 1712
1562100 1713
1562110 1713
1562120 1713
1562130 1712
1562140 1712
1562150 1712
1562160 1709
1562170 1709
1562180 1709
1562190 1710
1562200 1710
1562210 1711
1562220 1714
1562230 1714
1562240 1715
1562250 1717
1562260 1717
1562270 1718
1562280 1719
1562290 1719
1562300 1720
1562310 1721
1562320 1721
1562330 1721
1562340 1722
1562350 1722
1562360 1722
1562370 1722
1562380 1723
1562390 1723
1562400 1724
1562410 1725
1562420 1725
1562430 1725
1562440 1726
1562450 1726
1562460 1727
1562470 1727
1562480 1727
1562490 1729
1562500 1730
1562510 1730
1562520 1731
1562530 1734
1562540 1735
1562550 1735
1562560 1736
1562570 1737
1562580 1737
1562590 1739
1562600 1740
1562610 1740
1562620 1741
1562630 1741
1562640 1741
1562650 1742
1562660 1745
1562670 1745
1562680 1748
1562690 1750
1562700 1750
1562710 1755
1562720 1759
1562730 1763
1562740 1763
1562750 1767
1562760 1771
1562770 1771
1562780 1775
1562790 1779
1562800 1779
1562810 1783
1562820 1786
1562830 1786
1562840 1790
1562850 1794
1562860 1794
1562870 1798
1562880 1802
1562890 1802
1562900 1806
1562910 1811
1562920 1811
1562930 1815
1562940 1820
1562950 1823
1562960 1823
1562970 1827
1562980 1830
1562990 1830
1563000 1834
1563010 1837
1563020 1837
1563030 1840
1563040 1842
1563050 1842
1563060 1845
1563070 1848
1563080 1848
1563090 1850
1563100 1853
1563110 1853
1563120 1858
1563130 1863
1563140 1863
1563150 1867
1563160 1871
1563170 1873
1563180 1873
1563190 1876
1563200 1879
1563210 1879
1563220 1881
1563230 1884
1563240 1884
1563250 1886
1563260 1888
1563270 1888
1563280 1891
1563290 1893
1563300 1893
1563310 1894
1563320 1896
1563330 1896
1563340 1898
1563350 1900
1563360 1902
1563370 1902
1563380 1903
1563390 1905
1563400 1905
1563410 1906
1563420 1907
1563430 1907
1563440 1908
1563450 1909
1563460 1909
1563470 1910
1563480 1912
1563490 1912
1563500 1913
1563510 1914
1563520 1914
1563530 1916
1563540 1917
1563550 1917
1563560 1918
1563570 1920
1563580 1920
1563590 1920
1563600 1920
1563610 1920
1563620 1920
1563630 1920
1563640 1919
1563650 1919
1563660 1919
1563670 1918
1563680 1918
1563690 1917
1563700 1916
1563710 1916
1563720 1915
1563730 1915
1563740 1915
1563750 1914
1563760 1914
1563770 1914
1563780 1908
1563790 1907
1563800 1905
1563810 1905
1563820 1904
1563830 1903
1563840 1903
1563850 1902
1563860 1901
1563870 1901
1563880 1901
1563890 1900
1563900 1900
1563910 1900
1563920 1899
1563930 1899
1563940 1898
1563950 1898
1563960 1898
1563970 1898
1563980 1899
1563990 1901
1564000 1901
1564010 1904
1564020 1909
1564030 1909
1564040 1914
1564050 1920
1564060 1920
1564070 1924
1564080 1929
1564090 1929
1564100 1933
1564110 1939
1564120 1939
1564130 1943
1564140 1947
1564150 1947
1564160 1951
1564170 1956
1564180 1956
1564190 1960
1564200 1965
1564210 1969
1564220 1969
1564230 1973
1564240 1977
1564250 1977
1564260 1982
1564270 1986
1564280 1986
1564290 1989
1564300 1992
1564310 1992
1564320 1995
1564330 1997
1564340 1997
1564350 2001
1564360 2004
1564370 2004
1564380 2006
1564390 2009
1564400 2009
1564410 2012
1564420 2016
1564430 2019
1564440 2019
1564450 2021
1564460 2025
1564470 2025
1564480 2028
1564490 2032
1564500 2032
1564510 2035
1564520 2039
1564530 2039
1564540 2042
1564550 2047
1564560 2047
1564570 2052
1564580 2057
1564590 2057
1564600 2061
1564610 2064
1564620 2064
1564630 2067
1564640 2070
1564650 2072
1564660 2072
1564670 2075
1564680 2078
1564690 2078
1564700 2082
1564710 2086
1564720 2086
1564730 2089
1564740 2092
1564750 2092
1564760 2096
1564770 2100
1564780 2100
1564790 2104
1564800 2108
1564810 2108
1564820 2111
1564830 2114
1564840 2110
1564850 2110
1564860 2102
1564870 2090
1564880 2090
1564890 2075
1564900 2065
1564910 2065
1564920 2054
1564930 2044
1564940 2044
1564950 2037
1564960 2032
1564970 2032
1564980 2031
1564990 2028
1565000 2028
1565010 2022
1565020 2017
1565030 2017
1565040 2007
1565050 2000
1565060 1994
1565070 1994
1565080 1988
1565090 1982
1565100 1982
1565110 1976
1565120 1970
1565130 1970
1565140 1965
1565150 1958
1565160 1958
1565170 1952
1565180 1950
1565190 1950
1565200 1949
1565210 1948
1565220 1948
1565230 1949
1565240 1946
1565250 1946
1565260 1941
1565270 1939
1565280 1936
1565290 1936
1565300 1935
1565310 1936
1565320 1936
1565330 1940
1565340 1940
1565350 1940
1565360 1930
1565370 1933
1565380 1933
1565390 1935
1565400 1937
1565410 1937
1565420 1939
1565430 1940
1565440 1940
1565450 1941
1565460 1943
1565470 1944
1565480 1944
1565490 1945
1565500 1946
1565510 1946
1565520 1946
1565530 1947
1565540 1947
1565550 1948
1565560 1949
1565570 1949
1565580 1951
1565590 1953
1565600 1953
1565610 1955
1565620 1957
1565630 1957
1565640 1958
1565650 1957
1565660 1957
1565670 1956
1565680 1955
1565690 1956
1565700 1956
1565710 1956
1565720 1957
1565730 1957
1565740 1957
1565750 1959
1565760 1959
1565770 1960
1565780 1960
1565790 1960
1565800 1959
1565810 1960
1565820 1960
1565830 1960
1565840 1960
1565850 1960
1565860 1960
1565870 1960
1565880 1960
1565890 1958
1565900 1957
1565910 1957
1565920 1957
1565930 1957
1565940 1953
1565950 1953
1565960 1950
1565970 1948
1565980 1948
1565990 1946
1566000 1944
1566010 1944
1566020 1942
1566030 1939
1566040 1939
1566050 1938
1566060 1937
1566070 1937
1566080 1935
1566090 1932
1566100 1928
1566110 1928
1566120 1926
1566130 1923
1566140 1923
1566150 1920
1566160 1916
1566170 1916
1566180 1913
1566190 1909
1566200 1909
1566210 1905
1566220 1902
1566230 1902
1566240 1899
1566250 1894
1566260 1894
1566270 1890
1566280 1886
1566290 1886
1566300 1884
1566310 1880
1566320 1875
1566330 1875
1566340 1870
1566350 1864
1566360 1864
1566370 1856
1566380 1850
1566390 1850
1566400 1845
1566410 1839
1566420 1839
1566430 1832
1566440 1828
1566450 1828
1566460 1824
1566470 1815
1566480 1815
1566490 1805
1566500 1798
1566510 1798
1566520 1793
1566530 1790
1566540 1784
1566550 1784
1566560 1779
1566570 1773
1566580 1773
1566590 1766
1566600 1759
1566610 1759
1566620 1750
1566630 1744
1566640 1744
1566650 1736
1566660 1729
1566670 1729
1566680 1723
1566690 1718
1566700 1718
1566710 1713
1566720 1706
1566730 1697
1566740 1697
1566750 1690
1566760 1684
1566770 1684
1566780 1679
1566790 1674
1566800 1674
1566810 1669
1566820 1665
1566830 1665
1566840 1660
1566850 1656
1566860 1656
1566870 1651
1566880 1645
1566890 1645
1566900 1640
1566910 1635
1566920 1634
1566930 1628
1566940 1622
1566950 1615
1566960 1615
1566970 1607
1566980 1600
1566990 1600
1567000 1594
1567010 1585
1567020 1585
1567030 1579
1567040 1574
1567050 1574
1567060 1569
1567070 1565
1567080 1565
1567090 1560
1567100 1555
1567110 1555
1567120 1550
1567130 1548
1567140 1548
1567150 1550
1567160 1551
1567170 1552
1567180 1552
1567190 1554
1567200 1556
1567210 1556
1567220 1559
1567230 1563
1567240 1563
1567250 1566
1567260 1570
1567270 1570
1567280 1573
1567290 1575
1567300 1575
1567310 1578
1567320 1580
1567330 1580
1567340 1582
1567350 1586
1567360 1590
1567370 1590
1567380 1594
1567390 1598
1567400 1598
1567410 1601
1567420 1606
1567430 1606
1567440 1613
1567450 1619
1567460 1619
1567470 1626
1567480 1631
1567490 1631
1567500 1636
1567510 1639
1567520 1639
1567530 1640
1567540 1641
1567550 1641
1567560 1640
1567570 1640
1567580 1641
1567590 1641
1567600 1643
1567610 1644
1567620 1644
1567630 1644
1567640 1644
1567650 1644
1567660 1646
1567670 1649
1567680 1649
1567690 1652
1567700 1656
1567710 1656
1567720 1661
1567730 1666
1567740 1666
1567750 1672
1567760 1678
1567770 1678
1567780 1683
1567790 1689
1567800 1695
1567810 1695
1567820 1701
1567830 1707
1567840 1707
1567850 1713
1567860 1719
1567870 1719
1567880 1725
1567890 1731
1567900 1731
1567910 1737
1567920 1744
1567930 1744
1567940 1749
1567950 1756
1567960 1756
1567970 1762
1567980 1767
1567990 1767
1568000 1773
1568010 1779
1568020 1784
1568030 1784
1568040 1789
1568050 1794
1568060 1794
1568070 1800
1568080 1805
1568090 1805
1568100 1811
1568110 1816
1568120 1816
1568130 1821
1568140 1825
1568150 1825
1568160 1830
1568170 1834
1568180 1834
1568190 1838
1568200 1841
1568210 1844
1568220 1844
1568230 1847
1568240 1850
1568250 1850
1568260 1854
1568270 1857
1568280 1857
1568290 1859
1568300 1861
1568310 1861
1568320 1863
1568330 1865
1568340 1865
1568350 1867
1568360 1870
1568370 1870
1568380 1870
1568390 1870
1568400 1870
1568410 1869
1568420 1867
1568430 1862
1568440 1854
1568450 1850
1568460 1846
1568470 1846
1568480 1843
1568490 1840
1568500 1840
1568510 1838
1568520 1837
1568530 1837
1568540 1836
1568550 1835
1568560 1835
1568570 1835
1568580 1836
1568590 1836
1568600 1835
1568610 1834
1568620 1834
1568630 1834
1568640 1833
1568650 1833
1568660 1833
1568670 1833
1568680 1832
1568690 1832
1568700 1833
1568710 1832
1568720 1832
1568730 1831
1568740 1831
1568750 1831
1568760 1831
1568770 1831
1568780 1831
1568790 1831
1568800 1830
1568810 1830
1568820 1830
1568830 1830
1568840 1831
1568850 1831
1568860 1831
1568870 1831
1568880 1831
1568890 1831
1568900 1831
1568910 1831
1568920 1830
1568930 1829
1568940 1829
1568950 1829
1568960 1828
1568970 1828
1568980 1826
1568990 1824
1569000 1824
1569010 1821
1569020 1818
1569030 1818
1569040 1817
1569050 1816
1569060 1815
1569070 1815
1569080 1815
1569090 1815
1569100 1815
1569110 1814
1569120 1814
1569130 1814
1569140 1813
1569150 1813
1569160 1813
1569170 1812
1569180 1812
1569190 1812
1569200 1811
1569210 1809
1569220 1809
1569230 1808
1569240 1808
1569250 1808
1569260 1807
1569270 1807
1569280 1807
1569290 1807
1569300 1806
1569310 1805
1569320 1805
1569330 1804
1569340 1803
1569350 1803
1569360 1803
1569370 1803
1569380 1803
1569390 1804
1569400 1804
1569410 1804
1569420 1805
1569430 1806
1569440 1806
1569450 1806
1569460 1807
1569470 1808
1569480 1808
1569490 1809
1569500 1811
1569510 1811
1569520 1813
1569530 1815
1569540 1815
1569550 1817
1569560 1819
1569570 1819
1569580 1821
1569590 1822
1569600 1822
1569610 1823
1569620 1825
1569630 1825
1569640 1826
1569650 1827
1569660 1827
1569670 1828
1569680 1828
1569690 1829
1569700 1829
1569710 1831
1569720 1835
1569730 1835
1569740 1838
1569750 1840
1569760 1840
1569770 1842
1569780 1844
1569790 1844
1569800 1847
1569810 1851
1569820 1851
1569830 1855
1569840 1858
1569850 1858
1569860 1862
1569870 1865
1569880 1865
1569890 1869
1569900 1873
1569910 1876
1569920 1876
1569930 1880
1569940 1883
1569950 1883
1569960 1885
1569970 1888
1569980 1888
1569990 1890
1570000 1892
1570010 1892
1570020 1894
1570030 1896
1570040 1896
1570050 1897
1570060 1898
1570070 1898
1570080 1899
1570090 1902
1570100 1903
1570110 1903
1570120 1903
1570130 1898
1570140 1898
1570150 1893
1570160 1886
1570170 1886
1570180 1879
1570190 1874
1570200 1874
1570210 1871
1570220 1869
1570230 1869
1570240 1868
1570250 1866
1570260 1866
1570270 1867
1570280 1869
1570290 1869
1570300 1865
1570310 1862
1570320 1861
1570330 1861
1570340 1854
1570350 1846
1570360 1846
1570370 1839
1570380 1833
1570390 1833
1570400 1826
1570410 1817
1570420 1817
1570430 1810
1570440 1805
1570450 1805
1570460 1800
1570470 1796
1570480 1796
1570490 1790
1570500 1784
1570510 1784
1570520 1779
1570530 1775
1570540 1770
1570550 1770
1570560 1766
1570570 1762
1570580 1762
1570590 1759
1570600 1756
1570610 1756
1570620 1753
1570630 1751
1570640 1751
1570650 1748
1570660 1746
1570670 1746
1570680 1744
1570690 1743
1570700 1743
1570710 1742
1570720 1742
1570730 1742
1570740 1742
1570750 1741
1570760 1740
1570770 1740
1570780 1739
1570790 1738
1570800 1738
1570810 1738
1570820 1739
1570830 1739
1570840 1740
1570850 1740
1570860 1740
1570870 1740
1570880 1739
1570890 1739
1570900 1739
1570910 1739
1570920 1739
1570930 1740
1570940 1740
1570950 1741
1570960 1741
1570970 1741
1570980 1742
1570990 1742
1571000 1742
1571010 1744
1571020 1744
1571030 1746
1571040 1748
1571050 1748
1571060 1751
1571070 1753
1571080 1753
1571090 1757
1571100 1760
1571110 1760
1571120 1764
1571130 1767
1571140 1767
1571150 1769
1571160 1770
1571170 1771
1571180 1771
1571190 1771
1571200 1771
1571210 1771
1571220 1772
1571230 1772
1571240 1772
1571250 1772
1571260 1773
1571270 1773
1571280 1774
1571290 1775
1571300 1775
1571310 1776
1571320 1777
1571330 1777
1571340 1779
1571350 1780
1571360 1783
1571370 1783
1571380 1785
1571390 1787
1571400 1787
1571410 1788
1571420 1798
1571430 1798
1571440 1802
1571450 1805
1571460 1805
1571470 1808
1571480 1812
1571490 1812
1571500 1818
1571510 1823
1571520 1823
1571530 1828
1571540 1832
1571550 1832
1571560 1833
1571570 1836
1571580 1839
1571590 1839
1571600 1843
1571610 1848
1571620 1848
1571630 1855
1571640 1861
1571650 1861
1571660 1866
1571670 1872
1571680 1872
1571690 1877
1571700 1882
1571710 1882
1571720 1888
1571730 1891
1571740 1891
1571750 1893
1571760 1894
1571770 1894
1571780 1896
1571790 1897
1571800 1896
1571810 1896
1571820 1890
1571830 1883
1571840 1883
1571850 1874
1571860 1866
1571870 1866
1571880 1859
1571890 1851
1571900 1851
1571910 1844
1571920 1836
1571930 1836
1571940 1827
1571950 1817
1571960 1817
1571970 1810
1571980 1803
1571990 1803
1572000 1797
1572010 1791
1572020 1785
1572030 1785
1572040 1781
1572050 1777
1572060 1777
1572070 1776
1572080 1776
1572090 1776
1572100 1775
1572110 1775
1572120 1775
1572130 1775
1572140 1776
1572150 1776
1572160 1776
1572170 1776
1572180 1776
1572190 1774
1572200 1770
1572210 1769
1572220 1769
1572230 1768
1572240 1769
1572250 1769
1572260 1770
1572270 1771
1572280 1771
1572290 1769
1572300 1767
1572310 1767
1572320 1766
1572330 1766
1572340 1766
1572350 1767
1572360 1767
1572370 1767
1572380 1766
1572390 1763
1572400 1763
1572410 1764
1572420 1764
1572430 1764
1572440 1764
1572450 1766
1572460 1768
1572470 1768
1572480 1776
1572490 1778
1572500 1778
1572510 1780
1572520 1784
1572530 1784
1572540 1788
1572550 1792
1572560 1792
1572570 1796
1572580 1799
1572590 1799
1572600 1802
1572610 1802
1572620 1802
1572630 1801
1572640 1798
1572650 1794
1572660 1794
1572670 1790
1572680 1785
1572690 1785
1572700 1780
1572710 1775
1572720 1775
1572730 1770
1572740 1765
1572750 1765
1572760 1759
1572770 1754
1572780 1754
1572790 1751
1572800 1748
1572810 1748
1572820 1745
1572830 1741
1572840 1736
1572850 1736
1572860 1730
1572870 1720
1572880 1720
1572890 1713
1572900 1706
1572910 1706
1572920 1699
1572930 1692
1572940 1692
1572950 1685
1572960 1678
1572970 1678
1572980 1673
1572990 1668
1573000 1668
1573010 1663
1573020 1658
1573030 1658
1573040 1653
1573050 1647
1573060 1640
1573070 1640
1573080 1632
1573090 1625
1573100 1625
1573110 1618
1573120 1614
1573130 1614
1573140 1610
1573150 1607
1573160 1607
1573170 1604
1573180 1601
1573190 1601
1573200 1596
1573210 1592
1573220 1592
1573230 1588
1573240 1583
1573250 1583
1573260 1579
1573270 1575
1573280 1571
1573290 1571
1573300 1567
1573310 1563
1573320 1563
1573330 1559
1573340 1555
1573350 1555
1573360 1551
1573370 1549
1573380 1549
1573390 1548
1573400 1546
1573410 1546
1573420 1544
1573430 1543
1573440 1543
1573450 1543
1573460 1540
1573470 1537
1573480 1537
1573490 1534
1573500 1531
1573510 1531
1573520 1528
1573530 1525
1573540 1525
1573550 1522
1573560 1519
1573570 1519
1573580 1518
1573590 1517
1573600 1517
1573610 1517
1573620 1517
1573630 1517
1573640 1517
1573650 1517
1573660 1517
1573670 1516
1573680 1515
1573690 1512
1573700 1512
1573710 1509
1573720 1506
1573730 1506
1573740 1504
1573750 1503
1573760 1503
1573770 1502
1573780 1500
1573790 1500
1573800 1497
1573810 1495
1573820 1495
1573830 1492
1573840 1488
1573850 1488
1573860 1485
1573870 1482
1573880 1482
1573890 1481
1573900 1479
1573910 1477
1573920 1477
1573930 1476
1573940 1473
1573950 1473
1573960 1470
1573970 1466
1573980 1466
1573990 1462
1574000 1458
1574010 1458
1574020 1454
1574030 1451
1574040 1451
1574050 1449
1574060 1446
1574070 1446
1574080 1443
1574090 1440
1574100 1438
1574110 1438
1574120 1435
1574130 1433
1574140 1433
1574150 1433
1574160 1432
1574170 1432
1574180 1431
1574190 1429
1574200 1429
1574210 1428
1574220 1424
1574230 1424
1574240 1419
1574250 1414
1574260 1414
1574270 1410
1574280 1405
1574290 1406
1574300 1401
1574310 1396
1574320 1390
1574330 1390
1574340 1384
1574350 1378
1574360 1378
1574370 1373
1574380 1368
1574390 1368
1574400 1364
1574410 1361
1574420 1361
1574430 1358
1574440 1355
1574450 1355
1574460 1353
1574470 1350
1574480 1350
1574490 1348
1574500 1345
1574510 1345
1574520 1340
1574530 1335
1574540 1330
1574550 1330
1574560 1324
1574570 1319
1574580 1319
1574590 1312
1574600 1306
1574610 1306
1574620 1299
1574630 1293
1574640 1293
1574650 1287
1574660 1280
1574670 1280
1574680 1274
1574690 1268
1574700 1268
1574710 1263
1574720 1259
1574730 1254
1574740 1254
1574750 1249
1574760 1245
1574770 1245
1574780 1240
1574790 1236
1574800 1236
1574810 1231
1574820 1226
1574830 1226
1574840 1220
1574850 1215
1574860 1215
1574870 1210
1574880 1204
1574890 1204
1574900 1198
1574910 1193
1574920 1193
1574930 1189
1574940 1185
1574950 1180
1574960 1180
1574970 1177
1574980 1174
1574990 1174
1575000 1171
1575010 1170
1575020 1170
1575030 1169
1575040 1169
1575050 1169
1575060 1169
1575070 1169
1575080 1169
1575090 1169
1575100 1169
1575110 1169
1575120 1169
1575130 1169
1575140 1169
1575150 1169
1575160 1169
1575170 1169
1575180 1169
1575190 1170
1575200 1170
1575210 1170
1575220 1170
1575230 1170
1575240 1170
1575250 1171
1575260 1172
1575270 1172
1575280 1175
1575290 1178
1575300 1178
1575310 1180
1575320 1183
1575330 1183
1575340 1185
1575350 1188
1575360 1192
1575370 1192
1575380 1195
1575390 1198
1575400 1198
1575410 1202
1575420 1206
1575430 1206
1575440 1209
1575450 1214
1575460 1214
1575470 1217
1575480 1219
1575490 1219
1575500 1220
1575510 1218
1575520 1218
1575530 1216
1575540 1215
1575550 1215
1575560 1214
1575570 1215
1575580 1216
1575590 1216
1575600 1216
1575610 1217
1575620 1217
1575630 1217
1575640 1216
1575650 1216
1575660 1216
1575670 1217
1575680 1217
1575690 1219
1575700 1222
1575710 1222
1575720 1226
1575730 1229
1575740 1229
1575750 1234
1575760 1238
1575770 1238
1575780 1242
1575790 1246
1575800 1249
1575810 1249
1575820 1253
1575830 1256
1575840 1256
1575850 1259
1575860 1262
1575870 1262
1575880 1266
1575890 1270
1575900 1270
1575910 1274
1575920 1276
1575930 1276
1575940 1279
1575950 1282
1575960 1282
1575970 1286
1575980 1291
1575990 1291
1576000 1295
1576010 1299
1576020 1303
1576030 1303
1576040 1307
1576050 1311
1576060 1311
1576070 1313
1576080 1316
1576090 1316
1576100 1319
1576110 1322
1576120 1322
1576130 1325
1576140 1329
1576150 1329
1576160 1332
1576170 1335
1576180 1335
1576190 1339
1576200 1342
1576210 1346
1576220 1346
1576230 1350
1576240 1354
1576250 1354
1576260 1357
1576270 1361
1576280 1361
1576290 1364
1576300 1367
1576310 1367
1576320 1370
1576330 1374
1576340 1374
1576350 1378
1576360 1381
1576370 1381
1576380 1385
1576390 1389
1576400 1389
1576410 1393
1576420 1395
1576430 1398
1576440 1398
1576450 1403
1576460 1407
1576470 1407
1576480 1412
1576490 1416
1576500 1416
1576510 1421
1576520 1425
1576530 1425
1576540 1429
1576550 1433
1576560 1433
1576570 1438
1576580 1443
1576590 1443
1576600 1450
1576610 1456
1576620 1456
1576630 1460
1576640 1464
1576650 1468
1576660 1468
1576670 1472
1576680 1477
1576690 1477
1576700 1484
1576710 1486
1576720 1486
1576730 1488
1576740 1492
1576750 1492
1576760 1495
1576770 1501
1576780 1501
1576790 1506
1576800 1510
1576810 1510
1576820 1516
1576830 1522
1576840 1528
1576850 1528
1576860 1534
1576870 1540
1576880 1540
1576890 1547
1576900 1554
1576910 1554
1576920 1562
1576930 1569
1576940 1569
1576950 1572
1576960 1573
1576970 1573
1576980 1572
1576990 1572
1577000 1572
1577010 1573
1577020 1575
1577030 1575
1577040 1576
1577050 1578
1577060 1579
1577070 1579
1577080 1579
1577090 1582
1577100 1582
1577110 1584
1577120 1585
1577130 1585
1577140 1585
1577150 1585
1577160 1585
1577170 1588
1577180 1588
1577190 1588
1577200 1587
1577210 1586
1577220 1586
1577230 1586
1577240 1585
1577250 1585
1577260 1585
1577270 1584
1577280 1578
1577290 1578
1577300 1569
1577310 1563
1577320 1563
1577330 1558
1577340 1554
1577350 1554
1577360 1548
1577370 1541
1577380 1541
1577390 1534
1577400 1528
1577410 1528
1577420 1523
1577430 1518
1577440 1518
1577450 1515
1577460 1512
1577470 1509
1577480 1509
1577490 1505
1577500 1501
1577510 1501
1577520 1497
1577530 1494
1577540 1494
1577550 1492
1577560 1491
1577570 1491
1577580 1488
1577590 1479
1577600 1479
1577610 1470
1577620 1464
1577630 1464
1577640 1458
1577650 1452
1577660 1452
1577670 1447
1577680 1444
1577690 1444
1577700 1444
1577710 1444
1577720 1445
1577730 1445
1577740 1443
1577750 1438
1577760 1438
1577770 1431
1577780 1426
1577790 1426
1577800 1422
1577810 1420
1577820 1420
1577830 1419
1577840 1419
1577850 1419
1577860 1421
1577870 1424
1577880 1424
1577890 1430
1577900 1435
1577910 1439
1577920 1439
1577930 1438
1577940 1436
1577950 1436
1577960 1433
1577970 1430
1577980 1430
1577990 1428
1578000 1427
1578010 1427
1578020 1427
1578030 1427
1578040 1427
1578050 1426
1578060 1425
1578070 1425
1578080 1427
1578090 1432
1578100 1434
1578110 1434
1578120 1432
1578130 1428
1578140 1428
1578150 1425
1578160 1423
1578170 1423
1578180 1421
1578190 1419
1578200 1419
1578210 1414
1578220 1409
1578230 1409
1578240 1405
1578250 1401
1578260 1401
1578270 1396
1578280 1393
1578290 1393
1578300 1391
1578310 1390
1578320 1391
1578330 1391
1578340 1391
1578350 1391
1578360 1391
1578370 1392
1578380 1393
1578390 1393
1578400 1393
1578410 1395
1578420 1395
1578430 1398
1578440 1400
1578450 1400
1578460 1403
1578470 1405
1578480 1405
1578490 1408
1578500 1411
1578510 1411
1578520 1414
1578530 1418
1578540 1422
1578550 1422
1578560 1426
1578570 1430
1578580 1430
1578590 1434
1578600 1438
1578610 1438
1578620 1440
1578630 1443
1578640 1443
1578650 1445
1578660 1447
1578670 1447
1578680 1450
1578690 1452
1578700 1452
1578710 1455
1578720 1459
1578730 1464
1578740 1464
1578750 1469
1578760 1474
1578770 1474
1578780 1479
1578790 1484
1578800 1484
1578810 1488
1578820 1492
1578830 1492
1578840 1496
1578850 1501
1578860 1501
1578870 1504
1578880 1507
1578890 1507
1578900 1512
1578910 1517
1578920 1517
1578930 1520
1578940 1522
1578950 1527
1578960 1527
1578970 1532
1578980 1537
1578990 1537
1579000 1539
1579010 1541
1579020 1541
1579030 1543
1579040 1546
1579050 1546
1579060 1550
1579070 1554
1579080 1554
1579090 1558
1579100 1563
1579110 1563
1579120 1569
1579130 1574
1579140 1574
1579150 1580
1579160 1586
1579170 1592
1579180 1592
1579190 1599
1579200 1605
1579210 1605
1579220 1610
1579230 1614
1579240 1614
1579250 1617
1579260 1618
1579270 1618
1579280 1618
1579290 1618
1579300 1618
1579310 1620
1579320 1622
1579330 1622
1579340 1625
1579350 1628
1579360 1628
1579370 1630
1579380 1632
1579390 1634
1579400 1634
1579410 1633
1579420 1632
1579430 1632
1579440 1629
1579450 1628
1579460 1628
1579470 1626
1579480 1625
1579490 1625
1579500 1624
1579510 1622
1579520 1622
1579530 1622
1579540 1622
1579550 1622
1579560 1620
1579570 1618
1579580 1617
1579590 1617
1579600 1618
1579610 1618
1579620 1618
1579630 1618
1579640 1619
1579650 1619
1579660 1619
1579670 1619
1579680 1619
1579690 1619
1579700 1619
1579710 1619
1579720 1620
1579730 1620
1579740 1620
1579750 1620
1579760 1619
1579770 1617
1579780 1616
1579790 1616
1579800 1616
1579810 1616
1579820 1616
1579830 1617
1579840 1617
1579850 1617
1579860 1616
1579870 1616
1579880 1615
1579890 1614
1579900 1614
1579910 1612
1579920 1610
1579930 1610
1579940 1608
1579950 1607
1579960 1607
1579970 1606
1579980 1605
1579990 1605
