1560000 1389
1560010 1389
1560020 1391
1560030 1393
1560040 1393
1560050 1394
1560060 1395
1560070 1395
1560080 1396
1560090 1397
1560100 1399
1560110 1399
1560120 1400
1560130 1401
1560140 1401
1560150 1402
1560160 1403
1560170 1403
1560180 1405
1560190 1407
1560200 1407
1560210 1408
1560220 1409
1560230 1409
1560240 1410
1560250 1411
1560260 1411
1560270 1412
1560280 1414
1560290 1414
1560300 1416
1560310 1418
1560320 1420
1560330 1420
1560340 1422
1560350 1424
1560360 1424
1560370 1426
1560380 1428
1560390 1428
1560400 1430
1560410 1432
1560420 1432
1560430 1434
1560440 1436
1560450 1436
1560460 1438
1560470 1441
1560480 1441
1560490 1443
1560500 1445
1560510 1448
1560520 1448
1560530 1450
1560540 1452
1560550 1452
1560560 1458
1560570 1459
1560580 1459
1560590 1460
1560600 1461
1560610 1461
1560620 1463
1560630 1466
1560640 1466
1560650 1466
1560660 1470
1560670 1470
1560680 1472
1560690 1476
1560700 1476
1560710 1478
1560720 1483
1560730 1487
1560740 1487
1560750 1496
1560760 1495
1560770 1495
1560780 1496
1560790 1503
1560800 1503
1560810 1510
1560820 1518
1560830 1518
1560840 1527
1560850 1533
1560860 1533
1560870 1538
1560880 1541
1560890 1541
1560900 1543
1560910 1545
1560920 1545
1560930 1546
1560940 1548
1560950 1553
1560960 1553
1560970 1559
1560980 1563
1560990 1563
1561000 1569
1561010 1574
1561020 1574
1561030 1579
1561040 1582
1561050 1582
1561060 1585
1561070 1589
1561080 1589
1561090 1591
1561100 1594
1561110 1594
1561120 1596
1561130 1598
1561140 1598
1561150 1601
1561160 1604
1561170 1608
1561180 1608
1561190 1613
1561200 1618
1561210 1618
1561220 1622
1561230 1627
1561240 1627
1561250 1631
1561260 1635
1561270 1635
1561280 1640
1561290 1644
1561300 1644
1561310 1648
1561320 1652
1561330 1652
1561340 1655
1561350 1659
1561360 1659
1561370 1663
1561380 1667
1561390 1671
1561400 1671
1561410 1675
1561420 1680
1561430 1680
1561440 1684
1561450 1689
1561460 1689
1561470 1693
1561480 1696
1561490 1696
1561500 1700
1561510 1703
1561520 1703
1561530 1709
1561540 1713
1561550 1713
1561560 1717
1561570 1722
1561580 1727
1561590 1727
1561600 1732
1561610 1736
1561620 1736
1561630 1741
1561640 1747
1561650 1747
1561660 1753
1561670 1757
1561680 1757
1561690 1762
1561700 1766
1561710 1766
1561720 1770
1561730 1772
1561740 1772
1561750 1775
1561760 1778
1561770 1778
1561780 1780
1561790 1782
1561800 1784
1561810 1784
1561820 1786
1561830 1788
1561840 1788
1561850 1790
1561860 1791
1561870 1791
1561880 1794
1561890 1796
1561900 1796
1561910 1798
1561920 1802
1561930 1802
1561940 1805
1561950 1809
1561960 1809
1561970 1812
1561980 1816
1561990 1816
1562000 1821
1562010 1826
1562020 1830
1562030 1830
1562040 1834
1562050 1837
1562060 1837
1562070 1840
1562080 1842
1562090 1842
1562100 1844
1562110 1847
1562120 1847
1562130 1849
1562140 1851
1562150 1851
1562160 1854
1562170 1857
1562180 1857
1562190 1859
1562200 1861
1562210 1860
1562220 1862
1562230 1864
1562240 1868
1562250 1868
1562260 1872
1562270 1878
1562280 1878
1562290 1882
1562300 1885
1562310 1885
1562320 1887
1562330 1889
1562340 1889
1562350 1890
1562360 1891
1562370 1891
1562380 1892
1562390 1894
1562400 1894
1562410 1896
1562420 1897
1562430 1897
1562440 1898
1562450 1900
1562460 1901
1562470 1901
1562480 1902
1562490 1904
1562500 1904
1562510 1907
1562520 1910
1562530 1910
1562540 1913
1562550 1916
1562560 1916
1562570 1919
1562580 1922
1562590 1922
1562600 1926
1562610 1931
1562620 1931
1562630 1936
1562640 1941
1562650 1941
1562660 1944
1562670 1948
1562680 1951
1562690 1951
1562700 1955
1562710 1960
1562720 1960
1562730 1966
1562740 1970
1562750 1970
1562760 1973
1562770 1976
1562780 1976
1562790 1979
1562800 1982
1562810 1982
1562820 1985
1562830 1988
1562840 1988
1562850 1991
1562860 1993
1562870 1995
1562880 1995
1562890 1998
1562900 2002
1562910 2002
1562920 2004
1562930 2006
1562940 2006
1562950 2009
1562960 2013
1562970 2013
1562980 2016
1562990 2019
1563000 2019
1563010 2022
1563020 2022
1563030 2022
1563040 2023
1563050 2023
1563060 2023
1563070 2024
1563080 2024
1563090 2025
1563100 2025
1563110 2026
1563120 2026
1563130 2026
1563140 2026
1563150 2025
1563160 2025
1563170 2025
1563180 2024
1563190 2024
1563200 2023
1563210 2021
1563220 2021
1563230 2020
1563240 2018
1563250 2018
1563260 2014
1563270 2011
1563280 2011
1563290 2010
1563300 2009
1563310 2003
1563320 2003
1563330 1997
1563340 1993
1563350 1993
1563360 1991
1563370 1989
1563380 1989
1563390 1987
1563400 1985
1563410 1985
1563420 1985
1563430 1986
1563440 1986
1563450 1987
1563460 1985
1563470 1985
1563480 1982
1563490 1980
1563500 1980
1563510 1977
1563520 1973
1563530 1969
1563540 1969
1563550 1965
1563560 1962
1563570 1962
1563580 1962
1563590 1962
1563600 1962
1563610 1961
1563620 1959
1563630 1959
1563640 1958
1563650 1957
1563660 1957
1563670 1957
1563680 1958
1563690 1958
1563700 1958
1563710 1958
1563720 1958
1563730 1958
1563740 1957
1563750 1956
1563760 1956
1563770 1954
1563780 1952
1563790 1952
1563800 1950
1563810 1949
1563820 1949
1563830 1947
1563840 1944
1563850 1944
1563860 1941
1563870 1938
1563880 1938
1563890 1933
1563900 1928
1563910 1928
1563920 1923
1563930 1918
1563940 1918
1563950 1912
1563960 1908
1563970 1906
1563980 1906
1563990 1905
1564000 1904
1564010 1904
1564020 1902
1564030 1900
1564040 1900
1564050 1899
1564060 1898
1564070 1898
1564080 1898
1564090 1897
1564100 1897
1564110 1895
1564120 1893
1564130 1893
1564140 1891
1564150 1890
1564160 1890
1564170 1889
1564180 1889
1564190 1888
1564200 1888
1564210 1886
1564220 1883
1564230 1883
1564240 1880
1564250 1878
1564260 1878
1564270 1877
1564280 1875
1564290 1875
1564300 1874
1564310 1874
1564320 1874
1564330 1873
1564340 1873
1564350 1873
1564360 1871
1564370 1869
1564380 1864
1564390 1864
1564400 1860
1564410 1856
1564420 1856
1564430 1852
1564440 1849
1564450 1849
1564460 1846
1564470 1844
1564480 1844
1564490 1843
1564500 1841
1564510 1841
1564520 1839
1564530 1835
1564540 1835
1564550 1832
1564560 1828
1564570 1828
1564580 1824
1564590 1822
1564600 1821
1564610 1821
1564620 1820
1564630 1821
1564640 1821
1564650 1823
1564660 1824
1564670 1824
1564680 1826
1564690 1827
1564700 1827
1564710 1827
1564720 1828
1564730 1828
1564740 1830
1564750 1832
1564760 1832
1564770 1833
1564780 1834
1564790 1834
1564800 1835
1564810 1835
1564820 1836
1564830 1836
1564840 1837
1564850 1838
1564860 1838
1564870 1838
1564880 1839
1564890 1839
1564900 1839
1564910 1838
1564920 1838
1564930 1837
1564940 1836
1564950 1836
1564960 1834
1564970 1833
1564980 1833
1564990 1832
1565000 1831
1565010 1831
1565020 1830
1565030 1830
1565040 1829
1565050 1829
1565060 1827
1565070 1827
1565080 1827
1565090 1827
1565100 1826
1565110 1826
1565120 1825
1565130 1823
1565140 1823
1565150 1823
1565160 1822
1565170 1822
1565180 1821
1565190 1818
1565200 1818
1565210 1817
1565220 1815
1565230 1815
1565240 1813
1565250 1810
1565260 1808
1565270 1808
1565280 1806
1565290 1803
1565300 1803
1565310 1800
1565320 1796
1565330 1796
1565340 1793
1565350 1790
1565360 1790
1565370 1787
1565380 1783
1565390 1783
1565400 1780
1565410 1773
1565420 1773
1565430 1769
1565440 1766
1565450 1766
1565460 1762
1565470 1758
1565480 1756
1565490 1756
1565500 1755
1565510 1754
1565520 1754
1565530 1754
1565540 1753
1565550 1753
1565560 1751
1565570 1749
1565580 1749
1565590 1747
1565600 1742
1565610 1742
1565620 1737
1565630 1734
1565640 1734
1565650 1731
1565660 1729
1565670 1728
1565680 1728
1565690 1727
1565700 1726
1565710 1726
1565720 1725
1565730 1724
1565740 1724
1565750 1722
1565760 1720
1565770 1720
1565780 1719
1565790 1718
1565800 1718
1565810 1715
1565820 1713
1565830 1713
1565840 1712
1565850 1710
1565860 1710
1565870 1707
1565880 1702
1565890 1701
1565900 1701
1565910 1697
1565920 1694
1565930 1694
1565940 1692
1565950 1689
1565960 1689
1565970 1688
1565980 1686
1565990 1686
1566000 1683
1566010 1680
1566020 1680
1566030 1677
1566040 1678
1566050 1678
1566060 1677
1566070 1675
1566080 1675
1566090 1674
1566100 1672
1566110 1671
1566120 1671
1566130 1672
1566140 1671
1566150 1671
1566160 1670
1566170 1670
1566180 1670
1566190 1669
1566200 1668
1566210 1668
1566220 1667
1566230 1667
1566240 1667
1566250 1667
1566260 1667
1566270 1667
1566280 1666
1566290 1664
1566300 1664
1566310 1662
1566320 1660
1566330 1659
1566340 1659
1566350 1657
1566360 1656
1566370 1656
1566380 1656
1566390 1655
1566400 1655
1566410 1655
1566420 1655
1566430 1655
1566440 1655
1566450 1656
1566460 1656
1566470 1656
1566480 1656
1566490 1656
1566500 1655
1566510 1654
1566520 1654
1566530 1652
1566540 1650
1566550 1648
1566560 1648
1566570 1646
1566580 1644
1566590 1644
1566600 1641
1566610 1639
1566620 1639
1566630 1636
1566640 1633
1566650 1633
1566660 1630
1566670 1627
1566680 1627
1566690 1624
1566700 1620
1566710 1620
1566720 1619
1566730 1617
1566740 1617
1566750 1616
1566760 1613
1566770 1612
1566780 1612
1566790 1610
1566800 1607
1566810 1607
1566820 1604
1566830 1601
1566840 1601
1566850 1599
1566860 1598
1566870 1598
1566880 1595
1566890 1594
1566900 1594
1566910 1592
1566920 1590
1566930 1590
1566940 1588
1566950 1586
1566960 1583
1566970 1583
1566980 1579
1566990 1575
1567000 1575
1567010 1572
1567020 1569
1567030 1569
1567040 1566
1567050 1562
1567060 1562
1567070 1557
1567080 1553
1567090 1553
1567100 1550
1567110 1546
1567120 1546
1567130 1541
1567140 1536
1567150 1536
1567160 1529
1567170 1523
1567180 1519
1567190 1519
1567200 1514
1567210 1509
1567220 1509
1567230 1504
1567240 1499
1567250 1499
1567260 1494
1567270 1490
1567280 1490
1567290 1485
1567300 1481
1567310 1481
1567320 1477
1567330 1474
1567340 1474
1567350 1470
1567360 1466
1567370 1466
1567380 1462
1567390 1458
1567400 1453
1567410 1453
1567420 1449
1567430 1444
1567440 1444
1567450 1441
1567460 1438
1567470 1438
1567480 1435
1567490 1432
1567500 1432
1567510 1429
1567520 1425
1567530 1425
1567540 1421
1567550 1419
1567560 1419
1567570 1414
1567580 1408
1567590 1408
1567600 1404
1567610 1401
1567620 1399
1567630 1399
1567640 1397
1567650 1396
1567660 1396
1567670 1394
1567680 1390
1567690 1390
1567700 1385
1567710 1381
1567720 1381
1567730 1379
1567740 1377
1567750 1377
1567760 1376
1567770 1374
1567780 1374
1567790 1371
1567800 1369
1567810 1369
1567820 1367
1567830 1365
1567840 1361
1567850 1361
1567860 1357
1567870 1353
1567880 1353
1567890 1350
1567900 1346
1567910 1346
1567920 1342
1567930 1339
1567940 1339
1567950 1336
1567960 1332
1567970 1332
1567980 1327
1567990 1322
1568000 1322
1568010 1319
1568020 1315
1568030 1315
1568040 1311
1568050 1307
1568060 1303
1568070 1303
1568080 1300
1568090 1296
1568100 1296
1568110 1291
1568120 1287
1568130 1287
1568140 1284
1568150 1282
1568160 1282
1568170 1278
1568180 1273
1568190 1273
1568200 1267
1568210 1262
1568220 1262
1568230 1257
1568240 1253
1568250 1248
1568260 1248
1568270 1241
1568280 1235
1568290 1235
1568300 1229
1568310 1224
1568320 1224
1568330 1220
1568340 1214
1568350 1214
1568360 1209
1568370 1206
1568380 1206
1568390 1201
1568400 1195
1568410 1195
1568420 1191
1568430 1188
1568440 1188
1568450 1187
1568460 1185
1568470 1182
1568480 1182
1568490 1187
1568500 1184
1568510 1184
1568520 1181
1568530 1179
1568540 1179
1568550 1175
1568560 1171
1568570 1171
1568580 1168
1568590 1164
1568600 1164
1568610 1160
1568620 1158
1568630 1158
1568640 1156
1568650 1154
1568660 1154
1568670 1152
1568680 1151
1568690 1151
1568700 1151
1568710 1150
1568720 1148
1568730 1148
1568740 1147
1568750 1146
1568760 1146
1568770 1144
1568780 1143
1568790 1143
1568800 1142
1568810 1142
1568820 1142
1568830 1142
1568840 1140
1568850 1140
1568860 1139
1568870 1137
1568880 1137
1568890 1135
1568900 1131
1568910 1129
1568920 1129
1568930 1129
1568940 1129
1568950 1129
1568960 1132
1568970 1137
1568980 1137
1568990 1140
1569000 1146
1569010 1146
1569020 1151
1569030 1155
1569040 1155
1569050 1158
1569060 1161
1569070 1161
1569080 1164
1569090 1166
1569100 1166
1569110 1166
1569120 1170
1569130 1175
1569140 1175
1569150 1183
1569160 1191
1569170 1191
1569180 1198
1569190 1204
1569200 1204
1569210 1209
1569220 1214
1569230 1214
1569240 1220
1569250 1225
1569260 1225
1569270 1231
1569280 1237
1569290 1237
1569300 1243
1569310 1249
1569320 1249
1569330 1255
1569340 1261
1569350 1267
1569360 1267
1569370 1273
1569380 1278
1569390 1278
1569400 1284
1569410 1290
1569420 1290
1569430 1296
1569440 1302
1569450 1302
1569460 1307
1569470 1312
1569480 1312
1569490 1316
1569500 1320
1569510 1320
1569520 1324
1569530 1327
1569540 1331
1569550 1331
1569560 1334
1569570 1338
1569580 1338
1569590 1342
1569600 1345
1569610 1345
1569620 1348
1569630 1352
1569640 1352
1569650 1355
1569660 1358
1569670 1358
1569680 1361
1569690 1362
1569700 1362
1569710 1365
1569720 1366
1569730 1366
1569740 1366
1569750 1368
1569760 1369
1569770 1369
1569780 1369
1569790 1369
1569800 1369
1569810 1368
1569820 1368
1569830 1368
1569840 1367
1569850 1366
1569860 1366
1569870 1364
1569880 1363
1569890 1363
1569900 1361
1569910 1358
1569920 1358
1569930 1353
1569940 1349
1569950 1349
1569960 1351
1569970 1356
1569980 1360
1569990 1356
1570000 1361
1570010 1367
1570020 1367
1570030 1371
1570040 1375
1570050 1375
1570060 1380
1570070 1384
1570080 1384
1570090 1388
1570100 1392
1570110 1392
1570120 1397
1570130 1402
1570140 1402
1570150 1405
1570160 1407
1570170 1407
1570180 1408
1570190 1408
1570200 1408
1570210 1408
1570220 1408
1570230 1407
1570240 1407
1570250 1406
1570260 1406
1570270 1406
1570280 1404
1570290 1404
1570300 1404
1570310 1404
1570320 1403
1570330 1403
1570340 1403
1570350 1401
1570360 1401
1570370 1398
1570380 1396
1570390 1396
1570400 1395
1570410 1393
1570420 1392
1570430 1392
1570440 1390
1570450 1388
1570460 1388
1570470 1386
1570480 1383
1570490 1383
1570500 1381
1570510 1379
1570520 1379
1570530 1377
1570540 1376
1570550 1376
1570560 1378
1570570 1380
1570580 1380
1570590 1382
1570600 1385
1570610 1385
1570620 1387
1570630 1390
1570640 1393
1570650 1393
1570660 1396
1570670 1399
1570680 1399
1570690 1401
1570700 1403
1570710 1403
1570720 1404
1570730 1404
1570740 1404
1570750 1403
1570760 1401
1570770 1401
1570780 1400
1570790 1400
1570800 1400
1570810 1399
1570820 1400
1570830 1399
1570840 1399
1570850 1397
1570860 1397
1570870 1397
1570880 1396
1570890 1395
1570900 1395
1570910 1393
1570920 1392
1570930 1392
1570940 1391
1570950 1391
1570960 1391
1570970 1390
1570980 1390
1570990 1390
1571000 1392
1571010 1394
1571020 1394
1571030 1394
1571040 1395
1571050 1397
1571060 1397
1571070 1399
1571080 1402
1571090 1402
1571100 1403
1571110 1404
1571120 1404
1571130 1407
1571140 1410
1571150 1410
1571160 1413
1571170 1415
1571180 1415
1571190 1417
1571200 1419
1571210 1419
1571220 1422
1571230 1427
1571240 1427
1571250 1431
1571260 1434
1571270 1437
1571280 1437
1571290 1440
1571300 1443
1571310 1443
1571320 1447
1571330 1450
1571340 1450
1571350 1452
1571360 1454
1571370 1454
1571380 1456
1571390 1458
1571400 1458
1571410 1460
1571420 1461
1571430 1461
1571440 1463
1571450 1464
1571460 1464
1571470 1463
1571480 1465
1571490 1468
1571500 1468
1571510 1471
1571520 1474
1571530 1474
1571540 1475
1571550 1476
1571560 1476
1571570 1476
1571580 1477
1571590 1477
1571600 1479
1571610 1482
1571620 1482
1571630 1485
1571640 1489
1571650 1489
1571660 1492
1571670 1495
1571680 1495
1571690 1499
1571700 1502
1571710 1506
1571720 1506
1571730 1510
1571740 1513
1571750 1513
1571760 1517
1571770 1521
1571780 1521
1571790 1526
1571800 1530
1571810 1530
1571820 1535
1571830 1539
1571840 1539
1571850 1543
1571860 1547
1571870 1547
1571880 1551
1571890 1555
1571900 1555
1571910 1559
1571920 1564
1571930 1569
1571940 1569
1571950 1573
1571960 1580
1571970 1580
1571980 1587
1571990 1592
1572000 1592
1572010 1596
1572020 1600
1572030 1600
1572040 1604
1572050 1607
1572060 1607
1572070 1611
1572080 1614
1572090 1614
1572100 1617
1572110 1620
1572120 1625
1572130 1625
1572140 1629
1572150 1634
1572160 1634
1572170 1637
1572180 1641
1572190 1641
1572200 1644
1572210 1646
1572220 1646
1572230 1648
1572240 1651
1572250 1651
1572260 1653
1572270 1656
1572280 1656
1572290 1660
1572300 1663
1572310 1663
1572320 1668
1572330 1674
1572340 1678
1572350 1678
1572360 1683
1572370 1687
1572380 1687
1572390 1691
1572400 1695
1572410 1695
1572420 1699
1572430 1704
1572440 1704
1572450 1708
1572460 1713
1572470 1713
1572480 1718
1572490 1723
1572500 1723
1572510 1729
1572520 1735
1572530 1735
1572540 1740
1572550 1745
1572560 1750
1572570 1750
1572580 1755
1572590 1760
1572600 1760
1572610 1766
1572620 1772
1572630 1772
1572640 1778
1572650 1783
1572660 1783
1572670 1788
1572680 1793
1572690 1793
1572700 1797
1572710 1802
1572720 1802
1572730 1806
1572740 1811
1572750 1811
1572760 1815
1572770 1820
1572780 1824
1572790 1824
1572800 1830
1572810 1835
1572820 1835
1572830 1841
1572840 1845
1572850 1845
1572860 1849
1572870 1853
1572880 1853
1572890 1858
1572900 1863
1572910 1863
1572920 1869
1572930 1874
1572940 1874
1572950 1880
1572960 1885
1572970 1885
1572980 1890
1572990 1895
1573000 1901
1573010 1901
1573020 1907
1573030 1912
1573040 1912
1573050 1918
1573060 1923
1573070 1923
1573080 1928
1573090 1933
1573100 1933
1573110 1938
1573120 1941
1573130 1941
1573140 1943
1573150 1945
1573160 1945
1573170 1947
1573180 1949
1573190 1949
1573200 1951
1573210 1953
1573220 1954
1573230 1954
1573240 1956
1573250 1957
1573260 1957
1573270 1958
1573280 1959
1573290 1959
1573300 1960
1573310 1961
1573320 1961
1573330 1962
1573340 1962
1573350 1962
1573360 1963
1573370 1963
1573380 1963
1573390 1964
1573400 1964
1573410 1965
1573420 1965
1573430 1965
1573440 1965
1573450 1965
1573460 1966
1573470 1967
1573480 1967
1573490 1969
1573500 1971
1573510 1971
1573520 1972
1573530 1973
1573540 1973
1573550 1974
1573560 1970
1573570 1970
1573580 1963
1573590 1956
1573600 1956
1573610 1949
1573620 1943
1573630 1937
1573640 1937
1573650 1931
1573660 1926
1573670 1926
1573680 1922
1573690 1917
1573700 1917
1573710 1913
1573720 1909
1573730 1909
1573740 1905
1573750 1902
1573760 1902
1573770 1898
1573780 1895
1573790 1895
1573800 1892
1573810 1888
1573820 1888
1573830 1884
1573840 1880
1573850 1877
1573860 1877
1573870 1872
1573880 1866
1573890 1866
1573900 1861
1573910 1857
1573920 1857
1573930 1852
1573940 1848
1573950 1848
1573960 1845
1573970 1842
1573980 1842
1573990 1839
1574000 1835
1574010 1835
1574020 1832
1574030 1829
1574040 1829
1574050 1827
1574060 1826
1574070 1824
1574080 1824
1574090 1821
1574100 1816
1574110 1816
1574120 1811
1574130 1807
1574140 1807
1574150 1803
1574160 1800
1574170 1800
1574180 1799
1574190 1798
1574200 1798
1574210 1798
1574220 1799
1574230 1799
1574240 1799
1574250 1800
1574260 1800
1574270 1800
1574280 1801
1574290 1800
1574300 1800
1574310 1799
1574320 1798
1574330 1798
1574340 1800
1574350 1798
1574360 1798
1574370 1796
1574380 1795
1574390 1795
1574400 1793
1574410 1792
1574420 1792
1574430 1790
1574440 1789
1574450 1789
1574460 1786
1574470 1783
1574480 1783
1574490 1780
1574500 1777
1574510 1774
1574520 1774
1574530 1771
1574540 1769
1574550 1769
1574560 1767
1574570 1767
1574580 1767
1574590 1766
1574600 1766
1574610 1766
1574620 1765
1574630 1765
1574640 1765
1574650 1764
1574660 1761
1574670 1761
1574680 1759
1574690 1758
1574700 1758
1574710 1758
1574720 1757
1574730 1754
1574740 1754
1574750 1750
1574760 1745
1574770 1745
1574780 1742
1574790 1741
1574800 1741
1574810 1741
1574820 1739
1574830 1739
1574840 1737
1574850 1735
1574860 1735
1574870 1734
1574880 1733
1574890 1733
1574900 1730
1574910 1728
1574920 1726
1574930 1726
1574940 1723
1574950 1720
1574960 1720
1574970 1716
1574980 1713
1574990 1713
1575000 1711
1575010 1707
1575020 1707
1575030 1701
1575040 1697
1575050 1697
1575060 1693
1575070 1689
1575080 1689
1575090 1686
1575100 1682
1575110 1682
1575120 1678
1575130 1674
1575140 1670
1575150 1670
1575160 1665
1575170 1661
1575180 1661
1575190 1656
1575200 1650
1575210 1650
1575220 1645
1575230 1640
1575240 1640
1575250 1635
1575260 1631
1575270 1631
1575280 1628
1575290 1625
1575300 1625
1575310 1621
1575320 1618
1575330 1618
1575340 1614
1575350 1609
1575360 1606
1575370 1606
1575380 1603
1575390 1599
1575400 1599
1575410 1595
1575420 1593
1575430 1593
1575440 1590
1575450 1587
1575460 1587
1575470 1584
1575480 1580
1575490 1580
1575500 1577
1575510 1574
1575520 1574
1575530 1571
1575540 1567
1575550 1567
1575560 1563
1575570 1558
1575580 1552
1575590 1552
1575600 1548
1575610 1545
1575620 1545
1575630 1541
1575640 1536
1575650 1536
1575660 1532
1575670 1529
1575680 1529
1575690 1526
1575700 1523
1575710 1523
1575720 1520
1575730 1517
1575740 1517
1575750 1514
1575760 1511
1575770 1511
1575780 1507
1575790 1504
1575800 1501
1575810 1501
1575820 1497
1575830 1492
1575840 1492
1575850 1487
1575860 1482
1575870 1482
1575880 1476
1575890 1471
1575900 1471
1575910 1466
1575920 1461
1575930 1461
1575940 1456
1575950 1451
1575960 1451
1575970 1445
1575980 1440
1575990 1435
1576000 1435
1576010 1430
1576020 1426
1576030 1426
1576040 1421
1576050 1417
1576060 1417
1576070 1414
1576080 1411
1576090 1411
1576100 1409
1576110 1406
1576120 1406
1576130 1402
1576140 1397
1576150 1397
1576160 1392
1576170 1388
1576180 1388
1576190 1384
1576200 1378
1576210 1374
1576220 1374
1576230 1368
1576240 1363
1576250 1363
1576260 1358
1576270 1353
1576280 1353
1576290 1349
1576300 1344
1576310 1344
1576320 1340
1576330 1336
1576340 1336
1576350 1332
1576360 1328
1576370 1328
1576380 1323
1576390 1321
1576400 1321
1576410 1318
1576420 1314
1576430 1310
1576440 1310
1576450 1307
1576460 1304
1576470 1304
1576480 1301
1576490 1299
1576500 1299
1576510 1295
1576520 1292
1576530 1292
1576540 1289
1576550 1285
1576560 1285
1576570 1283
1576580 1279
1576590 1279
1576600 1275
1576610 1270
1576620 1270
1576630 1265
1576640 1261
1576650 1257
1576660 1257
1576670 1255
1576680 1252
1576690 1252
1576700 1250
1576710 1249
1576720 1249
1576730 1248
1576740 1245
1576750 1245
1576760 1245
1576770 1246
1576780 1246
1576790 1246
1576800 1246
1576810 1246
1576820 1245
1576830 1244
1576840 1244
1576850 1242
1576860 1240
1576870 1238
1576880 1238
1576890 1236
1576900 1233
1576910 1233
1576920 1231
1576930 1230
1576940 1230
1576950 1228
1576960 1225
1576970 1225
1576980 1223
1576990 1220
1577000 1220
1577010 1216
1577020 1211
1577030 1211
1577040 1207
1577050 1203
1577060 1203
1577070 1199
1577080 1198
1577090 1198
1577100 1198
1577110 1198
1577120 1200
1577130 1200
1577140 1198
1577150 1196
1577160 1196
1577170 1194
1577180 1192
1577190 1192
1577200 1190
1577210 1188
1577220 1188
1577230 1187
1577240 1186
1577250 1186
1577260 1183
1577270 1180
1577280 1177
1577290 1177
1577300 1172
1577310 1167
1577320 1167
1577330 1162
1577340 1158
1577350 1158
1577360 1155
1577370 1152
1577380 1152
1577390 1149
1577400 1146
1577410 1146
1577420 1142
1577430 1138
1577440 1138
1577450 1135
1577460 1131
1577470 1131
1577480 1128
1577490 1126
1577500 1123
1577510 1123
1577520 1120
1577530 1117
1577540 1117
1577550 1114
1577560 1111
1577570 1111
1577580 1107
1577590 1104
1577600 1104
1577610 1101
1577620 1100
1577630 1100
1577640 1098
1577650 1094
1577660 1094
1577670 1093
1577680 1091
1577690 1091
1577700 1090
1577710 1089
1577720 1087
1577730 1087
1577740 1086
1577750 1084
1577760 1084
1577770 1082
1577780 1078
1577790 1078
1577800 1077
1577810 1076
1577820 1076
1577830 1075
1577840 1074
1577850 1074
1577860 1072
1577870 1070
1577880 1070
1577890 1069
1577900 1068
1577910 1068
1577920 1067
1577930 1066
1577940 1065
1577950 1065
1577960 1063
1577970 1062
1577980 1062
1577990 1060
1578000 1059
1578010 1059
1578020 1058
1578030 1058
1578040 1058
1578050 1057
1578060 1055
1578070 1055
1578080 1053
1578090 1052
1578100 1052
1578110 1052
1578120 1051
1578130 1051
1578140 1049
1578150 1048
1578160 1047
1578170 1047
1578180 1046
1578190 1046
1578200 1046
1578210 1046
1578220 1045
1578230 1045
1578240 1046
1578250 1046
1578260 1046
1578270 1045
1578280 1045
1578290 1045
1578300 1045
1578310 1046
1578320 1046
1578330 1046
1578340 1046
1578350 1046
1578360 1047
1578370 1047
1578380 1047
1578390 1047
1578400 1048
1578410 1048
1578420 1048
1578430 1048
1578440 1048
1578450 1048
1578460 1048
1578470 1048
1578480 1047
1578490 1047
1578500 1047
1578510 1047
1578520 1047
1578530 1047
1578540 1047
1578550 1047
1578560 1047
1578570 1048
1578580 1048
1578590 1048
1578600 1048
1578610 1048
1578620 1048
1578630 1048
1578640 1048
1578650 1048
1578660 1048
1578670 1048
1578680 1049
1578690 1049
1578700 1049
1578710 1048
1578720 1048
1578730 1048
1578740 1048
1578750 1048
1578760 1048
1578770 1048
1578780 1047
1578790 1046
1578800 1046
1578810 1047
1578820 1046
1578830 1046
1578840 1047
1578850 1048
1578860 1048
1578870 1049
1578880 1050
1578890 1050
1578900 1050
1578910 1051
1578920 1051
1578930 1052
1578940 1053
1578950 1053
1578960 1054
1578970 1055
1578980 1055
1578990 1056
1579000 1056
1579010 1057
1579020 1057
1579030 1058
1579040 1058
1579050 1058
1579060 1059
1579070 1059
1579080 1059
1579090 1059
1579100 1058
1579110 1058
1579120 1058
1579130 1059
1579140 1059
1579150 1059
1579160 1060
1579170 1060
1579180 1060
1579190 1061
1579200 1061
1579210 1062
1579220 1066
1579230 1070
1579240 1070
1579250 1073
1579260 1075
1579270 1075
1579280 1077
1579290 1079
1579300 1079
1579310 1080
1579320 1082
1579330 1082
1579340 1083
1579350 1085
1579360 1085
1579370 1086
1579380 1087
1579390 1087
1579400 1089
1579410 1090
1579420 1090
1579430 1092
1579440 1093
1579450 1094
1579460 1094
1579470 1096
1579480 1097
1579490 1097
1579500 1098
1579510 1100
1579520 1100
1579530 1102
1579540 1103
1579550 1103
1579560 1105
1579570 1108
1579580 1108
1579590 1110
1579600 1113
1579610 1113
1579620 1115
1579630 1117
1579640 1117
1579650 1120
1579660 1121
1579670 1123
1579680 1123
1579690 1125
1579700 1127
1579710 1127
1579720 1129
1579730 1130
1579740 1130
1579750 1132
1579760 1133
1579770 1133
1579780 1135
1579790 1136
1579800 1136
1579810 1137
1579820 1138
1579830 1138
1579840 1139
1579850 1140
1579860 1141
1579870 1141
1579880 1143
1579890 1144
1579900 1144
1579910 1145
1579920 1146
1579930 1146
1579940 1147
1579950 1148
1579960 1148
1579970 1150
1579980 1151
1579990 1151
