1560000 1269
1560010 1269
1560020 1269
1560030 1268
1560040 1268
1560050 1266
1560060 1265
1560070 1264
1560080 1264
1560090 1262
1560100 1261
1560110 1259
1560120 1259
1560130 1257
1560140 1256
1560150 1256
1560160 1254
1560170 1253
1560180 1253
1560190 1251
1560200 1249
1560210 1249
1560220 1247
1560230 1244
1560240 1244
1560250 1242
1560260 1240
1560270 1240
1560280 1238
1560290 1235
1560300 1235
1560310 1233
1560320 1231
1560330 1229
1560340 1229
1560350 1227
1560360 1224
1560370 1224
1560380 1221
1560390 1218
1560400 1218
1560410 1214
1560420 1210
1560430 1210
1560440 1205
1560450 1200
1560460 1200
1560470 1195
1560480 1189
1560490 1189
1560500 1190
1560510 1192
1560520 1192
1560530 1192
1560540 1185
1560550 1183
1560560 1183
1560570 1189
1560580 1194
1560590 1194
1560600 1198
1560610 1200
1560620 1200
1560630 1201
1560640 1201
1560650 1201
1560660 1201
1560670 1201
1560680 1201
1560690 1201
1560700 1202
1560710 1202
1560720 1203
1560730 1203
1560740 1203
1560750 1202
1560760 1202
1560770 1202
1560780 1202
1560790 1202
1560800 1201
1560810 1201
1560820 1200
1560830 1198
1560840 1198
1560850 1193
1560860 1192
1560870 1192
1560880 1196
1560890 1196
1560900 1196
1560910 1195
1560920 1195
1560930 1195
1560940 1194
1560950 1192
1560960 1192
1560970 1189
1560980 1191
1560990 1196
1561000 1196
1561010 1203
1561020 1209
1561030 1209
1561040 1214
1561050 1219
1561060 1219
1561070 1224
1561080 1229
1561090 1229
1561100 1234
1561110 1241
1561120 1241
1561130 1248
1561140 1254
1561150 1254
1561160 1259
1561170 1264
1561180 1264
1561190 1268
1561200 1271
1561210 1275
1561220 1275
1561230 1278
1561240 1282
1561250 1282
1561260 1285
1561270 1288
1561280 1288
1561290 1292
1561300 1297
1561310 1297
1561320 1302
1561330 1307
1561340 1307
1561350 1312
1561360 1317
1561370 1317
1561380 1322
1561390 1327
1561400 1327
1561410 1332
1561420 1338
1561430 1343
1561440 1343
1561450 1348
1561460 1353
1561470 1353
1561480 1358
1561490 1363
1561500 1363
1561510 1367
1561520 1370
1561530 1370
1561540 1374
1561550 1379
1561560 1379
1561570 1382
1561580 1385
1561590 1385
1561600 1389
1561610 1393
1561620 1393
1561630 1396
1561640 1399
1561650 1402
1561660 1402
1561670 1405
1561680 1408
1561690 1408
1561700 1411
1561710 1412
1561720 1412
1561730 1415
1561740 1418
1561750 1418
1561760 1421
1561770 1422
1561780 1422
1561790 1426
1561800 1428
1561810 1428
1561820 1431
1561830 1434
1561840 1434
1561850 1437
1561860 1440
1561870 1443
1561880 1443
1561890 1446
1561900 1450
1561910 1450
1561920 1453
1561930 1456
1561940 1456
1561950 1459
1561960 1462
1561970 1462
1561980 1465
1561990 1468
1562000 1468
1562010 1470
1562020 1473
1562030 1473
1562040 1477
1562050 1479
1562060 1479
1562070 1485
1562080 1489
1562090 1496
1562100 1496
1562110 1504
1562120 1508
1562130 1508
1562140 1512
1562150 1517
1562160 1517
1562170 1522
1562180 1525
1562190 1525
1562200 1529
1562210 1532
1562220 1532
1562230 1534
1562240 1534
1562250 1534
1562260 1535
1562270 1536
1562280 1536
1562290 1536
1562300 1538
1562310 1539
1562320 1539
1562330 1540
1562340 1541
1562350 1541
1562360 1542
1562370 1543
1562380 1543
1562390 1545
1562400 1547
1562410 1547
1562420 1548
1562430 1549
1562440 1549
1562450 1549
1562460 1548
1562470 1548
1562480 1547
1562490 1547
1562500 1547
1562510 1548
1562520 1551
1562530 1553
1562540 1553
1562550 1554
1562560 1555
1562570 1555
1562580 1556
1562590 1557
1562600 1557
1562610 1557
1562620 1557
1562630 1557
1562640 1556
1562650 1555
1562660 1555
1562670 1555
1562680 1553
1562690 1553
1562700 1552
1562710 1551
1562720 1551
1562730 1549
1562740 1548
1562750 1545
1562760 1545
1562770 1544
1562780 1544
1562790 1544
1562800 1545
1562810 1547
1562820 1547
1562830 1547
1562840 1545
1562850 1545
1562860 1543
1562870 1540
1562880 1540
1562890 1537
1562900 1533
1562910 1533
1562920 1530
1562930 1528
1562940 1528
1562950 1524
1562960 1518
1562970 1515
1562980 1515
1562990 1510
1563000 1506
1563010 1506
1563020 1504
1563030 1502
1563040 1502
1563050 1499
1563060 1497
1563070 1497
1563080 1494
1563090 1491
1563100 1491
1563110 1490
1563120 1490
1563130 1490
1563140 1489
1563150 1486
1563160 1486
1563170 1481
1563180 1480
1563190 1479
1563200 1479
1563210 1478
1563220 1474
1563230 1474
1563240 1471
1563250 1469
1563260 1469
1563270 1467
1563280 1463
1563290 1463
1563300 1460
1563310 1456
1563320 1456
1563330 1453
1563340 1445
1563350 1445
1563360 1441
1563370 1437
1563380 1437
1563390 1433
1563400 1428
1563410 1424
1563420 1424
1563430 1420
1563440 1418
1563450 1418
1563460 1415
1563470 1412
1563480 1412
1563490 1408
1563500 1405
1563510 1405
1563520 1402
1563530 1400
1563540 1400
1563550 1397
1563560 1393
1563570 1393
1563580 1390
1563590 1386
1563600 1386
1563610 1381
1563620 1377
1563630 1374
1563640 1374
1563650 1370
1563660 1366
1563670 1366
1563680 1362
1563690 1358
1563700 1358
1563710 1352
1563720 1348
1563730 1348
1563740 1342
1563750 1336
1563760 1336
1563770 1338
1563780 1342
1563790 1342
1563800 1343
1563810 1347
1563820 1347
1563830 1349
1563840 1349
1563850 1349
1563860 1349
1563870 1348
1563880 1347
1563890 1347
1563900 1347
1563910 1346
1563920 1346
1563930 1346
1563940 1346
1563950 1346
1563960 1346
1563970 1346
1563980 1346
1563990 1346
1564000 1346
1564010 1346
1564020 1346
1564030 1345
1564040 1345
1564050 1345
1564060 1344
1564070 1342
1564080 1342
1564090 1340
1564100 1339
1564110 1339
1564120 1337
1564130 1335
1564140 1335
1564150 1334
1564160 1333
1564170 1333
1564180 1333
1564190 1333
1564200 1333
1564210 1332
1564220 1331
1564230 1331
1564240 1329
1564250 1329
1564260 1329
1564270 1329
1564280 1329
1564290 1328
1564300 1328
1564310 1328
1564320 1327
1564330 1327
1564340 1327
1564350 1327
1564360 1327
1564370 1327
1564380 1327
1564390 1327
1564400 1328
1564410 1327
1564420 1327
1564430 1328
1564440 1328
1564450 1328
1564460 1328
1564470 1328
1564480 1328
1564490 1327
1564500 1327
1564510 1326
1564520 1326
1564530 1325
1564540 1324
1564550 1324
1564560 1322
1564570 1320
1564580 1320
1564590 1319
1564600 1317
1564610 1317
1564620 1315
1564630 1312
1564640 1312
1564650 1308
1564660 1305
1564670 1305
1564680 1301
1564690 1297
1564700 1297
1564710 1294
1564720 1291
1564730 1288
1564740 1288
1564750 1284
1564760 1280
1564770 1280
1564780 1275
1564790 1271
1564800 1271
1564810 1267
1564820 1263
1564830 1263
1564840 1259
1564850 1255
1564860 1255
1564870 1250
1564880 1245
1564890 1245
1564900 1238
1564910 1231
1564920 1231
1564930 1225
1564940 1217
1564950 1210
1564960 1210
1564970 1202
1564980 1195
1564990 1195
1565000 1187
1565010 1180
1565020 1180
1565030 1173
1565040 1164
1565050 1164
1565060 1160
1565070 1167
1565080 1167
1565090 1180
1565100 1196
1565110 1196
1565120 1202
1565130 1204
1565140 1204
1565150 1206
1565160 1206
1565170 1207
1565180 1207
1565190 1208
1565200 1210
1565210 1210
1565220 1211
1565230 1214
1565240 1214
1565250 1216
1565260 1217
1565270 1217
1565280 1219
1565290 1220
1565300 1220
1565310 1221
1565320 1222
1565330 1222
1565340 1225
1565350 1229
1565360 1229
1565370 1231
1565380 1234
1565390 1238
1565400 1238
1565410 1242
1565420 1244
1565430 1244
1565440 1246
1565450 1248
1565460 1248
1565470 1249
1565480 1249
1565490 1249
1565500 1250
1565510 1250
1565520 1250
1565530 1251
1565540 1251
1565550 1251
1565560 1251
1565570 1252
1565580 1252
1565590 1253
1565600 1253
1565610 1254
1565620 1254
1565630 1254
1565640 1253
1565650 1253
1565660 1251
1565670 1250
1565680 1250
1565690 1248
1565700 1247
1565710 1247
1565720 1244
1565730 1245
1565740 1245
1565750 1249
1565760 1253
1565770 1253
1565780 1257
1565790 1261
1565800 1261
1565810 1264
1565820 1267
1565830 1271
1565840 1271
1565850 1276
1565860 1280
1565870 1280
1565880 1284
1565890 1288
1565900 1288
1565910 1293
1565920 1298
1565930 1298
1565940 1301
1565950 1302
1565960 1302
1565970 1303
1565980 1303
1565990 1303
1566000 1302
1566010 1302
1566020 1302
1566030 1299
1566040 1297
1566050 1293
1566060 1293
1566070 1289
1566080 1285
1566090 1285
1566100 1281
1566110 1276
1566120 1276
1566130 1274
1566140 1271
1566150 1271
1566160 1267
1566170 1263
1566180 1263
1566190 1259
1566200 1257
1566210 1257
1566220 1254
1566230 1252
1566240 1252
1566250 1250
1566260 1247
1566270 1245
1566280 1245
1566290 1243
1566300 1241
1566310 1241
1566320 1239
1566330 1236
1566340 1236
1566350 1234
1566360 1231
1566370 1231
1566380 1229
1566390 1225
1566400 1225
1566410 1219
1566420 1212
1566430 1212
1566440 1203
1566450 1200
1566460 1200
1566470 1203
1566480 1206
1566490 1207
1566500 1202
1566510 1202
1566520 1201
1566530 1201
1566540 1202
1566550 1201
1566560 1201
1566570 1200
1566580 1199
1566590 1199
1566600 1199
1566610 1198
1566620 1198
1566630 1199
1566640 1199
1566650 1199
1566660 1200
1566670 1200
1566680 1200
1566690 1201
1566700 1201
1566710 1200
1566720 1200
1566730 1200
1566740 1199
1566750 1199
1566760 1199
1566770 1199
1566780 1199
1566790 1199
1566800 1199
1566810 1199
1566820 1199
1566830 1200
1566840 1200
1566850 1202
1566860 1203
1566870 1203
1566880 1206
1566890 1206
1566900 1206
1566910 1207
1566920 1207
1566930 1209
1566940 1209
1566950 1210
1566960 1211
1566970 1211
1566980 1211
1566990 1211
1567000 1211
1567010 1210
1567020 1209
1567030 1209
1567040 1207
1567050 1206
1567060 1206
1567070 1207
1567080 1207
1567090 1207
1567100 1208
1567110 1209
1567120 1209
1567130 1209
1567140 1208
1567150 1207
1567160 1207
1567170 1206
1567180 1206
1567190 1206
1567200 1205
1567210 1204
1567220 1204
1567230 1203
1567240 1201
1567250 1201
1567260 1199
1567270 1197
1567280 1197
1567290 1195
1567300 1195
1567310 1195
1567320 1195
1567330 1194
1567340 1194
1567350 1191
1567360 1189
1567370 1185
1567380 1185
1567390 1182
1567400 1180
1567410 1180
1567420 1177
1567430 1173
1567440 1173
1567450 1169
1567460 1166
1567470 1166
1567480 1163
1567490 1160
1567500 1160
1567510 1156
1567520 1152
1567530 1152
1567540 1148
1567550 1144
1567560 1144
1567570 1140
1567580 1136
1567590 1132
1567600 1132
1567610 1126
1567620 1120
1567630 1120
1567640 1115
1567650 1113
1567660 1113
1567670 1111
1567680 1109
1567690 1109
1567700 1107
1567710 1106
1567720 1106
1567730 1103
1567740 1098
1567750 1098
1567760 1088
1567770 1078
1567780 1078
1567790 1071
1567800 1065
1567810 1059
1567820 1059
1567830 1054
1567840 1051
1567850 1051
1567860 1047
1567870 1044
1567880 1044
1567890 1040
1567900 1036
1567910 1036
1567920 1031
1567930 1026
1567940 1026
1567950 1022
1567960 1018
1567970 1018
1567980 1015
1567990 1012
1568000 1012
1568010 1010
1568020 1008
1568030 1006
1568040 1005
1568050 1004
1568060 1003
1568070 1003
1568080 1002
1568090 1000
1568100 1000
1568110 1000
1568120 997
1568130 997
1568140 993
1568150 989
1568160 989
1568170 985
1568180 981
1568190 981
1568200 979
1568210 976
1568220 976
1568230 972
1568240 969
1568250 964
1568260 964
1568270 959
1568280 954
1568290 954
1568300 948
1568310 944
1568320 944
1568330 939
1568340 934
1568350 934
1568360 928
1568370 923
1568380 923
1568390 918
1568400 913
1568410 913
1568420 910
1568430 909
1568440 909
1568450 909
1568460 909
1568470 906
1568480 906
1568490 907
1568500 916
1568510 916
1568520 921
1568530 921
1568540 921
1568550 920
1568560 919
1568570 919
1568580 920
1568590 922
1568600 922
1568610 924
1568620 926
1568630 926
1568640 931
1568650 934
1568660 934
1568670 937
1568680 938
1568690 942
1568700 942
1568710 945
1568720 947
1568730 947
1568740 952
1568750 957
1568760 957
1568770 963
1568780 968
1568790 968
1568800 972
1568810 977
1568820 977
1568830 982
1568840 985
1568850 985
1568860 989
1568870 992
1568880 992
1568890 995
1568900 997
1568910 998
1568920 998
1568930 999
1568940 1001
1568950 1001
1568960 1002
1568970 1003
1568980 1003
1568990 1005
1569000 1006
1569010 1006
1569020 1007
1569030 1008
1569040 1008
1569050 1010
1569060 1011
1569070 1011
1569080 1011
1569090 1009
1569100 1009
1569110 1008
1569120 1011
1569130 1013
1569140 1013
1569150 1015
1569160 1019
1569170 1019
1569180 1020
1569190 1021
1569200 1021
1569210 1020
1569220 1019
1569230 1019
1569240 1019
1569250 1018
1569260 1018
1569270 1015
1569280 1017
1569290 1017
1569300 1020
1569310 1025
1569320 1025
1569330 1029
1569340 1030
1569350 1030
1569360 1030
1569370 1029
1569380 1028
1569390 1028
1569400 1026
1569410 1025
1569420 1025
1569430 1026
1569440 1027
1569450 1027
1569460 1028
1569470 1030
1569480 1030
1569490 1032
1569500 1033
1569510 1033
1569520 1034
1569530 1034
1569540 1029
1569550 1030
1569560 1032
1569570 1034
1569580 1034
1569590 1036
1569600 1038
1569610 1038
1569620 1041
1569630 1044
1569640 1044
1569650 1048
1569660 1052
1569670 1052
1569680 1056
1569690 1059
1569700 1059
1569710 1060
1569720 1061
1569730 1061
1569740 1060
1569750 1058
1569760 1058
1569770 1057
1569780 1057
1569790 1056
1569800 1056
1569810 1056
1569820 1056
1569830 1056
1569840 1057
1569850 1058
1569860 1058
1569870 1059
1569880 1060
1569890 1060
1569900 1060
1569910 1060
1569920 1060
1569930 1061
1569940 1062
1569950 1062
1569960 1062
1569970 1063
1569980 1063
1569990 1064
1570000 1065
1570010 1066
1570020 1066
1570030 1068
1570040 1068
1570050 1068
1570060 1070
1570070 1071
1570080 1071
1570090 1074
1570100 1075
1570110 1075
1570120 1075
1570130 1075
1570140 1075
1570150 1075
1570160 1075
1570170 1075
1570180 1074
1570190 1074
1570200 1074
1570210 1074
1570220 1074
1570230 1074
1570240 1074
1570250 1074
1570260 1073
1570270 1073
1570280 1071
1570290 1067
1570300 1067
1570310 1063
1570320 1060
1570330 1060
1570340 1057
1570350 1054
1570360 1054
1570370 1051
1570380 1046
1570390 1046
1570400 1039
1570410 1032
1570420 1032
1570430 1025
1570440 1020
1570450 1016
1570460 1016
1570470 1014
1570480 1016
1570490 1016
1570500 1024
1570510 1030
1570520 1030
1570530 1037
1570540 1043
1570550 1043
1570560 1052
1570570 1060
1570580 1060
1570590 1065
1570600 1068
1570610 1068
1570620 1071
1570630 1071
1570640 1071
1570650 1072
1570660 1072
1570670 1072
1570680 1072
1570690 1072
1570700 1073
1570710 1073
1570720 1073
1570730 1073
1570740 1073
1570750 1074
1570760 1076
1570770 1076
1570780 1077
1570790 1078
1570800 1078
1570810 1078
1570820 1078
1570830 1078
1570840 1078
1570850 1079
1570860 1079
1570870 1079
1570880 1079
1570890 1080
1570900 1080
1570910 1081
1570920 1082
1570930 1082
1570940 1084
1570950 1085
1570960 1085
1570970 1087
1570980 1088
1570990 1088
1571000 1090
1571010 1091
1571020 1091
1571030 1092
1571040 1095
1571050 1095
1571060 1099
1571070 1102
1571080 1102
1571090 1104
1571100 1107
1571110 1108
1571120 1108
1571130 1110
1571140 1111
1571150 1111
1571160 1112
1571170 1113
1571180 1113
1571190 1115
1571200 1117
1571210 1117
1571220 1118
1571230 1120
1571240 1120
1571250 1121
1571260 1123
1571270 1123
1571280 1126
1571290 1129
1571300 1129
1571310 1132
1571320 1133
1571330 1133
1571340 1133
1571350 1135
1571360 1136
1571370 1136
1571380 1138
1571390 1140
1571400 1140
1571410 1142
1571420 1145
1571430 1145
1571440 1147
1571450 1150
1571460 1150
1571470 1153
1571480 1156
1571490 1156
1571500 1158
1571510 1161
1571520 1161
1571530 1164
1571540 1167
1571550 1171
1571560 1171
1571570 1173
1571580 1174
1571590 1174
1571600 1176
1571610 1177
1571620 1177
1571630 1176
1571640 1175
1571650 1175
1571660 1174
1571670 1173
1571680 1173
1571690 1172
1571700 1172
1571710 1172
1571720 1170
1571730 1169
1571740 1169
1571750 1167
1571760 1168
1571770 1168
1571780 1168
1571790 1167
1571800 1167
1571810 1167
1571820 1166
1571830 1165
1571840 1165
1571850 1164
1571860 1163
1571870 1163
1571880 1162
1571890 1161
1571900 1161
1571910 1160
1571920 1160
1571930 1160
1571940 1160
1571950 1159
1571960 1159
1571970 1158
1571980 1158
1571990 1158
1572000 1158
1572010 1158
1572020 1157
1572030 1157
1572040 1157
1572050 1157
1572060 1157
1572070 1157
1572080 1156
1572090 1156
1572100 1155
1572110 1154
1572120 1154
1572130 1154
1572140 1153
1572150 1153
1572160 1150
1572170 1148
1572180 1148
1572190 1148
1572200 1148
1572210 1149
1572220 1149
1572230 1149
1572240 1148
1572250 1148
1572260 1147
1572270 1147
1572280 1147
1572290 1146
1572300 1144
1572310 1144
1572320 1143
1572330 1142
1572340 1142
1572350 1140
1572360 1138
1572370 1138
1572380 1134
1572390 1132
1572400 1132
1572410 1129
1572420 1127
1572430 1124
1572440 1124
1572450 1119
1572460 1114
1572470 1114
1572480 1109
1572490 1100
1572500 1100
1572510 1095
1572520 1096
1572530 1096
1572540 1093
1572550 1089
1572560 1089
1572570 1084
1572580 1078
1572590 1078
1572600 1074
1572610 1072
1572620 1072
1572630 1072
1572640 1075
1572650 1079
1572660 1079
1572670 1085
1572680 1092
1572690 1092
1572700 1099
1572710 1106
1572720 1106
1572730 1112
1572740 1119
1572750 1119
1572760 1123
1572770 1130
1572780 1130
1572790 1137
1572800 1144
1572810 1144
1572820 1148
1572830 1154
1572840 1154
1572850 1160
1572860 1167
1572870 1173
1572880 1173
1572890 1178
1572900 1183
1572910 1183
1572920 1188
1572930 1193
1572940 1193
1572950 1198
1572960 1202
1572970 1202
1572980 1206
1572990 1210
1573000 1210
1573010 1214
1573020 1218
1573030 1218
1573040 1223
1573050 1226
1573060 1226
1573070 1229
1573080 1232
1573090 1236
1573100 1236
1573110 1239
1573120 1242
1573130 1242
1573140 1245
1573150 1248
1573160 1248
1573170 1251
1573180 1255
1573190 1255
1573200 1257
1573210 1259
1573220 1259
1573230 1260
1573240 1260
1573250 1260
1573260 1261
1573270 1261
1573280 1261
1573290 1262
1573300 1262
1573310 1262
1573320 1262
1573330 1262
1573340 1262
1573350 1262
1573360 1263
1573370 1263
1573380 1263
1573390 1263
1573400 1262
1573410 1262
1573420 1261
1573430 1260
1573440 1260
1573450 1258
1573460 1252
1573470 1252
1573480 1249
1573490 1254
1573500 1254
1573510 1259
1573520 1260
1573530 1259
1573540 1259
1573550 1259
1573560 1258
1573570 1258
1573580 1258
1573590 1258
1573600 1258
1573610 1257
1573620 1256
1573630 1256
1573640 1256
1573650 1255
1573660 1255
1573670 1254
1573680 1254
1573690 1254
1573700 1251
1573710 1249
1573720 1249
1573730 1246
1573740 1243
1573750 1240
1573760 1240
1573770 1236
1573780 1232
1573790 1232
1573800 1228
1573810 1224
1573820 1224
1573830 1219
1573840 1216
1573850 1216
1573860 1218
1573870 1225
1573880 1225
1573890 1231
1573900 1236
1573910 1236
1573920 1239
1573930 1242
1573940 1242
1573950 1247
1573960 1250
1573970 1255
1573980 1255
1573990 1258
1574000 1260
1574010 1260
1574020 1262
1574030 1264
1574040 1264
1574050 1266
1574060 1270
1574070 1270
1574080 1274
1574090 1277
1574100 1277
1574110 1281
1574120 1285
1574130 1285
1574140 1288
1574150 1291
1574160 1291
1574170 1293
1574180 1296
1574190 1298
1574200 1298
1574210 1300
1574220 1303
1574230 1303
1574240 1305
1574250 1307
1574260 1307
1574270 1308
1574280 1308
1574290 1308
1574300 1308
1574310 1309
1574320 1309
1574330 1311
1574340 1314
1574350 1314
1574360 1316
1574370 1318
1574380 1318
1574390 1320
1574400 1320
1574410 1321
1574420 1321
1574430 1322
1574440 1322
1574450 1322
1574460 1324
1574470 1327
1574480 1327
1574490 1327
1574500 1331
1574510 1331
1574520 1336
1574530 1341
1574540 1341
1574550 1345
1574560 1350
1574570 1350
1574580 1355
1574590 1361
1574600 1361
1574610 1366
1574620 1371
1574630 1376
1574640 1376
1574650 1383
1574660 1385
1574670 1385
1574680 1387
1574690 1388
1574700 1388
1574710 1389
1574720 1391
1574730 1391
1574740 1391
1574750 1390
1574760 1390
1574770 1390
1574780 1391
1574790 1391
1574800 1390
1574810 1389
1574820 1389
1574830 1389
1574840 1389
1574850 1391
1574860 1391
1574870 1393
1574880 1396
1574890 1396
1574900 1400
1574910 1401
1574920 1401
1574930 1403
1574940 1404
1574950 1404
1574960 1406
1574970 1408
1574980 1408
1574990 1410
1575000 1411
1575010 1411
1575020 1411
1575030 1410
1575040 1410
1575050 1412
1575060 1414
1575070 1416
1575080 1416
1575090 1418
1575100 1419
1575110 1419
1575120 1421
1575130 1421
1575140 1421
1575150 1421
1575160 1420
1575170 1420
1575180 1419
1575190 1417
1575200 1417
1575210 1415
1575220 1413
1575230 1413
1575240 1410
1575250 1408
1575260 1408
1575270 1407
1575280 1407
1575290 1406
1575300 1406
1575310 1406
1575320 1406
1575330 1406
1575340 1405
1575350 1404
1575360 1404
1575370 1402
1575380 1402
1575390 1402
1575400 1402
1575410 1401
1575420 1401
1575430 1403
1575440 1405
1575450 1405
1575460 1406
1575470 1406
1575480 1406
1575490 1406
1575500 1406
1575510 1404
1575520 1404
1575530 1404
1575540 1403
1575550 1403
1575560 1401
1575570 1398
1575580 1398
1575590 1397
1575600 1396
1575610 1396
1575620 1396
1575630 1398
1575640 1398
1575650 1398
1575660 1395
1575670 1395
1575680 1393
1575690 1391
1575700 1391
1575710 1389
1575720 1388
1575730 1387
1575740 1387
1575750 1385
1575760 1381
1575770 1381
1575780 1377
1575790 1374
1575800 1374
1575810 1370
1575820 1367
1575830 1367
1575840 1365
1575850 1363
1575860 1363
1575870 1358
1575880 1351
1575890 1351
1575900 1345
1575910 1341
1575920 1341
1575930 1336
1575940 1331
1575950 1329
1575960 1329
1575970 1328
1575980 1327
1575990 1327
1576000 1327
1576010 1327
1576020 1327
1576030 1327
1576040 1327
1576050 1327
1576060 1327
1576070 1329
1576080 1329
1576090 1330
1576100 1331
1576110 1331
1576120 1330
1576130 1329
1576140 1329
1576150 1328
1576160 1326
1576170 1325
1576180 1325
1576190 1324
1576200 1322
1576210 1322
1576220 1320
1576230 1319
1576240 1319
1576250 1318
1576260 1315
1576270 1315
1576280 1313
1576290 1310
1576300 1310
1576310 1309
1576320 1308
1576330 1308
1576340 1307
1576350 1306
1576360 1306
1576370 1304
1576380 1302
1576390 1300
1576400 1300
1576410 1297
1576420 1294
1576430 1294
1576440 1291
1576450 1289
1576460 1289
1576470 1286
1576480 1284
1576490 1284
1576500 1282
1576510 1278
1576520 1278
1576530 1273
1576540 1270
1576550 1270
1576560 1268
1576570 1265
1576580 1265
1576590 1263
1576600 1259
1576610 1260
1576620 1260
1576630 1262
1576640 1264
1576650 1264
1576660 1265
1576670 1265
1576680 1265
1576690 1265
1576700 1265
1576710 1265
1576720 1261
1576730 1260
1576740 1260
1576750 1261
1576760 1261
1576770 1261
1576780 1261
1576790 1262
1576800 1262
1576810 1262
1576820 1263
1576830 1264
1576840 1264
1576850 1265
1576860 1266
1576870 1266
1576880 1267
1576890 1268
1576900 1268
1576910 1268
1576920 1269
1576930 1269
1576940 1270
1576950 1270
1576960 1270
1576970 1271
1576980 1268
1576990 1268
1577000 1265
1577010 1262
1577020 1262
1577030 1259
1577040 1257
1577050 1254
1577060 1254
1577070 1252
1577080 1250
1577090 1250
1577100 1247
1577110 1245
1577120 1245
1577130 1243
1577140 1240
1577150 1240
1577160 1239
1577170 1242
1577180 1242
1577190 1245
1577200 1249
1577210 1249
1577220 1254
1577230 1262
1577240 1262
1577250 1270
1577260 1278
1577270 1287
1577280 1287
1577290 1293
1577300 1299
1577310 1299
1577320 1302
1577330 1304
1577340 1304
1577350 1307
1577360 1309
1577370 1309
1577380 1309
1577390 1309
1577400 1309
1577410 1310
1577420 1310
1577430 1310
1577440 1311
1577450 1311
1577460 1311
1577470 1311
1577480 1311
1577490 1310
1577500 1310
1577510 1309
1577520 1308
1577530 1308
1577540 1307
1577550 1306
1577560 1306
1577570 1306
1577580 1306
1577590 1306
1577600 1307
1577610 1308
1577620 1308
1577630 1308
1577640 1309
1577650 1309
1577660 1310
1577670 1312
1577680 1312
1577690 1313
1577700 1314
1577710 1314
1577720 1314
1577730 1314
1577740 1314
1577750 1314
1577760 1315
1577770 1316
1577780 1316
1577790 1318
1577800 1319
1577810 1319
1577820 1321
1577830 1321
1577840 1321
1577850 1320
1577860 1319
1577870 1319
1577880 1317
1577890 1315
1577900 1315
1577910 1315
1577920 1315
1577930 1315
1577940 1315
1577950 1315
1577960 1315
1577970 1315
1577980 1314
1577990 1313
1578000 1313
1578010 1313
1578020 1312
1578030 1312
1578040 1312
1578050 1311
1578060 1311
1578070 1310
1578080 1309
1578090 1309
1578100 1308
1578110 1308
1578120 1308
1578130 1307
1578140 1306
1578150 1305
1578160 1305
1578170 1304
1578180 1302
1578190 1302
1578200 1301
1578210 1300
1578220 1300
1578230 1300
1578240 1301
1578250 1301
1578260 1301
1578270 1302
1578280 1302
1578290 1303
1578300 1303
1578310 1303
1578320 1304
1578330 1305
1578340 1305
1578350 1305
1578360 1306
1578370 1306
1578380 1306
1578390 1306
1578400 1306
1578410 1306
1578420 1306
1578430 1306
1578440 1306
1578450 1307
1578460 1308
1578470 1308
1578480 1308
1578490 1309
1578500 1309
1578510 1310
1578520 1310
1578530 1310
1578540 1311
1578550 1312
1578560 1312
1578570 1312
1578580 1313
1578590 1315
1578600 1315
1578610 1316
1578620 1316
1578630 1316
1578640 1317
1578650 1318
1578660 1318
1578670 1318
1578680 1319
1578690 1319
1578700 1319
1578710 1319
1578720 1319
1578730 1319
1578740 1319
1578750 1319
1578760 1318
1578770 1316
1578780 1316
1578790 1313
1578800 1312
1578810 1311
1578820 1311
1578830 1310
1578840 1309
1578850 1309
1578860 1309
1578870 1309
1578880 1309
1578890 1309
1578900 1308
1578910 1308
1578920 1306
1578930 1304
1578940 1304
1578950 1303
1578960 1301
1578970 1301
1578980 1292
1578990 1283
1579000 1283
1579010 1278
1579020 1274
1579030 1270
1579040 1270
1579050 1266
1579060 1262
1579070 1262
1579080 1259
1579090 1256
1579100 1256
1579110 1255
1579120 1253
1579130 1253
1579140 1252
1579150 1251
1579160 1251
1579170 1249
1579180 1248
1579190 1248
1579200 1247
1579210 1245
1579220 1245
1579230 1244
1579240 1242
1579250 1240
1579260 1240
1579270 1237
1579280 1234
1579290 1234
1579300 1232
1579310 1230
1579320 1230
1579330 1228
1579340 1226
1579350 1226
1579360 1223
1579370 1222
1579380 1222
1579390 1221
1579400 1220
1579410 1220
1579420 1215
1579430 1211
1579440 1211
1579450 1206
1579460 1204
1579470 1203
1579480 1203
1579490 1201
1579500 1198
1579510 1198
1579520 1194
1579530 1189
1579540 1189
1579550 1183
1579560 1176
1579570 1176
1579580 1169
1579590 1162
1579600 1162
1579610 1156
1579620 1151
1579630 1151
1579640 1147
1579650 1144
1579660 1144
1579670 1141
1579680 1139
1579690 1135
1579700 1135
1579710 1132
1579720 1130
1579730 1130
1579740 1129
1579750 1127
1579760 1127
1579770 1125
1579780 1121
1579790 1121
1579800 1118
1579810 1114
1579820 1114
1579830 1112
1579840 1109
1579850 1109
1579860 1106
1579870 1100
1579880 1100
1579890 1094
1579900 1089
1579910 1083
1579920 1083
1579930 1078
1579940 1072
1579950 1072
1579960 1068
1579970 1065
1579980 1065
1579990 1061
