1560000 1285
1560010 1286
1560020 1286
1560030 1287
1560040 1288
1560050 1288
1560060 1288
1560070 1288
1560080 1289
1560090 1289
1560100 1289
1560110 1289
1560120 1289
1560130 1289
1560140 1288
1560150 1288
1560160 1287
1560170 1286
1560180 1286
1560190 1285
1560200 1284
1560210 1284
1560220 1283
1560230 1282
1560240 1282
1560250 1280
1560260 1279
1560270 1278
1560280 1278
1560290 1277
1560300 1274
1560310 1274
1560320 1273
1560330 1270
1560340 1270
1560350 1268
1560360 1266
1560370 1266
1560380 1263
1560390 1260
1560400 1260
1560410 1256
1560420 1250
1560430 1250
1560440 1246
1560450 1242
1560460 1242
1560470 1238
1560480 1238
1560490 1237
1560500 1237
1560510 1232
1560520 1229
1560530 1229
1560540 1233
1560550 1237
1560560 1237
1560570 1240
1560580 1243
1560590 1243
1560600 1244
1560610 1245
1560620 1245
1560630 1246
1560640 1246
1560650 1246
1560660 1245
1560670 1244
1560680 1244
1560690 1244
1560700 1244
1560710 1244
1560720 1244
1560730 1244
1560740 1244
1560750 1244
1560760 1244
1560770 1244
1560780 1244
1560790 1244
1560800 1244
1560810 1244
1560820 1244
1560830 1243
1560840 1243
1560850 1242
1560860 1241
1560870 1241
1560880 1238
1560890 1236
1560900 1236
1560910 1237
1560920 1239
1560930 1241
1560940 1241
1560950 1242
1560960 1241
1560970 1241
1560980 1240
1560990 1239
1561000 1239
1561010 1237
1561020 1235
1561030 1235
1561040 1234
1561050 1232
1561060 1232
1561070 1231
1561080 1230
1561090 1230
1561100 1230
1561110 1229
1561120 1229
1561130 1227
1561140 1232
1561150 1237
1561160 1237
1561170 1245
1561180 1251
1561190 1251
1561200 1257
1561210 1264
1561220 1264
1561230 1270
1561240 1276
1561250 1276
1561260 1282
1561270 1289
1561280 1289
1561290 1295
1561300 1300
1561310 1300
1561320 1304
1561330 1308
1561340 1308
1561350 1312
1561360 1317
1561370 1323
1561380 1323
1561390 1328
1561400 1334
1561410 1334
1561420 1341
1561430 1347
1561440 1347
1561450 1355
1561460 1364
1561470 1364
1561480 1369
1561490 1374
1561500 1374
1561510 1377
1561520 1379
1561530 1379
1561540 1382
1561550 1385
1561560 1385
1561570 1389
1561580 1392
1561590 1396
1561600 1396
1561610 1400
1561620 1403
1561630 1403
1561640 1406
1561650 1409
1561660 1409
1561670 1412
1561680 1415
1561690 1415
1561700 1418
1561710 1422
1561720 1422
1561730 1426
1561740 1430
1561750 1430
1561760 1434
1561770 1438
1561780 1438
1561790 1442
1561800 1446
1561810 1450
1561820 1450
1561830 1454
1561840 1458
1561850 1458
1561860 1462
1561870 1466
1561880 1466
1561890 1469
1561900 1472
1561910 1472
1561920 1476
1561930 1479
1561940 1479
1561950 1483
1561960 1486
1561970 1486
1561980 1489
1561990 1494
1562000 1494
1562010 1499
1562020 1504
1562030 1509
1562040 1509
1562050 1515
1562060 1520
1562070 1520
1562080 1526
1562090 1532
1562100 1532
1562110 1538
1562120 1542
1562130 1542
1562140 1547
1562150 1551
1562160 1551
1562170 1553
1562180 1555
1562190 1555
1562200 1555
1562210 1555
1562220 1555
1562230 1556
1562240 1559
1562250 1561
1562260 1561
1562270 1565
1562280 1568
1562290 1568
1562300 1572
1562310 1574
1562320 1574
1562330 1576
1562340 1577
1562350 1577
1562360 1578
1562370 1579
1562380 1579
1562390 1581
1562400 1583
1562410 1583
1562420 1584
1562430 1586
1562440 1586
1562450 1589
1562460 1592
1562470 1595
1562480 1595
1562490 1599
1562500 1604
1562510 1604
1562520 1609
1562530 1613
1562540 1613
1562550 1616
1562560 1617
1562570 1617
1562580 1617
1562590 1616
1562600 1616
1562610 1616
1562620 1615
1562630 1615
1562640 1614
1562650 1612
1562660 1612
1562670 1610
1562680 1608
1562690 1608
1562700 1608
1562710 1606
1562720 1604
1562730 1604
1562740 1600
1562750 1597
1562760 1597
1562770 1596
1562780 1594
1562790 1594
1562800 1592
1562810 1590
1562820 1590
1562830 1587
1562840 1583
1562850 1583
1562860 1576
1562870 1569
1562880 1569
1562890 1563
1562900 1557
1562910 1552
1562920 1552
1562930 1548
1562940 1543
1562950 1543
1562960 1538
1562970 1533
1562980 1533
1562990 1530
1563000 1527
1563010 1527
1563020 1524
1563030 1520
1563040 1520
1563050 1517
1563060 1514
1563070 1513
1563080 1511
1563090 1509
1563100 1509
1563110 1508
1563120 1507
1563130 1505
1563140 1505
1563150 1503
1563160 1500
1563170 1500
1563180 1499
1563190 1498
1563200 1498
1563210 1496
1563220 1495
1563230 1495
1563240 1493
1563250 1490
1563260 1490
1563270 1487
1563280 1483
1563290 1483
1563300 1480
1563310 1476
1563320 1476
1563330 1471
1563340 1466
1563350 1462
1563360 1462
1563370 1458
1563380 1456
1563390 1456
1563400 1452
1563410 1447
1563420 1447
1563430 1442
1563440 1437
1563450 1437
1563460 1432
1563470 1427
1563480 1427
1563490 1422
1563500 1414
1563510 1414
1563520 1408
1563530 1402
1563540 1402
1563550 1396
1563560 1389
1563570 1385
1563580 1385
1563590 1378
1563600 1373
1563610 1373
1563620 1372
1563630 1373
1563640 1373
1563650 1372
1563660 1374
1563670 1374
1563680 1375
1563690 1375
1563700 1375
1563710 1376
1563720 1374
1563730 1374
1563740 1374
1563750 1376
1563760 1376
1563770 1377
1563780 1378
1563790 1377
1563800 1377
1563810 1377
1563820 1377
1563830 1377
1563840 1376
1563850 1376
1563860 1376
1563870 1376
1563880 1376
1563890 1376
1563900 1376
1563910 1376
1563920 1376
1563930 1375
1563940 1375
1563950 1375
1563960 1374
1563970 1373
1563980 1373
1563990 1372
1564000 1372
1564010 1371
1564020 1371
1564030 1371
1564040 1370
1564050 1370
1564060 1370
1564070 1370
1564080 1370
1564090 1370
1564100 1370
1564110 1370
1564120 1371
1564130 1371
1564140 1371
1564150 1371
1564160 1371
1564170 1371
1564180 1372
1564190 1372
1564200 1372
1564210 1372
1564220 1371
1564230 1371
1564240 1371
1564250 1371
1564260 1371
1564270 1371
1564280 1372
1564290 1372
1564300 1372
1564310 1372
1564320 1372
1564330 1372
1564340 1371
1564350 1371
1564360 1371
1564370 1371
1564380 1370
1564390 1370
1564400 1369
1564410 1367
1564420 1367
1564430 1364
1564440 1361
1564450 1357
1564460 1357
1564470 1352
1564480 1348
1564490 1348
1564500 1343
1564510 1339
1564520 1339
1564530 1335
1564540 1330
1564550 1330
1564560 1326
1564570 1323
1564580 1323
1564590 1320
1564600 1317
1564610 1317
1564620 1315
1564630 1311
1564640 1311
1564650 1307
1564660 1302
1564670 1297
1564680 1299
1564690 1294
1564700 1289
1564710 1289
1564720 1285
1564730 1279
1564740 1279
1564750 1272
1564760 1264
1564770 1264
1564780 1258
1564790 1253
1564800 1253
1564810 1250
1564820 1247
1564830 1247
1564840 1243
1564850 1238
1564860 1238
1564870 1234
1564880 1229
1564890 1225
1564900 1225
1564910 1220
1564920 1214
1564930 1214
1564940 1206
1564950 1198
1564960 1198
1564970 1192
1564980 1187
1564990 1187
1565000 1181
1565010 1176
1565020 1176
1565030 1180
1565040 1187
1565050 1187
1565060 1197
1565070 1205
1565080 1205
1565090 1213
1565100 1218
1565110 1223
1565120 1223
1565130 1225
1565140 1228
1565150 1228
1565160 1230
1565170 1232
1565180 1232
1565190 1234
1565200 1237
1565210 1237
1565220 1239
1565230 1241
1565240 1241
1565250 1244
1565260 1247
1565270 1247
1565280 1249
1565290 1252
1565300 1252
1565310 1255
1565320 1258
1565330 1261
1565340 1261
1565350 1264
1565360 1268
1565370 1268
1565380 1271
1565390 1274
1565400 1274
1565410 1277
1565420 1280
1565430 1280
1565440 1282
1565450 1283
1565460 1283
1565470 1285
1565480 1286
1565490 1286
1565500 1286
1565510 1286
1565520 1286
1565530 1286
1565540 1287
1565550 1287
1565560 1287
1565570 1286
1565580 1286
1565590 1286
1565600 1285
1565610 1283
1565620 1283
1565630 1282
1565640 1283
1565650 1283
1565660 1284
1565670 1284
1565680 1284
1565690 1284
1565700 1284
1565710 1284
1565720 1283
1565730 1282
1565740 1282
1565750 1280
1565760 1278
1565770 1277
1565780 1277
1565790 1276
1565800 1276
1565810 1276
1565820 1273
1565830 1276
1565840 1276
1565850 1282
1565860 1286
1565870 1286
1565880 1291
1565890 1295
1565900 1295
1565910 1300
1565920 1303
1565930 1303
1565940 1307
1565950 1311
1565960 1311
1565970 1314
1565980 1317
1565990 1319
1566000 1319
1566010 1321
1566020 1322
1566030 1322
1566040 1323
1566050 1323
1566060 1323
1566070 1322
1566080 1320
1566090 1320
1566100 1318
1566110 1316
1566120 1316
1566130 1314
1566140 1311
1566150 1311
1566160 1307
1566170 1304
1566180 1304
1566190 1300
1566200 1297
1566210 1291
1566220 1291
1566230 1287
1566240 1283
1566250 1279
1566260 1276
1566270 1273
1566280 1273
1566290 1270
1566300 1268
1566310 1268
1566320 1267
1566330 1264
1566340 1264
1566350 1261
1566360 1257
1566370 1257
1566380 1252
1566390 1245
1566400 1245
1566410 1239
1566420 1236
1566430 1237
1566440 1237
1566450 1240
1566460 1242
1566470 1242
1566480 1243
1566490 1242
1566500 1242
1566510 1242
1566520 1241
1566530 1241
1566540 1241
1566550 1242
1566560 1242
1566570 1243
1566580 1243
1566590 1243
1566600 1244
1566610 1244
1566620 1244
1566630 1245
1566640 1246
1566650 1247
1566660 1247
1566670 1247
1566680 1248
1566690 1248
1566700 1248
1566710 1248
1566720 1248
1566730 1248
1566740 1247
1566750 1247
1566760 1246
1566770 1245
1566780 1245
1566790 1244
1566800 1242
1566810 1242
1566820 1241
1566830 1242
1566840 1242
1566850 1243
1566860 1243
1566870 1244
1566880 1244
1566890 1245
1566900 1246
1566910 1246
1566920 1248
1566930 1250
1566940 1250
1566950 1252
1566960 1253
1566970 1253
1566980 1254
1566990 1255
1567000 1255
1567010 1255
1567020 1255
1567030 1255
1567040 1254
1567050 1252
1567060 1252
1567070 1251
1567080 1249
1567090 1248
1567100 1248
1567110 1247
1567120 1245
1567130 1245
1567140 1244
1567150 1242
1567160 1242
1567170 1241
1567180 1239
1567190 1239
1567200 1238
1567210 1236
1567220 1236
1567230 1234
1567240 1231
1567250 1231
1567260 1229
1567270 1227
1567280 1227
1567290 1224
1567300 1222
1567310 1220
1567320 1220
1567330 1217
1567340 1216
1567350 1216
1567360 1213
1567370 1209
1567380 1209
1567390 1204
1567400 1200
1567410 1200
1567420 1195
1567430 1188
1567440 1188
1567450 1180
1567460 1172
1567470 1172
1567480 1166
1567490 1162
1567500 1162
1567510 1158
1567520 1155
1567530 1150
1567540 1150
1567550 1144
1567560 1138
1567570 1138
1567580 1134
1567590 1130
1567600 1130
1567610 1126
1567620 1122
1567630 1122
1567640 1119
1567650 1115
1567660 1115
1567670 1110
1567680 1105
1567690 1105
1567700 1101
1567710 1097
1567720 1097
1567730 1092
1567740 1089
1567750 1086
1567760 1086
1567770 1083
1567780 1081
1567790 1084
1567800 1081
1567810 1077
1567820 1077
1567830 1069
1567840 1061
1567850 1061
1567860 1055
1567870 1051
1567880 1051
1567890 1046
1567900 1041
1567910 1041
1567920 1036
1567930 1029
1567940 1029
1567950 1024
1567960 1020
1567970 1018
1567980 1018
1567990 1017
1568000 1016
1568010 1016
1568020 1015
1568030 1014
1568040 1014
1568050 1013
1568060 1011
1568070 1011
1568080 1008
1568090 1005
1568100 1005
1568110 1001
1568120 997
1568130 997
1568140 994
1568150 992
1568160 992
1568170 989
1568180 986
1568190 982
1568200 982
1568210 978
1568220 973
1568230 973
1568240 969
1568250 964
1568260 964
1568270 958
1568280 948
1568290 948
1568300 938
1568310 932
1568320 932
1568330 925
1568340 920
1568350 920
1568360 917
1568370 915
1568380 915
1568390 914
1568400 914
1568410 913
1568420 913
1568430 911
1568440 914
1568450 914
1568460 924
1568470 929
1568480 929
1568490 933
1568500 938
1568510 938
1568520 943
1568530 950
1568540 950
1568550 956
1568560 962
1568570 962
1568580 966
1568590 967
1568600 967
1568610 969
1568620 971
1568630 973
1568640 973
1568650 974
1568660 975
1568670 975
1568680 976
1568690 978
1568700 978
1568710 979
1568720 981
1568730 981
1568740 984
1568750 987
1568760 987
1568770 991
1568780 994
1568790 994
1568800 995
1568810 995
1568820 995
1568830 997
1568840 998
1568850 999
1568860 999
1568870 1002
1568880 1005
1568890 1005
1568900 1008
1568910 1011
1568920 1011
1568930 1013
1568940 1018
1568950 1018
1568960 1021
1568970 1022
1568980 1022
1568990 1024
1569000 1025
1569010 1025
1569020 1025
1569030 1022
1569040 1022
1569050 1020
1569060 1019
1569070 1018
1569080 1018
1569090 1019
1569100 1021
1569110 1021
1569120 1022
1569130 1024
1569140 1024
1569150 1025
1569160 1027
1569170 1027
1569180 1029
1569190 1031
1569200 1031
1569210 1031
1569220 1032
1569230 1032
1569240 1033
1569250 1034
1569260 1034
1569270 1036
1569280 1037
1569290 1038
1569300 1036
1569310 1038
1569320 1040
1569330 1040
1569340 1041
1569350 1044
1569360 1044
1569370 1046
1569380 1049
1569390 1049
1569400 1051
1569410 1054
1569420 1054
1569430 1058
1569440 1061
1569450 1061
1569460 1061
1569470 1062
1569480 1062
1569490 1063
1569500 1064
1569510 1066
1569520 1066
1569530 1067
1569540 1066
1569550 1066
1569560 1068
1569570 1071
1569580 1071
1569590 1073
1569600 1075
1569610 1075
1569620 1077
1569630 1077
1569640 1077
1569650 1078
1569660 1078
1569670 1078
1569680 1079
1569690 1080
1569700 1080
1569710 1081
1569720 1083
1569730 1084
1569740 1084
1569750 1084
1569760 1085
1569770 1085
1569780 1086
1569790 1086
1569800 1086
1569810 1086
1569820 1086
1569830 1086
1569840 1085
1569850 1084
1569860 1084
1569870 1082
1569880 1082
1569890 1082
1569900 1082
1569910 1081
1569920 1081
1569930 1080
1569940 1080
1569950 1081
1569960 1081
1569970 1082
1569980 1084
1569990 1084
1570000 1086
1570010 1088
1570020 1088
1570030 1090
1570040 1091
1570050 1091
1570060 1092
1570070 1092
1570080 1092
1570090 1093
1570100 1093
1570110 1093
1570120 1092
1570130 1091
1570140 1091
1570150 1090
1570160 1089
1570170 1088
1570180 1088
1570190 1087
1570200 1086
1570210 1086
1570220 1087
1570230 1087
1570240 1087
1570250 1087
1570260 1086
1570270 1086
1570280 1084
1570290 1082
1570300 1082
1570310 1083
1570320 1084
1570330 1084
1570340 1083
1570350 1082
1570360 1082
1570370 1078
1570380 1073
1570390 1067
1570400 1067
1570410 1061
1570420 1054
1570430 1054
1570440 1046
1570450 1039
1570460 1039
1570470 1035
1570480 1035
1570490 1035
1570500 1040
1570510 1047
1570520 1047
1570530 1054
1570540 1060
1570550 1060
1570560 1068
1570570 1075
1570580 1075
1570590 1082
1570600 1088
1570610 1096
1570620 1096
1570630 1102
1570640 1106
1570650 1106
1570660 1109
1570670 1111
1570680 1111
1570690 1112
1570700 1114
1570710 1114
1570720 1118
1570730 1120
1570740 1120
1570750 1119
1570760 1117
1570770 1117
1570780 1117
1570790 1111
1570800 1111
1570810 1111
1570820 1113
1570830 1116
1570840 1116
1570850 1118
1570860 1121
1570870 1121
1570880 1123
1570890 1124
1570900 1124
1570910 1124
1570920 1122
1570930 1122
1570940 1121
1570950 1120
1570960 1120
1570970 1121
1570980 1123
1570990 1123
1571000 1123
1571010 1122
1571020 1122
1571030 1120
1571040 1119
1571050 1120
1571060 1120
1571070 1121
1571080 1122
1571090 1122
1571100 1123
1571110 1124
1571120 1124
1571130 1125
1571140 1128
1571150 1128
1571160 1129
1571170 1131
1571180 1131
1571190 1133
1571200 1134
1571210 1134
1571220 1136
1571230 1139
1571240 1139
1571250 1141
1571260 1143
1571270 1144
1571280 1144
1571290 1146
1571300 1147
1571310 1147
1571320 1148
1571330 1150
1571340 1150
1571350 1153
1571360 1155
1571370 1155
1571380 1156
1571390 1158
1571400 1158
1571410 1159
1571420 1160
1571430 1160
1571440 1161
1571450 1163
1571460 1163
1571470 1164
1571480 1166
1571490 1169
1571500 1169
1571510 1172
1571520 1174
1571530 1174
1571540 1177
1571550 1180
1571560 1180
1571570 1182
1571580 1183
1571590 1183
1571600 1183
1571610 1184
1571620 1184
1571630 1186
1571640 1188
1571650 1188
1571660 1190
1571670 1190
1571680 1190
1571690 1191
1571700 1192
1571710 1191
1571720 1191
1571730 1190
1571740 1188
1571750 1188
1571760 1186
1571770 1186
1571780 1186
1571790 1185
1571800 1184
1571810 1184
1571820 1184
1571830 1184
1571840 1184
1571850 1184
1571860 1182
1571870 1182
1571880 1181
1571890 1180
1571900 1180
1571910 1180
1571920 1179
1571930 1179
1571940 1179
1571950 1179
1571960 1178
1571970 1178
1571980 1178
1571990 1178
1572000 1178
1572010 1177
1572020 1176
1572030 1176
1572040 1175
1572050 1175
1572060 1175
1572070 1174
1572080 1174
1572090 1174
1572100 1173
1572110 1173
1572120 1173
1572130 1172
1572140 1171
1572150 1171
1572160 1171
1572170 1170
1572180 1168
1572190 1168
1572200 1167
1572210 1166
1572220 1166
1572230 1165
1572240 1164
1572250 1162
1572260 1161
1572270 1160
1572280 1160
1572290 1159
1572300 1157
1572310 1157
1572320 1155
1572330 1155
1572340 1155
1572350 1153
1572360 1152
1572370 1151
1572380 1151
1572390 1150
1572400 1148
1572410 1148
1572420 1145
1572430 1143
1572440 1143
1572450 1141
1572460 1138
1572470 1138
1572480 1135
1572490 1136
1572500 1136
1572510 1137
1572520 1134
1572530 1134
1572540 1131
1572550 1128
1572560 1128
1572570 1124
1572580 1119
1572590 1113
1572600 1113
1572610 1106
1572620 1098
1572630 1098
1572640 1093
1572650 1092
1572660 1092
1572670 1094
1572680 1097
1572690 1097
1572700 1103
1572710 1111
1572720 1111
1572730 1117
1572740 1122
1572750 1122
1572760 1129
1572770 1135
1572780 1135
1572790 1142
1572800 1148
1572810 1155
1572820 1155
1572830 1163
1572840 1172
1572850 1172
1572860 1181
1572870 1188
1572880 1188
1572890 1194
1572900 1203
1572910 1203
1572920 1209
1572930 1212
1572940 1212
1572950 1216
1572960 1219
1572970 1219
1572980 1222
1572990 1226
1573000 1226
1573010 1231
1573020 1237
1573030 1242
1573040 1242
1573050 1245
1573060 1247
1573070 1247
1573080 1249
1573090 1250
1573100 1250
1573110 1252
1573120 1254
1573130 1254
1573140 1257
1573150 1261
1573160 1261
1573170 1266
1573180 1271
1573190 1271
1573200 1274
1573210 1278
1573220 1278
1573230 1281
1573240 1283
1573250 1286
1573260 1286
1573270 1287
1573280 1288
1573290 1288
1573300 1289
1573310 1288
1573320 1288
1573330 1288
1573340 1289
1573350 1289
1573360 1288
1573370 1286
1573380 1286
1573390 1285
1573400 1286
1573410 1286
1573420 1289
1573430 1289
1573440 1289
1573450 1286
1573460 1283
1573470 1283
1573480 1283
1573490 1288
1573500 1292
1573510 1292
1573520 1294
1573530 1296
1573540 1296
1573550 1296
1573560 1294
1573570 1294
1573580 1292
1573590 1292
1573600 1292
1573610 1292
1573620 1288
1573630 1288
1573640 1286
1573650 1284
1573660 1284
1573670 1282
1573680 1280
1573690 1271
1573700 1271
1573710 1269
1573720 1266
1573730 1266
1573740 1264
1573750 1261
1573760 1261
1573770 1259
1573780 1256
1573790 1256
1573800 1254
1573810 1252
1573820 1252
1573830 1252
1573840 1251
1573850 1251
1573860 1251
1573870 1253
1573880 1253
1573890 1253
1573900 1251
1573910 1248
1573920 1248
1573930 1245
1573940 1243
1573950 1243
1573960 1243
1573970 1244
1573980 1244
1573990 1245
1574000 1247
1574010 1247
1574020 1251
1574030 1258
1574040 1258
1574050 1264
1574060 1271
1574070 1271
1574080 1276
1574090 1279
1574100 1279
1574110 1285
1574120 1290
1574130 1295
1574140 1295
1574150 1301
1574160 1307
1574170 1307
1574180 1313
1574190 1318
1574200 1318
1574210 1323
1574220 1326
1574230 1326
1574240 1330
1574250 1332
1574260 1332
1574270 1333
1574280 1332
1574290 1332
1574300 1335
1574310 1337
1574320 1337
1574330 1339
1574340 1340
1574350 1340
1574360 1340
1574370 1341
1574380 1342
1574390 1342
1574400 1343
1574410 1345
1574420 1345
1574430 1346
1574440 1348
1574450 1348
1574460 1348
1574470 1349
1574480 1349
1574490 1350
1574500 1352
1574510 1352
1574520 1354
1574530 1359
1574540 1359
1574550 1365
1574560 1369
1574570 1372
1574580 1372
1574590 1373
1574600 1376
1574610 1376
1574620 1378
1574630 1380
1574640 1380
1574650 1382
1574660 1384
1574670 1384
1574680 1385
1574690 1387
1574700 1387
1574710 1390
1574720 1394
1574730 1394
1574740 1398
1574750 1402
1574760 1402
1574770 1406
1574780 1410
1574790 1412
1574800 1412
1574810 1415
1574820 1417
1574830 1417
1574840 1418
1574850 1417
1574860 1417
1574870 1416
1574880 1417
1574890 1417
1574900 1418
1574910 1420
1574920 1420
1574930 1421
1574940 1422
1574950 1422
1574960 1423
1574970 1425
1574980 1425
1574990 1429
1575000 1431
1575010 1431
1575020 1431
1575030 1432
1575040 1430
1575050 1430
1575060 1429
1575070 1428
1575080 1428
1575090 1428
1575100 1428
1575110 1428
1575120 1430
1575130 1433
1575140 1433
1575150 1435
1575160 1436
1575170 1436
1575180 1436
1575190 1435
1575200 1435
1575210 1434
1575220 1433
1575230 1430
1575240 1430
1575250 1427
1575260 1426
1575270 1426
1575280 1425
1575290 1424
1575300 1424
1575310 1423
1575320 1425
1575330 1425
1575340 1427
1575350 1428
1575360 1428
1575370 1428
1575380 1427
1575390 1427
1575400 1428
1575410 1429
1575420 1429
1575430 1427
1575440 1426
1575450 1429
1575460 1429
1575470 1431
1575480 1432
1575490 1432
1575500 1432
1575510 1433
1575520 1433
1575530 1434
1575540 1433
1575550 1433
1575560 1431
1575570 1431
1575580 1431
1575590 1431
1575600 1429
1575610 1429
1575620 1426
1575630 1423
1575640 1423
1575650 1420
1575660 1417
1575670 1414
1575680 1414
1575690 1410
1575700 1405
1575710 1405
1575720 1402
1575730 1400
1575740 1400
1575750 1398
1575760 1396
1575770 1396
1575780 1394
1575790 1391
1575800 1391
1575810 1390
1575820 1390
1575830 1390
1575840 1388
1575850 1386
1575860 1386
1575870 1383
1575880 1374
1575890 1368
1575900 1368
1575910 1362
1575920 1356
1575930 1356
1575940 1353
1575950 1347
1575960 1347
1575970 1343
1575980 1341
1575990 1341
1576000 1339
1576010 1337
1576020 1337
1576030 1335
1576040 1334
1576050 1334
1576060 1334
1576070 1334
1576080 1334
1576090 1334
1576100 1334
1576110 1333
1576120 1333
1576130 1333
1576140 1332
1576150 1332
1576160 1331
1576170 1332
1576180 1332
1576190 1331
1576200 1328
1576210 1328
1576220 1327
1576230 1324
1576240 1324
1576250 1321
1576260 1318
1576270 1318
1576280 1317
1576290 1316
1576300 1316
1576310 1314
1576320 1312
1576330 1309
1576340 1309
1576350 1308
1576360 1304
1576370 1304
1576380 1303
1576390 1302
1576400 1302
1576410 1300
1576420 1299
1576430 1299
1576440 1297
1576450 1295
1576460 1295
1576470 1292
1576480 1287
1576490 1287
1576500 1284
1576510 1282
1576520 1282
1576530 1278
1576540 1276
1576550 1276
1576560 1276
1576570 1276
1576580 1276
1576590 1276
1576600 1275
1576610 1274
1576620 1274
1576630 1276
1576640 1280
1576650 1280
1576660 1282
1576670 1285
1576680 1285
1576690 1286
1576700 1288
1576710 1288
1576720 1289
1576730 1290
1576740 1290
1576750 1291
1576760 1292
1576770 1292
1576780 1292
1576790 1293
1576800 1293
1576810 1293
1576820 1293
1576830 1293
1576840 1293
1576850 1294
1576860 1295
1576870 1295
1576880 1296
1576890 1297
1576900 1297
1576910 1298
1576920 1298
1576930 1298
1576940 1299
1576950 1300
1576960 1300
1576970 1300
1576980 1301
1576990 1299
1577000 1299
1577010 1296
1577020 1295
1577030 1295
1577040 1292
1577050 1290
1577060 1290
1577070 1289
1577080 1288
1577090 1288
1577100 1287
1577110 1284
1577120 1284
1577130 1282
1577140 1279
1577150 1279
1577160 1276
1577170 1273
1577180 1273
1577190 1271
1577200 1274
1577210 1279
1577220 1279
1577230 1284
1577240 1290
1577250 1290
1577260 1295
1577270 1297
1577280 1297
1577290 1300
1577300 1306
1577310 1306
1577320 1309
1577330 1316
1577340 1316
1577350 1323
1577360 1326
1577370 1326
1577380 1328
1577390 1328
1577400 1328
1577410 1329
1577420 1329
1577430 1329
1577440 1329
1577450 1329
1577460 1328
1577470 1328
1577480 1327
1577490 1326
1577500 1326
1577510 1325
1577520 1325
1577530 1325
1577540 1326
1577550 1326
1577560 1326
1577570 1326
1577580 1327
1577590 1327
1577600 1327
1577610 1328
1577620 1328
1577630 1328
1577640 1328
1577650 1329
1577660 1329
1577670 1330
1577680 1331
1577690 1331
1577700 1331
1577710 1332
1577720 1332
1577730 1333
1577740 1334
1577750 1334
1577760 1334
1577770 1335
1577780 1335
1577790 1335
1577800 1335
1577810 1335
1577820 1336
1577830 1335
1577840 1335
1577850 1335
1577860 1332
1577870 1332
1577880 1332
1577890 1332
1577900 1332
1577910 1332
1577920 1331
1577930 1331
1577940 1331
1577950 1331
1577960 1330
1577970 1330
1577980 1329
1577990 1329
1578000 1329
1578010 1328
1578020 1328
1578030 1328
1578040 1328
1578050 1327
1578060 1327
1578070 1327
1578080 1328
1578090 1329
1578100 1329
1578110 1332
1578120 1334
1578130 1334
1578140 1334
1578150 1334
1578160 1334
1578170 1336
1578180 1338
1578190 1338
1578200 1339
1578210 1339
1578220 1339
1578230 1339
1578240 1340
1578250 1340
1578260 1340
1578270 1340
1578280 1340
1578290 1338
1578300 1336
1578310 1333
1578320 1333
1578330 1331
1578340 1331
1578350 1331
1578360 1330
1578370 1330
1578380 1330
1578390 1330
1578400 1331
1578410 1331
1578420 1332
1578430 1333
1578440 1333
1578450 1334
1578460 1334
1578470 1334
1578480 1332
1578490 1331
1578500 1331
1578510 1330
1578520 1329
1578530 1328
1578540 1328
1578550 1328
1578560 1328
1578570 1328
1578580 1329
1578590 1329
1578600 1329
1578610 1330
1578620 1330
1578630 1330
1578640 1331
1578650 1331
1578660 1331
1578670 1333
1578680 1335
1578690 1335
1578700 1337
1578710 1338
1578720 1338
1578730 1340
1578740 1342
1578750 1342
1578760 1342
1578770 1343
1578780 1340
1578790 1340
1578800 1338
1578810 1335
1578820 1335
1578830 1334
1578840 1333
1578850 1333
1578860 1330
1578870 1327
1578880 1327
1578890 1326
1578900 1323
1578910 1323
1578920 1321
1578930 1317
1578940 1317
1578950 1313
1578960 1310
1578970 1308
1578980 1308
1578990 1307
1579000 1306
1579010 1306
1579020 1304
1579030 1301
1579040 1301
1579050 1298
1579060 1297
1579070 1297
1579080 1296
1579090 1291
1579100 1291
1579110 1286
1579120 1281
1579130 1281
1579140 1279
1579150 1276
1579160 1276
1579170 1273
1579180 1272
1579190 1272
1579200 1270
1579210 1271
1579220 1271
1579230 1271
1579240 1270
1579250 1270
1579260 1270
1579270 1268
1579280 1265
1579290 1265
1579300 1262
1579310 1259
1579320 1259
1579330 1255
1579340 1252
1579350 1252
1579360 1248
1579370 1244
1579380 1244
1579390 1241
1579400 1238
1579410 1235
1579420 1235
1579430 1233
1579440 1229
1579450 1229
1579460 1223
1579470 1216
1579480 1216
1579490 1209
1579500 1204
1579510 1204
1579520 1199
1579530 1194
1579540 1194
1579550 1188
1579560 1181
1579570 1181
1579580 1176
1579590 1170
1579600 1170
1579610 1164
1579620 1159
1579630 1155
1579640 1155
1579650 1151
1579660 1148
1579670 1148
1579680 1145
1579690 1141
1579700 1141
1579710 1137
1579720 1133
1579730 1133
1579740 1131
1579750 1127
1579760 1127
1579770 1122
1579780 1116
1579790 1116
1579800 1112
1579810 1106
1579820 1106
1579830 1100
1579840 1094
1579850 1089
1579860 1089
1579870 1085
1579880 1081
1579890 1081
1579900 1078
1579910 1074
1579920 1074
1579930 1070
1579940 1067
1579950 1067
1579960 1062
1579970 1059
1579980 1059
1579990 1055
