1560000 1114
1560010 1114
1560020 1114
1560030 1115
1560040 1115
1560050 1115
1560060 1114
1560070 1109
1560080 1109
1560090 1104
1560100 1099
1560110 1099
1560120 1093
1560130 1087
1560140 1087
1560150 1081
1560160 1075
1560170 1075
1560180 1069
1560190 1064
1560200 1064
1560210 1059
1560220 1052
1560230 1052
1560240 1045
1560250 1046
1560260 1046
1560270 1054
1560280 1064
1560290 1071
1560300 1071
1560310 1078
1560320 1086
1560330 1086
1560340 1095
1560350 1105
1560360 1105
1560370 1113
1560380 1121
1560390 1121
1560400 1128
1560410 1134
1560420 1134
1560430 1139
1560440 1144
1560450 1144
1560460 1148
1560470 1151
1560480 1151
1560490 1155
1560500 1158
1560510 1162
1560520 1162
1560530 1166
1560540 1169
1560550 1169
1560560 1172
1560570 1175
1560580 1175
1560590 1178
1560600 1181
1560610 1182
1560620 1185
1560630 1187
1560640 1187
1560650 1190
1560660 1193
1560670 1193
1560680 1196
1560690 1200
1560700 1200
1560710 1203
1560720 1206
1560730 1211
1560740 1211
1560750 1215
1560760 1220
1560770 1220
1560780 1225
1560790 1230
1560800 1230
1560810 1234
1560820 1238
1560830 1238
1560840 1242
1560850 1244
1560860 1244
1560870 1245
1560880 1247
1560890 1247
1560900 1248
1560910 1249
1560920 1249
1560930 1251
1560940 1253
1560950 1255
1560960 1255
1560970 1256
1560980 1257
1560990 1257
1561000 1259
1561010 1261
1561020 1261
1561030 1262
1561040 1263
1561050 1263
1561060 1264
1561070 1266
1561080 1266
1561090 1267
1561100 1268
1561110 1268
1561120 1270
1561130 1271
1561140 1271
1561150 1272
1561160 1273
1561170 1274
1561180 1274
1561190 1276
1561200 1277
1561210 1277
1561220 1279
1561230 1281
1561240 1281
1561250 1283
1561260 1285
1561270 1285
1561280 1287
1561290 1290
1561300 1290
1561310 1292
1561320 1295
1561330 1295
1561340 1298
1561350 1301
1561360 1301
1561370 1303
1561380 1307
1561390 1311
1561400 1311
1561410 1316
1561420 1319
1561430 1319
1561440 1323
1561450 1326
1561460 1326
1561470 1329
1561480 1333
1561490 1333
1561500 1336
1561510 1339
1561520 1339
1561530 1343
1561540 1347
1561550 1347
1561560 1351
1561570 1356
1561580 1356
1561590 1360
1561600 1365
1561610 1370
1561620 1370
1561630 1375
1561640 1379
1561650 1379
1561660 1384
1561670 1387
1561680 1387
1561690 1391
1561700 1395
1561710 1395
1561720 1399
1561730 1404
1561740 1404
1561750 1408
1561760 1413
1561770 1413
1561780 1417
1561790 1422
1561800 1422
1561810 1426
1561820 1429
1561830 1432
1561840 1432
1561850 1435
1561860 1437
1561870 1437
1561880 1439
1561890 1443
1561900 1443
1561910 1445
1561920 1449
1561930 1449
1561940 1453
1561950 1457
1561960 1457
1561970 1461
1561980 1465
1561990 1465
1562000 1468
1562010 1471
1562020 1471
1562030 1474
1562040 1478
1562050 1478
1562060 1481
1562070 1484
1562080 1487
1562090 1487
1562100 1489
1562110 1491
1562120 1491
1562130 1492
1562140 1493
1562150 1493
1562160 1494
1562170 1496
1562180 1496
1562190 1497
1562200 1499
1562210 1499
1562220 1502
1562230 1506
1562240 1506
1562250 1513
1562260 1519
1562270 1519
1562280 1524
1562290 1528
1562300 1530
1562310 1530
1562320 1532
1562330 1533
1562340 1533
1562350 1535
1562360 1535
1562370 1535
1562380 1535
1562390 1534
1562400 1534
1562410 1533
1562420 1532
1562430 1532
1562440 1532
1562450 1532
1562460 1532
1562470 1532
1562480 1532
1562490 1532
1562500 1533
1562510 1533
1562520 1533
1562530 1533
1562540 1532
1562550 1531
1562560 1531
1562570 1529
1562580 1527
1562590 1527
1562600 1525
1562610 1523
1562620 1523
1562630 1520
1562640 1516
1562650 1516
1562660 1513
1562670 1512
1562680 1512
1562690 1511
1562700 1509
1562710 1509
1562720 1508
1562730 1506
1562740 1504
1562750 1504
1562760 1500
1562770 1496
1562780 1496
1562790 1491
1562800 1487
1562810 1487
1562820 1485
1562830 1482
1562840 1482
1562850 1477
1562860 1472
1562870 1472
1562880 1465
1562890 1460
1562900 1460
1562910 1458
1562920 1457
1562930 1457
1562940 1457
1562950 1456
1562960 1454
1562970 1454
1562980 1452
1562990 1451
1563000 1451
1563010 1451
1563020 1452
1563030 1452
1563040 1454
1563050 1454
1563060 1454
1563070 1452
1563080 1451
1563090 1451
1563100 1449
1563110 1447
1563120 1447
1563130 1446
1563140 1444
1563150 1444
1563160 1441
1563170 1439
1563180 1436
1563190 1436
1563200 1433
1563210 1432
1563220 1432
1563230 1431
1563240 1430
1563250 1430
1563260 1428
1563270 1426
1563280 1426
1563290 1424
1563300 1422
1563310 1422
1563320 1420
1563330 1418
1563340 1418
1563350 1417
1563360 1415
1563370 1415
1563380 1413
1563390 1411
1563400 1409
1563410 1409
1563420 1407
1563430 1405
1563440 1405
1563450 1403
1563460 1401
1563470 1401
1563480 1399
1563490 1397
1563500 1397
1563510 1396
1563520 1393
1563530 1393
1563540 1391
1563550 1389
1563560 1389
1563570 1387
1563580 1385
1563590 1385
1563600 1382
1563610 1380
1563620 1376
1563630 1376
1563640 1373
1563650 1371
1563660 1371
1563670 1369
1563680 1367
1563690 1367
1563700 1365
1563710 1363
1563720 1363
1563730 1361
1563740 1360
1563750 1360
1563760 1358
1563770 1357
1563780 1357
1563790 1355
1563800 1353
1563810 1353
1563820 1351
1563830 1349
1563840 1346
1563850 1346
1563860 1343
1563870 1342
1563880 1343
1563890 1341
1563900 1341
1563910 1341
1563920 1340
1563930 1339
1563940 1339
1563950 1337
1563960 1334
1563970 1334
1563980 1331
1563990 1329
1564000 1329
1564010 1327
1564020 1325
1564030 1325
1564040 1322
1564050 1319
1564060 1317
1564070 1317
1564080 1315
1564090 1313
1564100 1313
1564110 1311
1564120 1309
1564130 1309
1564140 1305
1564150 1302
1564160 1302
1564170 1300
1564180 1298
1564190 1298
1564200 1295
1564210 1293
1564220 1293
1564230 1292
1564240 1290
1564250 1290
1564260 1288
1564270 1285
1564280 1284
1564290 1284
1564300 1282
1564310 1280
1564320 1280
1564330 1277
1564340 1275
1564350 1275
1564360 1273
1564370 1272
1564380 1272
1564390 1270
1564400 1267
1564410 1267
1564420 1266
1564430 1262
1564440 1262
1564450 1259
1564460 1257
1564470 1257
1564480 1253
1564490 1251
1564500 1248
1564510 1248
1564520 1244
1564530 1241
1564540 1241
1564550 1238
1564560 1235
1564570 1235
1564580 1232
1564590 1229
1564600 1229
1564610 1226
1564620 1224
1564630 1224
1564640 1223
1564650 1221
1564660 1221
1564670 1218
1564680 1215
1564690 1215
1564700 1212
1564710 1207
1564720 1201
1564730 1201
1564740 1196
1564750 1192
1564760 1192
1564770 1188
1564780 1186
1564790 1186
1564800 1183
1564810 1178
1564820 1178
1564830 1175
1564840 1171
1564850 1171
1564860 1168
1564870 1167
1564880 1167
1564890 1165
1564900 1162
1564910 1162
1564920 1159
1564930 1155
1564940 1152
1564950 1152
1564960 1161
1564970 1166
1564980 1166
1564990 1169
1565000 1171
1565010 1171
1565020 1170
1565030 1168
1565040 1168
1565050 1163
1565060 1157
1565070 1157
1565080 1151
1565090 1144
1565100 1144
1565110 1140
1565120 1138
1565130 1138
1565140 1138
1565150 1136
1565160 1134
1565170 1134
1565180 1130
1565190 1121
1565200 1121
1565210 1110
1565220 1103
1565230 1103
1565240 1108
1565250 1117
1565260 1117
1565270 1128
1565280 1137
1565290 1137
1565300 1144
1565310 1148
1565320 1148
1565330 1144
1565340 1137
1565350 1137
1565360 1138
1565370 1148
1565380 1155
1565390 1155
1565400 1160
1565410 1164
1565420 1164
1565430 1166
1565440 1169
1565450 1169
1565460 1171
1565470 1174
1565480 1174
1565490 1175
1565500 1176
1565510 1176
1565520 1178
1565530 1179
1565540 1179
1565550 1181
1565560 1184
1565570 1184
1565580 1186
1565590 1188
1565600 1190
1565610 1190
1565620 1193
1565630 1196
1565640 1196
1565650 1197
1565660 1198
1565670 1198
1565680 1199
1565690 1199
1565700 1199
1565710 1200
1565720 1201
1565730 1201
1565740 1202
1565750 1202
1565760 1202
1565770 1203
1565780 1204
1565790 1204
1565800 1204
1565810 1205
1565820 1205
1565830 1205
1565840 1204
1565850 1204
1565860 1204
1565870 1202
1565880 1200
1565890 1200
1565900 1198
1565910 1196
1565920 1196
1565930 1196
1565940 1195
1565950 1195
1565960 1193
1565970 1191
1565980 1191
1565990 1190
1566000 1189
1566010 1189
1566020 1187
1566030 1186
1566040 1183
1566050 1183
1566060 1181
1566070 1179
1566080 1179
1566090 1177
1566100 1175
1566110 1175
1566120 1175
1566130 1173
1566140 1173
1566150 1171
1566160 1168
1566170 1168
1566180 1165
1566190 1163
1566200 1163
1566210 1160
1566220 1158
1566230 1158
1566240 1155
1566250 1153
1566260 1151
1566270 1151
1566280 1148
1566290 1146
1566300 1146
1566310 1144
1566320 1142
1566330 1142
1566340 1141
1566350 1139
1566360 1139
1566370 1138
1566380 1137
1566390 1137
1566400 1136
1566410 1134
1566420 1134
1566430 1132
1566440 1130
1566450 1130
1566460 1128
1566470 1125
1566480 1121
1566490 1121
1566500 1117
1566510 1113
1566520 1113
1566530 1111
1566540 1110
1566550 1110
1566560 1107
1566570 1105
1566580 1105
1566590 1101
1566600 1098
1566610 1098
1566620 1093
1566630 1085
1566640 1085
1566650 1077
1566660 1073
1566670 1073
1566680 1076
1566690 1078
1566700 1081
1566710 1081
1566720 1083
1566730 1084
1566740 1084
1566750 1083
1566760 1081
1566770 1081
1566780 1077
1566790 1074
1566800 1074
1566810 1072
1566820 1072
1566830 1072
1566840 1071
1566850 1069
1566860 1069
1566870 1065
1566880 1062
1566890 1062
1566900 1066
1566910 1068
1566920 1070
1566930 1070
1566940 1071
1566950 1071
1566960 1071
1566970 1069
1566980 1069
1566990 1069
1567000 1069
1567010 1069
1567020 1065
1567030 1064
1567040 1063
1567050 1063
1567060 1063
1567070 1062
1567080 1062
1567090 1062
1567100 1062
1567110 1062
1567120 1060
1567130 1059
1567140 1059
1567150 1059
1567160 1058
1567170 1057
1567180 1057
1567190 1056
1567200 1055
1567210 1055
1567220 1054
1567230 1053
1567240 1053
1567250 1052
1567260 1051
1567270 1051
1567280 1050
1567290 1050
1567300 1050
1567310 1048
1567320 1047
1567330 1047
1567340 1046
1567350 1046
1567360 1044
1567370 1044
1567380 1041
1567390 1038
1567400 1038
1567410 1036
1567420 1034
1567430 1034
1567440 1032
1567450 1031
1567460 1031
1567470 1029
1567480 1027
1567490 1027
1567500 1026
1567510 1025
1567520 1025
1567530 1025
1567540 1025
1567550 1025
1567560 1023
1567570 1021
1567580 1020
1567590 1020
1567600 1018
1567610 1017
1567620 1017
1567630 1015
1567640 1012
1567650 1012
1567660 1010
1567670 1007
1567680 1007
1567690 1004
1567700 1002
1567710 1002
1567720 1000
1567730 998
1567740 998
1567750 997
1567760 995
1567770 995
1567780 993
1567790 991
1567800 990
1567810 990
1567820 988
1567830 985
1567840 985
1567850 982
1567860 979
1567870 979
1567880 977
1567890 975
1567900 975
1567910 974
1567920 971
1567930 971
1567940 969
1567950 966
1567960 966
1567970 958
1567980 955
1567990 955
1568000 952
1568010 950
1568020 947
1568030 947
1568040 945
1568050 943
1568060 943
1568070 941
1568080 939
1568090 939
1568100 936
1568110 934
1568120 934
1568130 932
1568140 930
1568150 930
1568160 929
1568170 928
1568180 928
1568190 927
1568200 923
1568210 923
1568220 921
1568230 919
1568240 918
1568250 918
1568260 915
1568270 914
1568280 914
1568290 912
1568300 911
1568310 911
1568320 909
1568330 908
1568340 908
1568350 907
1568360 908
1568370 908
1568380 906
1568390 902
1568400 902
1568410 897
1568420 894
1568430 894
1568440 892
1568450 891
1568460 891
1568470 891
1568480 891
1568490 891
1568500 891
1568510 891
1568520 890
1568530 890
1568540 890
1568550 889
1568560 889
1568570 888
1568580 885
1568590 885
1568600 887
1568610 893
1568620 893
1568630 903
1568640 905
1568650 905
1568660 908
1568670 910
1568680 912
1568690 912
1568700 913
1568710 915
1568720 915
1568730 916
1568740 917
1568750 917
1568760 918
1568770 919
1568780 919
1568790 921
1568800 922
1568810 922
1568820 923
1568830 924
1568840 924
1568850 924
1568860 925
1568870 925
1568880 925
1568890 926
1568900 927
1568910 927
1568920 928
1568930 929
1568940 929
1568950 931
1568960 931
1568970 931
1568980 932
1568990 932
1569000 932
1569010 932
1569020 933
1569030 933
1569040 932
1569050 930
1569060 930
1569070 928
1569080 929
1569090 929
1569100 933
1569110 937
1569120 939
1569130 939
1569140 941
1569150 943
1569160 943
1569170 944
1569180 945
1569190 945
1569200 946
1569210 947
1569220 947
1569230 949
1569240 950
1569250 950
1569260 952
1569270 953
1569280 953
1569290 954
1569300 955
1569310 955
1569320 958
1569330 959
1569340 960
1569350 960
1569360 961
1569370 961
1569380 961
1569390 960
1569400 958
1569410 958
1569420 956
1569430 953
1569440 953
1569450 951
1569460 949
1569470 949
1569480 946
1569490 945
1569500 945
1569510 944
1569520 944
1569530 944
1569540 942
1569550 939
1569560 940
1569570 940
1569580 943
1569590 944
1569600 944
1569610 943
1569620 941
1569630 941
1569640 938
1569650 938
1569660 938
1569670 940
1569680 942
1569690 942
1569700 943
1569710 943
1569720 943
1569730 947
1569740 949
1569750 949
1569760 949
1569770 949
1569780 950
1569790 950
1569800 949
1569810 949
1569820 949
1569830 947
1569840 946
1569850 946
1569860 947
1569870 948
1569880 948
1569890 949
1569900 950
1569910 950
1569920 951
1569930 952
1569940 952
1569950 953
1569960 952
1569970 952
1569980 952
1569990 953
1570000 953
1570010 953
1570020 953
1570030 954
1570040 954
1570050 951
1570060 952
1570070 952
1570080 953
1570090 955
1570100 955
1570110 956
1570120 958
1570130 958
1570140 959
1570150 960
1570160 960
1570170 964
1570180 966
1570190 966
1570200 966
1570210 966
1570220 964
1570230 964
1570240 963
1570250 962
1570260 962
1570270 961
1570280 961
1570290 961
1570300 958
1570310 953
1570320 953
1570330 950
1570340 949
1570350 949
1570360 951
1570370 954
1570380 954
1570390 959
1570400 961
1570410 961
1570420 964
1570430 969
1570440 971
1570450 971
1570460 973
1570470 975
1570480 975
1570490 977
1570500 979
1570510 979
1570520 981
1570530 984
1570540 984
1570550 988
1570560 992
1570570 992
1570580 996
1570590 999
1570600 999
1570610 1001
1570620 1003
1570630 1003
1570640 1004
1570650 1005
1570660 1005
1570670 1005
1570680 1006
1570690 1006
1570700 1006
1570710 1008
1570720 1011
1570730 1011
1570740 1014
1570750 1016
1570760 1016
1570770 1018
1570780 1019
1570790 1019
1570800 1022
1570810 1023
1570820 1023
1570830 1023
1570840 1022
1570850 1022
1570860 1021
1570870 1023
1570880 1023
1570890 1023
1570900 1023
1570910 1020
1570920 1020
1570930 1018
1570940 1017
1570950 1017
1570960 1017
1570970 1016
1570980 1016
1570990 1016
1571000 1016
1571010 1016
1571020 1016
1571030 1017
1571040 1017
1571050 1019
1571060 1022
1571070 1022
1571080 1025
1571090 1026
1571100 1026
1571110 1026
1571120 1025
1571130 1023
1571140 1023
1571150 1021
1571160 1018
1571170 1018
1571180 1016
1571190 1015
1571200 1015
1571210 1015
1571220 1016
1571230 1016
1571240 1018
1571250 1023
1571260 1023
1571270 1024
1571280 1024
1571290 1024
1571300 1025
1571310 1027
1571320 1026
1571330 1026
1571340 1026
1571350 1026
1571360 1026
1571370 1026
1571380 1027
1571390 1027
1571400 1028
1571410 1029
1571420 1029
1571430 1031
1571440 1033
1571450 1033
1571460 1035
1571470 1037
1571480 1037
1571490 1039
1571500 1040
1571510 1040
1571520 1033
1571530 1035
1571540 1038
1571550 1038
1571560 1038
1571570 1038
1571580 1038
1571590 1039
1571600 1041
1571610 1041
1571620 1041
1571630 1042
1571640 1042
1571650 1041
1571660 1041
1571670 1041
1571680 1043
1571690 1044
1571700 1044
1571710 1044
1571720 1044
1571730 1044
1571740 1043
1571750 1044
1571760 1045
1571770 1045
1571780 1045
1571790 1044
1571800 1044
1571810 1043
1571820 1043
1571830 1043
1571840 1042
1571850 1041
1571860 1041
1571870 1041
1571880 1041
1571890 1041
1571900 1041
1571910 1040
1571920 1040
1571930 1040
1571940 1040
1571950 1040
1571960 1039
1571970 1040
1571980 1041
1571990 1041
1572000 1041
1572010 1043
1572020 1043
1572030 1046
1572040 1047
1572050 1047
1572060 1049
1572070 1050
1572080 1050
1572090 1051
1572100 1051
1572110 1051
1572120 1051
1572130 1051
1572140 1051
1572150 1051
1572160 1051
1572170 1051
1572180 1050
1572190 1049
1572200 1049
1572210 1049
1572220 1048
1572230 1048
1572240 1048
1572250 1048
1572260 1047
1572270 1047
1572280 1047
1572290 1046
1572300 1046
1572310 1046
1572320 1045
1572330 1045
1572340 1043
1572350 1042
1572360 1042
1572370 1041
1572380 1039
1572390 1039
1572400 1036
1572410 1033
1572420 1033
1572430 1028
1572440 1022
1572450 1014
1572460 1014
1572470 1007
1572480 1002
1572490 1002
1572500 1001
1572510 1008
1572520 1008
1572530 1015
1572540 1020
1572550 1020
1572560 1024
1572570 1029
1572580 1029
1572590 1034
1572600 1041
1572610 1041
1572620 1044
1572630 1049
1572640 1049
1572650 1056
1572660 1059
1572670 1063
1572680 1063
1572690 1067
1572700 1071
1572710 1071
1572720 1075
1572730 1078
1572740 1078
1572750 1081
1572760 1083
1572770 1083
1572780 1086
1572790 1089
1572800 1089
1572810 1095
1572820 1100
1572830 1100
1572840 1106
1572850 1113
1572860 1113
1572870 1118
1572880 1121
1572890 1125
1572900 1125
1572910 1127
1572920 1129
1572930 1129
1572940 1130
1572950 1132
1572960 1132
1572970 1132
1572980 1133
1572990 1133
1573000 1134
1573010 1137
1573020 1137
1573030 1138
1573040 1140
1573050 1140
1573060 1142
1573070 1143
1573080 1143
1573090 1143
1573100 1144
1573110 1147
1573120 1147
1573130 1152
1573140 1156
1573150 1156
1573160 1159
1573170 1161
1573180 1161
1573190 1161
1573200 1163
1573210 1163
1573220 1164
1573230 1164
1573240 1164
1573250 1163
1573260 1162
1573270 1162
1573280 1162
1573290 1167
1573300 1167
1573310 1171
1573320 1173
1573330 1173
1573340 1173
1573350 1173
1573360 1172
1573370 1172
1573380 1169
1573390 1165
1573400 1165
1573410 1161
1573420 1157
1573430 1157
1573440 1153
1573450 1150
1573460 1150
1573470 1148
1573480 1147
1573490 1147
1573500 1146
1573510 1146
1573520 1146
1573530 1143
1573540 1142
1573550 1140
1573560 1140
1573570 1137
1573580 1133
1573590 1133
1573600 1127
1573610 1119
1573620 1119
1573630 1117
1573640 1115
1573650 1115
1573660 1114
1573670 1109
1573680 1109
1573690 1108
1573700 1111
1573710 1111
1573720 1115
1573730 1123
1573740 1123
1573750 1147
1573760 1166
1573770 1171
1573780 1171
1573790 1172
1573800 1172
1573810 1172
1573820 1172
1573830 1172
1573840 1172
1573850 1172
1573860 1172
1573870 1172
1573880 1171
1573890 1170
1573900 1170
1573910 1169
1573920 1169
1573930 1169
1573940 1168
1573950 1169
1573960 1169
1573970 1170
1573980 1173
1573990 1175
1574000 1175
1574010 1177
1574020 1178
1574030 1178
1574040 1180
1574050 1182
1574060 1182
1574070 1184
1574080 1186
1574090 1186
1574100 1188
1574110 1192
1574120 1192
1574130 1196
1574140 1201
1574150 1201
1574160 1207
1574170 1213
1574180 1213
1574190 1216
1574200 1219
1574210 1221
1574220 1221
1574230 1224
1574240 1226
1574250 1226
1574260 1229
1574270 1231
1574280 1231
1574290 1234
1574300 1236
1574310 1236
1574320 1238
1574330 1243
1574340 1243
1574350 1249
1574360 1253
1574370 1253
1574380 1258
1574390 1262
1574400 1261
1574410 1265
1574420 1271
1574430 1274
1574440 1274
1574450 1277
1574460 1279
1574470 1279
1574480 1279
1574490 1282
1574500 1282
1574510 1285
1574520 1286
1574530 1286
1574540 1288
1574550 1291
1574560 1291
1574570 1293
1574580 1293
1574590 1293
1574600 1294
1574610 1296
1574620 1296
1574630 1298
1574640 1300
1574650 1303
1574660 1303
1574670 1308
1574680 1309
1574690 1309
1574700 1310
1574710 1311
1574720 1311
1574730 1311
1574740 1312
1574750 1312
1574760 1314
1574770 1316
1574780 1316
1574790 1318
1574800 1321
1574810 1321
1574820 1322
1574830 1324
1574840 1324
1574850 1326
1574860 1329
1574870 1332
1574880 1332
1574890 1334
1574900 1334
1574910 1334
1574920 1334
1574930 1337
1574940 1337
1574950 1340
1574960 1342
1574970 1342
1574980 1344
1574990 1346
1575000 1346
1575010 1348
1575020 1350
1575030 1350
1575040 1350
1575050 1346
1575060 1346
1575070 1343
1575080 1340
1575090 1339
1575100 1339
1575110 1338
1575120 1337
1575130 1337
1575140 1336
1575150 1336
1575160 1336
1575170 1334
1575180 1333
1575190 1333
1575200 1330
1575210 1327
1575220 1327
1575230 1325
1575240 1324
1575250 1324
1575260 1324
1575270 1325
1575280 1325
1575290 1326
1575300 1327
1575310 1328
1575320 1328
1575330 1327
1575340 1326
1575350 1326
1575360 1324
1575370 1323
1575380 1323
1575390 1322
1575400 1321
1575410 1321
1575420 1320
1575430 1319
1575440 1319
1575450 1319
1575460 1319
1575470 1319
1575480 1319
1575490 1317
1575500 1317
1575510 1316
1575520 1314
1575530 1311
1575540 1311
1575550 1308
1575560 1305
1575570 1305
1575580 1303
1575590 1300
1575600 1300
1575610 1298
1575620 1296
1575630 1296
1575640 1294
1575650 1292
1575660 1292
1575670 1290
1575680 1286
1575690 1286
1575700 1285
1575710 1292
1575720 1292
1575730 1294
1575740 1296
1575750 1297
1575760 1297
1575770 1298
1575780 1299
1575790 1299
1575800 1300
1575810 1300
1575820 1300
1575830 1300
1575840 1300
1575850 1300
1575860 1301
1575870 1303
1575880 1303
1575890 1304
1575900 1304
1575910 1304
1575920 1305
1575930 1305
1575940 1305
1575950 1304
1575960 1304
1575970 1304
1575980 1304
1575990 1303
1576000 1303
1576010 1303
1576020 1303
1576030 1302
1576040 1302
1576050 1301
1576060 1301
1576070 1301
1576080 1300
1576090 1299
1576100 1299
1576110 1297
1576120 1295
1576130 1295
1576140 1293
1576150 1290
1576160 1290
1576170 1288
1576180 1287
1576190 1286
1576200 1286
1576210 1284
1576220 1281
1576230 1281
1576240 1280
1576250 1279
1576260 1279
1576270 1277
1576280 1276
1576290 1276
1576300 1275
1576310 1273
1576320 1273
1576330 1269
1576340 1266
1576350 1266
1576360 1265
1576370 1263
1576380 1263
1576390 1262
1576400 1261
1576410 1260
1576420 1260
1576430 1259
1576440 1257
1576450 1257
1576460 1254
1576470 1252
1576480 1252
1576490 1249
1576500 1247
1576510 1247
1576520 1245
1576530 1241
1576540 1241
1576550 1237
1576560 1233
1576570 1233
1576580 1231
1576590 1230
1576600 1230
1576610 1230
1576620 1228
1576630 1226
1576640 1226
1576650 1223
1576660 1221
1576670 1221
1576680 1219
1576690 1217
1576700 1217
1576710 1215
1576720 1212
1576730 1212
1576740 1210
1576750 1207
1576760 1207
1576770 1204
1576780 1202
1576790 1202
1576800 1199
1576810 1196
1576820 1196
1576830 1195
1576840 1192
1576850 1191
1576860 1191
1576870 1187
1576880 1184
1576890 1184
1576900 1183
1576910 1180
1576920 1180
1576930 1177
1576940 1175
1576950 1175
1576960 1171
1576970 1166
1576980 1166
1576990 1158
1577000 1145
1577010 1145
1577020 1149
1577030 1153
1577040 1153
1577050 1153
1577060 1155
1577070 1156
1577080 1156
1577090 1156
1577100 1154
1577110 1154
1577120 1151
1577130 1148
1577140 1148
1577150 1144
1577160 1140
1577170 1140
1577180 1135
1577190 1133
1577200 1133
1577210 1132
1577220 1131
1577230 1131
1577240 1133
1577250 1135
1577260 1135
1577270 1140
1577280 1145
1577290 1151
1577300 1151
1577310 1154
1577320 1157
1577330 1157
1577340 1160
1577350 1162
1577360 1162
1577370 1165
1577380 1168
1577390 1168
1577400 1170
1577410 1172
1577420 1172
1577430 1174
1577440 1177
1577450 1177
1577460 1179
1577470 1181
1577480 1181
1577490 1183
1577500 1184
1577510 1185
1577520 1185
1577530 1186
1577540 1187
1577550 1187
1577560 1188
1577570 1189
1577580 1189
1577590 1190
1577600 1191
1577610 1191
1577620 1192
1577630 1194
1577640 1194
1577650 1198
1577660 1203
1577670 1203
1577680 1210
1577690 1218
1577700 1218
1577710 1224
1577720 1227
1577730 1229
1577740 1229
1577750 1230
1577760 1230
1577770 1230
1577780 1231
1577790 1231
1577800 1231
1577810 1230
1577820 1230
1577830 1230
1577840 1229
1577850 1228
1577860 1228
1577870 1228
1577880 1227
1577890 1227
1577900 1226
1577910 1226
1577920 1226
1577930 1225
1577940 1223
1577950 1223
1577960 1223
1577970 1221
1577980 1219
1577990 1219
1578000 1217
1578010 1218
1578020 1218
1578030 1220
1578040 1221
1578050 1221
1578060 1221
1578070 1220
1578080 1220
1578090 1215
1578100 1214
1578110 1214
1578120 1215
1578130 1217
1578140 1217
1578150 1217
1578160 1217
1578170 1218
1578180 1218
1578190 1220
1578200 1221
1578210 1221
1578220 1222
1578230 1223
1578240 1223
1578250 1225
1578260 1227
1578270 1227
1578280 1227
1578290 1228
1578300 1228
1578310 1230
1578320 1232
1578330 1232
1578340 1234
1578350 1236
1578360 1236
1578370 1238
1578380 1240
1578390 1242
1578400 1242
1578410 1244
1578420 1246
1578430 1246
1578440 1248
1578450 1249
1578460 1249
1578470 1251
1578480 1253
1578490 1253
1578500 1254
1578510 1256
1578520 1256
1578530 1257
1578540 1259
1578550 1259
1578560 1261
1578570 1265
1578580 1265
1578590 1269
1578600 1272
1578610 1274
1578620 1274
1578630 1277
1578640 1281
1578650 1281
1578660 1283
1578670 1287
1578680 1287
1578690 1292
1578700 1297
1578710 1297
1578720 1299
1578730 1300
1578740 1300
1578750 1301
1578760 1301
1578770 1301
1578780 1301
1578790 1302
1578800 1302
1578810 1303
1578820 1303
1578830 1304
1578840 1304
1578850 1304
1578860 1304
1578870 1304
1578880 1304
1578890 1304
1578900 1304
1578910 1305
1578920 1305
1578930 1305
1578940 1303
1578950 1299
1578960 1299
1578970 1291
1578980 1279
1578990 1279
1579000 1272
1579010 1265
1579020 1265
1579030 1257
1579040 1249
1579050 1243
1579060 1243
1579070 1238
1579080 1234
1579090 1234
1579100 1231
1579110 1229
1579120 1229
1579130 1228
1579140 1227
1579150 1227
1579160 1225
1579170 1223
1579180 1223
1579190 1223
1579200 1222
1579210 1222
1579220 1218
1579230 1216
1579240 1216
1579250 1212
1579260 1209
1579270 1207
1579280 1207
1579290 1204
1579300 1201
1579310 1201
1579320 1197
1579330 1195
1579340 1195
1579350 1194
1579360 1193
1579370 1193
1579380 1192
1579390 1191
1579400 1191
1579410 1189
1579420 1185
1579430 1185
1579440 1178
1579450 1172
1579460 1172
1579470 1168
1579480 1165
1579490 1163
1579500 1163
1579510 1160
1579520 1155
1579530 1155
1579540 1151
1579550 1149
1579560 1149
1579570 1150
1579580 1149
1579590 1149
1579600 1148
1579610 1146
1579620 1146
1579630 1142
1579640 1138
1579650 1138
1579660 1130
1579670 1123
1579680 1123
1579690 1117
1579700 1112
1579710 1106
1579720 1106
1579730 1100
1579740 1094
1579750 1094
1579760 1089
1579770 1084
1579780 1084
1579790 1081
1579800 1079
1579810 1079
1579820 1076
1579830 1072
1579840 1072
1579850 1066
1579860 1062
1579870 1056
1579880 1053
1579890 1052
1579900 1052
1579910 1049
1579920 1044
1579930 1038
1579940 1038
1579950 1032
1579960 1027
1579970 1027
1579980 1022
1579990 1017
