1560000 952
1560010 955
1560020 959
1560030 959
1560040 964
1560050 968
1560060 968
1560070 973
1560080 978
1560090 978
1560100 983
1560110 987
1560120 992
1560130 992
1560140 997
1560150 1000
1560160 1000
1560170 1003
1560180 1007
1560190 1007
1560200 1011
1560210 1016
1560220 1016
1560230 1020
1560240 1024
1560250 1024
1560260 1028
1560270 1032
1560280 1032
1560290 1035
1560300 1039
1560310 1039
1560320 1043
1560330 1048
1560340 1053
1560350 1053
1560360 1057
1560370 1062
1560380 1062
1560390 1065
1560400 1070
1560410 1070
1560420 1075
1560430 1079
1560440 1079
1560450 1083
1560460 1087
1560470 1087
1560480 1092
1560490 1096
1560500 1096
1560510 1102
1560520 1108
1560530 1108
1560540 1112
1560550 1116
1560560 1121
1560570 1121
1560580 1129
1560590 1134
1560600 1134
1560610 1138
1560620 1143
1560630 1143
1560640 1149
1560650 1150
1560660 1150
1560670 1153
1560680 1159
1560690 1159
1560700 1164
1560710 1167
1560720 1167
1560730 1171
1560740 1175
1560750 1175
1560760 1179
1560770 1181
1560780 1182
1560790 1182
1560800 1184
1560810 1186
1560820 1186
1560830 1191
1560840 1194
1560850 1194
1560860 1195
1560870 1197
1560880 1197
1560890 1199
1560900 1201
1560910 1201
1560920 1202
1560930 1203
1560940 1203
1560950 1205
1560960 1207
1560970 1207
1560980 1209
1560990 1211
1561000 1214
1561010 1214
1561020 1218
1561030 1222
1561040 1222
1561050 1225
1561060 1228
1561070 1228
1561080 1232
1561090 1234
1561100 1234
1561110 1237
1561120 1241
1561130 1241
1561140 1244
1561150 1247
1561160 1247
1561170 1250
1561180 1254
1561190 1254
1561200 1258
1561210 1263
1561220 1268
1561230 1268
1561240 1271
1561250 1276
1561260 1276
1561270 1279
1561280 1282
1561290 1282
1561300 1285
1561310 1288
1561320 1288
1561330 1292
1561340 1296
1561350 1296
1561360 1300
1561370 1305
1561380 1306
1561390 1310
1561400 1314
1561410 1314
1561420 1317
1561430 1319
1561440 1322
1561450 1322
1561460 1324
1561470 1327
1561480 1327
1561490 1328
1561500 1331
1561510 1331
1561520 1334
1561530 1337
1561540 1337
1561550 1341
1561560 1344
1561570 1344
1561580 1347
1561590 1351
1561600 1351
1561610 1354
1561620 1357
1561630 1357
1561640 1360
1561650 1364
1561660 1368
1561670 1368
1561680 1374
1561690 1379
1561700 1379
1561710 1384
1561720 1388
1561730 1388
1561740 1392
1561750 1395
1561760 1395
1561770 1397
1561780 1400
1561790 1400
1561800 1402
1561810 1404
1561820 1404
1561830 1407
1561840 1411
1561850 1411
1561860 1416
1561870 1420
1561880 1423
1561890 1423
1561900 1426
1561910 1430
1561920 1430
1561930 1432
1561940 1434
1561950 1434
1561960 1435
1561970 1436
1561980 1436
1561990 1436
1562000 1437
1562010 1437
1562020 1437
1562030 1438
1562040 1438
1562050 1438
1562060 1439
1562070 1439
1562080 1440
1562090 1441
1562100 1441
1562110 1441
1562120 1441
1562130 1440
1562140 1440
1562150 1440
1562160 1440
1562170 1440
1562180 1441
1562190 1441
1562200 1441
1562210 1442
1562220 1443
1562230 1443
1562240 1444
1562250 1445
1562260 1445
1562270 1445
1562280 1446
1562290 1446
1562300 1446
1562310 1447
1562320 1447
1562330 1446
1562340 1446
1562350 1446
1562360 1446
1562370 1447
1562380 1449
1562390 1449
1562400 1450
1562410 1452
1562420 1452
1562430 1453
1562440 1454
1562450 1454
1562460 1454
1562470 1454
1562480 1454
1562490 1453
1562500 1452
1562510 1452
1562520 1451
1562530 1449
1562540 1449
1562550 1448
1562560 1446
1562570 1445
1562580 1445
1562590 1444
1562600 1443
1562610 1443
1562620 1442
1562630 1441
1562640 1441
1562650 1440
1562660 1439
1562670 1439
1562680 1438
1562690 1437
1562700 1437
1562710 1437
1562720 1436
1562730 1436
1562740 1435
1562750 1434
1562760 1434
1562770 1433
1562780 1432
1562790 1432
1562800 1432
1562810 1431
1562820 1430
1562830 1430
1562840 1429
1562850 1429
1562860 1429
1562870 1428
1562880 1427
1562890 1427
1562900 1428
1562910 1429
1562920 1429
1562930 1429
1562940 1429
1562950 1429
1562960 1429
1562970 1428
1562980 1428
1562990 1428
1563000 1427
1563010 1426
1563020 1424
1563030 1424
1563040 1424
1563050 1424
1563060 1423
1563070 1423
1563080 1423
1563090 1423
1563100 1422
1563110 1422
1563120 1422
1563130 1422
1563140 1422
1563150 1422
1563160 1422
1563170 1422
1563180 1421
1563190 1421
1563200 1421
1563210 1421
1563220 1420
1563230 1420
1563240 1420
1563250 1419
1563260 1419
1563270 1419
1563280 1418
1563290 1417
1563300 1417
1563310 1417
1563320 1416
1563330 1416
1563340 1415
1563350 1415
1563360 1415
1563370 1415
1563380 1414
1563390 1414
1563400 1414
1563410 1414
1563420 1414
1563430 1413
1563440 1412
1563450 1412
1563460 1412
1563470 1411
1563480 1410
1563490 1410
1563500 1409
1563510 1409
1563520 1409
1563530 1408
1563540 1407
1563550 1407
1563560 1407
1563570 1407
1563580 1407
1563590 1406
1563600 1406
1563610 1406
1563620 1405
1563630 1404
1563640 1404
1563650 1403
1563660 1401
1563670 1400
1563680 1400
1563690 1399
1563700 1398
1563710 1398
1563720 1396
1563730 1394
1563740 1394
1563750 1393
1563760 1391
1563770 1391
1563780 1389
1563790 1388
1563800 1388
1563810 1386
1563820 1385
1563830 1385
1563840 1384
1563850 1383
1563860 1383
1563870 1381
1563880 1380
1563890 1378
1563900 1378
1563910 1377
1563920 1375
1563930 1375
1563940 1374
1563950 1372
1563960 1372
1563970 1370
1563980 1369
1563990 1369
1564000 1367
1564010 1365
1564020 1365
1564030 1363
1564040 1362
1564050 1362
1564060 1360
1564070 1358
1564080 1358
1564090 1356
1564100 1354
1564110 1352
1564120 1352
1564130 1350
1564140 1348
1564150 1348
1564160 1346
1564170 1344
1564180 1344
1564190 1342
1564200 1339
1564210 1339
1564220 1337
1564230 1335
1564240 1335
1564250 1332
1564260 1330
1564270 1330
1564280 1327
1564290 1324
1564300 1324
1564310 1321
1564320 1319
1564330 1316
1564340 1316
1564350 1315
1564360 1313
1564370 1313
1564380 1311
1564390 1307
1564400 1307
1564410 1303
1564420 1300
1564430 1300
1564440 1296
1564450 1293
1564460 1293
1564470 1289
1564480 1285
1564490 1285
1564500 1281
1564510 1277
1564520 1277
1564530 1273
1564540 1269
1564550 1265
1564560 1265
1564570 1260
1564580 1256
1564590 1256
1564600 1251
1564610 1247
1564620 1246
1564630 1242
1564640 1237
1564650 1237
1564660 1232
1564670 1226
1564680 1226
1564690 1221
1564700 1217
1564710 1217
1564720 1213
1564730 1209
1564740 1209
1564750 1206
1564760 1203
1564770 1200
1564780 1200
1564790 1197
1564800 1194
1564810 1194
1564820 1191
1564830 1187
1564840 1187
1564850 1184
1564860 1181
1564870 1181
1564880 1178
1564890 1174
1564900 1174
1564910 1170
1564920 1168
1564930 1168
1564940 1165
1564950 1162
1564960 1162
1564970 1160
1564980 1158
1564990 1157
1565000 1157
1565010 1156
1565020 1154
1565030 1154
1565040 1152
1565050 1149
1565060 1149
1565070 1145
1565080 1141
1565090 1141
1565100 1139
1565110 1137
1565120 1137
1565130 1133
1565140 1130
1565150 1130
1565160 1129
1565170 1127
1565180 1127
1565190 1125
1565200 1121
1565210 1117
1565220 1117
1565230 1112
1565240 1105
1565250 1105
1565260 1099
1565270 1094
1565280 1094
1565290 1090
1565300 1084
1565310 1084
1565320 1078
1565330 1072
1565340 1072
1565350 1065
1565360 1057
1565370 1057
1565380 1049
1565390 1042
1565400 1042
1565410 1033
1565420 1026
1565430 1021
1565440 1021
1565450 1015
1565460 1006
1565470 1006
1565480 999
1565490 992
1565500 992
1565510 992
1565520 1007
1565530 1007
1565540 1017
1565550 1026
1565560 1026
1565570 1035
1565580 1045
1565590 1045
1565600 1053
1565610 1063
1565620 1063
1565630 1072
1565640 1077
1565650 1081
1565660 1081
1565670 1082
1565680 1083
1565690 1083
1565700 1084
1565710 1085
1565720 1085
1565730 1085
1565740 1085
1565750 1085
1565760 1085
1565770 1084
1565780 1084
1565790 1083
1565800 1083
1565810 1083
1565820 1083
1565830 1082
1565840 1082
1565850 1081
1565860 1079
1565870 1077
1565880 1077
1565890 1076
1565900 1075
1565910 1075
1565920 1074
1565930 1072
1565940 1072
1565950 1070
1565960 1069
1565970 1069
1565980 1068
1565990 1067
1566000 1067
1566010 1066
1566020 1065
1566030 1065
1566040 1062
1566050 1061
1566060 1061
1566070 1059
1566080 1057
1566090 1055
1566100 1055
1566110 1054
1566120 1053
1566130 1053
1566140 1051
1566150 1049
1566160 1049
1566170 1048
1566180 1045
1566190 1043
1566200 1040
1566210 1039
1566220 1039
1566230 1037
1566240 1034
1566250 1034
1566260 1031
1566270 1029
1566280 1029
1566290 1026
1566300 1025
1566310 1023
1566320 1023
1566330 1020
1566340 1019
1566350 1019
1566360 1017
1566370 1015
1566380 1015
1566390 1014
1566400 1012
1566410 1012
1566420 1010
1566430 1009
1566440 1009
1566450 1007
1566460 1006
1566470 1006
1566480 1005
1566490 1004
1566500 1004
1566510 1002
1566520 1002
1566530 1000
1566540 1000
1566550 999
1566560 998
1566570 998
1566580 997
1566590 996
1566600 996
1566610 994
1566620 993
1566630 993
1566640 992
1566650 991
1566660 991
1566670 991
1566680 990
1566690 990
1566700 989
1566710 987
1566720 987
1566730 987
1566740 987
1566750 987
1566760 988
1566770 988
1566780 987
1566790 987
1566800 987
1566810 986
1566820 986
1566830 983
1566840 979
1566850 979
1566860 975
1566870 972
1566880 972
1566890 971
1566900 969
1566910 969
1566920 967
1566930 964
1566940 964
1566950 963
1566960 963
1566970 963
1566980 963
1566990 962
1567000 960
1567010 960
1567020 957
1567030 953
1567040 953
1567050 951
1567060 950
1567070 950
1567080 948
1567090 946
1567100 946
1567110 945
1567120 944
1567130 944
1567140 944
1567150 943
1567160 943
1567170 941
1567180 939
1567190 939
1567200 938
1567210 936
1567220 935
1567230 935
1567240 932
1567250 927
1567260 927
1567270 926
1567280 927
1567290 927
1567300 928
1567310 929
1567320 929
1567330 929
1567340 928
1567350 928
1567360 927
1567370 927
1567380 927
1567390 925
1567400 923
1567410 923
1567420 923
1567430 923
1567440 923
1567450 923
1567460 921
1567470 920
1567480 920
1567490 919
1567500 917
1567510 917
1567520 916
1567530 915
1567540 915
1567550 914
1567560 913
1567570 913
1567580 912
1567590 911
1567600 911
1567610 910
1567620 909
1567630 909
1567640 908
1567650 906
1567660 902
1567670 902
1567680 900
1567690 899
1567700 899
1567710 898
1567720 896
1567730 896
1567740 890
1567750 889
1567760 889
1567770 887
1567780 884
1567790 884
1567800 882
1567810 880
1567820 880
1567830 878
1567840 876
1567850 876
1567860 875
1567870 873
1567880 872
1567890 872
1567900 870
1567910 868
1567920 868
1567930 866
1567940 865
1567950 865
1567960 864
1567970 864
1567980 864
1567990 863
1568000 863
1568010 863
1568020 864
1568030 864
1568040 864
1568050 864
1568060 864
1568070 864
1568080 865
1568090 865
1568100 865
1568110 865
1568120 865
1568130 865
1568140 865
1568150 865
1568160 866
1568170 866
1568180 866
1568190 866
1568200 866
1568210 865
1568220 864
1568230 864
1568240 863
1568250 865
1568260 865
1568270 866
1568280 866
1568290 866
1568300 866
1568310 866
1568320 866
1568330 866
1568340 866
1568350 866
1568360 866
1568370 866
1568380 866
1568390 866
1568400 866
1568410 866
1568420 866
1568430 866
1568440 866
1568450 866
1568460 865
1568470 865
1568480 865
1568490 865
1568500 865
1568510 865
1568520 865
1568530 865
1568540 865
1568550 865
1568560 865
1568570 865
1568580 865
1568590 865
1568600 866
1568610 866
1568620 866
1568630 866
1568640 866
1568650 865
1568660 865
1568670 865
1568680 865
1568690 865
1568700 865
1568710 865
1568720 864
1568730 864
1568740 864
1568750 863
1568760 863
1568770 863
1568780 862
1568790 861
1568800 861
1568810 859
1568820 859
1568830 859
1568840 858
1568850 858
1568860 858
1568870 856
1568880 855
1568890 855
1568900 853
1568910 853
1568920 853
1568930 854
1568940 854
1568950 854
1568960 854
1568970 854
1568980 854
1568990 854
1569000 855
1569010 855
1569020 855
1569030 854
1569040 854
1569050 854
1569060 855
1569070 855
1569080 855
1569090 854
1569100 854
1569110 854
1569120 854
1569130 854
1569140 854
1569150 853
1569160 853
1569170 853
1569180 853
1569190 852
1569200 852
1569210 852
1569220 851
1569230 851
1569240 851
1569250 850
1569260 850
1569270 850
1569280 850
1569290 849
1569300 849
1569310 849
1569320 849
1569330 849
1569340 849
1569350 849
1569360 849
1569370 848
1569380 848
1569390 848
1569400 848
1569410 847
1569420 847
1569430 847
1569440 847
1569450 846
1569460 846
1569470 846
1569480 846
1569490 846
1569500 846
1569510 846
1569520 846
1569530 846
1569540 845
1569550 845
1569560 845
1569570 845
1569580 845
1569590 845
1569600 845
1569610 845
1569620 845
1569630 845
1569640 845
1569650 845
1569660 845
1569670 846
1569680 846
1569690 846
1569700 846
1569710 846
1569720 846
1569730 847
1569740 847
1569750 847
1569760 847
1569770 847
1569780 848
1569790 848
1569800 848
1569810 848
1569820 848
1569830 848
1569840 849
1569850 849
1569860 849
1569870 849
1569880 850
1569890 850
1569900 850
1569910 850
1569920 851
1569930 851
1569940 851
1569950 852
1569960 852
1569970 852
1569980 852
1569990 852
1570000 852
1570010 852
1570020 852
1570030 852
1570040 852
1570050 852
1570060 852
1570070 852
1570080 852
1570090 852
1570100 851
1570110 852
1570120 852
1570130 853
1570140 853
1570150 853
1570160 852
1570170 852
1570180 852
1570190 852
1570200 851
1570210 851
1570220 851
1570230 851
1570240 851
1570250 850
1570260 850
1570270 850
1570280 849
1570290 849
1570300 848
1570310 848
1570320 848
1570330 847
1570340 847
1570350 847
1570360 847
1570370 847
1570380 846
1570390 846
1570400 846
1570410 846
1570420 845
1570430 845
1570440 845
1570450 845
1570460 845
1570470 844
1570480 844
1570490 844
1570500 843
1570510 843
1570520 843
1570530 843
1570540 843
1570550 842
1570560 842
1570570 841
1570580 841
1570590 841
1570600 841
1570610 841
1570620 841
1570630 841
1570640 841
1570650 841
1570660 841
1570670 842
1570680 842
1570690 842
1570700 842
1570710 842
1570720 843
1570730 842
1570740 843
1570750 843
1570760 843
1570770 844
1570780 844
1570790 844
1570800 844
1570810 844
1570820 845
1570830 845
1570840 845
1570850 846
1570860 847
1570870 847
1570880 849
1570890 851
1570900 851
1570910 853
1570920 854
1570930 854
1570940 855
1570950 856
1570960 857
1570970 857
1570980 858
1570990 859
1571000 859
1571010 860
1571020 861
1571030 861
1571040 861
1571050 863
1571060 863
1571070 864
1571080 866
1571090 866
1571100 868
1571110 871
1571120 871
1571130 874
1571140 875
1571150 875
1571160 877
1571170 878
1571180 879
1571190 879
1571200 881
1571210 882
1571220 882
1571230 882
1571240 884
1571250 884
1571260 887
1571270 888
1571280 888
1571290 890
1571300 891
1571310 891
1571320 890
1571330 892
1571340 892
1571350 893
1571360 895
1571370 895
1571380 896
1571390 897
1571400 898
1571410 898
1571420 899
1571430 900
1571440 900
1571450 902
1571460 903
1571470 903
1571480 904
1571490 905
1571500 905
1571510 906
1571520 907
1571530 907
1571540 908
1571550 909
1571560 909
1571570 910
1571580 911
1571590 911
1571600 911
1571610 912
1571620 912
1571630 913
1571640 914
1571650 915
1571660 915
1571670 915
1571680 916
1571690 916
1571700 916
1571710 917
1571720 917
1571730 918
1571740 918
1571750 918
1571760 919
1571770 919
1571780 919
1571790 920
1571800 920
1571810 920
1571820 922
1571830 924
1571840 924
1571850 924
1571860 925
1571870 925
1571880 925
1571890 925
1571900 927
1571910 927
1571920 928
1571930 928
1571940 928
1571950 928
1571960 929
1571970 929
1571980 931
1571990 931
1572000 931
1572010 931
1572020 932
1572030 932
1572040 932
1572050 933
1572060 933
1572070 934
1572080 936
1572090 936
1572100 936
1572110 937
1572120 938
1572130 938
1572140 937
1572150 937
1572160 937
1572170 938
1572180 938
1572190 936
1572200 935
1572210 935
1572220 935
1572230 935
1572240 934
1572250 934
1572260 935
1572270 933
1572280 933
1572290 932
1572300 930
1572310 928
1572320 928
1572330 927
1572340 925
1572350 925
1572360 925
1572370 925
1572380 925
1572390 924
1572400 923
1572410 923
1572420 922
1572430 919
1572440 919
1572450 915
1572460 916
1572470 916
1572480 921
1572490 923
1572500 923
1572510 925
1572520 930
1572530 933
1572540 933
1572550 933
1572560 933
1572570 933
1572580 933
1572590 933
1572600 933
1572610 933
1572620 935
1572630 935
1572640 937
1572650 940
1572660 940
1572670 941
1572680 940
1572690 940
1572700 937
1572710 935
1572720 935
1572730 933
1572740 933
1572750 934
1572760 934
1572770 935
1572780 936
1572790 936
1572800 937
1572810 937
1572820 937
1572830 939
1572840 940
1572850 940
1572860 941
1572870 941
1572880 941
1572890 942
1572900 943
1572910 943
1572920 945
1572930 946
1572940 946
1572950 948
1572960 948
1572970 950
1572980 950
1572990 953
1573000 954
1573010 954
1573020 956
1573030 958
1573040 958
1573050 960
1573060 962
1573070 962
1573080 964
1573090 966
1573100 966
1573110 968
1573120 970
1573130 970
1573140 972
1573150 975
1573160 975
1573170 978
1573180 980
1573190 981
1573200 981
1573210 983
1573220 984
1573230 984
1573240 985
1573250 985
1573260 985
1573270 986
1573280 989
1573290 989
1573300 991
1573310 992
1573320 992
1573330 994
1573340 995
1573350 995
1573360 996
1573370 997
1573380 997
1573390 997
1573400 997
1573410 995
1573420 995
1573430 990
1573440 988
1573450 988
1573460 985
1573470 983
1573480 983
1573490 982
1573500 986
1573510 986
1573520 988
1573530 992
1573540 992
1573550 998
1573560 1005
1573570 1005
1573580 1012
1573590 1019
1573600 1019
1573610 1029
1573620 1039
1573630 1054
1573640 1055
1573650 1065
1573660 1070
1573670 1070
1573680 1073
1573690 1076
1573700 1076
1573710 1076
1573720 1077
1573730 1077
1573740 1078
1573750 1080
1573760 1080
1573770 1081
1573780 1082
1573790 1082
1573800 1084
1573810 1087
1573820 1087
1573830 1088
1573840 1090
1573850 1091
1573860 1091
1573870 1093
1573880 1095
1573890 1095
1573900 1098
1573910 1102
1573920 1102
1573930 1105
1573940 1108
1573950 1108
1573960 1111
1573970 1114
1573980 1114
1573990 1116
1574000 1117
1574010 1117
1574020 1119
1574030 1122
1574040 1122
1574050 1124
1574060 1126
1574070 1127
1574080 1127
1574090 1128
1574100 1128
1574110 1128
1574120 1130
1574130 1132
1574140 1132
1574150 1132
1574160 1129
1574170 1129
1574180 1129
1574190 1129
1574200 1129
1574210 1129
1574220 1131
1574230 1131
1574240 1134
1574250 1139
1574260 1139
1574270 1142
1574280 1143
1574290 1143
1574300 1143
1574310 1143
1574320 1146
1574330 1146
1574340 1149
1574350 1151
1574360 1151
1574370 1153
1574380 1154
1574390 1154
1574400 1156
1574410 1158
1574420 1158
1574430 1163
1574440 1168
1574450 1168
1574460 1171
1574470 1172
1574480 1172
1574490 1173
1574500 1174
1574510 1173
1574520 1173
1574530 1172
1574540 1171
1574550 1171
1574560 1171
1574570 1172
1574580 1172
1574590 1173
1574600 1173
1574610 1173
1574620 1172
1574630 1172
1574640 1172
1574650 1172
1574660 1175
1574670 1175
1574680 1178
1574690 1183
1574700 1183
1574710 1187
1574720 1189
1574730 1190
1574740 1190
1574750 1190
1574760 1191
1574770 1191
1574780 1193
1574790 1196
1574800 1196
1574810 1198
1574820 1199
1574830 1199
1574840 1199
1574850 1199
1574860 1199
1574870 1201
1574880 1204
1574890 1204
1574900 1208
1574910 1210
1574920 1210
1574930 1212
1574940 1219
1574950 1222
1574960 1222
1574970 1222
1574980 1221
1574990 1221
1575000 1220
1575010 1218
1575020 1218
1575030 1219
1575040 1219
1575050 1215
1575060 1214
1575070 1214
1575080 1214
1575090 1214
1575100 1213
1575110 1213
1575120 1214
1575130 1214
1575140 1214
1575150 1215
1575160 1217
1575170 1218
1575180 1218
1575190 1218
1575200 1218
1575210 1218
1575220 1217
1575230 1216
1575240 1216
1575250 1214
1575260 1211
1575270 1211
1575280 1207
1575290 1203
1575300 1203
1575310 1199
1575320 1195
1575330 1195
1575340 1190
1575350 1187
1575360 1187
1575370 1184
1575380 1181
1575390 1178
1575400 1178
1575410 1178
1575420 1178
1575430 1178
1575440 1178
1575450 1178
1575460 1178
1575470 1180
1575480 1181
1575490 1181
1575500 1182
1575510 1183
1575520 1183
1575530 1184
1575540 1184
1575550 1184
1575560 1184
1575570 1185
1575580 1185
1575590 1186
1575600 1186
1575610 1186
1575620 1186
1575630 1187
1575640 1187
1575650 1187
1575660 1187
1575670 1187
1575680 1187
1575690 1187
1575700 1188
1575710 1188
1575720 1188
1575730 1188
1575740 1188
1575750 1189
1575760 1189
1575770 1189
1575780 1189
1575790 1188
1575800 1188
1575810 1187
1575820 1188
1575830 1189
1575840 1189
1575850 1188
1575860 1189
1575870 1189
1575880 1190
1575890 1190
1575900 1190
1575910 1190
1575920 1190
1575930 1190
1575940 1190
1575950 1191
1575960 1191
1575970 1192
1575980 1190
1575990 1190
1576000 1188
1576010 1190
1576020 1190
1576030 1192
1576040 1195
1576050 1195
1576060 1195
1576070 1194
1576080 1193
1576090 1193
1576100 1194
1576110 1195
1576120 1195
1576130 1194
1576140 1193
1576150 1193
1576160 1192
1576170 1192
1576180 1192
1576190 1193
1576200 1195
1576210 1195
1576220 1195
1576230 1195
1576240 1195
1576250 1196
1576260 1195
1576270 1195
1576280 1195
1576290 1195
1576300 1194
1576310 1194
1576320 1194
1576330 1194
1576340 1194
1576350 1193
1576360 1192
1576370 1192
1576380 1190
1576390 1188
1576400 1188
1576410 1186
1576420 1185
1576430 1185
1576440 1181
1576450 1181
1576460 1181
1576470 1182
1576480 1181
1576490 1181
1576500 1182
1576510 1183
1576520 1184
1576530 1184
1576540 1184
1576550 1182
1576560 1182
1576570 1181
1576580 1180
1576590 1180
1576600 1180
1576610 1179
1576620 1179
1576630 1178
1576640 1178
1576650 1178
1576660 1178
1576670 1178
1576680 1178
1576690 1178
1576700 1177
1576710 1177
1576720 1175
1576730 1174
1576740 1174
1576750 1174
1576760 1174
1576770 1171
1576780 1171
1576790 1169
1576800 1167
1576810 1167
1576820 1163
1576830 1160
1576840 1160
1576850 1159
1576860 1157
1576870 1157
1576880 1154
1576890 1151
1576900 1151
1576910 1146
1576920 1143
1576930 1143
1576940 1143
1576950 1142
1576960 1143
1576970 1143
1576980 1144
1576990 1146
1577000 1146
1577010 1148
1577020 1150
1577030 1150
1577040 1151
1577050 1151
1577060 1151
1577070 1147
1577080 1144
1577090 1144
1577100 1138
1577110 1133
1577120 1133
1577130 1129
1577140 1126
1577150 1126
1577160 1125
1577170 1122
1577180 1119
1577190 1119
1577200 1116
1577210 1113
1577220 1113
1577230 1110
1577240 1108
1577250 1108
1577260 1105
1577270 1104
1577280 1104
1577290 1103
1577300 1102
1577310 1102
1577320 1101
1577330 1100
1577340 1100
1577350 1100
1577360 1098
1577370 1098
1577380 1096
1577390 1094
1577400 1092
1577410 1092
1577420 1092
1577430 1090
1577440 1090
1577450 1088
1577460 1086
1577470 1086
1577480 1084
1577490 1081
1577500 1081
1577510 1078
1577520 1073
1577530 1073
1577540 1066
1577550 1059
1577560 1059
1577570 1052
1577580 1045
1577590 1045
1577600 1039
1577610 1033
1577620 1023
1577630 1023
1577640 1016
1577650 1013
1577660 1013
1577670 1015
1577680 1019
1577690 1019
1577700 1023
1577710 1027
1577720 1027
1577730 1030
1577740 1032
1577750 1032
1577760 1033
1577770 1036
1577780 1036
1577790 1044
1577800 1052
1577810 1059
1577820 1065
1577830 1071
1577840 1080
1577850 1080
1577860 1088
1577870 1096
1577880 1096
1577890 1102
1577900 1106
1577910 1106
1577920 1110
1577930 1113
1577940 1113
1577950 1117
1577960 1120
1577970 1120
1577980 1122
1577990 1126
1578000 1126
1578010 1129
1578020 1132
1578030 1132
1578040 1136
1578050 1138
1578060 1138
1578070 1138
1578080 1137
1578090 1136
1578100 1136
1578110 1136
1578120 1136
1578130 1136
1578140 1137
1578150 1137
1578160 1137
1578170 1137
1578180 1138
1578190 1138
1578200 1140
1578210 1142
1578220 1142
1578230 1143
1578240 1145
1578250 1145
1578260 1146
1578270 1148
1578280 1149
1578290 1149
1578300 1150
1578310 1151
1578320 1151
1578330 1151
1578340 1151
1578350 1151
1578360 1151
1578370 1151
1578380 1151
1578390 1150
1578400 1149
1578410 1149
1578420 1149
1578430 1149
1578440 1149
1578450 1149
1578460 1149
1578470 1149
1578480 1146
1578490 1145
1578500 1145
1578510 1145
1578520 1143
1578530 1141
1578540 1141
1578550 1139
1578560 1137
1578570 1137
1578580 1133
1578590 1130
1578600 1130
1578610 1128
1578620 1126
1578630 1126
1578640 1126
1578650 1125
1578660 1125
1578670 1123
1578680 1120
1578690 1120
1578700 1118
1578710 1118
1578720 1117
1578730 1117
1578740 1116
1578750 1115
1578760 1115
1578770 1115
1578780 1115
1578790 1115
1578800 1115
1578810 1115
1578820 1115
1578830 1115
1578840 1114
1578850 1114
1578860 1113
1578870 1110
1578880 1110
1578890 1110
1578900 1109
1578910 1109
1578920 1108
1578930 1107
1578940 1107
1578950 1107
1578960 1107
1578970 1106
1578980 1106
1578990 1104
1579000 1102
1579010 1102
1579020 1102
1579030 1101
1579040 1101
1579050 1100
1579060 1099
1579070 1099
1579080 1098
1579090 1096
1579100 1096
1579110 1095
1579120 1093
1579130 1093
1579140 1090
1579150 1087
1579160 1076
1579170 1076
1579180 1073
1579190 1070
1579200 1070
1579210 1069
1579220 1067
1579230 1067
1579240 1067
1579250 1066
1579260 1066
1579270 1065
1579280 1063
1579290 1063
1579300 1060
1579310 1057
1579320 1057
1579330 1054
1579340 1052
1579350 1052
1579360 1049
1579370 1047
1579380 1045
1579390 1045
1579400 1045
1579410 1044
1579420 1044
1579430 1045
1579440 1045
1579450 1045
1579460 1042
1579470 1040
1579480 1040
1579490 1038
1579500 1037
1579510 1037
1579520 1035
1579530 1034
1579540 1034
1579550 1032
1579560 1032
1579570 1032
1579580 1033
1579590 1032
1579600 1029
1579610 1029
1579620 1025
1579630 1022
1579640 1022
1579650 1016
1579660 1010
1579670 1010
1579680 1004
1579690 1000
1579700 1000
1579710 997
1579720 993
1579730 993
1579740 988
1579750 983
1579760 983
1579770 977
1579780 972
1579790 972
1579800 968
1579810 964
1579820 959
1579830 959
1579840 955
1579850 952
1579860 952
1579870 949
1579880 946
1579890 946
1579900 944
1579910 943
1579920 943
1579930 941
1579940 938
1579950 938
1579960 936
1579970 933
1579980 933
1579990 930
