1560000 865
1560010 864
1560020 864
1560030 863
1560040 863
1560050 863
1560060 863
1560070 862
1560080 862
1560090 862
1560100 862
1560110 862
1560120 864
1560130 869
1560140 881
1560150 881
1560160 888
1560170 897
1560180 897
1560190 905
1560200 912
1560210 912
1560220 919
1560230 927
1560240 927
1560250 934
1560260 941
1560270 941
1560280 949
1560290 957
1560300 957
1560310 965
1560320 971
1560330 971
1560340 976
1560350 982
1560360 982
1560370 988
1560380 994
1560390 999
1560400 999
1560410 1003
1560420 1007
1560430 1007
1560440 1011
1560450 1014
1560460 1014
1560470 1017
1560480 1020
1560490 1020
1560500 1024
1560510 1028
1560520 1028
1560530 1034
1560540 1039
1560550 1039
1560560 1042
1560570 1048
1560580 1048
1560590 1053
1560600 1058
1560610 1063
1560620 1063
1560630 1067
1560640 1072
1560650 1072
1560660 1076
1560670 1080
1560680 1080
1560690 1083
1560700 1086
1560710 1086
1560720 1091
1560730 1094
1560740 1094
1560750 1097
1560760 1101
1560770 1101
1560780 1104
1560790 1108
1560800 1108
1560810 1112
1560820 1117
1560830 1122
1560840 1122
1560850 1126
1560860 1129
1560870 1129
1560880 1132
1560890 1133
1560900 1133
1560910 1135
1560920 1136
1560930 1136
1560940 1138
1560950 1141
1560960 1141
1560970 1144
1560980 1147
1560990 1147
1561000 1150
1561010 1152
1561020 1152
1561030 1155
1561040 1159
1561050 1164
1561060 1164
1561070 1168
1561080 1174
1561090 1174
1561100 1178
1561110 1180
1561120 1180
1561130 1185
1561140 1189
1561150 1189
1561160 1194
1561170 1199
1561180 1199
1561190 1204
1561200 1209
1561210 1209
1561220 1213
1561230 1216
1561240 1216
1561250 1218
1561260 1220
1561270 1222
1561280 1222
1561290 1225
1561300 1227
1561310 1227
1561320 1230
1561330 1232
1561340 1232
1561350 1234
1561360 1236
1561370 1236
1561380 1239
1561390 1242
1561400 1242
1561410 1244
1561420 1247
1561430 1247
1561440 1249
1561450 1251
1561460 1251
1561470 1254
1561480 1258
1561490 1262
1561500 1262
1561510 1266
1561520 1270
1561530 1270
1561540 1274
1561550 1278
1561560 1278
1561570 1282
1561580 1287
1561590 1287
1561600 1292
1561610 1295
1561620 1295
1561630 1298
1561640 1301
1561650 1301
1561660 1303
1561670 1305
1561680 1305
1561690 1309
1561700 1312
1561710 1315
1561720 1315
1561730 1317
1561740 1320
1561750 1320
1561760 1321
1561770 1322
1561780 1322
1561790 1324
1561800 1325
1561810 1325
1561820 1326
1561830 1326
1561840 1326
1561850 1327
1561860 1328
1561870 1328
1561880 1328
1561890 1330
1561900 1330
1561910 1331
1561920 1333
1561930 1334
1561940 1334
1561950 1335
1561960 1336
1561970 1336
1561980 1338
1561990 1340
1562000 1340
1562010 1342
1562020 1344
1562030 1344
1562040 1346
1562050 1347
1562060 1347
1562070 1348
1562080 1349
1562090 1349
1562100 1350
1562110 1351
1562120 1351
1562130 1352
1562140 1352
1562150 1353
1562160 1353
1562170 1353
1562180 1352
1562190 1352
1562200 1351
1562210 1350
1562220 1349
1562230 1348
1562240 1347
1562250 1347
1562260 1346
1562270 1345
1562280 1345
1562290 1345
1562300 1345
1562310 1345
1562320 1344
1562330 1342
1562340 1342
1562350 1340
1562360 1339
1562370 1338
1562380 1338
1562390 1337
1562400 1337
1562410 1337
1562420 1337
1562430 1336
1562440 1336
1562450 1335
1562460 1333
1562470 1333
1562480 1332
1562490 1331
1562500 1331
1562510 1329
1562520 1327
1562530 1327
1562540 1326
1562550 1324
1562560 1324
1562570 1323
1562580 1321
1562590 1320
1562600 1320
1562610 1319
1562620 1318
1562630 1318
1562640 1316
1562650 1314
1562660 1314
1562670 1311
1562680 1308
1562690 1308
1562700 1306
1562710 1303
1562720 1303
1562730 1301
1562740 1299
1562750 1299
1562760 1297
1562770 1296
1562780 1296
1562790 1294
1562800 1292
1562810 1290
1562820 1290
1562830 1288
1562840 1284
1562850 1284
1562860 1278
1562870 1275
1562880 1275
1562890 1271
1562900 1266
1562910 1266
1562920 1262
1562930 1259
1562940 1259
1562950 1255
1562960 1253
1562970 1253
1562980 1251
1562990 1253
1563000 1253
1563010 1253
1563020 1249
1563030 1249
1563040 1249
1563050 1253
1563060 1251
1563070 1251
1563080 1250
1563090 1252
1563100 1252
1563110 1255
1563120 1256
1563130 1256
1563140 1258
1563150 1260
1563160 1260
1563170 1261
1563180 1262
1563190 1262
1563200 1263
1563210 1264
1563220 1264
1563230 1266
1563240 1268
1563250 1269
1563260 1269
1563270 1271
1563280 1274
1563290 1274
1563300 1275
1563310 1277
1563320 1277
1563330 1278
1563340 1279
1563350 1279
1563360 1280
1563370 1280
1563380 1280
1563390 1279
1563400 1279
1563410 1279
1563420 1278
1563430 1277
1563440 1277
1563450 1276
1563460 1275
1563470 1275
1563480 1275
1563490 1274
1563500 1273
1563510 1273
1563520 1272
1563530 1271
1563540 1271
1563550 1269
1563560 1268
1563570 1268
1563580 1268
1563590 1266
1563600 1266
1563610 1265
1563620 1265
1563630 1265
1563640 1265
1563650 1264
1563660 1264
1563670 1263
1563680 1262
1563690 1262
1563700 1260
1563710 1258
1563720 1257
1563730 1257
1563740 1255
1563750 1253
1563760 1253
1563770 1253
1563780 1251
1563790 1251
1563800 1250
1563810 1249
1563820 1249
1563830 1243
1563840 1241
1563850 1241
1563860 1239
1563870 1237
1563880 1237
1563890 1235
1563900 1233
1563910 1233
1563920 1232
1563930 1231
1563940 1229
1563950 1229
1563960 1228
1563970 1227
1563980 1227
1563990 1226
1564000 1225
1564010 1225
1564020 1224
1564030 1223
1564040 1223
1564050 1222
1564060 1221
1564070 1221
1564080 1220
1564090 1219
1564100 1219
1564110 1218
1564120 1217
1564130 1217
1564140 1215
1564150 1214
1564160 1213
1564170 1213
1564180 1211
1564190 1209
1564200 1209
1564210 1208
1564220 1206
1564230 1206
1564240 1205
1564250 1203
1564260 1203
1564270 1201
1564280 1198
1564290 1198
1564300 1196
1564310 1195
1564320 1195
1564330 1194
1564340 1193
1564350 1193
1564360 1192
1564370 1191
1564380 1190
1564390 1190
1564400 1188
1564410 1186
1564420 1186
1564430 1184
1564440 1183
1564450 1183
1564460 1181
1564470 1179
1564480 1179
1564490 1178
1564500 1177
1564510 1177
1564520 1176
1564530 1174
1564540 1174
1564550 1173
1564560 1172
1564570 1172
1564580 1171
1564590 1170
1564600 1169
1564610 1169
1564620 1166
1564630 1165
1564640 1165
1564650 1162
1564660 1159
1564670 1159
1564680 1157
1564690 1156
1564700 1156
1564710 1154
1564720 1153
1564730 1153
1564740 1150
1564750 1148
1564760 1148
1564770 1147
1564780 1145
1564790 1145
1564800 1143
1564810 1142
1564820 1140
1564830 1140
1564840 1139
1564850 1138
1564860 1138
1564870 1138
1564880 1137
1564890 1137
1564900 1137
1564910 1136
1564920 1136
1564930 1135
1564940 1133
1564950 1133
1564960 1132
1564970 1132
1564980 1132
1564990 1132
1565000 1132
1565010 1132
1565020 1130
1565030 1128
1565040 1126
1565050 1126
1565060 1125
1565070 1125
1565080 1125
1565090 1124
1565100 1123
1565110 1123
1565120 1118
1565130 1114
1565140 1114
1565150 1113
1565160 1111
1565170 1111
1565180 1109
1565190 1107
1565200 1107
1565210 1104
1565220 1100
1565230 1100
1565240 1096
1565250 1092
1565260 1088
1565270 1088
1565280 1085
1565290 1084
1565300 1084
1565310 1083
1565320 1082
1565330 1082
1565340 1080
1565350 1077
1565360 1077
1565370 1073
1565380 1069
1565390 1069
1565400 1066
1565410 1063
1565420 1063
1565430 1061
1565440 1060
1565450 1060
1565460 1056
1565470 1053
1565480 1048
1565490 1048
1565500 1044
1565510 1038
1565520 1038
1565530 1034
1565540 1032
1565550 1032
1565560 1031
1565570 1029
1565580 1029
1565590 1028
1565600 1024
1565610 1024
1565620 1022
1565630 1020
1565640 1020
1565650 1018
1565660 1016
1565670 1016
1565680 1014
1565690 1009
1565700 1006
1565710 1006
1565720 1003
1565730 1001
1565740 1001
1565750 998
1565760 996
1565770 996
1565780 993
1565790 991
1565800 991
1565810 989
1565820 987
1565830 987
1565840 984
1565850 980
1565860 980
1565870 974
1565880 969
1565890 969
1565900 966
1565910 962
1565920 959
1565930 959
1565940 956
1565950 953
1565960 953
1565970 951
1565980 950
1565990 950
1566000 948
1566010 947
1566020 947
1566030 946
1566040 942
1566050 942
1566060 938
1566070 935
1566080 935
1566090 933
1566100 931
1566110 931
1566120 930
1566130 929
1566140 928
1566150 928
1566160 927
1566170 926
1566180 926
1566190 925
1566200 924
1566210 924
1566220 924
1566230 922
1566240 922
1566250 918
1566260 913
1566270 913
1566280 910
1566290 908
1566300 908
1566310 906
1566320 904
1566330 904
1566340 902
1566350 900
1566360 898
1566370 898
1566380 896
1566390 894
1566400 894
1566410 891
1566420 885
1566430 885
1566440 885
1566450 888
1566460 888
1566470 890
1566480 893
1566490 893
1566500 895
1566510 899
1566520 899
1566530 899
1566540 899
1566550 899
1566560 899
1566570 899
1566580 899
1566590 899
1566600 899
1566610 899
1566620 899
1566630 899
1566640 899
1566650 899
1566660 898
1566670 898
1566680 898
1566690 897
1566700 897
1566710 897
1566720 897
1566730 896
1566740 896
1566750 895
1566760 895
1566770 895
1566780 894
1566790 893
1566800 893
1566810 892
1566820 892
1566830 891
1566840 891
1566850 890
1566860 889
1566870 889
1566880 888
1566890 886
1566900 886
1566910 884
1566920 882
1566930 882
1566940 881
1566950 880
1566960 880
1566970 878
1566980 874
1566990 874
1567000 872
1567010 869
1567020 869
1567030 868
1567040 866
1567050 864
1567060 864
1567070 862
1567080 861
1567090 861
1567100 860
1567110 859
1567120 859
1567130 858
1567140 857
1567150 857
1567160 856
1567170 855
1567180 855
1567190 855
1567200 855
1567210 855
1567220 855
1567230 855
1567240 855
1567250 855
1567260 855
1567270 855
1567280 855
1567290 856
1567300 856
1567310 856
1567320 856
1567330 856
1567340 856
1567350 856
1567360 856
1567370 856
1567380 856
1567390 856
1567400 856
1567410 856
1567420 855
1567430 855
1567440 855
1567450 855
1567460 855
1567470 855
1567480 855
1567490 855
1567500 855
1567510 855
1567520 855
1567530 855
1567540 855
1567550 855
1567560 855
1567570 854
1567580 854
1567590 854
1567600 854
1567610 854
1567620 854
1567630 854
1567640 854
1567650 854
1567660 854
1567670 854
1567680 854
1567690 854
1567700 854
1567710 853
1567720 853
1567730 853
1567740 853
1567750 853
1567760 853
1567770 853
1567780 853
1567790 852
1567800 852
1567810 852
1567820 852
1567830 852
1567840 852
1567850 851
1567860 852
1567870 852
1567880 851
1567890 851
1567900 851
1567910 850
1567920 850
1567930 850
1567940 850
1567950 850
1567960 850
1567970 850
1567980 850
1567990 849
1568000 849
1568010 849
1568020 849
1568030 849
1568040 849
1568050 849
1568060 849
1568070 849
1568080 850
1568090 850
1568100 850
1568110 849
1568120 849
1568130 849
1568140 848
1568150 848
1568160 848
1568170 848
1568180 849
1568190 849
1568200 848
1568210 848
1568220 848
1568230 847
1568240 848
1568250 848
1568260 848
1568270 848
1568280 848
1568290 848
1568300 848
1568310 848
1568320 848
1568330 847
1568340 847
1568350 847
1568360 847
1568370 847
1568380 847
1568390 847
1568400 847
1568410 847
1568420 847
1568430 847
1568440 847
1568450 847
1568460 847
1568470 847
1568480 847
1568490 847
1568500 847
1568510 847
1568520 846
1568530 846
1568540 846
1568550 846
1568560 846
1568570 846
1568580 846
1568590 846
1568600 846
1568610 846
1568620 846
1568630 846
1568640 845
1568650 845
1568660 845
1568670 845
1568680 845
1568690 845
1568700 845
1568710 845
1568720 845
1568730 845
1568740 845
1568750 845
1568760 845
1568770 845
1568780 845
1568790 845
1568800 845
1568810 845
1568820 845
1568830 845
1568840 844
1568850 844
1568860 844
1568870 843
1568880 843
1568890 844
1568900 844
1568910 844
1568920 844
1568930 844
1568940 844
1568950 844
1568960 843
1568970 843
1568980 843
1568990 843
1569000 843
1569010 843
1569020 843
1569030 843
1569040 843
1569050 842
1569060 842
1569070 842
1569080 842
1569090 842
1569100 842
1569110 842
1569120 841
1569130 841
1569140 841
1569150 841
1569160 841
1569170 838
1569180 838
1569190 838
1569200 835
1569210 833
1569220 833
1569230 832
1569240 832
1569250 831
1569260 831
1569270 829
1569280 829
1569290 829
1569300 830
1569310 830
1569320 830
1569330 829
1569340 831
1569350 831
1569360 834
1569370 834
1569380 834
1569390 834
1569400 833
1569410 833
1569420 833
1569430 833
1569440 833
1569450 833
1569460 833
1569470 833
1569480 833
1569490 833
1569500 833
1569510 833
1569520 832
1569530 832
1569540 832
1569550 832
1569560 831
1569570 831
1569580 830
1569590 829
1569600 829
1569610 829
1569620 828
1569630 828
1569640 827
1569650 826
1569660 826
1569670 826
1569680 826
1569690 826
1569700 826
1569710 825
1569720 825
1569730 825
1569740 825
1569750 825
1569760 825
1569770 825
1569780 824
1569790 824
1569800 824
1569810 824
1569820 824
1569830 824
1569840 823
1569850 823
1569860 822
1569870 819
1569880 819
1569890 819
1569900 819
1569910 819
1569920 819
1569930 819
1569940 822
1569950 822
1569960 826
1569970 832
1569980 832
1569990 836
1570000 836
1570010 836
1570020 836
1570030 836
1570040 836
1570050 835
1570060 835
1570070 835
1570080 835
1570090 835
1570100 835
1570110 835
1570120 835
1570130 835
1570140 833
1570150 828
1570160 823
1570170 823
1570180 818
1570190 818
1570200 818
1570210 818
1570220 819
1570230 819
1570240 818
1570250 818
1570260 818
1570270 819
1570280 820
1570290 820
1570300 821
1570310 823
1570320 823
1570330 824
1570340 825
1570350 825
1570360 825
1570370 826
1570380 826
1570390 826
1570400 827
1570410 829
1570420 829
1570430 834
1570440 836
1570450 836
1570460 836
1570470 836
1570480 836
1570490 836
1570500 836
1570510 836
1570520 836
1570530 836
1570540 836
1570550 835
1570560 835
1570570 835
1570580 835
1570590 835
1570600 835
1570610 835
1570620 835
1570630 835
1570640 835
1570650 835
1570660 834
1570670 834
1570680 834
1570690 834
1570700 834
1570710 834
1570720 835
1570730 835
1570740 835
1570750 834
1570760 834
1570770 834
1570780 833
1570790 833
1570800 833
1570810 832
1570820 832
1570830 832
1570840 832
1570850 832
1570860 832
1570870 832
1570880 833
1570890 833
1570900 833
1570910 833
1570920 833
1570930 832
1570940 833
1570950 833
1570960 833
1570970 833
1570980 833
1570990 832
1571000 832
1571010 832
1571020 832
1571030 832
1571040 832
1571050 832
1571060 832
1571070 832
1571080 832
1571090 832
1571100 831
1571110 831
1571120 831
1571130 831
1571140 831
1571150 831
1571160 831
1571170 831
1571180 831
1571190 831
1571200 831
1571210 831
1571220 831
1571230 831
1571240 831
1571250 831
1571260 830
1571270 830
1571280 830
1571290 830
1571300 830
1571310 830
1571320 830
1571330 830
1571340 830
1571350 830
1571360 830
1571370 830
1571380 830
1571390 830
1571400 830
1571410 830
1571420 830
1571430 830
1571440 830
1571450 830
1571460 830
1571470 830
1571480 830
1571490 830
1571500 830
1571510 830
1571520 830
1571530 830
1571540 830
1571550 830
1571560 830
1571570 830
1571580 830
1571590 829
1571600 829
1571610 829
1571620 830
1571630 830
1571640 830
1571650 830
1571660 830
1571670 830
1571680 830
1571690 829
1571700 829
1571710 829
1571720 829
1571730 829
1571740 829
1571750 829
1571760 830
1571770 830
1571780 830
1571790 831
1571800 831
1571810 830
1571820 830
1571830 830
1571840 830
1571850 830
1571860 830
1571870 831
1571880 832
1571890 832
1571900 832
1571910 833
1571920 834
1571930 834
1571940 835
1571950 836
1571960 836
1571970 837
1571980 838
1571990 838
1572000 838
1572010 839
1572020 839
1572030 839
1572040 840
1572050 840
1572060 840
1572070 840
1572080 840
1572090 841
1572100 841
1572110 841
1572120 842
1572130 841
1572140 841
1572150 841
1572160 840
1572170 840
1572180 840
1572190 839
1572200 836
1572210 836
1572220 834
1572230 830
1572240 830
1572250 830
1572260 833
1572270 833
1572280 836
1572290 836
1572300 836
1572310 835
1572320 835
1572330 835
1572340 834
1572350 834
1572360 834
1572370 834
1572380 834
1572390 835
1572400 835
1572410 835
1572420 835
1572430 835
1572440 834
1572450 835
1572460 835
1572470 835
1572480 835
1572490 835
1572500 836
1572510 837
1572520 837
1572530 838
1572540 840
1572550 840
1572560 843
1572570 846
1572580 847
1572590 847
1572600 848
1572610 850
1572620 850
1572630 853
1572640 855
1572650 855
1572660 857
1572670 858
1572680 858
1572690 861
1572700 863
1572710 863
1572720 865
1572730 866
1572740 866
1572750 866
1572760 866
1572770 866
1572780 867
1572790 867
1572800 867
1572810 867
1572820 867
1572830 866
1572840 866
1572850 865
1572860 863
1572870 863
1572880 857
1572890 855
1572900 855
1572910 857
1572920 859
1572930 858
1572940 860
1572950 862
1572960 862
1572970 864
1572980 866
1572990 866
1573000 868
1573010 870
1573020 870
1573030 872
1573040 875
1573050 877
1573060 877
1573070 879
1573080 881
1573090 881
1573100 883
1573110 885
1573120 885
1573130 885
1573140 889
1573150 889
1573160 892
1573170 894
1573180 894
1573190 895
1573200 896
1573210 896
1573220 898
1573230 901
1573240 901
1573250 904
1573260 907
1573270 909
1573280 909
1573290 909
1573300 909
1573310 909
1573320 908
1573330 909
1573340 909
1573350 911
1573360 916
1573370 916
1573380 918
1573390 921
1573400 921
1573410 924
1573420 927
1573430 927
1573440 931
1573450 934
1573460 934
1573470 935
1573480 935
1573490 936
1573500 936
1573510 938
1573520 942
1573530 942
1573540 946
1573550 950
1573560 950
1573570 953
1573580 955
1573590 955
1573600 957
1573610 958
1573620 958
1573630 959
1573640 961
1573650 961
1573660 965
1573670 967
1573680 967
1573690 968
1573700 971
1573710 973
1573720 973
1573730 975
1573740 974
1573750 974
1573760 974
1573770 973
1573780 973
1573790 968
1573800 967
1573810 967
1573820 964
1573830 962
1573840 962
1573850 960
1573860 962
1573870 962
1573880 964
1573890 968
1573900 968
1573910 972
1573920 976
1573930 980
1573940 980
1573950 982
1573960 985
1573970 985
1573980 987
1573990 988
1574000 988
1574010 989
1574020 990
1574030 990
1574040 993
1574050 998
1574060 998
1574070 1011
1574080 1016
1574090 1016
1574100 1017
1574110 1015
1574120 1015
1574130 1011
1574140 1007
1574150 1005
1574160 1005
1574170 1007
1574180 1014
1574190 1014
1574200 1020
1574210 1022
1574220 1022
1574230 1022
1574240 1022
1574250 1022
1574260 1021
1574270 1019
1574280 1019
1574290 1018
1574300 1018
1574310 1018
1574320 1017
1574330 1017
1574340 1017
1574350 1017
1574360 1013
1574370 1012
1574380 1012
1574390 1012
1574400 1013
1574410 1013
1574420 1011
1574430 1012
1574440 1012
1574450 1012
1574460 1012
1574470 1012
1574480 1012
1574490 1011
1574500 1011
1574510 1008
1574520 1005
1574530 1005
1574540 1003
1574550 1002
1574560 1002
1574570 1001
1574580 1001
1574590 1002
1574600 1002
1574610 1003
1574620 1005
1574630 1005
1574640 1007
1574650 1008
1574660 1008
1574670 1010
1574680 1009
1574690 1009
1574700 1012
1574710 1014
1574720 1014
1574730 1016
1574740 1018
1574750 1018
1574760 1019
1574770 1020
1574780 1020
1574790 1021
1574800 1022
1574810 1023
1574820 1023
1574830 1025
1574840 1027
1574850 1027
1574860 1029
1574870 1030
1574880 1030
1574890 1031
1574900 1031
1574910 1031
1574920 1033
1574930 1035
1574940 1035
1574950 1036
1574960 1038
1574970 1038
1574980 1039
1574990 1038
1575000 1038
1575010 1042
1575020 1049
1575030 1055
1575040 1055
1575050 1058
1575060 1062
1575070 1062
1575080 1065
1575090 1068
1575100 1068
1575110 1070
1575120 1074
1575130 1074
1575140 1079
1575150 1085
1575160 1085
1575170 1089
1575180 1090
1575190 1090
1575200 1094
1575210 1096
1575220 1096
1575230 1097
1575240 1097
1575250 1097
1575260 1097
1575270 1096
1575280 1095
1575290 1095
1575300 1092
1575310 1090
1575320 1090
1575330 1089
1575340 1088
1575350 1088
1575360 1089
1575370 1090
1575380 1090
1575390 1090
1575400 1091
1575410 1091
1575420 1093
1575430 1094
1575440 1094
1575450 1095
1575460 1096
1575470 1098
1575480 1098
1575490 1101
1575500 1102
1575510 1102
1575520 1102
1575530 1102
1575540 1102
1575550 1102
1575560 1102
1575570 1102
1575580 1103
1575590 1103
1575600 1103
1575610 1103
1575620 1103
1575630 1103
1575640 1104
1575650 1105
1575660 1105
1575670 1106
1575680 1107
1575690 1107
1575700 1107
1575710 1108
1575720 1106
1575730 1106
1575740 1103
1575750 1102
1575760 1102
1575770 1101
1575780 1099
1575790 1099
1575800 1098
1575810 1095
1575820 1095
1575830 1092
1575840 1090
1575850 1090
1575860 1090
1575870 1091
1575880 1091
1575890 1087
1575900 1082
1575910 1082
1575920 1076
1575930 1071
1575940 1066
1575950 1066
1575960 1063
1575970 1060
1575980 1060
1575990 1057
1576000 1055
1576010 1055
1576020 1053
1576030 1051
1576040 1051
1576050 1049
1576060 1048
1576070 1048
1576080 1046
1576090 1044
1576100 1044
1576110 1043
1576120 1043
1576130 1043
1576140 1043
1576150 1042
1576160 1041
1576170 1041
1576180 1041
1576190 1040
1576200 1040
1576210 1038
1576220 1038
1576230 1038
1576240 1037
1576250 1037
1576260 1037
1576270 1037
1576280 1035
1576290 1035
1576300 1033
1576310 1030
1576320 1030
1576330 1027
1576340 1024
1576350 1024
1576360 1023
1576370 1022
1576380 1020
1576390 1020
1576400 1019
1576410 1019
1576420 1019
1576430 1018
1576440 1018
1576450 1018
1576460 1018
1576470 1019
1576480 1019
1576490 1021
1576500 1024
1576510 1024
1576520 1025
1576530 1026
1576540 1026
1576550 1025
1576560 1025
1576570 1025
1576580 1024
1576590 1024
1576600 1023
1576610 1023
1576620 1023
1576630 1023
1576640 1023
1576650 1023
1576660 1023
1576670 1023
1576680 1021
1576690 1019
1576700 1019
1576710 1017
1576720 1015
1576730 1015
1576740 1013
1576750 1012
1576760 1012
1576770 1012
1576780 1012
1576790 1012
1576800 1012
1576810 1011
1576820 1011
1576830 1011
1576840 1010
1576850 1009
1576860 1009
1576870 1008
1576880 1007
1576890 1007
1576900 1003
1576910 996
1576920 996
1576930 990
1576940 987
1576950 987
1576960 985
1576970 984
1576980 984
1576990 983
1577000 982
1577010 982
1577020 980
1577030 979
1577040 977
1577050 977
1577060 976
1577070 974
1577080 974
1577090 973
1577100 970
1577110 970
1577120 968
1577130 965
1577140 962
1577150 960
1577160 958
1577170 958
1577180 954
1577190 952
1577200 952
1577210 951
1577220 951
1577230 951
1577240 949
1577250 948
1577260 947
1577270 947
1577280 947
1577290 947
1577300 947
1577310 948
1577320 948
1577330 948
1577340 948
1577350 948
1577360 948
1577370 947
1577380 946
1577390 946
1577400 945
1577410 944
1577420 944
1577430 946
1577440 945
1577450 945
1577460 943
1577470 943
1577480 943
1577490 943
1577500 942
1577510 941
1577520 941
1577530 939
1577540 938
1577550 938
1577560 933
1577570 925
1577580 925
1577590 918
1577600 914
1577610 914
1577620 916
1577630 919
1577640 919
1577650 922
1577660 928
1577670 928
1577680 933
1577690 936
1577700 938
1577710 938
1577720 939
1577730 940
1577740 940
1577750 940
1577760 941
1577770 941
1577780 941
1577790 941
1577800 941
1577810 940
1577820 940
1577830 940
1577840 939
1577850 939
1577860 939
1577870 941
1577880 941
1577890 941
1577900 941
1577910 941
1577920 942
1577930 942
1577940 943
1577950 943
1577960 943
1577970 944
1577980 945
1577990 945
1578000 946
1578010 947
1578020 947
1578030 948
1578040 949
1578050 949
1578060 950
1578070 952
1578080 952
1578090 954
1578100 956
1578110 956
1578120 958
1578130 959
1578140 960
1578150 960
1578160 961
1578170 962
1578180 962
1578190 964
1578200 966
1578210 966
1578220 967
1578230 968
1578240 968
1578250 969
1578260 969
1578270 969
1578280 969
1578290 969
1578300 969
1578310 969
1578320 968
1578330 968
1578340 968
1578350 967
1578360 966
1578370 966
1578380 966
1578390 965
1578400 965
1578410 965
1578420 965
1578430 965
1578440 965
1578450 965
1578460 965
1578470 966
1578480 966
1578490 966
1578500 963
1578510 962
1578520 962
1578530 962
1578540 962
1578550 962
1578560 962
1578570 963
1578580 964
1578590 964
1578600 964
1578610 965
1578620 965
1578630 965
1578640 965
1578650 965
1578660 965
1578670 965
1578680 965
1578690 964
1578700 964
1578710 964
1578720 965
1578730 965
1578740 965
1578750 966
1578760 966
1578770 966
1578780 967
1578790 968
1578800 968
1578810 968
1578820 969
1578830 970
1578840 970
1578850 971
1578860 972
1578870 972
1578880 972
1578890 973
1578900 973
1578910 974
1578920 974
1578930 974
1578940 974
1578950 974
1578960 974
1578970 973
1578980 972
1578990 972
1579000 972
1579010 971
1579020 971
1579030 970
1579040 969
1579050 969
1579060 969
1579070 970
1579080 970
1579090 970
1579100 970
1579110 971
1579120 971
1579130 971
1579140 972
1579150 972
1579160 972
1579170 971
1579180 971
1579190 971
1579200 970
1579210 970
1579220 969
1579230 967
1579240 967
1579250 966
1579260 965
1579270 964
1579280 964
1579290 962
1579300 960
1579310 960
1579320 959
1579330 958
1579340 958
1579350 956
1579360 955
1579370 955
1579380 953
1579390 951
1579400 951
1579410 949
1579420 946
1579430 946
1579440 944
1579450 942
1579460 942
1579470 941
1579480 940
1579490 940
1579500 940
1579510 939
1579520 938
1579530 938
1579540 938
1579550 938
1579560 938
1579570 938
1579580 938
1579590 938
1579600 939
1579610 939
1579620 939
1579630 939
1579640 940
1579650 940
1579660 940
1579670 941
1579680 941
1579690 941
1579700 941
1579710 941
1579720 941
1579730 941
1579740 941
1579750 941
1579760 941
1579770 941
1579780 941
1579790 940
1579800 939
1579810 939
1579820 939
1579830 938
1579840 936
1579850 935
1579860 933
1579870 933
1579880 932
1579890 931
1579900 931
1579910 930
1579920 929
1579930 928
1579940 928
1579950 927
1579960 925
1579970 925
1579980 918
1579990 910
