1560000 1738
1560010 1738
1560020 1738
1560030 1738
1560040 1736
1560050 1735
1560060 1733
1560070 1733
1560080 1731
1560090 1726
1560100 1726
1560110 1722
1560120 1717
1560130 1717
1560140 1708
1560150 1702
1560160 1702
1560170 1698
1560180 1693
1560190 1693
1560200 1688
1560210 1683
1560220 1683
1560230 1678
1560240 1672
1560250 1672
1560260 1668
1560270 1664
1560280 1664
1560290 1659
1560300 1656
1560310 1652
1560320 1652
1560330 1647
1560340 1643
1560350 1643
1560360 1641
1560370 1639
1560380 1639
1560390 1637
1560400 1635
1560410 1635
1560420 1633
1560430 1632
1560440 1632
1560450 1627
1560460 1620
1560470 1620
1560480 1614
1560490 1608
1560500 1608
1560510 1602
1560520 1597
1560530 1594
1560540 1594
1560550 1593
1560560 1592
1560570 1592
1560580 1591
1560590 1589
1560600 1589
1560610 1586
1560620 1585
1560630 1585
1560640 1583
1560650 1582
1560660 1582
1560670 1581
1560680 1578
1560690 1578
1560700 1576
1560710 1575
1560720 1575
1560730 1575
1560740 1573
1560750 1572
1560760 1572
1560770 1570
1560780 1569
1560790 1569
1560800 1567
1560810 1564
1560820 1564
1560830 1561
1560840 1559
1560850 1559
1560860 1557
1560870 1555
1560880 1555
1560890 1552
1560900 1549
1560910 1549
1560920 1547
1560930 1546
1560940 1546
1560950 1545
1560960 1542
1560970 1542
1560980 1539
1560990 1536
1561000 1531
1561010 1531
1561020 1526
1561030 1523
1561040 1523
1561050 1520
1561060 1519
1561070 1519
1561080 1518
1561090 1515
1561100 1515
1561110 1511
1561120 1509
1561130 1509
1561140 1507
1561150 1505
1561160 1505
1561170 1503
1561180 1501
1561190 1501
1561200 1498
1561210 1493
1561220 1488
1561230 1488
1561240 1486
1561250 1484
1561260 1484
1561270 1482
1561280 1479
1561290 1479
1561300 1477
1561310 1474
1561320 1474
1561330 1471
1561340 1469
1561350 1469
1561360 1467
1561370 1465
1561380 1465
1561390 1464
1561400 1463
1561410 1463
1561420 1462
1561430 1460
1561440 1460
1561450 1457
1561460 1456
1561470 1455
1561480 1455
1561490 1453
1561500 1451
1561510 1451
1561520 1447
1561530 1445
1561540 1445
1561550 1444
1561560 1443
1561570 1443
1561580 1442
1561590 1441
1561600 1441
1561610 1438
1561620 1435
1561630 1435
1561640 1432
1561650 1429
1561660 1429
1561670 1428
1561680 1427
1561690 1425
1561700 1425
1561710 1424
1561720 1421
1561730 1421
1561740 1417
1561750 1415
1561760 1415
1561770 1412
1561780 1410
1561790 1410
1561800 1407
1561810 1406
1561820 1406
1561830 1403
1561840 1400
1561850 1400
1561860 1396
1561870 1393
1561880 1393
1561890 1390
1561900 1387
1561910 1385
1561920 1385
1561930 1384
1561940 1382
1561950 1382
1561960 1381
1561970 1379
1561980 1379
1561990 1378
1562000 1376
1562010 1376
1562020 1374
1562030 1372
1562040 1372
1562050 1368
1562060 1363
1562070 1363
1562080 1359
1562090 1356
1562100 1356
1562110 1353
1562120 1352
1562130 1352
1562140 1350
1562150 1348
1562160 1345
1562170 1345
1562180 1341
1562190 1338
1562200 1338
1562210 1335
1562220 1332
1562230 1332
1562240 1329
1562250 1327
1562260 1327
1562270 1325
1562280 1323
1562290 1323
1562300 1321
1562310 1318
1562320 1318
1562330 1314
1562340 1310
1562350 1310
1562360 1305
1562370 1301
1562380 1299
1562390 1299
1562400 1297
1562410 1295
1562420 1295
1562430 1293
1562440 1291
1562450 1291
1562460 1288
1562470 1284
1562480 1284
1562490 1280
1562500 1276
1562510 1276
1562520 1273
1562530 1270
1562540 1270
1562550 1267
1562560 1265
1562570 1265
1562580 1263
1562590 1262
1562600 1260
1562610 1260
1562620 1257
1562630 1256
1562640 1256
1562650 1255
1562660 1253
1562670 1253
1562680 1250
1562690 1248
1562700 1248
1562710 1247
1562720 1245
1562730 1245
1562740 1243
1562750 1241
1562760 1241
1562770 1240
1562780 1238
1562790 1238
1562800 1238
1562810 1237
1562820 1237
1562830 1236
1562840 1235
1562850 1235
1562860 1235
1562870 1234
1562880 1234
1562890 1234
1562900 1234
1562910 1234
1562920 1234
1562930 1234
1562940 1233
1562950 1233
1562960 1233
1562970 1234
1562980 1234
1562990 1234
1563000 1234
1563010 1234
1563020 1234
1563030 1234
1563040 1234
1563050 1233
1563060 1233
1563070 1233
1563080 1233
1563090 1234
1563100 1234
1563110 1234
1563120 1234
1563130 1234
1563140 1234
1563150 1235
1563160 1235
1563170 1235
1563180 1235
1563190 1235
1563200 1235
1563210 1234
1563220 1233
1563230 1233
1563240 1233
1563250 1233
1563260 1233
1563270 1233
1563280 1233
1563290 1233
1563300 1234
1563310 1235
1563320 1235
1563330 1233
1563340 1233
1563350 1235
1563360 1235
1563370 1236
1563380 1236
1563390 1236
1563400 1236
1563410 1237
1563420 1237
1563430 1237
1563440 1238
1563450 1238
1563460 1239
1563470 1239
1563480 1239
1563490 1240
1563500 1240
1563510 1240
1563520 1241
1563530 1241
1563540 1241
1563550 1241
1563560 1242
1563570 1242
1563580 1242
1563590 1242
1563600 1243
1563610 1243
1563620 1244
1563630 1245
1563640 1245
1563650 1245
1563660 1246
1563670 1246
1563680 1247
1563690 1247
1563700 1247
1563710 1247
1563720 1249
1563730 1249
1563740 1249
1563750 1250
1563760 1252
1563770 1252
1563780 1253
1563790 1255
1563800 1255
1563810 1256
1563820 1258
1563830 1258
1563840 1259
1563850 1261
1563860 1261
1563870 1263
1563880 1265
1563890 1265
1563900 1266
1563910 1268
1563920 1268
1563930 1269
1563940 1271
1563950 1271
1563960 1272
1563970 1273
1563980 1273
1563990 1274
1564000 1276
1564010 1277
1564020 1277
1564030 1278
1564040 1279
1564050 1279
1564060 1279
1564070 1280
1564080 1280
1564090 1279
1564100 1279
1564110 1279
1564120 1280
1564130 1279
1564140 1279
1564150 1279
1564160 1278
1564170 1278
1564180 1278
1564190 1278
1564200 1278
1564210 1278
1564220 1278
1564230 1279
1564240 1279
1564250 1279
1564260 1279
1564270 1279
1564280 1279
1564290 1279
1564300 1279
1564310 1279
1564320 1279
1564330 1279
1564340 1280
1564350 1280
1564360 1280
1564370 1279
1564380 1279
1564390 1279
1564400 1279
1564410 1278
1564420 1278
1564430 1278
1564440 1278
1564450 1277
1564460 1277
1564470 1277
1564480 1277
1564490 1277
1564500 1277
1564510 1277
1564520 1277
1564530 1276
1564540 1276
1564550 1276
1564560 1275
1564570 1275
1564580 1275
1564590 1274
1564600 1273
1564610 1273
1564620 1272
1564630 1272
1564640 1272
1564650 1272
1564660 1272
1564670 1272
1564680 1271
1564690 1271
1564700 1270
1564710 1270
1564720 1269
1564730 1268
1564740 1268
1564750 1267
1564760 1267
1564770 1267
1564780 1266
1564790 1267
1564800 1267
1564810 1267
1564820 1267
1564830 1267
1564840 1267
1564850 1267
1564860 1267
1564870 1266
1564880 1265
1564890 1265
1564900 1266
1564910 1266
1564920 1266
1564930 1263
1564940 1263
1564950 1264
1564960 1264
1564970 1264
1564980 1264
1564990 1264
1565000 1263
1565010 1260
1565020 1260
1565030 1258
1565040 1256
1565050 1256
1565060 1258
1565070 1259
1565080 1259
1565090 1260
1565100 1260
1565110 1260
1565120 1261
1565130 1261
1565140 1261
1565150 1261
1565160 1262
1565170 1261
1565180 1261
1565190 1261
1565200 1261
1565210 1261
1565220 1262
1565230 1262
1565240 1262
1565250 1262
1565260 1262
1565270 1262
1565280 1263
1565290 1264
1565300 1264
1565310 1264
1565320 1264
1565330 1264
1565340 1263
1565350 1262
1565360 1262
1565370 1261
1565380 1260
1565390 1258
1565400 1258
1565410 1258
1565420 1257
1565430 1257
1565440 1255
1565450 1254
1565460 1254
1565470 1253
1565480 1251
1565490 1251
1565500 1250
1565510 1248
1565520 1248
1565530 1247
1565540 1246
1565550 1246
1565560 1246
1565570 1245
1565580 1245
1565590 1245
1565600 1245
1565610 1246
1565620 1246
1565630 1247
1565640 1249
1565650 1249
1565660 1249
1565670 1247
1565680 1247
1565690 1246
1565700 1247
1565710 1247
1565720 1247
1565730 1246
1565740 1246
1565750 1245
1565760 1245
1565770 1245
1565780 1244
1565790 1244
1565800 1244
1565810 1244
1565820 1244
1565830 1244
1565840 1243
1565850 1241
1565860 1240
1565870 1240
1565880 1240
1565890 1239
1565900 1239
1565910 1239
1565920 1237
1565930 1237
1565940 1236
1565950 1234
1565960 1234
1565970 1232
1565980 1230
1565990 1230
1566000 1228
1566010 1226
1566020 1226
1566030 1225
1566040 1223
1566050 1223
1566060 1222
1566070 1221
1566080 1219
1566090 1219
1566100 1218
1566110 1217
1566120 1217
1566130 1216
1566140 1216
1566150 1216
1566160 1215
1566170 1214
1566180 1214
1566190 1214
1566200 1214
1566210 1214
1566220 1213
1566230 1213
1566240 1213
1566250 1212
1566260 1210
1566270 1210
1566280 1207
1566290 1206
1566300 1203
1566310 1203
1566320 1201
1566330 1201
1566340 1201
1566350 1201
1566360 1200
1566370 1200
1566380 1198
1566390 1196
1566400 1196
1566410 1198
1566420 1203
1566430 1203
1566440 1208
1566450 1213
1566460 1213
1566470 1217
1566480 1218
1566490 1213
1566500 1213
1566510 1213
1566520 1213
1566530 1213
1566540 1212
1566550 1211
1566560 1211
1566570 1210
1566580 1210
1566590 1210
1566600 1210
1566610 1210
1566620 1210
1566630 1211
1566640 1213
1566650 1213
1566660 1214
1566670 1213
1566680 1213
1566690 1213
1566700 1211
1566710 1211
1566720 1209
1566730 1207
1566740 1207
1566750 1204
1566760 1202
1566770 1202
1566780 1202
1566790 1203
1566800 1202
1566810 1202
1566820 1201
1566830 1201
1566840 1201
1566850 1201
1566860 1198
1566870 1198
1566880 1195
1566890 1195
1566900 1195
1566910 1193
1566920 1189
1566930 1189
1566940 1187
1566950 1186
1566960 1186
1566970 1185
1566980 1185
1566990 1185
1567000 1184
1567010 1182
1567020 1183
1567030 1183
1567040 1185
1567050 1186
1567060 1186
1567070 1186
1567080 1186
1567090 1186
1567100 1186
1567110 1187
1567120 1187
1567130 1187
1567140 1187
1567150 1187
1567160 1186
1567170 1184
1567180 1184
1567190 1180
1567200 1178
1567210 1178
1567220 1177
1567230 1177
1567240 1176
1567250 1176
1567260 1174
1567270 1170
1567280 1170
1567290 1165
1567300 1163
1567310 1163
1567320 1163
1567330 1162
1567340 1162
1567350 1160
1567360 1158
1567370 1158
1567380 1156
1567390 1153
1567400 1153
1567410 1148
1567420 1144
1567430 1144
1567440 1143
1567450 1147
1567460 1150
1567470 1150
1567480 1150
1567490 1150
1567500 1150
1567510 1150
1567520 1149
1567530 1149
1567540 1145
1567550 1145
1567560 1145
1567570 1147
1567580 1149
1567590 1149
1567600 1152
1567610 1153
1567620 1153
1567630 1154
1567640 1155
1567650 1155
1567660 1154
1567670 1153
1567680 1153
1567690 1152
1567700 1150
1567710 1148
1567720 1148
1567730 1146
1567740 1144
1567750 1144
1567760 1140
1567770 1137
1567780 1137
1567790 1134
1567800 1130
1567810 1130
1567820 1129
1567830 1126
1567840 1126
1567850 1123
1567860 1121
1567870 1121
1567880 1119
1567890 1116
1567900 1116
1567910 1115
1567920 1115
1567930 1115
1567940 1115
1567950 1113
1567960 1111
1567970 1111
1567980 1108
1567990 1105
1568000 1105
1568010 1102
1568020 1099
1568030 1096
1568040 1092
1568050 1090
1568060 1090
1568070 1089
1568080 1088
1568090 1088
1568100 1086
1568110 1085
1568120 1085
1568130 1083
1568140 1080
1568150 1080
1568160 1076
1568170 1071
1568180 1063
1568190 1063
1568200 1055
1568210 1048
1568220 1048
1568230 1047
1568240 1052
1568250 1052
1568260 1059
1568270 1068
1568280 1068
1568290 1077
1568300 1083
1568310 1083
1568320 1085
1568330 1086
1568340 1086
1568350 1087
1568360 1089
1568370 1089
1568380 1089
1568390 1089
1568400 1088
1568410 1088
1568420 1088
1568430 1088
1568440 1088
1568450 1086
1568460 1083
1568470 1083
1568480 1080
1568490 1077
1568500 1077
1568510 1075
1568520 1073
1568530 1073
1568540 1071
1568550 1070
1568560 1070
1568570 1068
1568580 1067
1568590 1067
1568600 1066
1568610 1064
1568620 1063
1568630 1063
1568640 1062
1568650 1061
1568660 1061
1568670 1058
1568680 1056
1568690 1056
1568700 1054
1568710 1052
1568720 1052
1568730 1049
1568740 1047
1568750 1047
1568760 1043
1568770 1040
1568780 1040
1568790 1037
1568800 1032
1568810 1032
1568820 1027
1568830 1022
1568840 1022
1568850 1019
1568860 1017
1568870 1017
1568880 1017
1568890 1013
1568900 1008
1568910 1008
1568920 1002
1568930 996
1568940 996
1568950 991
1568960 986
1568970 986
1568980 984
1568990 983
1569000 983
1569010 984
1569020 985
1569030 985
1569040 984
1569050 981
1569060 981
1569070 980
1569080 979
1569090 977
1569100 977
1569110 976
1569120 975
1569130 975
1569140 975
1569150 975
1569160 975
1569170 979
1569180 980
1569190 980
1569200 981
1569210 981
1569220 981
1569230 981
1569240 981
1569250 981
1569260 979
1569270 977
1569280 977
1569290 976
1569300 976
1569310 976
1569320 976
1569330 975
1569340 975
1569350 975
1569360 975
1569370 975
1569380 975
1569390 974
1569400 972
1569410 972
1569420 970
1569430 969
1569440 969
1569450 967
1569460 965
1569470 965
1569480 962
1569490 959
1569500 959
1569510 955
1569520 950
1569530 950
1569540 944
1569550 942
1569560 940
1569570 940
1569580 941
1569590 941
1569600 941
1569610 941
1569620 942
1569630 942
1569640 943
1569650 944
1569660 944
1569670 945
1569680 945
1569690 945
1569700 947
1569710 950
1569720 950
1569730 950
1569740 950
1569750 950
1569760 948
1569770 947
1569780 945
1569790 945
1569800 945
1569810 946
1569820 946
1569830 948
1569840 947
1569850 947
1569860 947
1569870 945
1569880 945
1569890 943
1569900 940
1569910 940
1569920 939
1569930 937
1569940 937
1569950 935
1569960 933
1569970 933
1569980 931
1569990 930
1570000 930
1570010 928
1570020 926
1570030 924
1570040 924
1570050 923
1570060 924
1570070 924
1570080 924
1570090 924
1570100 924
1570110 923
1570120 922
1570130 922
1570140 921
1570150 921
1570160 921
1570170 920
1570180 920
1570190 920
1570200 919
1570210 918
1570220 918
1570230 917
1570240 916
1570250 915
1570260 915
1570270 915
1570280 915
1570290 915
1570300 914
1570310 913
1570320 913
1570330 912
1570340 911
1570350 911
1570360 910
1570370 909
1570380 909
1570390 908
1570400 907
1570410 907
1570420 906
1570430 905
1570440 905
1570450 904
1570460 904
1570470 903
1570480 903
1570490 902
1570500 901
1570510 901
1570520 901
1570530 899
1570540 899
1570550 899
1570560 898
1570570 898
1570580 898
1570590 897
1570600 897
1570610 896
1570620 895
1570630 895
1570640 895
1570650 894
1570660 894
1570670 891
1570680 888
1570690 888
1570700 887
1570710 887
1570720 886
1570730 886
1570740 886
1570750 886
1570760 886
1570770 886
1570780 886
1570790 886
1570800 886
1570810 886
1570820 886
1570830 886
1570840 886
1570850 886
1570860 886
1570870 885
1570880 885
1570890 885
1570900 885
1570910 885
1570920 885
1570930 885
1570940 885
1570950 885
1570960 885
1570970 885
1570980 885
1570990 885
1571000 885
1571010 885
1571020 885
1571030 885
1571040 885
1571050 885
1571060 885
1571070 885
1571080 885
1571090 884
1571100 884
1571110 885
1571120 885
1571130 885
1571140 884
1571150 884
1571160 884
1571170 885
1571180 884
1571190 884
1571200 884
1571210 885
1571220 885
1571230 885
1571240 884
1571250 884
1571260 884
1571270 884
1571280 884
1571290 884
1571300 884
1571310 884
1571320 884
1571330 884
1571340 884
1571350 884
1571360 884
1571370 884
1571380 884
1571390 884
1571400 884
1571410 883
1571420 883
1571430 883
1571440 883
1571450 883
1571460 883
1571470 883
1571480 883
1571490 883
1571500 883
1571510 883
1571520 883
1571530 883
1571540 883
1571550 883
1571560 883
1571570 883
1571580 883
1571590 884
1571600 884
1571610 886
1571620 890
1571630 893
1571640 893
1571650 896
1571660 898
1571670 898
1571680 900
1571690 902
1571700 902
1571710 904
1571720 906
1571730 906
1571740 908
1571750 911
1571760 911
1571770 913
1571780 917
1571790 917
1571800 921
1571810 925
1571820 925
1571830 928
1571840 931
1571850 931
1571860 933
1571870 936
1571880 941
1571890 941
1571900 946
1571910 952
1571920 952
1571930 958
1571940 960
1571950 960
1571960 962
1571970 966
1571980 966
1571990 969
1572000 972
1572010 972
1572020 976
1572030 980
1572040 980
1572050 984
1572060 988
1572070 988
1572080 992
1572090 995
1572100 998
1572110 998
1572120 1002
1572130 1005
1572140 1005
1572150 1007
1572160 1010
1572170 1010
1572180 1015
1572190 1019
1572200 1019
1572210 1021
1572220 1024
1572230 1024
1572240 1027
1572250 1030
1572260 1030
1572270 1034
1572280 1037
1572290 1037
1572300 1041
1572310 1044
1572320 1047
1572330 1047
1572340 1051
1572350 1055
1572360 1055
1572370 1058
1572380 1061
1572390 1061
1572400 1063
1572410 1066
1572420 1066
1572430 1068
1572440 1070
1572450 1070
1572460 1072
1572470 1074
1572480 1074
1572490 1079
1572500 1081
1572510 1081
1572520 1083
1572530 1085
1572540 1085
1572550 1087
1572560 1089
1572570 1091
1572580 1091
1572590 1093
1572600 1094
1572610 1094
1572620 1095
1572630 1096
1572640 1096
1572650 1096
1572660 1098
1572670 1098
1572680 1099
1572690 1099
1572700 1099
1572710 1101
1572720 1101
1572730 1101
1572740 1102
1572750 1102
1572760 1102
1572770 1101
1572780 1101
1572790 1101
1572800 1101
1572810 1101
1572820 1100
1572830 1100
1572840 1099
1572850 1099
1572860 1099
1572870 1098
1572880 1097
1572890 1097
1572900 1096
1572910 1095
1572920 1095
1572930 1093
1572940 1091
1572950 1091
1572960 1089
1572970 1087
1572980 1087
1572990 1085
1573000 1082
1573010 1082
1573020 1081
1573030 1080
1573040 1079
1573050 1079
1573060 1077
1573070 1076
1573080 1076
1573090 1075
1573100 1074
1573110 1074
1573120 1072
1573130 1071
1573140 1071
1573150 1070
1573160 1067
1573170 1067
1573180 1058
1573190 1052
1573200 1052
1573210 1048
1573220 1043
1573230 1043
1573240 1040
1573250 1038
1573260 1037
1573270 1037
1573280 1036
1573290 1034
1573300 1034
1573310 1033
1573320 1032
1573330 1032
1573340 1031
1573350 1028
1573360 1028
1573370 1023
1573380 1019
1573390 1019
1573400 1015
1573410 1013
1573420 1013
1573430 1007
1573440 1001
1573450 1001
1573460 993
1573470 984
1573480 979
1573490 979
1573500 976
1573510 975
1573520 975
1573530 979
1573540 987
1573550 987
1573560 994
1573570 1002
1573580 1002
1573590 1009
1573600 1017
1573610 1017
1573620 1024
1573630 1029
1573640 1029
1573650 1035
1573660 1039
1573670 1039
1573680 1044
1573690 1047
1573700 1047
1573710 1050
1573720 1055
1573730 1059
1573740 1059
1573750 1063
1573760 1068
1573770 1068
1573780 1073
1573790 1078
1573800 1078
1573810 1082
1573820 1084
1573830 1084
1573840 1086
1573850 1089
1573860 1089
1573870 1092
1573880 1095
1573890 1095
1573900 1099
1573910 1103
1573920 1097
1573930 1100
1573940 1104
1573950 1107
1573960 1107
1573970 1110
1573980 1112
1573990 1112
1574000 1113
1574010 1112
1574020 1112
1574030 1112
1574040 1113
1574050 1113
1574060 1112
1574070 1112
1574080 1112
1574090 1113
1574100 1113
1574110 1113
1574120 1112
1574130 1111
1574140 1111
1574150 1111
1574160 1112
1574170 1112
1574180 1113
1574190 1114
1574200 1115
1574210 1115
1574220 1115
1574230 1115
1574240 1115
1574250 1115
1574260 1114
1574270 1114
1574280 1113
1574290 1111
1574300 1111
1574310 1110
1574320 1107
1574330 1107
1574340 1103
1574350 1103
1574360 1103
1574370 1109
1574380 1116
1574390 1116
1574400 1118
1574410 1124
1574420 1128
1574430 1128
1574440 1132
1574450 1136
1574460 1136
1574470 1140
1574480 1144
1574490 1144
1574500 1149
1574510 1154
1574520 1154
1574530 1159
1574540 1165
1574550 1165
1574560 1168
1574570 1170
1574580 1170
1574590 1172
1574600 1174
1574610 1174
1574620 1176
1574630 1178
1574640 1180
1574650 1180
1574660 1181
1574670 1182
1574680 1182
1574690 1184
1574700 1189
1574710 1189
1574720 1194
1574730 1195
1574740 1195
1574750 1197
1574760 1199
1574770 1199
1574780 1200
1574790 1201
1574800 1201
1574810 1202
1574820 1204
1574830 1204
1574840 1206
1574850 1209
1574860 1209
1574870 1212
1574880 1214
1574890 1217
1574900 1217
1574910 1220
1574920 1223
1574930 1223
1574940 1225
1574950 1226
1574960 1226
1574970 1225
1574980 1224
1574990 1224
1575000 1223
1575010 1223
1575020 1223
1575030 1221
1575040 1225
1575050 1225
1575060 1233
1575070 1241
1575080 1241
1575090 1248
1575100 1253
1575110 1254
1575120 1254
1575130 1254
1575140 1255
1575150 1255
1575160 1256
1575170 1257
1575180 1257
1575190 1258
1575200 1259
1575210 1259
1575220 1260
1575230 1258
1575240 1258
1575250 1258
1575260 1259
1575270 1259
1575280 1261
1575290 1263
1575300 1263
1575310 1265
1575320 1266
1575330 1267
1575340 1267
1575350 1269
1575360 1272
1575370 1272
1575380 1277
1575390 1281
1575400 1281
1575410 1282
1575420 1282
1575430 1282
1575440 1283
1575450 1283
1575460 1283
1575470 1284
1575480 1284
1575490 1284
1575500 1286
1575510 1291
1575520 1291
1575530 1295
1575540 1297
1575550 1297
1575560 1299
1575570 1304
1575580 1307
1575590 1307
1575600 1310
1575610 1313
1575620 1313
1575630 1315
1575640 1316
1575650 1316
1575660 1316
1575670 1315
1575680 1315
1575690 1316
1575700 1317
1575710 1317
1575720 1320
1575730 1323
1575740 1323
1575750 1325
1575760 1330
1575770 1330
1575780 1334
1575790 1338
1575800 1342
1575810 1342
1575820 1346
1575830 1349
1575840 1349
1575850 1353
1575860 1357
1575870 1357
1575880 1360
1575890 1363
1575900 1363
1575910 1367
1575920 1370
1575930 1370
1575940 1370
1575950 1371
1575960 1371
1575970 1373
1575980 1375
1575990 1375
1576000 1376
1576010 1374
1576020 1374
1576030 1374
1576040 1374
1576050 1375
1576060 1375
1576070 1377
1576080 1376
1576090 1376
1576100 1372
1576110 1367
1576120 1367
1576130 1364
1576140 1363
1576150 1363
1576160 1363
1576170 1363
1576180 1363
1576190 1364
1576200 1364
1576210 1364
1576220 1365
1576230 1365
1576240 1365
1576250 1366
1576260 1366
1576270 1367
1576280 1367
1576290 1368
1576300 1369
1576310 1369
1576320 1370
1576330 1372
1576340 1372
1576350 1375
1576360 1378
1576370 1378
1576380 1382
1576390 1386
1576400 1386
1576410 1389
1576420 1393
1576430 1393
1576440 1396
1576450 1399
1576460 1399
1576470 1403
1576480 1408
1576490 1413
1576500 1413
1576510 1417
1576520 1421
1576530 1421
1576540 1424
1576550 1428
1576560 1428
1576570 1432
1576580 1432
1576590 1432
1576600 1432
1576610 1432
1576620 1432
1576630 1433
1576640 1434
1576650 1434
1576660 1438
1576670 1440
1576680 1440
1576690 1444
1576700 1448
1576710 1448
1576720 1448
1576730 1451
1576740 1454
1576750 1454
1576760 1456
1576770 1459
1576780 1459
1576790 1460
1576800 1461
1576810 1461
1576820 1462
1576830 1464
1576840 1464
1576850 1464
1576860 1466
1576870 1466
1576880 1467
1576890 1468
1576900 1468
1576910 1469
1576920 1470
1576930 1470
1576940 1471
1576950 1471
1576960 1472
1576970 1472
1576980 1473
1576990 1472
1577000 1472
1577010 1472
1577020 1471
1577030 1471
1577040 1470
1577050 1470
1577060 1470
1577070 1470
1577080 1470
1577090 1470
1577100 1469
1577110 1467
1577120 1467
1577130 1467
1577140 1467
1577150 1467
1577160 1468
1577170 1469
1577180 1472
1577190 1472
1577200 1474
1577210 1475
1577220 1475
1577230 1476
1577240 1477
1577250 1477
1577260 1477
1577270 1476
1577280 1476
1577290 1475
1577300 1473
1577310 1473
1577320 1472
1577330 1470
1577340 1470
1577350 1469
1577360 1467
1577370 1467
1577380 1467
1577390 1467
1577400 1467
1577410 1467
1577420 1468
1577430 1468
1577440 1468
1577450 1468
1577460 1470
1577470 1470
1577480 1471
1577490 1472
1577500 1472
1577510 1473
1577520 1473
1577530 1473
1577540 1473
1577550 1473
1577560 1473
1577570 1472
1577580 1471
1577590 1471
1577600 1470
1577610 1469
1577620 1469
1577630 1468
1577640 1467
1577650 1467
1577660 1467
1577670 1467
1577680 1468
1577690 1468
1577700 1468
1577710 1469
1577720 1469
1577730 1468
1577740 1467
1577750 1467
1577760 1470
1577770 1471
1577780 1471
1577790 1472
1577800 1475
1577810 1475
1577820 1476
1577830 1476
1577840 1476
1577850 1477
1577860 1479
1577870 1479
1577880 1480
1577890 1482
1577900 1484
1577910 1484
1577920 1485
1577930 1485
1577940 1485
1577950 1486
1577960 1488
1577970 1488
1577980 1489
1577990 1489
1578000 1489
1578010 1490
1578020 1490
1578030 1490
1578040 1491
1578050 1494
1578060 1494
1578070 1496
1578080 1499
1578090 1501
1578100 1504
1578110 1507
1578120 1508
1578130 1508
1578140 1511
1578150 1513
1578160 1513
1578170 1515
1578180 1516
1578190 1516
1578200 1518
1578210 1519
1578220 1519
1578230 1521
1578240 1522
1578250 1522
1578260 1522
1578270 1523
1578280 1523
1578290 1524
1578300 1526
1578310 1526
1578320 1527
1578330 1529
1578340 1530
1578350 1530
1578360 1532
1578370 1533
1578380 1533
1578390 1535
1578400 1536
1578410 1536
1578420 1538
1578430 1540
1578440 1540
1578450 1542
1578460 1544
1578470 1544
1578480 1545
1578490 1547
1578500 1547
1578510 1549
1578520 1551
1578530 1551
1578540 1554
1578550 1556
1578560 1556
1578570 1558
1578580 1560
1578590 1563
1578600 1563
1578610 1564
1578620 1565
1578630 1565
1578640 1568
1578650 1571
1578660 1571
1578670 1574
1578680 1577
1578690 1577
1578700 1579
1578710 1581
1578720 1581
1578730 1583
1578740 1585
1578750 1585
1578760 1588
1578770 1591
1578780 1591
1578790 1593
1578800 1596
1578810 1598
1578820 1598
1578830 1601
1578840 1605
1578850 1605
1578860 1609
1578870 1612
1578880 1612
1578890 1615
1578900 1618
1578910 1618
1578920 1623
1578930 1626
1578940 1626
1578950 1629
1578960 1634
1578970 1634
1578980 1638
1578990 1642
1579000 1642
1579010 1646
1579020 1650
1579030 1650
1579040 1654
1579050 1657
1579060 1662
1579070 1662
1579080 1666
1579090 1669
1579100 1669
1579110 1672
1579120 1676
1579130 1676
1579140 1681
1579150 1687
1579160 1687
1579170 1692
1579180 1697
1579190 1697
1579200 1702
1579210 1707
1579220 1707
1579230 1711
1579240 1715
1579250 1715
1579260 1719
1579270 1722
1579280 1726
1579290 1726
1579300 1729
1579310 1734
1579320 1734
1579330 1738
1579340 1742
1579350 1742
1579360 1745
1579370 1749
1579380 1749
1579390 1753
1579400 1757
1579410 1757
1579420 1761
1579430 1766
1579440 1765
1579450 1769
1579460 1773
1579470 1773
1579480 1778
1579490 1782
1579500 1787
1579510 1787
1579520 1791
1579530 1798
1579540 1798
1579550 1802
1579560 1804
1579570 1804
1579580 1800
1579590 1796
1579600 1796
1579610 1795
1579620 1794
1579630 1794
1579640 1792
1579650 1789
1579660 1789
1579670 1783
1579680 1777
1579690 1777
1579700 1773
1579710 1769
1579720 1769
1579730 1765
1579740 1761
1579750 1757
1579760 1757
1579770 1751
1579780 1744
1579790 1744
1579800 1738
1579810 1732
1579820 1732
1579830 1727
1579840 1722
1579850 1722
1579860 1717
1579870 1713
1579880 1713
1579890 1709
1579900 1705
1579910 1705
1579920 1702
1579930 1698
1579940 1698
1579950 1696
1579960 1695
1579970 1696
1579980 1696
1579990 1694
