1560000 1741
1560010 1740
1560020 1737
1560030 1737
1560040 1735
1560050 1732
1560060 1729
1560070 1729
1560080 1725
1560090 1721
1560100 1721
1560110 1716
1560120 1708
1560130 1708
1560140 1702
1560150 1697
1560160 1697
1560170 1693
1560180 1689
1560190 1689
1560200 1685
1560210 1681
1560220 1681
1560230 1676
1560240 1672
1560250 1672
1560260 1666
1560270 1660
1560280 1656
1560290 1656
1560300 1650
1560310 1646
1560320 1646
1560330 1642
1560340 1638
1560350 1638
1560360 1635
1560370 1631
1560380 1631
1560390 1628
1560400 1624
1560410 1624
1560420 1621
1560430 1617
1560440 1617
1560450 1612
1560460 1607
1560470 1607
1560480 1600
1560490 1594
1560500 1590
1560510 1590
1560520 1587
1560530 1585
1560540 1585
1560550 1583
1560560 1580
1560570 1580
1560580 1578
1560590 1576
1560600 1576
1560610 1574
1560620 1572
1560630 1572
1560640 1570
1560650 1568
1560660 1568
1560670 1565
1560680 1563
1560690 1563
1560700 1560
1560710 1559
1560720 1559
1560730 1558
1560740 1557
1560750 1556
1560760 1556
1560770 1554
1560780 1553
1560790 1553
1560800 1551
1560810 1550
1560820 1550
1560830 1548
1560840 1547
1560850 1547
1560860 1545
1560870 1543
1560880 1543
1560890 1541
1560900 1541
1560910 1541
1560920 1539
1560930 1537
1560940 1537
1560950 1535
1560960 1532
1560970 1528
1560980 1528
1560990 1526
1561000 1524
1561010 1524
1561020 1522
1561030 1520
1561040 1520
1561050 1517
1561060 1515
1561070 1515
1561080 1513
1561090 1512
1561100 1512
1561110 1511
1561120 1508
1561130 1508
1561140 1505
1561150 1501
1561160 1501
1561170 1498
1561180 1496
1561190 1492
1561200 1492
1561210 1489
1561220 1485
1561230 1485
1561240 1484
1561250 1482
1561260 1482
1561270 1481
1561280 1479
1561290 1479
1561300 1477
1561310 1475
1561320 1475
1561330 1473
1561340 1469
1561350 1469
1561360 1466
1561370 1465
1561380 1465
1561390 1463
1561400 1461
1561410 1461
1561420 1458
1561430 1456
1561440 1453
1561450 1453
1561460 1451
1561470 1449
1561480 1449
1561490 1447
1561500 1443
1561510 1443
1561520 1441
1561530 1439
1561540 1439
1561550 1438
1561560 1437
1561570 1437
1561580 1435
1561590 1433
1561600 1433
1561610 1431
1561620 1430
1561630 1430
1561640 1427
1561650 1425
1561660 1422
1561670 1422
1561680 1421
1561690 1419
1561700 1419
1561710 1417
1561720 1415
1561730 1415
1561740 1414
1561750 1412
1561760 1412
1561770 1408
1561780 1405
1561790 1405
1561800 1403
1561810 1402
1561820 1402
1561830 1400
1561840 1397
1561850 1397
1561860 1393
1561870 1390
1561880 1388
1561890 1388
1561900 1387
1561910 1385
1561920 1385
1561930 1384
1561940 1382
1561950 1382
1561960 1380
1561970 1378
1561980 1378
1561990 1377
1562000 1374
1562010 1374
1562020 1372
1562030 1369
1562040 1369
1562050 1365
1562060 1363
1562070 1363
1562080 1359
1562090 1356
1562100 1356
1562110 1353
1562120 1350
1562130 1349
1562140 1349
1562150 1347
1562160 1346
1562170 1346
1562180 1344
1562190 1341
1562200 1341
1562210 1337
1562220 1334
1562230 1334
1562240 1332
1562250 1330
1562260 1330
1562270 1328
1562280 1325
1562290 1325
1562300 1322
1562310 1318
1562320 1318
1562330 1314
1562340 1310
1562350 1308
1562360 1308
1562370 1306
1562380 1304
1562390 1304
1562400 1302
1562410 1300
1562420 1300
1562430 1298
1562440 1295
1562450 1295
1562460 1291
1562470 1288
1562480 1288
1562490 1285
1562500 1283
1562510 1283
1562520 1280
1562530 1278
1562540 1278
1562550 1276
1562560 1275
1562570 1275
1562580 1273
1562590 1272
1562600 1269
1562610 1269
1562620 1266
1562630 1265
1562640 1265
1562650 1263
1562660 1261
1562670 1261
1562680 1259
1562690 1257
1562700 1257
1562710 1255
1562720 1253
1562730 1253
1562740 1252
1562750 1251
1562760 1251
1562770 1249
1562780 1249
1562790 1249
1562800 1249
1562810 1249
1562820 1249
1562830 1249
1562840 1249
1562850 1249
1562860 1249
1562870 1248
1562880 1248
1562890 1248
1562900 1247
1562910 1247
1562920 1247
1562930 1247
1562940 1247
1562950 1247
1562960 1247
1562970 1247
1562980 1247
1562990 1247
1563000 1247
1563010 1247
1563020 1247
1563030 1247
1563040 1248
1563050 1248
1563060 1247
1563070 1247
1563080 1247
1563090 1247
1563100 1248
1563110 1248
1563120 1248
1563130 1248
1563140 1248
1563150 1247
1563160 1248
1563170 1248
1563180 1248
1563190 1248
1563200 1248
1563210 1247
1563220 1247
1563230 1247
1563240 1247
1563250 1247
1563260 1247
1563270 1247
1563280 1248
1563290 1248
1563300 1248
1563310 1248
1563320 1249
1563330 1249
1563340 1249
1563350 1250
1563360 1250
1563370 1251
1563380 1252
1563390 1252
1563400 1253
1563410 1253
1563420 1253
1563430 1254
1563440 1255
1563450 1251
1563460 1252
1563470 1252
1563480 1252
1563490 1253
1563500 1254
1563510 1254
1563520 1254
1563530 1254
1563540 1254
1563550 1254
1563560 1254
1563570 1255
1563580 1255
1563590 1256
1563600 1256
1563610 1256
1563620 1257
1563630 1258
1563640 1258
1563650 1258
1563660 1259
1563670 1259
1563680 1260
1563690 1261
1563700 1261
1563710 1261
1563720 1262
1563730 1263
1563740 1263
1563750 1263
1563760 1264
1563770 1264
1563780 1264
1563790 1265
1563800 1265
1563810 1266
1563820 1268
1563830 1268
1563840 1270
1563850 1271
1563860 1271
1563870 1272
1563880 1273
1563890 1273
1563900 1275
1563910 1276
1563920 1276
1563930 1278
1563940 1279
1563950 1279
1563960 1280
1563970 1281
1563980 1282
1563990 1282
1564000 1282
1564010 1284
1564020 1284
1564030 1286
1564040 1287
1564050 1287
1564060 1287
1564070 1288
1564080 1288
1564090 1288
1564100 1289
1564110 1289
1564120 1289
1564130 1289
1564140 1289
1564150 1290
1564160 1291
1564170 1291
1564180 1292
1564190 1292
1564200 1293
1564210 1293
1564220 1293
1564230 1293
1564240 1293
1564250 1293
1564260 1294
1564270 1294
1564280 1293
1564290 1292
1564300 1292
1564310 1292
1564320 1292
1564330 1292
1564340 1292
1564350 1293
1564360 1293
1564370 1293
1564380 1294
1564390 1294
1564400 1294
1564410 1294
1564420 1294
1564430 1294
1564440 1294
1564450 1293
1564460 1293
1564470 1293
1564480 1292
1564490 1292
1564500 1292
1564510 1291
1564520 1291
1564530 1290
1564540 1290
1564550 1290
1564560 1289
1564570 1289
1564580 1289
1564590 1288
1564600 1288
1564610 1288
1564620 1287
1564630 1286
1564640 1286
1564650 1286
1564660 1286
1564670 1285
1564680 1285
1564690 1285
1564700 1285
1564710 1285
1564720 1284
1564730 1283
1564740 1283
1564750 1283
1564760 1282
1564770 1282
1564780 1282
1564790 1282
1564800 1282
1564810 1280
1564820 1279
1564830 1279
1564840 1278
1564850 1278
1564860 1278
1564870 1277
1564880 1276
1564890 1275
1564900 1275
1564910 1275
1564920 1275
1564930 1275
1564940 1275
1564950 1275
1564960 1275
1564970 1276
1564980 1277
1564990 1277
1565000 1277
1565010 1278
1565020 1278
1565030 1279
1565040 1278
1565050 1273
1565060 1269
1565070 1269
1565080 1269
1565090 1270
1565100 1271
1565110 1271
1565120 1271
1565130 1272
1565140 1272
1565150 1272
1565160 1273
1565170 1273
1565180 1273
1565190 1273
1565200 1272
1565210 1272
1565220 1273
1565230 1274
1565240 1274
1565250 1274
1565260 1274
1565270 1274
1565280 1275
1565290 1275
1565300 1275
1565310 1276
1565320 1276
1565330 1276
1565340 1276
1565350 1276
1565360 1275
1565370 1275
1565380 1274
1565390 1273
1565400 1273
1565410 1272
1565420 1272
1565430 1272
1565440 1271
1565450 1270
1565460 1270
1565470 1269
1565480 1268
1565490 1268
1565500 1267
1565510 1265
1565520 1265
1565530 1263
1565540 1264
1565550 1264
1565560 1264
1565570 1265
1565580 1265
1565590 1265
1565600 1266
1565610 1266
1565620 1266
1565630 1266
1565640 1266
1565650 1266
1565660 1265
1565670 1264
1565680 1264
1565690 1264
1565700 1264
1565710 1264
1565720 1263
1565730 1263
1565740 1263
1565750 1262
1565760 1262
1565770 1262
1565780 1261
1565790 1261
1565800 1261
1565810 1260
1565820 1260
1565830 1260
1565840 1260
1565850 1260
1565860 1259
1565870 1259
1565880 1259
1565890 1258
1565900 1258
1565910 1257
1565920 1257
1565930 1257
1565940 1256
1565950 1255
1565960 1255
1565970 1252
1565980 1250
1565990 1250
1566000 1250
1566010 1248
1566020 1248
1566030 1245
1566040 1243
1566050 1242
1566060 1242
1566070 1241
1566080 1240
1566090 1240
1566100 1239
1566110 1239
1566120 1239
1566130 1237
1566140 1236
1566150 1236
1566160 1235
1566170 1234
1566180 1234
1566190 1233
1566200 1233
1566210 1233
1566220 1232
1566230 1231
1566240 1231
1566250 1231
1566260 1229
1566270 1229
1566280 1228
1566290 1226
1566300 1223
1566310 1223
1566320 1220
1566330 1222
1566340 1222
1566350 1224
1566360 1222
1566370 1222
1566380 1220
1566390 1218
1566400 1218
1566410 1217
1566420 1217
1566430 1217
1566440 1220
1566450 1225
1566460 1225
1566470 1231
1566480 1234
1566490 1234
1566500 1235
1566510 1234
1566520 1234
1566530 1234
1566540 1234
1566550 1233
1566560 1233
1566570 1232
1566580 1231
1566590 1231
1566600 1231
1566610 1226
1566620 1226
1566630 1226
1566640 1227
1566650 1227
1566660 1228
1566670 1227
1566680 1227
1566690 1225
1566700 1225
1566710 1225
1566720 1224
1566730 1224
1566740 1222
1566750 1222
1566760 1222
1566770 1222
1566780 1222
1566790 1222
1566800 1221
1566810 1221
1566820 1219
1566830 1218
1566840 1218
1566850 1217
1566860 1216
1566870 1216
1566880 1214
1566890 1213
1566900 1213
1566910 1211
1566920 1209
1566930 1209
1566940 1207
1566950 1205
1566960 1205
1566970 1203
1566980 1203
1566990 1202
1567000 1202
1567010 1202
1567020 1203
1567030 1203
1567040 1207
1567050 1205
1567060 1205
1567070 1210
1567080 1212
1567090 1212
1567100 1212
1567110 1213
1567120 1213
1567130 1212
1567140 1211
1567150 1211
1567160 1211
1567170 1208
1567180 1208
1567190 1205
1567200 1203
1567210 1198
1567220 1198
1567230 1194
1567240 1192
1567250 1192
1567260 1190
1567270 1189
1567280 1189
1567290 1187
1567300 1185
1567310 1185
1567320 1184
1567330 1182
1567340 1182
1567350 1181
1567360 1177
1567370 1177
1567380 1175
1567390 1174
1567400 1174
1567410 1171
1567420 1167
1567430 1167
1567440 1165
1567450 1170
1567460 1174
1567470 1174
1567480 1175
1567490 1177
1567500 1177
1567510 1179
1567520 1175
1567530 1175
1567540 1170
1567550 1174
1567560 1174
1567570 1178
1567580 1181
1567590 1181
1567600 1181
1567610 1183
1567620 1183
1567630 1182
1567640 1182
1567650 1182
1567660 1184
1567670 1185
1567680 1182
1567690 1182
1567700 1181
1567710 1180
1567720 1180
1567730 1177
1567740 1174
1567750 1174
1567760 1169
1567770 1163
1567780 1163
1567790 1158
1567800 1152
1567810 1152
1567820 1149
1567830 1149
1567840 1149
1567850 1152
1567860 1151
1567870 1151
1567880 1147
1567890 1143
1567900 1140
1567910 1140
1567920 1138
1567930 1135
1567940 1135
1567950 1133
1567960 1131
1567970 1131
1567980 1127
1567990 1123
1568000 1123
1568010 1122
1568020 1122
1568030 1122
1568040 1121
1568050 1119
1568060 1119
1568070 1119
1568080 1117
1568090 1117
1568100 1114
1568110 1111
1568120 1111
1568130 1107
1568140 1101
1568150 1091
1568160 1091
1568170 1082
1568180 1076
1568190 1076
1568200 1069
1568210 1064
1568220 1064
1568230 1068
1568240 1075
1568250 1075
1568260 1082
1568270 1089
1568280 1089
1568290 1097
1568300 1098
1568310 1098
1568320 1099
1568330 1101
1568340 1101
1568350 1102
1568360 1101
1568370 1101
1568380 1101
1568390 1100
1568400 1100
1568410 1100
1568420 1100
1568430 1101
1568440 1101
1568450 1101
1568460 1100
1568470 1100
1568480 1099
1568490 1097
1568500 1097
1568510 1094
1568520 1091
1568530 1091
1568540 1089
1568550 1088
1568560 1088
1568570 1087
1568580 1086
1568590 1086
1568600 1086
1568610 1086
1568620 1085
1568630 1085
1568640 1083
1568650 1081
1568660 1081
1568670 1078
1568680 1076
1568690 1076
1568700 1074
1568710 1070
1568720 1070
1568730 1065
1568740 1061
1568750 1061
1568760 1058
1568770 1055
1568780 1055
1568790 1050
1568800 1045
1568810 1045
1568820 1041
1568830 1038
1568840 1036
1568850 1036
1568860 1032
1568870 1027
1568880 1027
1568890 1021
1568900 1014
1568910 1014
1568920 1008
1568930 1005
1568940 1005
1568950 1003
1568960 1002
1568970 1002
1568980 1002
1568990 1002
1569000 1002
1569010 1000
1569020 998
1569030 998
1569040 994
1569050 991
1569060 990
1569070 990
1569080 988
1569090 986
1569100 986
1569110 988
1569120 993
1569130 993
1569140 997
1569150 999
1569160 999
1569170 1000
1569180 1000
1569190 1000
1569200 1000
1569210 1000
1569220 1000
1569230 1000
1569240 1000
1569250 1000
1569260 999
1569270 999
1569280 999
1569290 998
1569300 996
1569310 994
1569320 994
1569330 993
1569340 993
1569350 993
1569360 994
1569370 995
1569380 995
1569390 995
1569400 993
1569410 993
1569420 991
1569430 988
1569440 988
1569450 985
1569460 982
1569470 982
1569480 979
1569490 976
1569500 976
1569510 974
1569520 971
1569530 969
1569540 969
1569550 965
1569560 961
1569570 961
1569580 960
1569590 959
1569600 959
1569610 962
1569620 964
1569630 964
1569640 965
1569650 960
1569660 960
1569670 961
1569680 962
1569690 962
1569700 963
1569710 965
1569720 965
1569730 966
1569740 965
1569750 964
1569760 964
1569770 964
1569780 965
1569790 965
1569800 965
1569810 964
1569820 964
1569830 964
1569840 964
1569850 964
1569860 963
1569870 962
1569880 962
1569890 959
1569900 957
1569910 957
1569920 956
1569930 954
1569940 954
1569950 953
1569960 951
1569970 951
1569980 949
1569990 948
1570000 946
1570010 946
1570020 944
1570030 940
1570040 940
1570050 937
1570060 933
1570070 933
1570080 930
1570090 931
1570100 931
1570110 930
1570120 929
1570130 929
1570140 929
1570150 928
1570160 928
1570170 928
1570180 927
1570190 927
1570200 926
1570210 925
1570220 924
1570230 924
1570240 922
1570250 921
1570260 921
1570270 920
1570280 919
1570290 919
1570300 918
1570310 917
1570320 917
1570330 916
1570340 915
1570350 915
1570360 914
1570370 913
1570380 913
1570390 912
1570400 911
1570410 911
1570420 910
1570430 909
1570440 908
1570450 908
1570460 907
1570470 907
1570480 907
1570490 906
1570500 905
1570510 905
1570520 904
1570530 903
1570540 903
1570550 903
1570560 902
1570570 902
1570580 901
1570590 901
1570600 901
1570610 900
1570620 899
1570630 899
1570640 898
1570650 897
1570660 897
1570670 897
1570680 896
1570690 895
1570700 895
1570710 892
1570720 888
1570730 888
1570740 887
1570750 886
1570760 886
1570770 886
1570780 886
1570790 886
1570800 886
1570810 886
1570820 886
1570830 886
1570840 886
1570850 886
1570860 885
1570870 885
1570880 885
1570890 885
1570900 885
1570910 885
1570920 885
1570930 885
1570940 885
1570950 885
1570960 885
1570970 885
1570980 885
1570990 885
1571000 885
1571010 885
1571020 885
1571030 885
1571040 885
1571050 885
1571060 885
1571070 885
1571080 885
1571090 884
1571100 884
1571110 884
1571120 884
1571130 884
1571140 884
1571150 884
1571160 883
1571170 883
1571180 883
1571190 884
1571200 884
1571210 884
1571220 884
1571230 884
1571240 885
1571250 884
1571260 884
1571270 884
1571280 884
1571290 884
1571300 884
1571310 884
1571320 884
1571330 884
1571340 884
1571350 884
1571360 884
1571370 884
1571380 884
1571390 884
1571400 883
1571410 883
1571420 883
1571430 883
1571440 883
1571450 883
1571460 883
1571470 883
1571480 883
1571490 883
1571500 883
1571510 883
1571520 883
1571530 883
1571540 883
1571550 883
1571560 883
1571570 883
1571580 883
1571590 883
1571600 883
1571610 883
1571620 883
1571630 885
1571640 885
1571650 889
1571660 891
1571670 891
1571680 894
1571690 896
1571700 896
1571710 898
1571720 900
1571730 900
1571740 902
1571750 904
1571760 904
1571770 906
1571780 908
1571790 908
1571800 911
1571810 913
1571820 913
1571830 916
1571840 918
1571850 921
1571860 921
1571870 924
1571880 927
1571890 927
1571900 931
1571910 934
1571920 934
1571930 937
1571940 939
1571950 939
1571960 944
1571970 949
1571980 949
1571990 952
1572000 954
1572010 954
1572020 959
1572030 963
1572040 963
1572050 969
1572060 973
1572070 977
1572080 977
1572090 981
1572100 985
1572110 985
1572120 989
1572130 992
1572140 992
1572150 996
1572160 998
1572170 998
1572180 1001
1572190 1005
1572200 1005
1572210 1010
1572220 1013
1572230 1013
1572240 1016
1572250 1019
1572260 1019
1572270 1022
1572280 1025
1572290 1025
1572300 1027
1572310 1030
1572320 1033
1572330 1033
1572340 1036
1572350 1040
1572360 1040
1572370 1043
1572380 1046
1572390 1046
1572400 1051
1572410 1054
1572420 1054
1572430 1059
1572440 1064
1572450 1064
1572460 1067
1572470 1069
1572480 1069
1572490 1070
1572500 1071
1572510 1071
1572520 1072
1572530 1073
1572540 1074
1572550 1074
1572560 1075
1572570 1077
1572580 1077
1572590 1084
1572600 1086
1572610 1086
1572620 1089
1572630 1092
1572640 1092
1572650 1094
1572660 1096
1572670 1096
1572680 1097
1572690 1099
1572700 1099
1572710 1100
1572720 1102
1572730 1102
1572740 1102
1572750 1103
1572760 1103
1572770 1103
1572780 1103
1572790 1103
1572800 1103
1572810 1103
1572820 1104
1572830 1104
1572840 1104
1572850 1104
1572860 1104
1572870 1104
1572880 1104
1572890 1104
1572900 1104
1572910 1103
1572920 1103
1572930 1103
1572940 1102
1572950 1102
1572960 1101
1572970 1100
1572980 1100
1572990 1098
1573000 1095
1573010 1091
1573020 1091
1573030 1088
1573040 1085
1573050 1085
1573060 1083
1573070 1081
1573080 1081
1573090 1078
1573100 1075
1573110 1075
1573120 1072
1573130 1068
1573140 1068
1573150 1065
1573160 1062
1573170 1062
1573180 1058
1573190 1053
1573200 1053
1573210 1050
1573220 1047
1573230 1042
1573240 1042
1573250 1039
1573260 1035
1573270 1035
1573280 1033
1573290 1030
1573300 1030
1573310 1028
1573320 1023
1573330 1023
1573340 1019
1573350 1019
1573360 1019
1573370 1017
1573380 1014
1573390 1014
1573400 1010
1573410 1006
1573420 1006
1573430 999
1573440 992
1573450 982
1573460 982
1573470 973
1573480 969
1573490 969
1573500 972
1573510 976
1573520 976
1573530 980
1573540 986
1573550 986
1573560 992
1573570 999
1573580 999
1573590 1006
1573600 1013
1573610 1013
1573620 1021
1573630 1026
1573640 1026
1573650 1032
1573660 1037
1573670 1037
1573680 1042
1573690 1046
1573700 1050
1573710 1050
1573720 1055
1573730 1061
1573740 1061
1573750 1066
1573760 1072
1573770 1072
1573780 1079
1573790 1085
1573800 1085
1573810 1088
1573820 1092
1573830 1092
1573840 1096
1573850 1101
1573860 1101
1573870 1107
1573880 1112
1573890 1112
1573900 1116
1573910 1122
1573920 1128
1573930 1128
1573940 1134
1573950 1136
1573960 1136
1573970 1137
1573980 1137
1573990 1137
1574000 1134
1574010 1132
1574020 1132
1574030 1127
1574040 1126
1574050 1126
1574060 1125
1574070 1124
1574080 1124
1574090 1125
1574100 1126
1574110 1126
1574120 1127
1574130 1129
1574140 1129
1574150 1129
1574160 1129
1574170 1129
1574180 1129
1574190 1130
1574200 1132
1574210 1132
1574220 1132
1574230 1131
1574240 1131
1574250 1130
1574260 1129
1574270 1129
1574280 1128
1574290 1128
1574300 1128
1574310 1128
1574320 1128
1574330 1128
1574340 1128
1574350 1126
1574360 1126
1574370 1123
1574380 1120
1574390 1117
1574400 1117
1574410 1114
1574420 1116
1574430 1116
1574440 1123
1574450 1128
1574460 1128
1574470 1132
1574480 1137
1574490 1137
1574500 1142
1574510 1146
1574520 1146
1574530 1149
1574540 1153
1574550 1153
1574560 1156
1574570 1158
1574580 1158
1574590 1160
1574600 1161
1574610 1163
1574620 1163
1574630 1164
1574640 1166
1574650 1166
1574660 1167
1574670 1165
1574680 1165
1574690 1163
1574700 1163
1574710 1163
1574720 1164
1574730 1166
1574740 1166
1574750 1168
1574760 1170
1574770 1170
1574780 1172
1574790 1174
1574800 1174
1574810 1176
1574820 1178
1574830 1178
1574840 1180
1574850 1183
1574860 1187
1574870 1187
1574880 1191
1574890 1196
1574900 1196
1574910 1202
1574920 1208
1574930 1208
1574940 1211
1574950 1206
1574960 1206
1574970 1200
1574980 1206
1574990 1206
1575000 1211
1575010 1218
1575020 1218
1575030 1221
1575040 1228
1575050 1228
1575060 1235
1575070 1242
1575080 1245
1575090 1245
1575100 1248
1575110 1250
1575120 1250
1575130 1253
1575140 1256
1575150 1256
1575160 1258
1575170 1261
1575180 1261
1575190 1263
1575200 1265
1575210 1265
1575220 1266
1575230 1268
1575240 1268
1575250 1268
1575260 1269
1575270 1269
1575280 1270
1575290 1271
1575300 1272
1575310 1272
1575320 1273
1575330 1275
1575340 1275
1575350 1276
1575360 1278
1575370 1278
1575380 1279
1575390 1279
1575400 1279
1575410 1280
1575420 1283
1575430 1283
1575440 1285
1575450 1286
1575460 1286
1575470 1285
1575480 1285
1575490 1285
1575500 1288
1575510 1289
1575520 1289
1575530 1292
1575540 1296
1575550 1299
1575560 1299
1575570 1302
1575580 1305
1575590 1305
1575600 1308
1575610 1310
1575620 1310
1575630 1313
1575640 1316
1575650 1316
1575660 1319
1575670 1321
1575680 1321
1575690 1323
1575700 1325
1575710 1325
1575720 1326
1575730 1329
1575740 1329
1575750 1332
1575760 1335
1575770 1337
1575780 1337
1575790 1340
1575800 1341
1575810 1341
1575820 1343
1575830 1344
1575840 1344
1575850 1344
1575860 1345
1575870 1345
1575880 1346
1575890 1348
1575900 1348
1575910 1351
1575920 1354
1575930 1354
1575940 1358
1575950 1361
1575960 1361
1575970 1362
1575980 1363
1575990 1363
1576000 1364
1576010 1366
1576020 1370
1576030 1370
1576040 1373
1576050 1372
1576060 1372
1576070 1371
1576080 1368
1576090 1368
1576100 1366
1576110 1365
1576120 1365
1576130 1365
1576140 1366
1576150 1366
1576160 1367
1576170 1366
1576180 1366
1576190 1366
1576200 1367
1576210 1367
1576220 1368
1576230 1369
1576240 1369
1576250 1369
1576260 1370
1576270 1371
1576280 1371
1576290 1372
1576300 1374
1576310 1374
1576320 1375
1576330 1377
1576340 1377
1576350 1380
1576360 1382
1576370 1382
1576380 1384
1576390 1388
1576400 1388
1576410 1392
1576420 1396
1576430 1396
1576440 1401
1576450 1406
1576460 1410
1576470 1410
1576480 1414
1576490 1417
1576500 1417
1576510 1422
1576520 1427
1576530 1427
1576540 1432
1576550 1437
1576560 1437
1576570 1442
1576580 1446
1576590 1446
1576600 1448
1576610 1448
1576620 1448
1576630 1446
1576640 1444
1576650 1444
1576660 1444
1576670 1446
1576680 1446
1576690 1448
1576700 1450
1576710 1453
1576720 1453
1576730 1457
1576740 1462
1576750 1462
1576760 1466
1576770 1468
1576780 1468
1576790 1470
1576800 1471
1576810 1471
1576820 1470
1576830 1473
1576840 1473
1576850 1476
1576860 1478
1576870 1478
1576880 1480
1576890 1482
1576900 1482
1576910 1484
1576920 1486
1576930 1486
1576940 1486
1576950 1486
1576960 1485
1576970 1485
1576980 1483
1576990 1481
1577000 1481
1577010 1481
1577020 1480
1577030 1480
1577040 1479
1577050 1478
1577060 1478
1577070 1478
1577080 1478
1577090 1478
1577100 1478
1577110 1478
1577120 1478
1577130 1478
1577140 1478
1577150 1479
1577160 1479
1577170 1479
1577180 1479
1577190 1479
1577200 1480
1577210 1481
1577220 1481
1577230 1482
1577240 1482
1577250 1482
1577260 1483
1577270 1482
1577280 1482
1577290 1482
1577300 1481
1577310 1481
1577320 1480
1577330 1479
1577340 1479
1577350 1478
1577360 1478
1577370 1478
1577380 1478
1577390 1480
1577400 1481
1577410 1481
1577420 1482
1577430 1482
1577440 1482
1577450 1482
1577460 1481
1577470 1481
1577480 1481
1577490 1480
1577500 1480
1577510 1481
1577520 1482
1577530 1482
1577540 1483
1577550 1484
1577560 1484
1577570 1485
1577580 1485
1577590 1485
1577600 1485
1577610 1484
1577620 1483
1577630 1483
1577640 1483
1577650 1482
1577660 1482
1577670 1481
1577680 1480
1577690 1480
1577700 1478
1577710 1477
1577720 1477
1577730 1477
1577740 1477
1577750 1477
1577760 1477
1577770 1478
1577780 1478
1577790 1481
1577800 1484
1577810 1484
1577820 1486
1577830 1487
1577840 1487
1577850 1489
1577860 1490
1577870 1492
1577880 1492
1577890 1493
1577900 1494
1577910 1494
1577920 1495
1577930 1496
1577940 1496
1577950 1497
1577960 1498
1577970 1498
1577980 1499
1577990 1501
1578000 1501
1578010 1502
1578020 1504
1578030 1504
1578040 1505
1578050 1506
1578060 1506
1578070 1508
1578080 1509
1578090 1511
1578100 1511
1578110 1512
1578120 1513
1578130 1513
1578140 1512
1578150 1513
1578160 1513
1578170 1515
1578180 1519
1578190 1520
1578200 1523
1578210 1525
1578220 1525
1578230 1526
1578240 1527
1578250 1527
1578260 1528
1578270 1530
1578280 1530
1578290 1532
1578300 1533
1578310 1535
1578320 1535
1578330 1536
1578340 1536
1578350 1536
1578360 1537
1578370 1539
1578380 1539
1578390 1541
1578400 1543
1578410 1543
1578420 1545
1578430 1547
1578440 1547
1578450 1548
1578460 1551
1578470 1551
1578480 1554
1578490 1556
1578500 1556
1578510 1558
1578520 1560
1578530 1560
1578540 1563
1578550 1565
1578560 1568
1578570 1568
1578580 1570
1578590 1573
1578600 1573
1578610 1576
1578620 1579
1578630 1579
1578640 1581
1578650 1584
1578660 1584
1578670 1587
1578680 1589
1578690 1589
1578700 1591
1578710 1594
1578720 1594
1578730 1597
1578740 1599
1578750 1599
1578760 1601
1578770 1604
1578780 1607
1578790 1607
1578800 1610
1578810 1612
1578820 1612
1578830 1615
1578840 1620
1578850 1620
1578860 1623
1578870 1626
1578880 1626
1578890 1632
1578900 1634
1578910 1634
1578920 1638
1578930 1643
1578940 1643
1578950 1648
1578960 1652
1578970 1652
1578980 1656
1578990 1660
1579000 1660
1579010 1663
1579020 1666
1579030 1668
1579040 1668
1579050 1671
1579060 1674
1579070 1674
1579080 1676
1579090 1680
1579100 1680
1579110 1684
1579120 1689
1579130 1689
1579140 1693
1579150 1697
1579160 1697
1579170 1701
1579180 1706
1579190 1706
1579200 1713
1579210 1717
1579220 1717
1579230 1722
1579240 1725
1579250 1729
1579260 1729
1579270 1730
1579280 1732
1579290 1732
1579300 1733
1579310 1736
1579320 1736
1579330 1738
1579340 1741
1579350 1741
1579360 1744
1579370 1748
1579380 1748
1579390 1752
1579400 1756
1579410 1756
1579420 1761
1579430 1766
1579440 1766
1579450 1771
1579460 1775
1579470 1780
1579480 1780
1579490 1786
1579500 1793
1579510 1793
1579520 1797
1579530 1799
1579540 1800
1579550 1801
1579560 1800
1579570 1800
1579580 1799
1579590 1799
1579600 1799
1579610 1799
1579620 1798
1579630 1798
1579640 1796
1579650 1792
1579660 1792
1579670 1784
1579680 1777
1579690 1777
1579700 1772
1579710 1767
1579720 1763
1579730 1763
1579740 1758
1579750 1754
1579760 1754
1579770 1751
1579780 1745
1579790 1745
1579800 1740
1579810 1735
1579820 1735
1579830 1730
1579840 1726
1579850 1726
1579860 1723
1579870 1717
1579880 1717
1579890 1710
1579900 1704
1579910 1704
1579920 1699
1579930 1694
1579940 1689
1579950 1689
1579960 1684
1579970 1681
1579980 1681
1579990 1678
