1560000 1503
1560010 1502
1560020 1502
1560030 1500
1560040 1498
1560050 1498
1560060 1495
1560070 1493
1560080 1493
1560090 1494
1560100 1493
1560110 1493
1560120 1493
1560130 1492
1560140 1491
1560150 1491
1560160 1491
1560170 1489
1560180 1489
1560190 1487
1560200 1486
1560210 1486
1560220 1485
1560230 1484
1560240 1484
1560250 1484
1560260 1483
1560270 1483
1560280 1483
1560290 1483
1560300 1483
1560310 1483
1560320 1482
1560330 1482
1560340 1480
1560350 1478
1560360 1476
1560370 1476
1560380 1475
1560390 1473
1560400 1473
1560410 1472
1560420 1471
1560430 1471
1560440 1469
1560450 1467
1560460 1467
1560470 1465
1560480 1462
1560490 1462
1560500 1458
1560510 1455
1560520 1455
1560530 1453
1560540 1449
1560550 1449
1560560 1444
1560570 1442
1560580 1442
1560590 1440
1560600 1439
1560610 1439
1560620 1439
1560630 1438
1560640 1438
1560650 1438
1560660 1438
1560670 1437
1560680 1437
1560690 1438
1560700 1439
1560710 1439
1560720 1437
1560730 1436
1560740 1436
1560750 1434
1560760 1432
1560770 1432
1560780 1428
1560790 1424
1560800 1424
1560810 1422
1560820 1423
1560830 1422
1560840 1422
1560850 1422
1560860 1422
1560870 1422
1560880 1423
1560890 1424
1560900 1424
1560910 1426
1560920 1426
1560930 1426
1560940 1428
1560950 1430
1560960 1430
1560970 1431
1560980 1431
1560990 1431
1561000 1432
1561010 1435
1561020 1435
1561030 1437
1561040 1437
1561050 1437
1561060 1437
1561070 1437
1561080 1436
1561090 1436
1561100 1436
1561110 1435
1561120 1435
1561130 1432
1561140 1429
1561150 1429
1561160 1428
1561170 1429
1561180 1429
1561190 1430
1561200 1431
1561210 1431
1561220 1431
1561230 1431
1561240 1431
1561250 1432
1561260 1432
1561270 1432
1561280 1432
1561290 1431
1561300 1432
1561310 1432
1561320 1435
1561330 1434
1561340 1434
1561350 1432
1561360 1430
1561370 1424
1561380 1423
1561390 1422
1561400 1422
1561410 1420
1561420 1418
1561430 1418
1561440 1417
1561450 1415
1561460 1415
1561470 1412
1561480 1411
1561490 1411
1561500 1411
1561510 1408
1561520 1405
1561530 1405
1561540 1403
1561550 1401
1561560 1401
1561570 1399
1561580 1398
1561590 1398
1561600 1396
1561610 1394
1561620 1394
1561630 1392
1561640 1389
1561650 1389
1561660 1388
1561670 1386
1561680 1386
1561690 1384
1561700 1383
1561710 1383
1561720 1382
1561730 1381
1561740 1381
1561750 1380
1561760 1379
1561770 1378
1561780 1378
1561790 1376
1561800 1374
1561810 1374
1561820 1372
1561830 1370
1561840 1370
1561850 1368
1561860 1365
1561870 1365
1561880 1363
1561890 1360
1561900 1360
1561910 1358
1561920 1355
1561930 1355
1561940 1351
1561950 1348
1561960 1348
1561970 1345
1561980 1342
1561990 1340
1562000 1340
1562010 1338
1562020 1335
1562030 1335
1562040 1332
1562050 1330
1562060 1330
1562070 1327
1562080 1325
1562090 1325
1562100 1323
1562110 1320
1562120 1320
1562130 1317
1562140 1314
1562150 1314
1562160 1311
1562170 1307
1562180 1307
1562190 1304
1562200 1300
1562210 1295
1562220 1295
1562230 1292
1562240 1288
1562250 1288
1562260 1284
1562270 1279
1562280 1279
1562290 1275
1562300 1271
1562310 1271
1562320 1267
1562330 1263
1562340 1263
1562350 1259
1562360 1255
1562370 1255
1562380 1251
1562390 1246
1562400 1246
1562410 1242
1562420 1239
1562430 1239
1562440 1235
1562450 1231
1562460 1227
1562470 1227
1562480 1223
1562490 1220
1562500 1220
1562510 1217
1562520 1213
1562530 1213
1562540 1208
1562550 1205
1562560 1205
1562570 1203
1562580 1201
1562590 1201
1562600 1197
1562610 1193
1562620 1193
1562630 1189
1562640 1186
1562650 1186
1562660 1183
1562670 1180
1562680 1177
1562690 1177
1562700 1176
1562710 1174
1562720 1174
1562730 1172
1562740 1170
1562750 1170
1562760 1168
1562770 1164
1562780 1164
1562790 1161
1562800 1158
1562810 1158
1562820 1156
1562830 1154
1562840 1154
1562850 1153
1562860 1151
1562870 1151
1562880 1149
1562890 1147
1562900 1147
1562910 1144
1562920 1143
1562930 1140
1562940 1140
1562950 1138
1562960 1137
1562970 1137
1562980 1135
1562990 1133
1563000 1131
1563010 1129
1563020 1127
1563030 1127
1563040 1124
1563050 1120
1563060 1120
1563070 1115
1563080 1116
1563090 1116
1563100 1116
1563110 1116
1563120 1116
1563130 1116
1563140 1115
1563150 1116
1563160 1116
1563170 1114
1563180 1111
1563190 1111
1563200 1108
1563210 1110
1563220 1110
1563230 1112
1563240 1113
1563250 1113
1563260 1114
1563270 1116
1563280 1116
1563290 1118
1563300 1119
1563310 1119
1563320 1121
1563330 1123
1563340 1123
1563350 1125
1563360 1127
1563370 1128
1563380 1128
1563390 1130
1563400 1132
1563410 1132
1563420 1133
1563430 1134
1563440 1134
1563450 1134
1563460 1135
1563470 1135
1563480 1136
1563490 1136
1563500 1136
1563510 1137
1563520 1137
1563530 1137
1563540 1138
1563550 1139
1563560 1139
1563570 1140
1563580 1141
1563590 1141
1563600 1142
1563610 1143
1563620 1145
1563630 1145
1563640 1145
1563650 1146
1563660 1146
1563670 1146
1563680 1146
1563690 1146
1563700 1146
1563710 1146
1563720 1146
1563730 1146
1563740 1145
1563750 1145
1563760 1143
1563770 1142
1563780 1142
1563790 1139
1563800 1136
1563810 1136
1563820 1134
1563830 1133
1563840 1133
1563850 1133
1563860 1131
1563870 1130
1563880 1130
1563890 1130
1563900 1130
1563910 1130
1563920 1131
1563930 1131
1563940 1131
1563950 1131
1563960 1131
1563970 1131
1563980 1131
1563990 1131
1564000 1131
1564010 1131
1564020 1130
1564030 1130
1564040 1129
1564050 1128
1564060 1128
1564070 1128
1564080 1127
1564090 1127
1564100 1127
1564110 1126
1564120 1126
1564130 1126
1564140 1126
1564150 1127
1564160 1127
1564170 1128
1564180 1128
1564190 1128
1564200 1129
1564210 1129
1564220 1129
1564230 1128
1564240 1128
1564250 1128
1564260 1129
1564270 1130
1564280 1130
1564290 1130
1564300 1129
1564310 1128
1564320 1128
1564330 1126
1564340 1125
1564350 1125
1564360 1124
1564370 1123
1564380 1123
1564390 1123
1564400 1124
1564410 1124
1564420 1124
1564430 1125
1564440 1125
1564450 1125
1564460 1125
1564470 1125
1564480 1124
1564490 1123
1564500 1123
1564510 1122
1564520 1123
1564530 1123
1564540 1123
1564550 1124
1564560 1124
1564570 1124
1564580 1124
1564590 1124
1564600 1124
1564610 1120
1564620 1120
1564630 1120
1564640 1120
1564650 1119
1564660 1119
1564670 1118
1564680 1117
1564690 1117
1564700 1117
1564710 1117
1564720 1117
1564730 1117
1564740 1116
1564750 1116
1564760 1115
1564770 1114
1564780 1113
1564790 1113
1564800 1113
1564810 1114
1564820 1114
1564830 1114
1564840 1114
1564850 1114
1564860 1114
1564870 1114
1564880 1114
1564890 1114
1564900 1115
1564910 1115
1564920 1115
1564930 1114
1564940 1114
1564950 1114
1564960 1113
1564970 1113
1564980 1111
1564990 1110
1565000 1110
1565010 1110
1565020 1109
1565030 1108
1565040 1108
1565050 1107
1565060 1106
1565070 1106
1565080 1106
1565090 1105
1565100 1105
1565110 1104
1565120 1103
1565130 1103
1565140 1102
1565150 1100
1565160 1100
1565170 1098
1565180 1097
1565190 1097
1565200 1096
1565210 1093
1565220 1093
1565230 1091
1565240 1089
1565250 1089
1565260 1089
1565270 1088
1565280 1088
1565290 1088
1565300 1088
1565310 1086
1565320 1086
1565330 1085
1565340 1086
1565350 1086
1565360 1085
1565370 1084
1565380 1084
1565390 1083
1565400 1080
1565410 1080
1565420 1077
1565430 1077
1565440 1077
1565450 1076
1565460 1076
1565470 1077
1565480 1077
1565490 1077
1565500 1078
1565510 1078
1565520 1078
1565530 1079
1565540 1079
1565550 1080
1565560 1081
1565570 1081
1565580 1082
1565590 1082
1565600 1082
1565610 1082
1565620 1083
1565630 1083
1565640 1084
1565650 1085
1565660 1085
1565670 1084
1565680 1084
1565690 1084
1565700 1084
1565710 1084
1565720 1085
1565730 1085
1565740 1085
1565750 1085
1565760 1085
1565770 1086
1565780 1086
1565790 1086
1565800 1085
1565810 1083
1565820 1083
1565830 1081
1565840 1082
1565850 1082
1565860 1081
1565870 1081
1565880 1081
1565890 1080
1565900 1079
1565910 1079
1565920 1077
1565930 1075
1565940 1074
1565950 1074
1565960 1076
1565970 1075
1565980 1075
1565990 1074
1566000 1074
1566010 1074
1566020 1073
1566030 1072
1566040 1072
1566050 1071
1566060 1069
1566070 1069
1566080 1068
1566090 1066
1566100 1066
1566110 1064
1566120 1063
1566130 1063
1566140 1061
1566150 1060
1566160 1059
1566170 1059
1566180 1055
1566190 1053
1566200 1053
1566210 1050
1566220 1049
1566230 1049
1566240 1051
1566250 1053
1566260 1053
1566270 1053
1566280 1052
1566290 1052
1566300 1051
1566310 1049
1566320 1049
1566330 1047
1566340 1045
1566350 1045
1566360 1043
1566370 1038
1566380 1038
1566390 1031
1566400 1026
1566410 1022
1566420 1022
1566430 1023
1566440 1024
1566450 1024
1566460 1028
1566470 1032
1566480 1032
1566490 1034
1566500 1033
1566510 1033
1566520 1031
1566530 1031
1566540 1031
1566550 1030
1566560 1029
1566570 1029
1566580 1027
1566590 1025
1566600 1025
1566610 1020
1566620 1016
1566630 1016
1566640 1016
1566650 1018
1566660 1021
1566670 1021
1566680 1020
1566690 1019
1566700 1019
1566710 1018
1566720 1017
1566730 1017
1566740 1016
1566750 1015
1566760 1015
1566770 1014
1566780 1013
1566790 1013
1566800 1011
1566810 1009
1566820 1009
1566830 1007
1566840 1005
1566850 1005
1566860 1003
1566870 1001
1566880 999
1566890 999
1566900 997
1566910 995
1566920 995
1566930 992
1566940 988
1566950 988
1566960 985
1566970 985
1566980 985
1566990 985
1567000 986
1567010 986
1567020 986
1567030 986
1567040 986
1567050 986
1567060 986
1567070 986
1567080 985
1567090 984
1567100 982
1567110 982
1567120 981
1567130 979
1567140 979
1567150 978
1567160 975
1567170 975
1567180 977
1567190 977
1567200 977
1567210 977
1567220 976
1567230 976
1567240 975
1567250 975
1567260 975
1567270 976
1567280 976
1567290 976
1567300 974
1567310 967
1567320 961
1567330 961
1567340 967
1567350 968
1567360 968
1567370 966
1567380 964
1567390 964
1567400 963
1567410 961
1567420 961
1567430 960
1567440 959
1567450 959
1567460 958
1567470 956
1567480 956
1567490 952
1567500 949
1567510 949
1567520 946
1567530 944
1567540 944
1567550 943
1567560 943
1567570 943
1567580 943
1567590 942
1567600 943
1567610 943
1567620 943
1567630 941
1567640 941
1567650 939
1567660 938
1567670 938
1567680 936
1567690 934
1567700 934
1567710 933
1567720 927
1567730 927
1567740 927
1567750 926
1567760 926
1567770 925
1567780 924
1567790 923
1567800 923
1567810 922
1567820 921
1567830 921
1567840 919
1567850 917
1567860 917
1567870 916
1567880 915
1567890 915
1567900 914
1567910 913
1567920 913
1567930 912
1567940 912
1567950 912
1567960 912
1567970 912
1567980 912
1567990 912
1568000 912
1568010 912
1568020 912
1568030 912
1568040 912
1568050 912
1568060 912
1568070 912
1568080 912
1568090 911
1568100 910
1568110 910
1568120 910
1568130 909
1568140 909
1568150 909
1568160 908
1568170 908
1568180 908
1568190 907
1568200 907
1568210 907
1568220 907
1568230 907
1568240 907
1568250 907
1568260 907
1568270 907
1568280 906
1568290 906
1568300 906
1568310 907
1568320 907
1568330 907
1568340 907
1568350 907
1568360 907
1568370 907
1568380 907
1568390 907
1568400 907
1568410 907
1568420 907
1568430 908
1568440 908
1568450 908
1568460 908
1568470 908
1568480 908
1568490 908
1568500 907
1568510 907
1568520 907
1568530 906
1568540 905
1568550 905
1568560 905
1568570 904
1568580 904
1568590 904
1568600 904
1568610 904
1568620 903
1568630 903
1568640 903
1568650 903
1568660 903
1568670 903
1568680 903
1568690 903
1568700 903
1568710 902
1568720 902
1568730 902
1568740 902
1568750 902
1568760 901
1568770 901
1568780 901
1568790 901
1568800 901
1568810 901
1568820 901
1568830 901
1568840 901
1568850 900
1568860 900
1568870 900
1568880 900
1568890 900
1568900 900
1568910 900
1568920 900
1568930 900
1568940 899
1568950 899
1568960 899
1568970 899
1568980 899
1568990 899
1569000 899
1569010 899
1569020 899
1569030 899
1569040 899
1569050 899
1569060 899
1569070 899
1569080 899
1569090 899
1569100 899
1569110 899
1569120 898
1569130 898
1569140 898
1569150 898
1569160 897
1569170 897
1569180 897
1569190 897
1569200 897
1569210 897
1569220 897
1569230 897
1569240 897
1569250 897
1569260 897
1569270 897
1569280 897
1569290 896
1569300 896
1569310 896
1569320 896
1569330 896
1569340 896
1569350 896
1569360 896
1569370 896
1569380 896
1569390 896
1569400 896
1569410 896
1569420 896
1569430 896
1569440 896
1569450 896
1569460 896
1569470 895
1569480 895
1569490 895
1569500 895
1569510 894
1569520 894
1569530 894
1569540 894
1569550 894
1569560 894
1569570 894
1569580 894
1569590 894
1569600 894
1569610 894
1569620 894
1569630 894
1569640 894
1569650 894
1569660 894
1569670 894
1569680 894
1569690 894
1569700 894
1569710 894
1569720 894
1569730 894
1569740 894
1569750 893
1569760 893
1569770 893
1569780 893
1569790 893
1569800 893
1569810 893
1569820 893
1569830 893
1569840 893
1569850 893
1569860 893
1569870 893
1569880 892
1569890 892
1569900 892
1569910 893
1569920 893
1569930 893
1569940 893
1569950 893
1569960 893
1569970 892
1569980 892
1569990 892
1570000 892
1570010 892
1570020 892
1570030 892
1570040 892
1570050 892
1570060 892
1570070 893
1570080 893
1570090 893
1570100 893
1570110 893
1570120 893
1570130 893
1570140 893
1570150 893
1570160 893
1570170 894
1570180 894
1570190 894
1570200 895
1570210 895
1570220 895
1570230 895
1570240 895
1570250 895
1570260 896
1570270 896
1570280 896
1570290 895
1570300 895
1570310 895
1570320 894
1570330 894
1570340 894
1570350 895
1570360 896
1570370 896
1570380 897
1570390 897
1570400 897
1570410 897
1570420 897
1570430 897
1570440 898
1570450 899
1570460 899
1570470 899
1570480 898
1570490 898
1570500 898
1570510 899
1570520 899
1570530 899
1570540 899
1570550 899
1570560 900
1570570 900
1570580 901
1570590 901
1570600 901
1570610 901
1570620 901
1570630 902
1570640 903
1570650 903
1570660 904
1570670 904
1570680 904
1570690 905
1570700 905
1570710 905
1570720 906
1570730 906
1570740 906
1570750 907
1570760 908
1570770 908
1570780 908
1570790 909
1570800 909
1570810 909
1570820 910
1570830 910
1570840 910
1570850 910
1570860 910
1570870 910
1570880 911
1570890 912
1570900 912
1570910 913
1570920 913
1570930 913
1570940 913
1570950 914
1570960 914
1570970 915
1570980 916
1570990 916
1571000 916
1571010 917
1571020 917
1571030 917
1571040 918
1571050 919
1571060 919
1571070 919
1571080 919
1571090 919
1571100 919
1571110 919
1571120 919
1571130 920
1571140 920
1571150 920
1571160 920
1571170 921
1571180 921
1571190 921
1571200 921
1571210 921
1571220 922
1571230 922
1571240 922
1571250 923
1571260 924
1571270 925
1571280 925
1571290 927
1571300 928
1571310 928
1571320 929
1571330 930
1571340 930
1571350 931
1571360 931
1571370 931
1571380 932
1571390 933
1571400 933
1571410 933
1571420 933
1571430 933
1571440 934
1571450 935
1571460 935
1571470 937
1571480 938
1571490 938
1571500 939
1571510 940
1571520 942
1571530 942
1571540 943
1571550 944
1571560 944
1571570 945
1571580 946
1571590 946
1571600 947
1571610 949
1571620 949
1571630 950
1571640 951
1571650 951
1571660 953
1571670 955
1571680 955
1571690 956
1571700 957
1571710 957
1571720 959
1571730 961
1571740 962
1571750 962
1571760 964
1571770 965
1571780 965
1571790 966
1571800 968
1571810 968
1571820 971
1571830 973
1571840 973
1571850 975
1571860 977
1571870 977
1571880 979
1571890 981
1571900 981
1571910 982
1571920 985
1571930 985
1571940 986
1571950 988
1571960 988
1571970 990
1571980 992
1571990 993
1572000 993
1572010 995
1572020 996
1572030 996
1572040 998
1572050 1000
1572060 1000
1572070 1001
1572080 1003
1572090 1003
1572100 1004
1572110 1005
1572120 1005
1572130 1007
1572140 1008
1572150 1008
1572160 1010
1572170 1012
1572180 1012
1572190 1009
1572200 1012
1572210 1014
1572220 1014
1572230 1015
1572240 1017
1572250 1017
1572260 1020
1572270 1023
1572280 1023
1572290 1026
1572300 1029
1572310 1029
1572320 1034
1572330 1039
1572340 1039
1572350 1039
1572360 1041
1572370 1041
1572380 1045
1572390 1050
1572400 1050
1572410 1053
1572420 1055
1572430 1057
1572440 1057
1572450 1059
1572460 1061
1572470 1061
1572480 1062
1572490 1064
1572500 1064
1572510 1066
1572520 1068
1572530 1068
1572540 1070
1572550 1071
1572560 1071
1572570 1073
1572580 1074
1572590 1074
1572600 1075
1572610 1076
1572620 1076
1572630 1077
1572640 1079
1572650 1079
1572660 1079
1572670 1080
1572680 1080
1572690 1080
1572700 1081
1572710 1080
1572720 1080
1572730 1080
1572740 1080
1572750 1080
1572760 1081
1572770 1081
1572780 1081
1572790 1081
1572800 1081
1572810 1081
1572820 1082
1572830 1082
1572840 1082
1572850 1082
1572860 1082
1572870 1082
1572880 1082
1572890 1082
1572900 1082
1572910 1082
1572920 1082
1572930 1082
1572940 1082
1572950 1082
1572960 1082
1572970 1082
1572980 1082
1572990 1082
1573000 1082
1573010 1082
1573020 1082
1573030 1082
1573040 1083
1573050 1083
1573060 1083
1573070 1083
1573080 1083
1573090 1083
1573100 1083
1573110 1083
1573120 1083
1573130 1082
1573140 1082
1573150 1082
1573160 1082
1573170 1082
1573180 1082
1573190 1082
1573200 1083
1573210 1084
1573220 1084
1573230 1085
1573240 1086
1573250 1086
1573260 1087
1573270 1088
1573280 1088
1573290 1090
1573300 1092
1573310 1092
1573320 1092
1573330 1094
1573340 1094
1573350 1099
1573360 1104
1573370 1110
1573380 1110
1573390 1113
1573400 1119
1573410 1119
1573420 1125
1573430 1126
1573440 1126
1573450 1126
1573460 1126
1573470 1126
1573480 1127
1573490 1127
1573500 1127
1573510 1128
1573520 1129
1573530 1129
1573540 1130
1573550 1130
1573560 1130
1573570 1131
1573580 1132
1573590 1132
1573600 1133
1573610 1134
1573620 1136
1573630 1137
1573640 1138
1573650 1139
1573660 1139
1573670 1140
1573680 1141
1573690 1141
1573700 1143
1573710 1144
1573720 1144
1573730 1145
1573740 1146
1573750 1146
1573760 1147
1573770 1148
1573780 1148
1573790 1149
1573800 1149
1573810 1149
1573820 1150
1573830 1151
1573840 1152
1573850 1152
1573860 1152
1573870 1152
1573880 1152
1573890 1153
1573900 1153
1573910 1153
1573920 1153
1573930 1153
1573940 1153
1573950 1152
1573960 1150
1573970 1150
1573980 1147
1573990 1148
1574000 1148
1574010 1146
1574020 1143
1574030 1143
1574040 1141
1574050 1138
1574060 1136
1574070 1136
1574080 1135
1574090 1134
1574100 1134
1574110 1132
1574120 1132
1574130 1132
1574140 1136
1574150 1141
1574160 1141
1574170 1145
1574180 1147
1574190 1147
1574200 1147
1574210 1147
1574220 1147
1574230 1146
1574240 1146
1574250 1146
1574260 1145
1574270 1145
1574280 1145
1574290 1144
1574300 1143
1574310 1141
1574320 1141
1574330 1140
1574340 1138
1574350 1138
1574360 1137
1574370 1136
1574380 1136
1574390 1135
1574400 1135
1574410 1135
1574420 1135
1574430 1135
1574440 1135
1574450 1136
1574460 1136
1574470 1136
1574480 1136
1574490 1135
1574500 1135
1574510 1138
1574520 1141
1574530 1143
1574540 1143
1574550 1145
1574560 1148
1574570 1148
1574580 1150
1574590 1152
1574600 1152
1574610 1154
1574620 1156
1574630 1156
1574640 1158
1574650 1161
1574660 1161
1574670 1164
1574680 1167
1574690 1167
1574700 1171
1574710 1176
1574720 1176
1574730 1179
1574740 1183
1574750 1183
1574760 1187
1574770 1191
1574780 1194
1574790 1194
1574800 1198
1574810 1202
1574820 1202
1574830 1205
1574840 1208
1574850 1208
1574860 1212
1574870 1215
1574880 1215
1574890 1217
1574900 1221
1574910 1221
1574920 1224
1574930 1226
1574940 1226
1574950 1228
1574960 1230
1574970 1230
1574980 1233
1574990 1235
1575000 1237
1575010 1237
1575020 1239
1575030 1241
1575040 1241
1575050 1237
1575060 1239
1575070 1239
1575080 1240
1575090 1241
1575100 1241
1575110 1243
1575120 1245
1575130 1245
1575140 1247
1575150 1249
1575160 1249
1575170 1250
1575180 1252
1575190 1252
1575200 1254
1575210 1255
1575220 1256
1575230 1256
1575240 1257
1575250 1258
1575260 1258
1575270 1258
1575280 1259
1575290 1259
1575300 1260
1575310 1262
1575320 1262
1575330 1264
1575340 1267
1575350 1267
1575360 1270
1575370 1272
1575380 1272
1575390 1273
1575400 1273
1575410 1273
1575420 1274
1575430 1276
1575440 1276
1575450 1277
1575460 1278
1575470 1279
1575480 1279
1575490 1279
1575500 1277
1575510 1277
1575520 1276
1575530 1276
1575540 1276
1575550 1279
1575560 1284
1575570 1284
1575580 1288
1575590 1290
1575600 1290
1575610 1292
1575620 1295
1575630 1295
1575640 1297
1575650 1300
1575660 1300
1575670 1304
1575680 1307
1575690 1311
1575700 1311
1575710 1314
1575720 1318
1575730 1318
1575740 1321
1575750 1324
1575760 1324
1575770 1327
1575780 1330
1575790 1330
1575800 1333
1575810 1337
1575820 1337
1575830 1340
1575840 1343
1575850 1343
1575860 1345
1575870 1348
1575880 1348
1575890 1351
1575900 1354
1575910 1354
1575920 1357
1575930 1360
1575940 1364
1575950 1364
1575960 1366
1575970 1368
1575980 1368
1575990 1370
1576000 1373
1576010 1373
1576020 1375
1576030 1378
1576040 1378
1576050 1380
1576060 1381
1576070 1381
1576080 1381
1576090 1382
1576100 1382
1576110 1382
1576120 1382
1576130 1382
1576140 1382
1576150 1383
1576160 1383
1576170 1383
1576180 1383
1576190 1382
1576200 1382
1576210 1382
1576220 1381
1576230 1381
1576240 1380
1576250 1380
1576260 1380
1576270 1378
1576280 1377
1576290 1377
1576300 1377
1576310 1377
1576320 1377
1576330 1376
1576340 1377
1576350 1377
1576360 1377
1576370 1376
1576380 1376
1576390 1376
1576400 1376
1576410 1376
1576420 1376
1576430 1375
1576440 1376
1576450 1376
1576460 1376
1576470 1375
1576480 1375
1576490 1375
1576500 1375
1576510 1375
1576520 1374
1576530 1374
1576540 1374
1576550 1373
1576560 1372
1576570 1372
1576580 1371
1576590 1370
1576600 1370
1576610 1369
1576620 1368
1576630 1368
1576640 1368
1576650 1367
1576660 1367
1576670 1367
1576680 1366
1576690 1366
1576700 1366
1576710 1366
1576720 1366
1576730 1366
1576740 1366
1576750 1366
1576760 1366
1576770 1366
1576780 1365
1576790 1365
1576800 1365
1576810 1364
1576820 1364
1576830 1363
1576840 1363
1576850 1362
1576860 1362
1576870 1362
1576880 1362
1576890 1362
1576900 1363
1576910 1363
1576920 1363
1576930 1363
1576940 1364
1576950 1364
1576960 1364
1576970 1364
1576980 1364
1576990 1364
1577000 1365
1577010 1365
1577020 1366
1577030 1366
1577040 1366
1577050 1363
1577060 1365
1577070 1365
1577080 1368
1577090 1371
1577100 1374
1577110 1374
1577120 1377
1577130 1380
1577140 1380
1577150 1383
1577160 1385
1577170 1385
1577180 1387
1577190 1389
1577200 1389
1577210 1392
1577220 1395
1577230 1395
1577240 1397
1577250 1399
1577260 1399
1577270 1401
1577280 1403
1577290 1403
1577300 1405
1577310 1407
1577320 1409
1577330 1409
1577340 1411
1577350 1413
1577360 1413
1577370 1416
1577380 1417
1577390 1417
1577400 1419
1577410 1421
1577420 1421
1577430 1423
1577440 1424
1577450 1424
1577460 1426
1577470 1428
1577480 1428
1577490 1429
1577500 1432
1577510 1432
1577520 1434
1577530 1436
1577540 1439
1577550 1439
1577560 1441
1577570 1444
1577580 1444
1577590 1446
1577600 1449
1577610 1449
1577620 1452
1577630 1455
1577640 1455
1577650 1458
1577660 1461
1577670 1461
1577680 1464
1577690 1468
1577700 1468
1577710 1473
1577720 1476
1577730 1476
1577740 1479
1577750 1483
1577760 1483
1577770 1487
1577780 1490
1577790 1494
1577800 1494
1577810 1497
1577820 1500
1577830 1500
1577840 1503
1577850 1506
1577860 1506
1577870 1509
1577880 1511
1577890 1511
1577900 1514
1577910 1516
1577920 1516
1577930 1518
1577940 1520
1577950 1520
1577960 1522
1577970 1524
1577980 1524
1577990 1526
1578000 1529
1578010 1533
1578020 1533
1578030 1536
1578040 1539
1578050 1539
1578060 1543
1578070 1547
1578080 1547
1578090 1551
1578100 1556
1578110 1556
1578120 1560
1578130 1565
1578140 1565
1578150 1570
1578160 1574
1578170 1574
1578180 1576
1578190 1578
1578200 1578
1578210 1580
1578220 1582
1578230 1582
1578240 1585
1578250 1588
1578260 1591
1578270 1591
1578280 1594
1578290 1597
1578300 1597
1578310 1602
1578320 1606
1578330 1606
1578340 1609
1578350 1613
1578360 1613
1578370 1617
1578380 1620
1578390 1620
1578400 1624
1578410 1627
1578420 1627
1578430 1629
1578440 1631
1578450 1631
1578460 1634
1578470 1636
1578480 1639
1578490 1639
1578500 1643
1578510 1647
1578520 1647
1578530 1650
1578540 1649
1578550 1649
1578560 1648
1578570 1647
1578580 1647
1578590 1647
1578600 1647
1578610 1647
1578620 1649
1578630 1652
1578640 1652
1578650 1654
1578660 1656
1578670 1656
1578680 1656
1578690 1655
1578700 1655
1578710 1655
1578720 1654
1578730 1656
1578740 1656
1578750 1658
1578760 1659
1578770 1659
1578780 1659
1578790 1659
1578800 1659
1578810 1659
1578820 1659
1578830 1659
1578840 1659
1578850 1659
1578860 1659
1578870 1659
1578880 1660
1578890 1660
1578900 1662
1578910 1663
1578920 1663
1578930 1663
1578940 1663
1578950 1662
1578960 1662
1578970 1661
1578980 1661
1578990 1661
1579000 1660
1579010 1661
1579020 1661
1579030 1661
1579040 1661
1579050 1661
1579060 1661
1579070 1662
1579080 1662
1579090 1662
1579100 1661
1579110 1661
1579120 1661
1579130 1661
1579140 1661
1579150 1662
1579160 1663
1579170 1658
1579180 1658
1579190 1660
1579200 1663
1579210 1663
1579220 1668
1579230 1668
1579240 1668
1579250 1671
1579260 1675
1579270 1675
1579280 1679
1579290 1682
1579300 1682
1579310 1686
1579320 1690
1579330 1690
1579340 1692
1579350 1694
1579360 1694
1579370 1697
1579380 1700
1579390 1700
1579400 1703
1579410 1706
1579420 1710
1579430 1710
1579440 1713
1579450 1716
1579460 1716
1579470 1720
1579480 1724
1579490 1724
1579500 1727
1579510 1730
1579520 1730
1579530 1734
1579540 1738
1579550 1738
1579560 1741
1579570 1743
1579580 1743
1579590 1746
1579600 1748
1579610 1748
1579620 1750
1579630 1751
1579640 1752
1579650 1752
1579660 1752
1579670 1750
1579680 1750
1579690 1748
1579700 1745
1579710 1745
1579720 1742
1579730 1738
1579740 1738
1579750 1734
1579760 1729
1579770 1729
1579780 1724
1579790 1716
1579800 1716
1579810 1709
1579820 1704
1579830 1704
1579840 1698
1579850 1694
1579860 1694
1579870 1689
1579880 1685
1579890 1681
1579900 1681
1579910 1676
1579920 1670
1579930 1670
1579940 1665
1579950 1660
1579960 1660
1579970 1654
1579980 1649
1579990 1649
