1560000 1227
1560010 1227
1560020 1230
1560030 1232
1560040 1232
1560050 1232
1560060 1233
1560070 1233
1560080 1235
1560090 1237
1560100 1238
1560110 1238
1560120 1240
1560130 1240
1560140 1240
1560150 1240
1560160 1239
1560170 1239
1560180 1238
1560190 1237
1560200 1237
1560210 1236
1560220 1236
1560230 1236
1560240 1235
1560250 1238
1560260 1238
1560270 1238
1560280 1240
1560290 1240
1560300 1242
1560310 1244
1560320 1244
1560330 1245
1560340 1245
1560350 1243
1560360 1243
1560370 1246
1560380 1248
1560390 1248
1560400 1250
1560410 1251
1560420 1251
1560430 1252
1560440 1253
1560450 1253
1560460 1254
1560470 1254
1560480 1254
1560490 1253
1560500 1250
1560510 1250
1560520 1247
1560530 1244
1560540 1244
1560550 1241
1560560 1238
1560570 1234
1560580 1234
1560590 1230
1560600 1222
1560610 1222
1560620 1216
1560630 1218
1560640 1218
1560650 1224
1560660 1228
1560670 1228
1560680 1231
1560690 1232
1560700 1232
1560710 1231
1560720 1232
1560730 1232
1560740 1231
1560750 1230
1560760 1230
1560770 1229
1560780 1229
1560790 1229
1560800 1229
1560810 1228
1560820 1227
1560830 1227
1560840 1227
1560850 1226
1560860 1226
1560870 1226
1560880 1225
1560890 1225
1560900 1225
1560910 1226
1560920 1226
1560930 1226
1560940 1227
1560950 1227
1560960 1227
1560970 1229
1560980 1229
1560990 1232
1561000 1234
1561010 1234
1561020 1234
1561030 1231
1561040 1231
1561050 1229
1561060 1226
1561070 1222
1561080 1222
1561090 1219
1561100 1218
1561110 1218
1561120 1218
1561130 1219
1561140 1219
1561150 1220
1561160 1222
1561170 1222
1561180 1224
1561190 1225
1561200 1225
1561210 1226
1561220 1225
1561230 1225
1561240 1225
1561250 1225
1561260 1225
1561270 1225
1561280 1225
1561290 1225
1561300 1225
1561310 1226
1561320 1227
1561330 1227
1561340 1228
1561350 1228
1561360 1228
1561370 1225
1561380 1221
1561390 1221
1561400 1219
1561410 1227
1561420 1227
1561430 1235
1561440 1243
1561450 1243
1561460 1245
1561470 1247
1561480 1247
1561490 1248
1561500 1248
1561510 1248
1561520 1248
1561530 1247
1561540 1246
1561550 1246
1561560 1247
1561570 1248
1561580 1248
1561590 1249
1561600 1251
1561610 1251
1561620 1253
1561630 1254
1561640 1254
1561650 1255
1561660 1255
1561670 1255
1561680 1257
1561690 1258
1561700 1258
1561710 1259
1561720 1261
1561730 1261
1561740 1263
1561750 1266
1561760 1266
1561770 1267
1561780 1268
1561790 1268
1561800 1268
1561810 1268
1561820 1269
1561830 1269
1561840 1269
1561850 1267
1561860 1267
1561870 1265
1561880 1265
1561890 1265
1561900 1265
1561910 1275
1561920 1275
1561930 1275
1561940 1274
1561950 1274
1561960 1274
1561970 1275
1561980 1275
1561990 1275
1562000 1275
1562010 1276
1562020 1276
1562030 1277
1562040 1278
1562050 1278
1562060 1280
1562070 1281
1562080 1281
1562090 1282
1562100 1283
1562110 1283
1562120 1284
1562130 1284
1562140 1284
1562150 1283
1562160 1284
1562170 1284
1562180 1286
1562190 1287
1562200 1287
1562210 1288
1562220 1289
1562230 1289
1562240 1289
1562250 1289
1562260 1291
1562270 1291
1562280 1290
1562290 1290
1562300 1290
1562310 1288
1562320 1282
1562330 1282
1562340 1275
1562350 1268
1562360 1268
1562370 1259
1562380 1258
1562390 1258
1562400 1262
1562410 1268
1562420 1268
1562430 1274
1562440 1274
1562450 1274
1562460 1274
1562470 1277
1562480 1277
1562490 1281
1562500 1284
1562510 1287
1562520 1287
1562530 1289
1562540 1290
1562550 1290
1562560 1291
1562570 1292
1562580 1292
1562590 1292
1562600 1292
1562610 1292
1562620 1292
1562630 1292
1562640 1292
1562650 1292
1562660 1292
1562670 1292
1562680 1292
1562690 1294
1562700 1294
1562710 1294
1562720 1293
1562730 1292
1562740 1292
1562750 1290
1562760 1288
1562770 1288
1562780 1282
1562790 1276
1562800 1276
1562810 1274
1562820 1279
1562830 1279
1562840 1284
1562850 1290
1562860 1290
1562870 1294
1562880 1298
1562890 1298
1562900 1302
1562910 1305
1562920 1305
1562930 1309
1562940 1314
1562950 1314
1562960 1318
1562970 1321
1562980 1324
1562990 1324
1563000 1326
1563010 1327
1563020 1327
1563030 1326
1563040 1326
1563050 1326
1563060 1327
1563070 1327
1563080 1327
1563090 1328
1563100 1328
1563110 1328
1563120 1327
1563130 1325
1563140 1325
1563150 1321
1563160 1318
1563170 1318
1563180 1314
1563190 1308
1563200 1308
1563210 1301
1563220 1297
1563230 1294
1563240 1294
1563250 1292
1563260 1292
1563270 1292
1563280 1295
1563290 1298
1563300 1298
1563310 1299
1563320 1299
1563330 1299
1563340 1300
1563350 1299
1563360 1299
1563370 1299
1563380 1299
1563390 1299
1563400 1299
1563410 1298
1563420 1298
1563430 1297
1563440 1296
1563450 1294
1563460 1294
1563470 1293
1563480 1294
1563490 1294
1563500 1295
1563510 1296
1563520 1296
1563530 1297
1563540 1303
1563550 1303
1563560 1303
1563570 1303
1563580 1303
1563590 1304
1563600 1305
1563610 1305
1563620 1306
1563630 1306
1563640 1306
1563650 1305
1563660 1305
1563670 1305
1563680 1306
1563690 1307
1563700 1308
1563710 1308
1563720 1305
1563730 1299
1563740 1299
1563750 1293
1563760 1287
1563770 1287
1563780 1287
1563790 1290
1563800 1290
1563810 1289
1563820 1290
1563830 1290
1563840 1289
1563850 1288
1563860 1288
1563870 1287
1563880 1287
1563890 1287
1563900 1287
1563910 1286
1563920 1285
1563930 1285
1563940 1286
1563950 1286
1563960 1286
1563970 1284
1563980 1282
1563990 1282
1564000 1281
1564010 1280
1564020 1280
1564030 1279
1564040 1278
1564050 1278
1564060 1277
1564070 1277
1564080 1277
1564090 1277
1564100 1276
1564110 1276
1564120 1274
1564130 1272
1564140 1272
1564150 1269
1564160 1264
1564170 1260
1564180 1260
1564190 1256
1564200 1254
1564210 1254
1564220 1253
1564230 1251
1564240 1251
1564250 1250
1564260 1247
1564270 1247
1564280 1246
1564290 1250
1564300 1250
1564310 1254
1564320 1256
1564330 1256
1564340 1257
1564350 1257
1564360 1257
1564370 1257
1564380 1255
1564390 1255
1564400 1254
1564410 1257
1564420 1261
1564430 1261
1564440 1263
1564450 1267
1564460 1267
1564470 1271
1564480 1273
1564490 1273
1564500 1276
1564510 1278
1564520 1278
1564530 1280
1564540 1282
1564550 1282
1564560 1283
1564570 1284
1564580 1284
1564590 1285
1564600 1286
1564610 1286
1564620 1288
1564630 1287
1564640 1286
1564650 1286
1564660 1285
1564670 1285
1564680 1285
1564690 1283
1564700 1281
1564710 1281
1564720 1278
1564730 1272
1564740 1272
1564750 1266
1564760 1262
1564770 1262
1564780 1259
1564790 1255
1564800 1255
1564810 1253
1564820 1250
1564830 1250
1564840 1248
1564850 1248
1564860 1248
1564870 1249
1564880 1251
1564890 1252
1564900 1252
1564910 1250
1564920 1249
1564930 1249
1564940 1249
1564950 1248
1564960 1248
1564970 1247
1564980 1246
1564990 1246
1565000 1243
1565010 1239
1565020 1239
1565030 1230
1565040 1223
1565050 1223
1565060 1218
1565070 1215
1565080 1215
1565090 1215
1565100 1215
1565110 1215
1565120 1215
1565130 1223
1565140 1224
1565150 1224
1565160 1221
1565170 1218
1565180 1218
1565190 1216
1565200 1217
1565210 1217
1565220 1220
1565230 1223
1565240 1223
1565250 1224
1565260 1225
1565270 1225
1565280 1228
1565290 1230
1565300 1230
1565310 1233
1565320 1236
1565330 1236
1565340 1238
1565350 1237
1565360 1238
1565370 1238
1565380 1238
1565390 1238
1565400 1238
1565410 1238
1565420 1236
1565430 1236
1565440 1234
1565450 1233
1565460 1233
1565470 1230
1565480 1227
1565490 1227
1565500 1227
1565510 1225
1565520 1225
1565530 1222
1565540 1220
1565550 1220
1565560 1219
1565570 1217
1565580 1217
1565590 1214
1565600 1211
1565610 1207
1565620 1207
1565630 1199
1565640 1190
1565650 1190
1565660 1183
1565670 1176
1565680 1176
1565690 1171
1565700 1164
1565710 1164
1565720 1159
1565730 1154
1565740 1154
1565750 1148
1565760 1133
1565770 1133
1565780 1126
1565790 1132
1565800 1132
1565810 1143
1565820 1148
1565830 1148
1565840 1150
1565850 1151
1565860 1150
1565870 1150
1565880 1151
1565890 1153
1565900 1153
1565910 1158
1565920 1160
1565930 1160
1565940 1160
1565950 1159
1565960 1159
1565970 1159
1565980 1158
1565990 1158
1566000 1157
1566010 1157
1566020 1157
1566030 1157
1566040 1159
1566050 1159
1566060 1159
1566070 1159
1566080 1158
1566090 1158
1566100 1158
1566110 1156
1566120 1156
1566130 1155
1566140 1153
1566150 1153
1566160 1152
1566170 1151
1566180 1151
1566190 1151
1566200 1152
1566210 1152
1566220 1151
1566230 1152
1566240 1152
1566250 1152
1566260 1153
1566270 1153
1566280 1153
1566290 1154
1566300 1154
1566310 1154
1566320 1153
1566330 1146
1566340 1146
1566350 1142
1566360 1145
1566370 1145
1566380 1150
1566390 1151
1566400 1151
1566410 1150
1566420 1150
1566430 1150
1566440 1150
1566450 1149
1566460 1149
1566470 1148
1566480 1146
1566490 1146
1566500 1145
1566510 1144
1566520 1144
1566530 1143
1566540 1143
1566550 1143
1566560 1145
1566570 1147
1566580 1151
1566590 1151
1566600 1155
1566610 1159
1566620 1159
1566630 1163
1566640 1166
1566650 1166
1566660 1172
1566670 1176
1566680 1176
1566690 1180
1566700 1188
1566710 1188
1566720 1193
1566730 1196
1566740 1196
1566750 1199
1566760 1204
1566770 1204
1566780 1209
1566790 1214
1566800 1219
1566810 1219
1566820 1224
1566830 1228
1566840 1228
1566850 1230
1566860 1232
1566870 1232
1566880 1235
1566890 1237
1566900 1237
1566910 1240
1566920 1241
1566930 1241
1566940 1243
1566950 1244
1566960 1244
1566970 1245
1566980 1247
1566990 1247
1567000 1247
1567010 1247
1567020 1247
1567030 1245
1567040 1243
1567050 1243
1567060 1243
1567070 1243
1567080 1243
1567090 1243
1567100 1244
1567110 1244
1567120 1244
1567130 1244
1567140 1241
1567150 1241
1567160 1238
1567170 1236
1567180 1236
1567190 1234
1567200 1234
1567210 1234
1567220 1233
1567230 1234
1567240 1234
1567250 1236
1567260 1233
1567270 1233
1567280 1227
1567290 1222
1567300 1220
1567310 1220
1567320 1220
1567330 1219
1567340 1219
1567350 1217
1567360 1216
1567370 1216
1567380 1217
1567390 1217
1567400 1217
1567410 1218
1567420 1218
1567430 1218
1567440 1218
1567450 1219
1567460 1219
1567470 1220
1567480 1219
1567490 1219
1567500 1218
1567510 1219
1567520 1222
1567530 1222
1567540 1226
1567550 1230
1567560 1230
1567570 1234
1567580 1236
1567590 1236
1567600 1237
1567610 1238
1567620 1238
1567630 1239
1567640 1240
1567650 1240
1567660 1240
1567670 1241
1567680 1241
1567690 1242
1567700 1242
1567710 1242
1567720 1242
1567730 1244
1567740 1244
1567750 1245
1567760 1248
1567770 1252
1567780 1252
1567790 1256
1567800 1261
1567810 1261
1567820 1266
1567830 1271
1567840 1271
1567850 1274
1567860 1275
1567870 1275
1567880 1278
1567890 1280
1567900 1280
1567910 1283
1567920 1286
1567930 1286
1567940 1289
1567950 1292
1567960 1292
1567970 1294
1567980 1296
1567990 1296
1568000 1298
1568010 1299
1568020 1301
1568030 1301
1568040 1302
1568050 1302
1568060 1302
1568070 1302
1568080 1301
1568090 1301
1568100 1301
1568110 1304
1568120 1304
1568130 1304
1568140 1306
1568150 1306
1568160 1308
1568170 1309
1568180 1309
1568190 1307
1568200 1306
1568210 1306
1568220 1306
1568230 1310
1568240 1311
1568250 1311
1568260 1310
1568270 1311
1568280 1311
1568290 1311
1568300 1309
1568310 1309
1568320 1308
1568330 1309
1568340 1309
1568350 1310
1568360 1310
1568370 1310
1568380 1311
1568390 1311
1568400 1311
1568410 1311
1568420 1312
1568430 1312
1568440 1314
1568450 1313
1568460 1313
1568470 1314
1568480 1313
1568490 1313
1568500 1313
1568510 1313
1568520 1313
1568530 1313
1568540 1313
1568550 1313
1568560 1313
1568570 1313
1568580 1312
1568590 1312
1568600 1312
1568610 1312
1568620 1312
1568630 1311
1568640 1311
1568650 1311
1568660 1310
1568670 1310
1568680 1310
1568690 1310
1568700 1308
1568710 1308
1568720 1306
1568730 1304
1568740 1302
1568750 1302
1568760 1300
1568770 1298
1568780 1298
1568790 1295
1568800 1292
1568810 1292
1568820 1290
1568830 1287
1568840 1287
1568850 1285
1568860 1283
1568870 1283
1568880 1281
1568890 1280
1568900 1280
1568910 1278
1568920 1276
1568930 1276
1568940 1273
1568950 1271
1568960 1269
1568970 1269
1568980 1265
1568990 1262
1569000 1262
1569010 1261
1569020 1257
1569030 1257
1569040 1253
1569050 1248
1569060 1248
1569070 1243
1569080 1236
1569090 1236
1569100 1229
1569110 1225
1569120 1225
1569130 1223
1569140 1222
1569150 1222
1569160 1223
1569170 1224
1569180 1224
1569190 1225
1569200 1225
1569210 1227
1569220 1227
1569230 1229
1569240 1232
1569250 1232
1569260 1235
1569270 1237
1569280 1237
1569290 1239
1569300 1239
1569310 1239
1569320 1237
1569330 1237
1569340 1237
1569350 1237
1569360 1238
1569370 1238
1569380 1239
1569390 1240
1569400 1240
1569410 1239
1569420 1236
1569430 1236
1569440 1236
1569450 1239
1569460 1242
1569470 1242
1569480 1246
1569490 1248
1569500 1248
1569510 1249
1569520 1250
1569530 1250
1569540 1251
1569550 1253
1569560 1253
1569570 1254
1569580 1255
1569590 1255
1569600 1254
1569610 1253
1569620 1253
1569630 1251
1569640 1248
1569650 1248
1569660 1245
1569670 1243
1569680 1240
1569690 1240
1569700 1237
1569710 1235
1569720 1235
1569730 1233
1569740 1234
1569750 1234
1569760 1233
1569770 1233
1569780 1233
1569790 1233
1569800 1232
1569810 1232
1569820 1231
1569830 1231
1569840 1231
1569850 1231
1569860 1230
1569870 1230
1569880 1230
1569890 1231
1569900 1231
1569910 1233
1569920 1234
1569930 1235
1569940 1235
1569950 1234
1569960 1233
1569970 1233
1569980 1231
1569990 1229
1570000 1229
1570010 1228
1570020 1227
1570030 1227
1570040 1226
1570050 1225
1570060 1225
1570070 1224
1570080 1223
1570090 1223
1570100 1222
1570110 1221
1570120 1221
1570130 1220
1570140 1219
1570150 1218
1570160 1218
1570170 1216
1570180 1214
1570190 1214
1570200 1212
1570210 1211
1570220 1211
1570230 1209
1570240 1208
1570250 1208
1570260 1207
1570270 1205
1570280 1205
1570290 1204
1570300 1203
1570310 1203
1570320 1201
1570330 1199
1570340 1199
1570350 1197
1570360 1195
1570370 1195
1570380 1192
1570390 1190
1570400 1188
1570410 1188
1570420 1186
1570430 1184
1570440 1184
1570450 1182
1570460 1181
1570470 1181
1570480 1179
1570490 1177
1570500 1177
1570510 1174
1570520 1170
1570530 1170
1570540 1168
1570550 1166
1570560 1166
1570570 1164
1570580 1161
1570590 1161
1570600 1157
1570610 1153
1570620 1153
1570630 1149
1570640 1146
1570650 1144
1570660 1144
1570670 1141
1570680 1136
1570690 1136
1570700 1133
1570710 1133
1570720 1133
1570730 1132
1570740 1130
1570750 1130
1570760 1127
1570770 1124
1570780 1124
1570790 1124
1570800 1125
1570810 1125
1570820 1124
1570830 1124
1570840 1124
1570850 1123
1570860 1121
1570870 1120
1570880 1120
1570890 1119
1570900 1118
1570910 1118
1570920 1117
1570930 1116
1570940 1116
1570950 1115
1570960 1113
1570970 1113
1570980 1112
1570990 1111
1571000 1111
1571010 1111
1571020 1111
1571030 1111
1571040 1112
1571050 1111
1571060 1111
1571070 1108
1571080 1102
1571090 1102
1571100 1098
1571110 1096
1571120 1094
1571130 1094
1571140 1092
1571150 1088
1571160 1088
1571170 1084
1571180 1080
1571190 1080
1571200 1077
1571210 1073
1571220 1079
1571230 1075
1571240 1071
1571250 1071
1571260 1066
1571270 1061
1571280 1061
1571290 1054
1571300 1050
1571310 1050
1571320 1045
1571330 1040
1571340 1040
1571350 1035
1571360 1031
1571370 1028
1571380 1028
1571390 1024
1571400 1022
1571410 1022
1571420 1019
1571430 1017
1571440 1017
1571450 1015
1571460 1012
1571470 1012
1571480 1010
1571490 1007
1571500 1007
1571510 1004
1571520 1002
1571530 1002
1571540 999
1571550 997
1571560 997
1571570 996
1571580 994
1571590 993
1571600 993
1571610 991
1571620 990
1571630 990
1571640 987
1571650 983
1571660 983
1571670 979
1571680 976
1571690 976
1571700 973
1571710 971
1571720 971
1571730 968
1571740 966
1571750 966
1571760 964
1571770 963
1571780 963
1571790 961
1571800 960
1571810 960
1571820 957
1571830 955
1571840 951
1571850 951
1571860 944
1571870 940
1571880 940
1571890 939
1571900 936
1571910 936
1571920 933
1571930 930
1571940 930
1571950 927
1571960 922
1571970 922
1571980 917
1571990 915
1572000 915
1572010 912
1572020 908
1572030 908
1572040 905
1572050 903
1572060 903
1572070 901
1572080 898
1572090 894
1572100 894
1572110 891
1572120 890
1572130 890
1572140 889
1572150 889
1572160 889
1572170 888
1572180 887
1572190 887
1572200 885
1572210 884
1572220 884
1572230 883
1572240 882
1572250 882
1572260 882
1572270 881
1572280 881
1572290 880
1572300 880
1572310 879
1572320 879
1572330 878
1572340 877
1572350 877
1572360 876
1572370 875
1572380 875
1572390 874
1572400 873
1572410 873
1572420 873
1572430 873
1572440 873
1572450 873
1572460 873
1572470 873
1572480 873
1572490 873
1572500 873
1572510 873
1572520 873
1572530 873
1572540 873
1572550 873
1572560 874
1572570 874
1572580 874
1572590 874
1572600 874
1572610 875
1572620 875
1572630 875
1572640 875
1572650 875
1572660 875
1572670 875
1572680 875
1572690 875
1572700 875
1572710 875
1572720 875
1572730 875
1572740 875
1572750 875
1572760 875
1572770 875
1572780 875
1572790 875
1572800 876
1572810 876
1572820 876
1572830 876
1572840 876
1572850 876
1572860 876
1572870 876
1572880 876
1572890 876
1572900 876
1572910 876
1572920 877
1572930 877
1572940 877
1572950 876
1572960 876
1572970 876
1572980 876
1572990 876
1573000 876
1573010 876
1573020 876
1573030 876
1573040 876
1573050 876
1573060 876
1573070 876
1573080 876
1573090 876
1573100 876
1573110 876
1573120 876
1573130 876
1573140 875
1573150 875
1573160 875
1573170 875
1573180 875
1573190 875
1573200 875
1573210 874
1573220 874
1573230 874
1573240 874
1573250 874
1573260 875
1573270 874
1573280 873
1573290 873
1573300 873
1573310 873
1573320 873
1573330 873
1573340 872
1573350 872
1573360 872
1573370 873
1573380 873
1573390 873
1573400 872
1573410 872
1573420 872
1573430 871
1573440 871
1573450 871
1573460 870
1573470 870
1573480 870
1573490 869
1573500 869
1573510 869
1573520 869
1573530 869
1573540 869
1573550 868
1573560 868
1573570 868
1573580 868
1573590 868
1573600 868
1573610 867
1573620 866
1573630 866
1573640 866
1573650 865
1573660 865
1573670 865
1573680 865
1573690 865
1573700 864
1573710 863
1573720 863
1573730 863
1573740 863
1573750 863
1573760 863
1573770 863
1573780 863
1573790 863
1573800 862
1573810 862
1573820 862
1573830 862
1573840 861
1573850 861
1573860 861
1573870 861
1573880 861
1573890 860
1573900 860
1573910 860
1573920 860
1573930 860
1573940 860
1573950 860
1573960 859
1573970 859
1573980 859
1573990 859
1574000 859
1574010 859
1574020 858
1574030 858
1574040 858
1574050 858
1574060 857
1574070 857
1574080 857
1574090 857
1574100 857
1574110 856
1574120 856
1574130 856
1574140 856
1574150 856
1574160 856
1574170 855
1574180 855
1574190 855
1574200 855
1574210 855
1574220 855
1574230 855
1574240 855
1574250 854
1574260 854
1574270 854
1574280 854
1574290 854
1574300 854
1574310 854
1574320 854
1574330 853
1574340 853
1574350 853
1574360 853
1574370 853
1574380 853
1574390 852
1574400 851
1574410 851
1574420 851
1574430 852
1574440 852
1574450 852
1574460 852
1574470 851
1574480 851
1574490 851
1574500 851
1574510 851
1574520 851
1574530 851
1574540 851
1574550 850
1574560 850
1574570 850
1574580 849
1574590 849
1574600 849
1574610 849
1574620 848
1574630 848
1574640 848
1574650 848
1574660 848
1574670 848
1574680 848
1574690 848
1574700 848
1574710 848
1574720 847
1574730 847
1574740 847
1574750 847
1574760 847
1574770 847
1574780 847
1574790 847
1574800 846
1574810 846
1574820 846
1574830 846
1574840 846
1574850 846
1574860 846
1574870 846
1574880 846
1574890 846
1574900 846
1574910 846
1574920 846
1574930 846
1574940 846
1574950 846
1574960 845
1574970 846
1574980 846
1574990 845
1575000 845
1575010 845
1575020 845
1575030 845
1575040 845
1575050 845
1575060 845
1575070 845
1575080 845
1575090 844
1575100 844
1575110 844
1575120 844
1575130 844
1575140 844
1575150 844
1575160 844
1575170 844
1575180 844
1575190 844
1575200 844
1575210 843
1575220 843
1575230 843
1575240 843
1575250 843
1575260 843
1575270 843
1575280 843
1575290 843
1575300 843
1575310 843
1575320 843
1575330 843
1575340 843
1575350 843
1575360 843
1575370 843
1575380 843
1575390 843
1575400 843
1575410 843
1575420 843
1575430 843
1575440 843
1575450 843
1575460 843
1575470 843
1575480 843
1575490 843
1575500 842
1575510 842
1575520 842
1575530 842
1575540 842
1575550 842
1575560 842
1575570 842
1575580 842
1575590 842
1575600 842
1575610 842
1575620 842
1575630 842
1575640 842
1575650 842
1575660 843
1575670 843
1575680 843
1575690 843
1575700 843
1575710 843
1575720 843
1575730 843
1575740 843
1575750 844
1575760 844
1575770 844
1575780 844
1575790 844
1575800 845
1575810 846
1575820 846
1575830 848
1575840 849
1575850 849
1575860 849
1575870 848
1575880 848
1575890 847
1575900 848
1575910 848
1575920 848
1575930 848
1575940 847
1575950 847
1575960 847
1575970 847
1575980 847
1575990 847
1576000 848
1576010 848
1576020 848
1576030 848
1576040 848
1576050 848
1576060 848
1576070 848
1576080 848
1576090 849
1576100 849
1576110 849
1576120 849
1576130 849
1576140 850
1576150 850
1576160 850
1576170 850
1576180 850
1576190 850
1576200 850
1576210 850
1576220 850
1576230 850
1576240 850
1576250 850
1576260 850
1576270 850
1576280 850
1576290 850
1576300 851
1576310 851
1576320 851
1576330 851
1576340 851
1576350 851
1576360 851
1576370 851
1576380 851
1576390 851
1576400 851
1576410 851
1576420 851
1576430 851
1576440 851
1576450 851
1576460 851
1576470 851
1576480 851
1576490 851
1576500 851
1576510 851
1576520 851
1576530 851
1576540 851
1576550 851
1576560 850
1576570 850
1576580 850
1576590 850
1576600 850
1576610 850
1576620 849
1576630 848
1576640 848
1576650 848
1576660 847
1576670 847
1576680 847
1576690 846
1576700 846
1576710 846
1576720 845
1576730 845
1576740 844
1576750 844
1576760 844
1576770 844
1576780 844
1576790 844
1576800 843
1576810 843
1576820 843
1576830 842
1576840 842
1576850 842
1576860 841
1576870 841
1576880 841
1576890 841
1576900 842
1576910 841
1576920 841
1576930 840
1576940 840
1576950 840
1576960 840
1576970 839
1576980 839
1576990 839
1577000 839
1577010 839
1577020 839
1577030 838
1577040 838
1577050 837
1577060 837
1577070 837
1577080 836
1577090 836
1577100 836
1577110 836
1577120 836
1577130 835
1577140 835
1577150 835
1577160 835
1577170 835
1577180 835
1577190 834
1577200 834
1577210 834
1577220 834
1577230 834
1577240 834
1577250 834
1577260 834
1577270 834
1577280 834
1577290 834
1577300 834
1577310 834
1577320 834
1577330 835
1577340 835
1577350 835
1577360 835
1577370 836
1577380 836
1577390 836
1577400 836
1577410 837
1577420 837
1577430 837
1577440 837
1577450 837
1577460 837
1577470 837
1577480 837
1577490 837
1577500 837
1577510 837
1577520 837
1577530 837
1577540 837
1577550 838
1577560 837
1577570 837
1577580 837
1577590 836
1577600 836
1577610 836
1577620 835
1577630 835
1577640 835
1577650 835
1577660 834
1577670 834
1577680 834
1577690 834
1577700 834
1577710 834
1577720 834
1577730 834
1577740 833
1577750 833
1577760 833
1577770 833
1577780 833
1577790 833
1577800 833
1577810 833
1577820 833
1577830 833
1577840 833
1577850 833
1577860 833
1577870 833
1577880 833
1577890 833
1577900 833
1577910 833
1577920 833
1577930 833
1577940 833
1577950 833
1577960 833
1577970 832
1577980 832
1577990 832
1578000 832
1578010 832
1578020 832
1578030 832
1578040 832
1578050 831
1578060 831
1578070 831
1578080 831
1578090 831
1578100 830
1578110 830
1578120 830
1578130 829
1578140 829
1578150 829
1578160 829
1578170 829
1578180 828
1578190 828
1578200 828
1578210 828
1578220 827
1578230 827
1578240 827
1578250 827
1578260 827
1578270 827
1578280 827
1578290 827
1578300 827
1578310 828
1578320 828
1578330 828
1578340 828
1578350 828
1578360 828
1578370 828
1578380 829
1578390 829
1578400 829
1578410 829
1578420 829
1578430 830
1578440 831
1578450 831
1578460 832
1578470 833
1578480 833
1578490 833
1578500 834
1578510 834
1578520 835
1578530 836
1578540 837
1578550 837
1578560 837
1578570 838
1578580 838
1578590 838
1578600 839
1578610 839
1578620 839
1578630 840
1578640 840
1578650 840
1578660 841
1578670 841
1578680 842
1578690 843
1578700 843
1578710 843
1578720 844
1578730 844
1578740 845
1578750 846
1578760 846
1578770 846
1578780 847
1578790 848
1578800 848
1578810 850
1578820 851
1578830 851
1578840 852
1578850 852
1578860 852
1578870 853
1578880 853
1578890 853
1578900 854
1578910 854
1578920 854
1578930 854
1578940 855
1578950 855
1578960 855
1578970 855
1578980 855
1578990 855
1579000 856
1579010 856
1579020 856
1579030 856
1579040 856
1579050 856
1579060 856
1579070 856
1579080 856
1579090 856
1579100 855
1579110 855
1579120 855
1579130 855
1579140 855
1579150 854
1579160 854
1579170 854
1579180 854
1579190 853
1579200 853
1579210 852
1579220 852
1579230 852
1579240 851
1579250 851
1579260 850
1579270 850
1579280 850
1579290 849
1579300 849
1579310 849
1579320 849
1579330 849
1579340 848
1579350 848
1579360 848
1579370 848
1579380 847
1579390 847
1579400 846
1579410 845
1579420 845
1579430 843
1579440 842
1579450 842
1579460 842
1579470 842
1579480 842
1579490 841
1579500 841
1579510 842
1579520 842
1579530 844
1579540 843
1579550 843
1579560 842
1579570 842
1579580 842
1579590 843
1579600 844
1579610 844
1579620 844
1579630 845
1579640 845
1579650 845
1579660 845
1579670 845
1579680 845
1579690 846
1579700 846
1579710 846
1579720 848
1579730 848
1579740 848
1579750 848
1579760 849
1579770 849
1579780 850
1579790 850
1579800 850
1579810 851
1579820 851
1579830 851
1579840 851
1579850 851
1579860 851
1579870 850
1579880 850
1579890 850
1579900 847
1579910 847
1579920 847
1579930 850
1579940 859
1579950 859
1579960 865
1579970 867
1579980 869
1579990 869
