1560000 1214
1560010 1214
1560020 1214
1560030 1213
1560040 1213
1560050 1213
1560060 1214
1560070 1214
1560080 1214
1560090 1214
1560100 1215
1560110 1215
1560120 1215
1560130 1214
1560140 1214
1560150 1214
1560160 1214
1560170 1214
1560180 1214
1560190 1215
1560200 1215
1560210 1215
1560220 1216
1560230 1216
1560240 1215
1560250 1215
1560260 1215
1560270 1215
1560280 1215
1560290 1214
1560300 1214
1560310 1215
1560320 1216
1560330 1216
1560340 1217
1560350 1218
1560360 1218
1560370 1219
1560380 1219
1560390 1219
1560400 1219
1560410 1219
1560420 1219
1560430 1220
1560440 1220
1560450 1220
1560460 1221
1560470 1221
1560480 1221
1560490 1224
1560500 1225
1560510 1225
1560520 1226
1560530 1226
1560540 1227
1560550 1227
1560560 1227
1560570 1226
1560580 1226
1560590 1223
1560600 1217
1560610 1217
1560620 1212
1560630 1208
1560640 1208
1560650 1204
1560660 1203
1560670 1203
1560680 1202
1560690 1201
1560700 1201
1560710 1201
1560720 1200
1560730 1200
1560740 1199
1560750 1198
1560760 1197
1560770 1197
1560780 1197
1560790 1196
1560800 1196
1560810 1196
1560820 1195
1560830 1195
1560840 1194
1560850 1193
1560860 1193
1560870 1192
1560880 1192
1560890 1192
1560900 1190
1560910 1189
1560920 1189
1560930 1188
1560940 1188
1560950 1188
1560960 1189
1560970 1190
1560980 1190
1560990 1190
1561000 1190
1561010 1190
1561020 1190
1561030 1190
1561040 1189
1561050 1189
1561060 1188
1561070 1188
1561080 1188
1561090 1187
1561100 1187
1561110 1187
1561120 1187
1561130 1186
1561140 1186
1561150 1186
1561160 1186
1561170 1186
1561180 1186
1561190 1186
1561200 1186
1561210 1186
1561220 1186
1561230 1186
1561240 1186
1561250 1186
1561260 1186
1561270 1186
1561280 1186
1561290 1186
1561300 1186
1561310 1187
1561320 1187
1561330 1187
1561340 1189
1561350 1190
1561360 1190
1561370 1190
1561380 1187
1561390 1187
1561400 1186
1561410 1185
1561420 1185
1561430 1185
1561440 1184
1561450 1184
1561460 1184
1561470 1185
1561480 1187
1561490 1187
1561500 1189
1561510 1191
1561520 1191
1561530 1193
1561540 1196
1561550 1196
1561560 1197
1561570 1201
1561580 1201
1561590 1204
1561600 1205
1561610 1205
1561620 1206
1561630 1206
1561640 1206
1561650 1206
1561660 1205
1561670 1205
1561680 1204
1561690 1202
1561700 1202
1561710 1202
1561720 1202
1561730 1202
1561740 1202
1561750 1201
1561760 1201
1561770 1201
1561780 1201
1561790 1201
1561800 1201
1561810 1202
1561820 1202
1561830 1202
1561840 1202
1561850 1202
1561860 1202
1561870 1203
1561880 1204
1561890 1204
1561900 1206
1561910 1205
1561920 1205
1561930 1205
1561940 1204
1561950 1204
1561960 1205
1561970 1205
1561980 1206
1561990 1206
1562000 1206
1562010 1207
1562020 1207
1562030 1208
1562040 1209
1562050 1209
1562060 1212
1562070 1214
1562080 1214
1562090 1215
1562100 1215
1562110 1215
1562120 1216
1562130 1218
1562140 1218
1562150 1226
1562160 1228
1562170 1228
1562180 1230
1562190 1229
1562200 1229
1562210 1229
1562220 1229
1562230 1230
1562240 1230
1562250 1231
1562260 1232
1562270 1232
1562280 1232
1562290 1233
1562300 1233
1562310 1233
1562320 1235
1562330 1235
1562340 1237
1562350 1238
1562360 1238
1562370 1239
1562380 1235
1562390 1235
1562400 1229
1562410 1217
1562420 1217
1562430 1201
1562440 1204
1562450 1213
1562460 1213
1562470 1216
1562480 1221
1562490 1221
1562500 1231
1562510 1250
1562520 1250
1562530 1254
1562540 1259
1562550 1259
1562560 1259
1562570 1257
1562580 1257
1562590 1256
1562600 1252
1562610 1252
1562620 1248
1562630 1245
1562640 1245
1562650 1242
1562660 1244
1562670 1247
1562680 1247
1562690 1249
1562700 1250
1562710 1250
1562720 1252
1562730 1254
1562740 1254
1562750 1253
1562760 1252
1562770 1252
1562780 1249
1562790 1244
1562800 1244
1562810 1239
1562820 1242
1562830 1242
1562840 1249
1562850 1253
1562860 1253
1562870 1257
1562880 1261
1562890 1261
1562900 1263
1562910 1265
1562920 1266
1562930 1266
1562940 1267
1562950 1268
1562960 1268
1562970 1269
1562980 1270
1562990 1270
1563000 1271
1563010 1272
1563020 1272
1563030 1273
1563040 1273
1563050 1273
1563060 1273
1563070 1273
1563080 1273
1563090 1273
1563100 1272
1563110 1272
1563120 1272
1563130 1271
1563140 1271
1563150 1270
1563160 1269
1563170 1269
1563180 1269
1563190 1267
1563200 1264
1563210 1264
1563220 1261
1563230 1260
1563240 1260
1563250 1259
1563260 1257
1563270 1257
1563280 1255
1563290 1253
1563300 1253
1563310 1251
1563320 1250
1563330 1250
1563340 1251
1563350 1252
1563360 1252
1563370 1253
1563380 1254
1563390 1255
1563400 1255
1563410 1254
1563420 1254
1563430 1254
1563440 1254
1563450 1254
1563460 1254
1563470 1253
1563480 1252
1563490 1252
1563500 1251
1563510 1251
1563520 1251
1563530 1252
1563540 1251
1563550 1251
1563560 1252
1563570 1253
1563580 1253
1563590 1257
1563600 1261
1563610 1261
1563620 1264
1563630 1267
1563640 1269
1563650 1269
1563660 1270
1563670 1271
1563680 1271
1563690 1272
1563700 1272
1563710 1272
1563720 1274
1563730 1276
1563740 1276
1563750 1273
1563760 1269
1563770 1265
1563780 1262
1563790 1260
1563800 1260
1563810 1257
1563820 1253
1563830 1253
1563840 1247
1563850 1239
1563860 1239
1563870 1233
1563880 1234
1563890 1237
1563900 1237
1563910 1239
1563920 1241
1563930 1241
1563940 1242
1563950 1242
1563960 1242
1563970 1246
1563980 1248
1563990 1248
1564000 1249
1564010 1249
1564020 1249
1564030 1249
1564040 1249
1564050 1249
1564060 1247
1564070 1246
1564080 1246
1564090 1246
1564100 1244
1564110 1242
1564120 1242
1564130 1240
1564140 1237
1564150 1237
1564160 1232
1564170 1226
1564180 1226
1564190 1221
1564200 1218
1564210 1218
1564220 1218
1564230 1218
1564240 1218
1564250 1221
1564260 1224
1564270 1224
1564280 1226
1564290 1228
1564300 1228
1564310 1227
1564320 1225
1564330 1225
1564340 1222
1564350 1219
1564360 1217
1564370 1217
1564380 1216
1564390 1215
1564400 1215
1564410 1216
1564420 1219
1564430 1219
1564440 1222
1564450 1226
1564460 1226
1564470 1230
1564480 1232
1564490 1232
1564500 1235
1564510 1235
1564520 1235
1564530 1234
1564540 1235
1564550 1235
1564560 1236
1564570 1239
1564580 1239
1564590 1241
1564600 1243
1564610 1245
1564620 1245
1564630 1246
1564640 1244
1564650 1244
1564660 1241
1564670 1240
1564680 1240
1564690 1239
1564700 1238
1564710 1238
1564720 1237
1564730 1234
1564740 1234
1564750 1233
1564760 1232
1564770 1232
1564780 1231
1564790 1230
1564800 1230
1564810 1232
1564820 1234
1564830 1234
1564840 1234
1564850 1234
1564860 1232
1564870 1232
1564880 1230
1564890 1225
1564900 1225
1564910 1218
1564920 1213
1564930 1213
1564940 1209
1564950 1207
1564960 1207
1564970 1206
1564980 1205
1564990 1205
1565000 1204
1565010 1204
1565020 1204
1565030 1206
1565040 1204
1565050 1204
1565060 1204
1565070 1204
1565080 1203
1565090 1203
1565100 1202
1565110 1200
1565120 1200
1565130 1198
1565140 1196
1565150 1196
1565160 1195
1565170 1193
1565180 1193
1565190 1192
1565200 1190
1565210 1190
1565220 1188
1565230 1185
1565240 1185
1565250 1184
1565260 1183
1565270 1183
1565280 1183
1565290 1181
1565300 1181
1565310 1179
1565320 1179
1565330 1178
1565340 1178
1565350 1176
1565360 1188
1565370 1188
1565380 1178
1565390 1174
1565400 1174
1565410 1171
1565420 1170
1565430 1170
1565440 1168
1565450 1165
1565460 1165
1565470 1163
1565480 1161
1565490 1161
1565500 1158
1565510 1157
1565520 1157
1565530 1157
1565540 1158
1565550 1161
1565560 1161
1565570 1163
1565580 1166
1565590 1166
1565600 1166
1565610 1166
1565620 1166
1565630 1164
1565640 1161
1565650 1161
1565660 1156
1565670 1151
1565680 1151
1565690 1147
1565700 1142
1565710 1142
1565720 1138
1565730 1134
1565740 1134
1565750 1130
1565760 1127
1565770 1127
1565780 1120
1565790 1114
1565800 1108
1565810 1108
1565820 1098
1565830 1087
1565840 1087
1565850 1080
1565860 1076
1565870 1076
1565880 1079
1565890 1089
1565900 1089
1565910 1098
1565920 1105
1565930 1105
1565940 1116
1565950 1119
1565960 1119
1565970 1119
1565980 1119
1565990 1119
1566000 1119
1566010 1118
1566020 1118
1566030 1117
1566040 1115
1566050 1115
1566060 1115
1566070 1114
1566080 1114
1566090 1114
1566100 1115
1566110 1118
1566120 1118
1566130 1121
1566140 1124
1566150 1124
1566160 1124
1566170 1123
1566180 1123
1566190 1122
1566200 1121
1566210 1121
1566220 1120
1566230 1120
1566240 1120
1566250 1118
1566260 1117
1566270 1115
1566280 1115
1566290 1115
1566300 1114
1566310 1114
1566320 1114
1566330 1113
1566340 1113
1566350 1109
1566360 1098
1566370 1098
1566380 1086
1566390 1082
1566400 1082
1566410 1093
1566420 1105
1566430 1105
1566440 1109
1566450 1109
1566460 1109
1566470 1109
1566480 1110
1566490 1110
1566500 1109
1566510 1110
1566520 1111
1566530 1111
1566540 1113
1566550 1114
1566560 1114
1566570 1117
1566580 1122
1566590 1122
1566600 1128
1566610 1134
1566620 1134
1566630 1139
1566640 1144
1566650 1144
1566660 1150
1566670 1155
1566680 1155
1566690 1158
1566700 1160
1566710 1160
1566720 1165
1566730 1171
1566740 1177
1566750 1177
1566760 1183
1566770 1187
1566780 1187
1566790 1190
1566800 1194
1566810 1194
1566820 1198
1566830 1201
1566840 1201
1566850 1203
1566860 1205
1566870 1205
1566880 1206
1566890 1207
1566900 1207
1566910 1206
1566920 1212
1566930 1212
1566940 1212
1566950 1212
1566960 1212
1566970 1212
1566980 1212
1566990 1213
1567000 1213
1567010 1213
1567020 1213
1567030 1213
1567040 1213
1567050 1213
1567060 1213
1567070 1213
1567080 1212
1567090 1212
1567100 1211
1567110 1210
1567120 1210
1567130 1208
1567140 1206
1567150 1206
1567160 1205
1567170 1206
1567180 1206
1567190 1206
1567200 1203
1567210 1203
1567220 1202
1567230 1201
1567240 1200
1567250 1200
1567260 1199
1567270 1198
1567280 1198
1567290 1195
1567300 1194
1567310 1194
1567320 1192
1567330 1188
1567340 1188
1567350 1184
1567360 1183
1567370 1183
1567380 1182
1567390 1184
1567400 1184
1567410 1185
1567420 1185
1567430 1185
1567440 1185
1567450 1185
1567460 1184
1567470 1184
1567480 1184
1567490 1184
1567500 1184
1567510 1184
1567520 1185
1567530 1185
1567540 1189
1567550 1194
1567560 1194
1567570 1202
1567580 1206
1567590 1206
1567600 1210
1567610 1212
1567620 1212
1567630 1214
1567640 1215
1567650 1215
1567660 1217
1567670 1218
1567680 1218
1567690 1219
1567700 1221
1567710 1224
1567720 1224
1567730 1226
1567740 1227
1567750 1227
1567760 1229
1567770 1231
1567780 1231
1567790 1235
1567800 1237
1567810 1237
1567820 1238
1567830 1240
1567840 1240
1567850 1243
1567860 1246
1567870 1246
1567880 1248
1567890 1250
1567900 1250
1567910 1252
1567920 1255
1567930 1255
1567940 1257
1567950 1257
1567960 1258
1567970 1258
1567980 1258
1567990 1259
1568000 1259
1568010 1261
1568020 1263
1568030 1263
1568040 1264
1568050 1265
1568060 1265
1568070 1265
1568080 1265
1568090 1265
1568100 1265
1568110 1265
1568120 1265
1568130 1265
1568140 1266
1568150 1266
1568160 1267
1568170 1269
1568180 1271
1568190 1271
1568200 1273
1568210 1274
1568220 1274
1568230 1275
1568240 1276
1568250 1276
1568260 1276
1568270 1279
1568280 1279
1568290 1278
1568300 1277
1568310 1277
1568320 1276
1568330 1275
1568340 1275
1568350 1275
1568360 1274
1568370 1274
1568380 1274
1568390 1274
1568400 1274
1568410 1275
1568420 1275
1568430 1276
1568440 1276
1568450 1282
1568460 1282
1568470 1282
1568480 1281
1568490 1281
1568500 1281
1568510 1282
1568520 1282
1568530 1282
1568540 1282
1568550 1282
1568560 1282
1568570 1281
1568580 1281
1568590 1281
1568600 1282
1568610 1281
1568620 1281
1568630 1281
1568640 1280
1568650 1280
1568660 1280
1568670 1279
1568680 1279
1568690 1279
1568700 1278
1568710 1277
1568720 1277
1568730 1276
1568740 1276
1568750 1276
1568760 1275
1568770 1274
1568780 1274
1568790 1273
1568800 1272
1568810 1272
1568820 1270
1568830 1269
1568840 1269
1568850 1266
1568860 1264
1568870 1264
1568880 1261
1568890 1258
1568900 1255
1568910 1255
1568920 1254
1568930 1252
1568940 1252
1568950 1251
1568960 1248
1568970 1248
1568980 1244
1568990 1241
1569000 1241
1569010 1239
1569020 1236
1569030 1236
1569040 1234
1569050 1231
1569060 1231
1569070 1228
1569080 1226
1569090 1226
1569100 1223
1569110 1220
1569120 1220
1569130 1216
1569140 1209
1569150 1203
1569160 1203
1569170 1198
1569180 1195
1569190 1195
1569200 1193
1569210 1192
1569220 1192
1569230 1193
1569240 1194
1569250 1194
1569260 1196
1569270 1199
1569280 1199
1569290 1201
1569300 1202
1569310 1202
1569320 1203
1569330 1204
1569340 1204
1569350 1204
1569360 1205
1569370 1205
1569380 1206
1569390 1205
1569400 1203
1569410 1203
1569420 1201
1569430 1197
1569440 1197
1569450 1192
1569460 1193
1569470 1193
1569480 1198
1569490 1203
1569500 1203
1569510 1208
1569520 1213
1569530 1213
1569540 1215
1569550 1216
1569560 1216
1569570 1217
1569580 1217
1569590 1217
1569600 1216
1569610 1215
1569620 1216
1569630 1216
1569640 1216
1569650 1216
1569660 1216
1569670 1216
1569680 1216
1569690 1216
1569700 1216
1569710 1216
1569720 1216
1569730 1216
1569740 1215
1569750 1215
1569760 1214
1569770 1213
1569780 1213
1569790 1211
1569800 1208
1569810 1208
1569820 1208
1569830 1210
1569840 1210
1569850 1212
1569860 1212
1569870 1212
1569880 1212
1569890 1211
1569900 1210
1569910 1210
1569920 1210
1569930 1209
1569940 1209
1569950 1212
1569960 1211
1569970 1211
1569980 1211
1569990 1210
1570000 1210
1570010 1211
1570020 1211
1570030 1211
1570040 1211
1570050 1212
1570060 1212
1570070 1212
1570080 1213
1570090 1212
1570100 1212
1570110 1210
1570120 1209
1570130 1209
1570140 1209
1570150 1210
1570160 1210
1570170 1209
1570180 1208
1570190 1208
1570200 1205
1570210 1203
1570220 1203
1570230 1200
1570240 1197
1570250 1197
1570260 1193
1570270 1190
1570280 1190
1570290 1189
1570300 1187
1570310 1187
1570320 1185
1570330 1182
1570340 1179
1570350 1179
1570360 1176
1570370 1173
1570380 1173
1570390 1170
1570400 1166
1570410 1166
1570420 1161
1570430 1158
1570440 1158
1570450 1155
1570460 1152
1570470 1152
1570480 1148
1570490 1145
1570500 1145
1570510 1143
1570520 1140
1570530 1140
1570540 1138
1570550 1136
1570560 1136
1570570 1133
1570580 1129
1570590 1123
1570600 1123
1570610 1116
1570620 1112
1570630 1112
1570640 1103
1570650 1104
1570660 1104
1570670 1104
1570680 1101
1570690 1101
1570700 1098
1570710 1094
1570720 1094
1570730 1089
1570740 1092
1570750 1092
1570760 1092
1570770 1093
1570780 1093
1570790 1091
1570800 1090
1570810 1087
1570820 1087
1570830 1084
1570840 1081
1570850 1081
1570860 1081
1570870 1081
1570880 1081
1570890 1079
1570900 1078
1570910 1078
1570920 1078
1570930 1077
1570940 1077
1570950 1075
1570960 1071
1570970 1071
1570980 1068
1570990 1063
1571000 1063
1571010 1058
1571020 1056
1571030 1056
1571040 1055
1571050 1053
1571060 1050
1571070 1050
1571080 1048
1571090 1045
1571100 1045
1571110 1044
1571120 1043
1571130 1043
1571140 1043
1571150 1040
1571160 1040
1571170 1038
1571180 1035
1571190 1035
1571200 1033
1571210 1030
1571220 1030
1571230 1025
1571240 1019
1571250 1019
1571260 1014
1571270 1009
1571280 1009
1571290 1006
1571300 1004
1571310 1001
1571320 1001
1571330 998
1571340 996
1571350 996
1571360 995
1571370 994
1571380 994
1571390 990
1571400 985
1571410 985
1571420 988
1571430 984
1571440 984
1571450 980
1571460 979
1571470 979
1571480 978
1571490 976
1571500 976
1571510 975
1571520 973
1571530 972
1571540 972
1571550 970
1571560 969
1571570 969
1571580 967
1571590 965
1571600 965
1571610 962
1571620 959
1571630 959
1571640 957
1571650 954
1571660 954
1571670 949
1571680 945
1571690 945
1571700 943
1571710 942
1571720 942
1571730 940
1571740 936
1571750 936
1571760 932
1571770 927
1571780 919
1571790 919
1571800 914
1571810 912
1571820 912
1571830 910
1571840 906
1571850 906
1571860 905
1571870 901
1571880 901
1571890 898
1571900 896
1571910 896
1571920 894
1571930 892
1571940 892
1571950 891
1571960 889
1571970 889
1571980 888
1571990 887
1572000 887
1572010 886
1572020 885
1572030 884
1572040 884
1572050 883
1572060 882
1572070 882
1572080 881
1572090 881
1572100 881
1572110 880
1572120 879
1572130 879
1572140 878
1572150 877
1572160 877
1572170 876
1572180 875
1572190 875
1572200 875
1572210 874
1572220 874
1572230 873
1572240 872
1572250 871
1572260 871
1572270 871
1572280 871
1572290 871
1572300 871
1572310 870
1572320 870
1572330 870
1572340 870
1572350 870
1572360 870
1572370 870
1572380 870
1572390 870
1572400 870
1572410 870
1572420 870
1572430 870
1572440 870
1572450 870
1572460 871
1572470 871
1572480 871
1572490 871
1572500 871
1572510 871
1572520 870
1572530 870
1572540 870
1572550 870
1572560 871
1572570 871
1572580 871
1572590 871
1572600 871
1572610 871
1572620 871
1572630 871
1572640 871
1572650 871
1572660 871
1572670 871
1572680 872
1572690 872
1572700 872
1572710 871
1572720 871
1572730 871
1572740 871
1572750 871
1572760 871
1572770 871
1572780 871
1572790 871
1572800 871
1572810 871
1572820 871
1572830 871
1572840 871
1572850 871
1572860 871
1572870 872
1572880 872
1572890 873
1572900 872
1572910 872
1572920 872
1572930 872
1572940 872
1572950 872
1572960 872
1572970 873
1572980 873
1572990 872
1573000 872
1573010 872
1573020 872
1573030 872
1573040 872
1573050 871
1573060 871
1573070 871
1573080 871
1573090 871
1573100 871
1573110 871
1573120 871
1573130 871
1573140 871
1573150 871
1573160 871
1573170 871
1573180 870
1573190 870
1573200 870
1573210 871
1573220 870
1573230 870
1573240 870
1573250 870
1573260 870
1573270 870
1573280 869
1573290 869
1573300 869
1573310 869
1573320 869
1573330 869
1573340 869
1573350 869
1573360 869
1573370 868
1573380 868
1573390 869
1573400 869
1573410 869
1573420 869
1573430 868
1573440 868
1573450 868
1573460 867
1573470 867
1573480 867
1573490 867
1573500 867
1573510 867
1573520 867
1573530 866
1573540 866
1573550 866
1573560 865
1573570 865
1573580 865
1573590 864
1573600 864
1573610 864
1573620 864
1573630 864
1573640 864
1573650 863
1573660 863
1573670 863
1573680 863
1573690 863
1573700 863
1573710 863
1573720 862
1573730 862
1573740 862
1573750 862
1573760 862
1573770 861
1573780 861
1573790 861
1573800 860
1573810 860
1573820 860
1573830 860
1573840 860
1573850 860
1573860 859
1573870 859
1573880 859
1573890 859
1573900 859
1573910 859
1573920 859
1573930 859
1573940 858
1573950 858
1573960 858
1573970 858
1573980 858
1573990 857
1574000 857
1574010 857
1574020 857
1574030 857
1574040 857
1574050 857
1574060 856
1574070 856
1574080 856
1574090 856
1574100 856
1574110 855
1574120 855
1574130 855
1574140 855
1574150 855
1574160 855
1574170 855
1574180 855
1574190 854
1574200 854
1574210 854
1574220 854
1574230 854
1574240 853
1574250 853
1574260 853
1574270 853
1574280 853
1574290 853
1574300 853
1574310 853
1574320 853
1574330 852
1574340 852
1574350 852
1574360 852
1574370 852
1574380 852
1574390 852
1574400 852
1574410 851
1574420 851
1574430 851
1574440 851
1574450 851
1574460 851
1574470 850
1574480 850
1574490 850
1574500 850
1574510 850
1574520 850
1574530 850
1574540 850
1574550 850
1574560 849
1574570 849
1574580 849
1574590 849
1574600 849
1574610 849
1574620 848
1574630 848
1574640 848
1574650 848
1574660 848
1574670 848
1574680 847
1574690 847
1574700 847
1574710 847
1574720 847
1574730 847
1574740 847
1574750 847
1574760 847
1574770 847
1574780 847
1574790 847
1574800 846
1574810 846
1574820 846
1574830 846
1574840 846
1574850 846
1574860 846
1574870 846
1574880 846
1574890 846
1574900 846
1574910 846
1574920 846
1574930 846
1574940 845
1574950 845
1574960 845
1574970 845
1574980 845
1574990 845
1575000 845
1575010 845
1575020 845
1575030 845
1575040 845
1575050 845
1575060 844
1575070 844
1575080 844
1575090 844
1575100 844
1575110 844
1575120 844
1575130 844
1575140 844
1575150 844
1575160 843
1575170 843
1575180 843
1575190 843
1575200 843
1575210 843
1575220 843
1575230 843
1575240 843
1575250 843
1575260 843
1575270 843
1575280 843
1575290 843
1575300 843
1575310 843
1575320 843
1575330 842
1575340 842
1575350 842
1575360 842
1575370 842
1575380 842
1575390 842
1575400 842
1575410 842
1575420 842
1575430 841
1575440 842
1575450 842
1575460 842
1575470 842
1575480 842
1575490 842
1575500 842
1575510 842
1575520 842
1575530 841
1575540 841
1575550 841
1575560 841
1575570 841
1575580 841
1575590 841
1575600 841
1575610 841
1575620 841
1575630 841
1575640 841
1575650 841
1575660 841
1575670 841
1575680 841
1575690 841
1575700 841
1575710 842
1575720 842
1575730 842
1575740 843
1575750 843
1575760 843
1575770 844
1575780 844
1575790 844
1575800 844
1575810 844
1575820 844
1575830 844
1575840 844
1575850 845
1575860 845
1575870 845
1575880 845
1575890 845
1575900 844
1575910 844
1575920 844
1575930 845
1575940 845
1575950 845
1575960 844
1575970 845
1575980 845
1575990 845
1576000 845
1576010 845
1576020 844
1576030 844
1576040 844
1576050 844
1576060 845
1576070 845
1576080 845
1576090 845
1576100 846
1576110 846
1576120 846
1576130 846
1576140 846
1576150 846
1576160 846
1576170 846
1576180 846
1576190 847
1576200 847
1576210 846
1576220 846
1576230 846
1576240 846
1576250 846
1576260 846
1576270 846
1576280 846
1576290 846
1576300 846
1576310 846
1576320 846
1576330 846
1576340 846
1576350 846
1576360 846
1576370 846
1576380 846
1576390 846
1576400 846
1576410 846
1576420 846
1576430 846
1576440 846
1576450 846
1576460 847
1576470 847
1576480 847
1576490 847
1576500 847
1576510 847
1576520 847
1576530 846
1576540 846
1576550 846
1576560 846
1576570 846
1576580 846
1576590 846
1576600 846
1576610 846
1576620 846
1576630 846
1576640 846
1576650 846
1576660 845
1576670 845
1576680 844
1576690 844
1576700 844
1576710 844
1576720 843
1576730 843
1576740 843
1576750 843
1576760 843
1576770 842
1576780 842
1576790 842
1576800 841
1576810 841
1576820 840
1576830 840
1576840 840
1576850 840
1576860 840
1576870 840
1576880 839
1576890 839
1576900 839
1576910 839
1576920 839
1576930 839
1576940 838
1576950 838
1576960 838
1576970 838
1576980 838
1576990 837
1577000 837
1577010 837
1577020 837
1577030 836
1577040 836
1577050 836
1577060 836
1577070 836
1577080 836
1577090 835
1577100 835
1577110 835
1577120 835
1577130 834
1577140 834
1577150 834
1577160 834
1577170 834
1577180 834
1577190 833
1577200 833
1577210 833
1577220 832
1577230 832
1577240 832
1577250 832
1577260 832
1577270 832
1577280 832
1577290 832
1577300 832
1577310 832
1577320 832
1577330 832
1577340 832
1577350 832
1577360 832
1577370 831
1577380 831
1577390 831
1577400 832
1577410 832
1577420 832
1577430 832
1577440 832
1577450 832
1577460 833
1577470 834
1577480 834
1577490 834
1577500 834
1577510 834
1577520 834
1577530 833
1577540 832
1577550 832
1577560 832
1577570 832
1577580 832
1577590 832
1577600 831
1577610 831
1577620 831
1577630 831
1577640 831
1577650 831
1577660 831
1577670 831
1577680 831
1577690 831
1577700 831
1577710 831
1577720 831
1577730 831
1577740 829
1577750 829
1577760 829
1577770 829
1577780 829
1577790 829
1577800 829
1577810 830
1577820 830
1577830 830
1577840 830
1577850 831
1577860 831
1577870 831
1577880 832
1577890 832
1577900 832
1577910 832
1577920 832
1577930 831
1577940 831
1577950 831
1577960 830
1577970 830
1577980 830
1577990 830
1578000 829
1578010 829
1578020 829
1578030 829
1578040 829
1578050 829
1578060 829
1578070 829
1578080 829
1578090 829
1578100 828
1578110 828
1578120 828
1578130 828
1578140 828
1578150 828
1578160 827
1578170 827
1578180 827
1578190 827
1578200 827
1578210 827
1578220 827
1578230 827
1578240 827
1578250 826
1578260 826
1578270 826
1578280 826
1578290 826
1578300 826
1578310 826
1578320 826
1578330 826
1578340 826
1578350 826
1578360 826
1578370 826
1578380 826
1578390 826
1578400 826
1578410 826
1578420 826
1578430 825
1578440 825
1578450 825
1578460 826
1578470 826
1578480 826
1578490 826
1578500 826
1578510 827
1578520 827
1578530 827
1578540 828
1578550 828
1578560 828
1578570 829
1578580 829
1578590 828
1578600 829
1578610 829
1578620 829
1578630 828
1578640 828
1578650 826
1578660 826
1578670 826
1578680 826
1578690 826
1578700 826
1578710 826
1578720 826
1578730 826
1578740 826
1578750 826
1578760 826
1578770 826
1578780 826
1578790 826
1578800 826
1578810 826
1578820 826
1578830 826
1578840 826
1578850 825
1578860 825
1578870 825
1578880 825
1578890 825
1578900 826
1578910 826
1578920 826
1578930 825
1578940 825
1578950 825
1578960 825
1578970 827
1578980 827
1578990 827
1579000 827
1579010 828
1579020 828
1579030 829
1579040 830
1579050 830
1579060 831
1579070 832
1579080 832
1579090 833
1579100 834
1579110 834
1579120 835
1579130 837
1579140 837
1579150 839
1579160 839
1579170 839
1579180 839
1579190 839
1579200 840
1579210 840
1579220 841
1579230 842
1579240 842
1579250 844
1579260 845
1579270 845
1579280 847
1579290 848
1579300 848
1579310 848
1579320 848
1579330 848
1579340 848
1579350 848
1579360 848
1579370 847
1579380 847
1579390 847
1579400 847
1579410 846
1579420 846
1579430 844
1579440 841
1579450 839
1579460 839
1579470 837
1579480 837
1579490 837
1579500 836
1579510 836
1579520 836
1579530 834
1579540 832
1579550 832
1579560 833
1579570 833
1579580 833
1579590 834
1579600 834
1579610 834
1579620 834
1579630 834
1579640 834
1579650 834
1579660 834
1579670 835
1579680 835
1579690 835
1579700 835
1579710 835
1579720 835
1579730 834
1579740 834
1579750 834
1579760 835
1579770 835
1579780 835
1579790 835
1579800 835
1579810 838
1579820 839
1579830 839
1579840 839
1579850 840
1579860 840
1579870 840
1579880 840
1579890 840
1579900 840
1579910 839
1579920 839
1579930 839
1579940 840
1579950 840
1579960 840
1579970 840
1579980 840
1579990 840
