1560000 1186
1560010 1187
1560020 1187
1560030 1187
1560040 1187
1560050 1187
1560060 1187
1560070 1187
1560080 1187
1560090 1187
1560100 1187
1560110 1188
1560120 1188
1560130 1188
1560140 1188
1560150 1188
1560160 1188
1560170 1188
1560180 1188
1560190 1188
1560200 1187
1560210 1187
1560220 1187
1560230 1186
1560240 1186
1560250 1183
1560260 1182
1560270 1182
1560280 1182
1560290 1181
1560300 1181
1560310 1181
1560320 1181
1560330 1180
1560340 1180
1560350 1181
1560360 1181
1560370 1181
1560380 1181
1560390 1182
1560400 1182
1560410 1184
1560420 1186
1560430 1186
1560440 1187
1560450 1188
1560460 1188
1560470 1189
1560480 1190
1560490 1190
1560500 1191
1560510 1191
1560520 1191
1560530 1194
1560540 1195
1560550 1195
1560560 1195
1560570 1195
1560580 1196
1560590 1196
1560600 1196
1560610 1196
1560620 1196
1560630 1196
1560640 1195
1560650 1195
1560660 1194
1560670 1194
1560680 1194
1560690 1193
1560700 1193
1560710 1193
1560720 1193
1560730 1193
1560740 1193
1560750 1192
1560760 1193
1560770 1193
1560780 1194
1560790 1194
1560800 1194
1560810 1196
1560820 1198
1560830 1200
1560840 1200
1560850 1202
1560860 1204
1560870 1204
1560880 1206
1560890 1208
1560900 1208
1560910 1210
1560920 1212
1560930 1212
1560940 1213
1560950 1214
1560960 1214
1560970 1215
1560980 1216
1560990 1216
1561000 1217
1561010 1218
1561020 1218
1561030 1219
1561040 1220
1561050 1221
1561060 1221
1561070 1222
1561080 1222
1561090 1222
1561100 1223
1561110 1223
1561120 1223
1561130 1224
1561140 1224
1561150 1224
1561160 1224
1561170 1223
1561180 1223
1561190 1223
1561200 1223
1561210 1223
1561220 1223
1561230 1223
1561240 1223
1561250 1222
1561260 1222
1561270 1222
1561280 1222
1561290 1222
1561300 1222
1561310 1222
1561320 1222
1561330 1223
1561340 1223
1561350 1226
1561360 1228
1561370 1228
1561380 1231
1561390 1234
1561400 1234
1561410 1237
1561420 1240
1561430 1240
1561440 1244
1561450 1248
1561460 1248
1561470 1251
1561480 1254
1561490 1254
1561500 1257
1561510 1260
1561520 1260
1561530 1263
1561540 1266
1561550 1269
1561560 1269
1561570 1272
1561580 1275
1561590 1275
1561600 1277
1561610 1278
1561620 1278
1561630 1277
1561640 1276
1561650 1276
1561660 1276
1561670 1277
1561680 1277
1561690 1279
1561700 1282
1561710 1282
1561720 1284
1561730 1284
1561740 1284
1561750 1284
1561760 1284
1561770 1284
1561780 1284
1561790 1284
1561800 1284
1561810 1284
1561820 1284
1561830 1283
1561840 1283
1561850 1282
1561860 1280
1561870 1280
1561880 1279
1561890 1278
1561900 1278
1561910 1272
1561920 1270
1561930 1270
1561940 1268
1561950 1266
1561960 1266
1561970 1263
1561980 1261
1561990 1261
1562000 1259
1562010 1259
1562020 1259
1562030 1259
1562040 1259
1562050 1259
1562060 1259
1562070 1257
1562080 1255
1562090 1255
1562100 1253
1562110 1252
1562120 1252
1562130 1252
1562140 1250
1562150 1250
1562160 1248
1562170 1246
1562180 1246
1562190 1245
1562200 1244
1562210 1244
1562220 1244
1562230 1242
1562240 1240
1562250 1240
1562260 1238
1562270 1236
1562280 1236
1562290 1234
1562300 1229
1562310 1229
1562320 1224
1562330 1224
1562340 1224
1562350 1223
1562360 1222
1562370 1222
1562380 1220
1562390 1218
1562400 1218
1562410 1216
1562420 1211
1562430 1211
1562440 1207
1562450 1202
1562460 1202
1562470 1196
1562480 1192
1562490 1191
1562500 1191
1562510 1188
1562520 1184
1562530 1184
1562540 1182
1562550 1182
1562560 1182
1562570 1182
1562580 1182
1562590 1182
1562600 1179
1562610 1173
1562620 1173
1562630 1167
1562640 1161
1562650 1161
1562660 1155
1562670 1151
1562680 1151
1562690 1146
1562700 1139
1562710 1139
1562720 1133
1562730 1129
1562740 1127
1562750 1127
1562760 1125
1562770 1121
1562780 1121
1562790 1117
1562800 1115
1562810 1115
1562820 1114
1562830 1112
1562840 1112
1562850 1110
1562860 1108
1562870 1108
1562880 1108
1562890 1107
1562900 1107
1562910 1106
1562920 1104
1562930 1104
1562940 1103
1562950 1101
1562960 1098
1562970 1098
1562980 1096
1562990 1095
1563000 1095
1563010 1094
1563020 1093
1563030 1093
1563040 1092
1563050 1091
1563060 1091
1563070 1090
1563080 1089
1563090 1089
1563100 1089
1563110 1088
1563120 1088
1563130 1087
1563140 1087
1563150 1087
1563160 1086
1563170 1085
1563180 1085
1563190 1085
1563200 1084
1563210 1083
1563220 1083
1563230 1083
1563240 1083
1563250 1083
1563260 1083
1563270 1081
1563280 1081
1563290 1080
1563300 1079
1563310 1079
1563320 1078
1563330 1078
1563340 1078
1563350 1077
1563360 1077
1563370 1077
1563380 1076
1563390 1075
1563400 1075
1563410 1075
1563420 1074
1563430 1074
1563440 1073
1563450 1073
1563460 1073
1563470 1073
1563480 1074
1563490 1074
1563500 1074
1563510 1075
1563520 1074
1563530 1074
1563540 1078
1563550 1077
1563560 1077
1563570 1077
1563580 1077
1563590 1077
1563600 1075
1563610 1075
1563620 1075
1563630 1075
1563640 1076
1563650 1076
1563660 1077
1563670 1077
1563680 1078
1563690 1078
1563700 1078
1563710 1079
1563720 1079
1563730 1079
1563740 1080
1563750 1080
1563760 1079
1563770 1078
1563780 1078
1563790 1076
1563800 1075
1563810 1075
1563820 1075
1563830 1074
1563840 1074
1563850 1074
1563860 1074
1563870 1074
1563880 1074
1563890 1074
1563900 1074
1563910 1073
1563920 1073
1563930 1073
1563940 1073
1563950 1074
1563960 1074
1563970 1074
1563980 1075
1563990 1073
1564000 1073
1564010 1073
1564020 1075
1564030 1075
1564040 1075
1564050 1077
1564060 1077
1564070 1078
1564080 1081
1564090 1081
1564100 1084
1564110 1087
1564120 1087
1564130 1090
1564140 1094
1564150 1097
1564160 1097
1564170 1095
1564180 1093
1564190 1093
1564200 1091
1564210 1086
1564220 1086
1564230 1083
1564240 1081
1564250 1081
1564260 1080
1564270 1080
1564280 1080
1564290 1078
1564300 1075
1564310 1075
1564320 1072
1564330 1073
1564340 1073
1564350 1076
1564360 1078
1564370 1078
1564380 1079
1564390 1081
1564400 1082
1564410 1082
1564420 1084
1564430 1086
1564440 1086
1564450 1088
1564460 1089
1564470 1089
1564480 1092
1564490 1094
1564500 1094
1564510 1095
1564520 1095
1564530 1095
1564540 1096
1564550 1097
1564560 1097
1564570 1098
1564580 1100
1564590 1100
1564600 1100
1564610 1100
1564620 1100
1564630 1099
1564640 1099
1564650 1098
1564660 1098
1564670 1096
1564680 1095
1564690 1095
1564700 1093
1564710 1091
1564720 1091
1564730 1089
1564740 1086
1564750 1086
1564760 1084
1564770 1082
1564780 1082
1564790 1080
1564800 1079
1564810 1079
1564820 1078
1564830 1077
1564840 1077
1564850 1075
1564860 1075
1564870 1075
1564880 1075
1564890 1074
1564900 1074
1564910 1074
1564920 1074
1564930 1074
1564940 1074
1564950 1073
1564960 1074
1564970 1074
1564980 1076
1564990 1077
1565000 1077
1565010 1076
1565020 1077
1565030 1077
1565040 1077
1565050 1078
1565060 1078
1565070 1079
1565080 1075
1565090 1075
1565100 1068
1565110 1063
1565120 1058
1565130 1053
1565140 1050
1565150 1049
1565160 1049
1565170 1049
1565180 1048
1565190 1048
1565200 1048
1565210 1048
1565220 1048
1565230 1048
1565240 1048
1565250 1048
1565260 1048
1565270 1047
1565280 1047
1565290 1047
1565300 1047
1565310 1047
1565320 1047
1565330 1047
1565340 1047
1565350 1047
1565360 1046
1565370 1046
1565380 1046
1565390 1046
1565400 1046
1565410 1046
1565420 1046
1565430 1046
1565440 1046
1565450 1046
1565460 1046
1565470 1046
1565480 1046
1565490 1045
1565500 1045
1565510 1045
1565520 1045
1565530 1045
1565540 1045
1565550 1045
1565560 1045
1565570 1045
1565580 1045
1565590 1045
1565600 1045
1565610 1045
1565620 1045
1565630 1045
1565640 1045
1565650 1046
1565660 1046
1565670 1046
1565680 1046
1565690 1046
1565700 1047
1565710 1048
1565720 1048
1565730 1049
1565740 1049
1565750 1049
1565760 1049
1565770 1049
1565780 1049
1565790 1048
1565800 1048
1565810 1048
1565820 1048
1565830 1048
1565840 1048
1565850 1048
1565860 1048
1565870 1047
1565880 1047
1565890 1047
1565900 1046
1565910 1046
1565920 1046
1565930 1045
1565940 1045
1565950 1045
1565960 1044
1565970 1044
1565980 1043
1565990 1041
1566000 1041
1566010 1041
1566020 1042
1566030 1042
1566040 1041
1566050 1041
1566060 1041
1566070 1041
1566080 1040
1566090 1040
1566100 1040
1566110 1039
1566120 1039
1566130 1039
1566140 1038
1566150 1037
1566160 1037
1566170 1037
1566180 1037
1566190 1037
1566200 1037
1566210 1036
1566220 1036
1566230 1037
1566240 1037
1566250 1037
1566260 1037
1566270 1037
1566280 1037
1566290 1037
1566300 1036
1566310 1035
1566320 1035
1566330 1035
1566340 1034
1566350 1034
1566360 1033
1566370 1033
1566380 1033
1566390 1033
1566400 1033
1566410 1033
1566420 1032
1566430 1031
1566440 1031
1566450 1029
1566460 1029
1566470 1029
1566480 1030
1566490 1031
1566500 1031
1566510 1031
1566520 1032
1566530 1032
1566540 1032
1566550 1033
1566560 1033
1566570 1033
1566580 1033
1566590 1034
1566600 1034
1566610 1035
1566620 1037
1566630 1037
1566640 1042
1566650 1047
1566660 1047
1566670 1050
1566680 1053
1566690 1059
1566700 1062
1566710 1065
1566720 1065
1566730 1067
1566740 1069
1566750 1069
1566760 1069
1566770 1070
1566780 1070
1566790 1070
1566800 1070
1566810 1072
1566820 1072
1566830 1075
1566840 1075
1566850 1075
1566860 1073
1566870 1073
1566880 1073
1566890 1074
1566900 1073
1566910 1073
1566920 1072
1566930 1072
1566940 1072
1566950 1071
1566960 1070
1566970 1070
1566980 1070
1566990 1072
1567000 1072
1567010 1075
1567020 1079
1567030 1082
1567040 1082
1567050 1084
1567060 1087
1567070 1087
1567080 1089
1567090 1088
1567100 1088
1567110 1088
1567120 1087
1567130 1087
1567140 1087
1567150 1086
1567160 1086
1567170 1086
1567180 1085
1567190 1085
1567200 1085
1567210 1087
1567220 1087
1567230 1091
1567240 1092
1567250 1092
1567260 1091
1567270 1091
1567280 1089
1567290 1089
1567300 1087
1567310 1084
1567320 1084
1567330 1083
1567340 1083
1567350 1083
1567360 1082
1567370 1082
1567380 1082
1567390 1082
1567400 1083
1567410 1083
1567420 1083
1567430 1083
1567440 1083
1567450 1085
1567460 1085
1567470 1085
1567480 1086
1567490 1087
1567500 1088
1567510 1088
1567520 1089
1567530 1092
1567540 1092
1567550 1096
1567560 1098
1567570 1098
1567580 1098
1567590 1096
1567600 1096
1567610 1095
1567620 1096
1567630 1096
1567640 1098
1567650 1100
1567660 1100
1567670 1105
1567680 1111
1567690 1111
1567700 1116
1567710 1120
1567720 1120
1567730 1122
1567740 1123
1567750 1125
1567760 1125
1567770 1128
1567780 1129
1567790 1129
1567800 1130
1567810 1130
1567820 1130
1567830 1132
1567840 1133
1567850 1133
1567860 1134
1567870 1135
1567880 1135
1567890 1137
1567900 1141
1567910 1141
1567920 1142
1567930 1141
1567940 1141
1567950 1141
1567960 1141
1567970 1143
1567980 1143
1567990 1145
1568000 1147
1568010 1147
1568020 1149
1568030 1151
1568040 1151
1568050 1152
1568060 1152
1568070 1152
1568080 1152
1568090 1151
1568100 1151
1568110 1151
1568120 1151
1568130 1151
1568140 1153
1568150 1155
1568160 1155
1568170 1155
1568180 1155
1568190 1155
1568200 1155
1568210 1155
1568220 1161
1568230 1161
1568240 1161
1568250 1160
1568260 1160
1568270 1159
1568280 1157
1568290 1157
1568300 1156
1568310 1155
1568320 1155
1568330 1154
1568340 1153
1568350 1153
1568360 1151
1568370 1150
1568380 1150
1568390 1148
1568400 1147
1568410 1147
1568420 1147
1568430 1147
1568440 1147
1568450 1147
1568460 1147
1568470 1147
1568480 1147
1568490 1148
1568500 1147
1568510 1147
1568520 1146
1568530 1144
1568540 1144
1568550 1143
1568560 1142
1568570 1142
1568580 1142
1568590 1141
1568600 1141
1568610 1141
1568620 1141
1568630 1141
1568640 1141
1568650 1141
1568660 1141
1568670 1141
1568680 1142
1568690 1141
1568700 1141
1568710 1141
1568720 1141
1568730 1141
1568740 1141
1568750 1141
1568760 1141
1568770 1140
1568780 1141
1568790 1141
1568800 1141
1568810 1141
1568820 1141
1568830 1140
1568840 1140
1568850 1140
1568860 1139
1568870 1137
1568880 1137
1568890 1134
1568900 1128
1568910 1128
1568920 1122
1568930 1116
1568940 1111
1568950 1111
1568960 1108
1568970 1107
1568980 1107
1568990 1108
1569000 1111
1569010 1111
1569020 1115
1569030 1115
1569040 1115
1569050 1112
1569060 1110
1569070 1110
1569080 1108
1569090 1106
1569100 1106
1569110 1105
1569120 1103
1569130 1103
1569140 1102
1569150 1101
1569160 1101
1569170 1100
1569180 1099
1569190 1098
1569200 1098
1569210 1097
1569220 1093
1569230 1093
1569240 1088
1569250 1082
1569260 1082
1569270 1078
1569280 1072
1569290 1072
1569300 1065
1569310 1062
1569320 1062
1569330 1060
1569340 1055
1569350 1055
1569360 1050
1569370 1047
1569380 1047
1569390 1048
1569400 1048
1569410 1048
1569420 1048
1569430 1050
1569440 1052
1569450 1052
1569460 1054
1569470 1053
1569480 1053
1569490 1053
1569500 1051
1569510 1051
1569520 1050
1569530 1050
1569540 1050
1569550 1054
1569560 1057
1569570 1057
1569580 1059
1569590 1063
1569600 1063
1569610 1062
1569620 1054
1569630 1054
1569640 1046
1569650 1046
1569660 1048
1569670 1048
1569680 1052
1569690 1055
1569700 1055
1569710 1058
1569720 1068
1569730 1087
1569740 1090
1569750 1092
1569760 1092
1569770 1095
1569780 1099
1569790 1099
1569800 1099
1569810 1098
1569820 1098
1569830 1098
1569840 1098
1569850 1098
1569860 1097
1569870 1096
1569880 1096
1569890 1096
1569900 1096
1569910 1095
1569920 1095
1569930 1094
1569940 1092
1569950 1092
1569960 1091
1569970 1091
1569980 1091
1569990 1090
1570000 1089
1570010 1089
1570020 1087
1570030 1084
1570040 1084
1570050 1081
1570060 1079
1570070 1079
1570080 1076
1570090 1074
1570100 1074
1570110 1072
1570120 1071
1570130 1070
1570140 1070
1570150 1068
1570160 1067
1570170 1067
1570180 1065
1570190 1061
1570200 1061
1570210 1057
1570220 1053
1570230 1053
1570240 1049
1570250 1044
1570260 1044
1570270 1039
1570280 1035
1570290 1035
1570300 1032
1570310 1029
1570320 1029
1570330 1026
1570340 1022
1570350 1022
1570360 1019
1570370 1016
1570380 1013
1570390 1013
1570400 1009
1570410 1006
1570420 1006
1570430 1003
1570440 1000
1570450 1000
1570460 997
1570470 994
1570480 994
1570490 991
1570500 988
1570510 988
1570520 985
1570530 983
1570540 983
1570550 981
1570560 980
1570570 980
1570580 978
1570590 975
1570600 973
1570610 973
1570620 968
1570630 960
1570640 960
1570650 953
1570660 947
1570670 947
1570680 940
1570690 936
1570700 936
1570710 942
1570720 950
1570730 950
1570740 957
1570750 963
1570760 963
1570770 966
1570780 968
1570790 968
1570800 969
1570810 969
1570820 969
1570830 969
1570840 967
1570850 964
1570860 964
1570870 961
1570880 958
1570890 958
1570900 954
1570910 948
1570920 948
1570930 943
1570940 938
1570950 938
1570960 934
1570970 930
1570980 930
1570990 925
1571000 923
1571010 923
1571020 921
1571030 919
1571040 919
1571050 918
1571060 918
1571070 918
1571080 916
1571090 914
1571100 913
1571110 913
1571120 911
1571130 910
1571140 910
1571150 908
1571160 906
1571170 906
1571180 905
1571190 903
1571200 903
1571210 905
1571220 904
1571230 904
1571240 903
1571250 902
1571260 902
1571270 900
1571280 897
1571290 897
1571300 895
1571310 892
1571320 889
1571330 889
1571340 887
1571350 886
1571360 886
1571370 885
1571380 885
1571390 885
1571400 884
1571410 884
1571420 884
1571430 884
1571440 884
1571450 884
1571460 883
1571470 883
1571480 883
1571490 883
1571500 883
1571510 883
1571520 882
1571530 882
1571540 882
1571550 881
1571560 881
1571570 880
1571580 880
1571590 880
1571600 880
1571610 880
1571620 880
1571630 880
1571640 880
1571650 880
1571660 880
1571670 880
1571680 879
1571690 879
1571700 879
1571710 879
1571720 878
1571730 878
1571740 878
1571750 878
1571760 878
1571770 878
1571780 878
1571790 877
1571800 877
1571810 877
1571820 876
1571830 876
1571840 876
1571850 875
1571860 875
1571870 875
1571880 875
1571890 875
1571900 875
1571910 875
1571920 875
1571930 874
1571940 874
1571950 874
1571960 873
1571970 873
1571980 873
1571990 873
1572000 873
1572010 873
1572020 873
1572030 872
1572040 872
1572050 872
1572060 872
1572070 872
1572080 872
1572090 872
1572100 871
1572110 871
1572120 871
1572130 871
1572140 871
1572150 871
1572160 870
1572170 870
1572180 870
1572190 870
1572200 870
1572210 870
1572220 870
1572230 870
1572240 869
1572250 869
1572260 869
1572270 869
1572280 869
1572290 869
1572300 869
1572310 869
1572320 869
1572330 869
1572340 868
1572350 868
1572360 868
1572370 868
1572380 868
1572390 868
1572400 868
1572410 868
1572420 868
1572430 868
1572440 868
1572450 868
1572460 868
1572470 868
1572480 868
1572490 868
1572500 868
1572510 868
1572520 868
1572530 868
1572540 868
1572550 868
1572560 868
1572570 868
1572580 868
1572590 868
1572600 867
1572610 867
1572620 867
1572630 867
1572640 867
1572650 867
1572660 867
1572670 867
1572680 867
1572690 867
1572700 867
1572710 867
1572720 866
1572730 866
1572740 866
1572750 866
1572760 866
1572770 866
1572780 866
1572790 866
1572800 866
1572810 866
1572820 866
1572830 866
1572840 865
1572850 865
1572860 865
1572870 865
1572880 865
1572890 865
1572900 865
1572910 865
1572920 865
1572930 865
1572940 865
1572950 865
1572960 864
1572970 864
1572980 864
1572990 864
1573000 864
1573010 864
1573020 864
1573030 864
1573040 864
1573050 864
1573060 864
1573070 864
1573080 864
1573090 863
1573100 863
1573110 863
1573120 863
1573130 863
1573140 863
1573150 863
1573160 863
1573170 863
1573180 863
1573190 863
1573200 863
1573210 863
1573220 864
1573230 867
1573240 867
1573250 869
1573260 869
1573270 869
1573280 869
1573290 868
1573300 868
1573310 868
1573320 868
1573330 868
1573340 868
1573350 869
1573360 869
1573370 870
1573380 871
1573390 871
1573400 871
1573410 872
1573420 872
1573430 873
1573440 873
1573450 873
1573460 874
1573470 874
1573480 875
1573490 875
1573500 875
1573510 875
1573520 875
1573530 875
1573540 875
1573550 875
1573560 876
1573570 876
1573580 876
1573590 877
1573600 877
1573610 877
1573620 877
1573630 877
1573640 877
1573650 876
1573660 875
1573670 875
1573680 874
1573690 873
1573700 873
1573710 873
1573720 874
1573730 874
1573740 874
1573750 875
1573760 875
1573770 875
1573780 876
1573790 876
1573800 876
1573810 876
1573820 876
1573830 876
1573840 876
1573850 876
1573860 876
1573870 876
1573880 876
1573890 876
1573900 876
1573910 876
1573920 876
1573930 875
1573940 876
1573950 876
1573960 876
1573970 877
1573980 877
1573990 877
1574000 877
1574010 878
1574020 878
1574030 878
1574040 879
1574050 879
1574060 879
1574070 879
1574080 879
1574090 879
1574100 877
1574110 877
1574120 878
1574130 878
1574140 878
1574150 878
1574160 878
1574170 878
1574180 878
1574190 878
1574200 878
1574210 878
1574220 878
1574230 878
1574240 878
1574250 878
1574260 878
1574270 878
1574280 878
1574290 877
1574300 877
1574310 876
1574320 875
1574330 875
1574340 874
1574350 873
1574360 873
1574370 872
1574380 871
1574390 871
1574400 871
1574410 870
1574420 870
1574430 870
1574440 869
1574450 868
1574460 868
1574470 867
1574480 867
1574490 867
1574500 866
1574510 866
1574520 866
1574530 866
1574540 866
1574550 866
1574560 866
1574570 867
1574580 867
1574590 867
1574600 868
1574610 868
1574620 868
1574630 868
1574640 868
1574650 869
1574660 868
1574670 868
1574680 868
1574690 868
1574700 869
1574710 869
1574720 869
1574730 869
1574740 869
1574750 869
1574760 869
1574770 869
1574780 869
1574790 868
1574800 868
1574810 868
1574820 869
1574830 869
1574840 870
1574850 869
1574860 869
1574870 867
1574880 865
1574890 865
1574900 865
1574910 864
1574920 863
1574930 863
1574940 862
1574950 861
1574960 861
1574970 860
1574980 859
1574990 859
1575000 858
1575010 857
1575020 857
1575030 857
1575040 856
1575050 856
1575060 855
1575070 854
1575080 854
1575090 853
1575100 853
1575110 853
1575120 852
1575130 852
1575140 852
1575150 852
1575160 852
1575170 852
1575180 852
1575190 852
1575200 853
1575210 853
1575220 853
1575230 853
1575240 853
1575250 854
1575260 855
1575270 855
1575280 855
1575290 856
1575300 856
1575310 856
1575320 857
1575330 857
1575340 857
1575350 858
1575360 858
1575370 859
1575380 859
1575390 860
1575400 860
1575410 861
1575420 861
1575430 861
1575440 862
1575450 862
1575460 862
1575470 862
1575480 862
1575490 862
1575500 863
1575510 862
1575520 862
1575530 862
1575540 862
1575550 862
1575560 862
1575570 862
1575580 862
1575590 862
1575600 862
1575610 862
1575620 861
1575630 861
1575640 861
1575650 861
1575660 861
1575670 861
1575680 861
1575690 861
1575700 861
1575710 861
1575720 860
1575730 859
1575740 859
1575750 859
1575760 858
1575770 858
1575780 857
1575790 856
1575800 856
1575810 855
1575820 855
1575830 855
1575840 854
1575850 853
1575860 852
1575870 852
1575880 852
1575890 850
1575900 850
1575910 850
1575920 849
1575930 849
1575940 848
1575950 847
1575960 847
1575970 847
1575980 846
1575990 846
1576000 846
1576010 845
1576020 845
1576030 845
1576040 845
1576050 845
1576060 846
1576070 846
1576080 846
1576090 847
1576100 847
1576110 848
1576120 848
1576130 848
1576140 848
1576150 848
1576160 849
1576170 849
1576180 849
1576190 849
1576200 850
1576210 850
1576220 850
1576230 849
1576240 849
1576250 849
1576260 849
1576270 849
1576280 848
1576290 847
1576300 847
1576310 847
1576320 847
1576330 846
1576340 846
1576350 844
1576360 840
1576370 840
1576380 839
1576390 838
1576400 838
1576410 837
1576420 836
1576430 836
1576440 836
1576450 836
1576460 836
1576470 836
1576480 836
1576490 836
1576500 836
1576510 836
1576520 836
1576530 836
1576540 836
1576550 836
1576560 836
1576570 836
1576580 836
1576590 836
1576600 836
1576610 836
1576620 836
1576630 836
1576640 836
1576650 836
1576660 836
1576670 836
1576680 836
1576690 836
1576700 836
1576710 836
1576720 836
1576730 835
1576740 835
1576750 835
1576760 835
1576770 835
1576780 835
1576790 835
1576800 835
1576810 835
1576820 835
1576830 834
1576840 834
1576850 834
1576860 834
1576870 834
1576880 834
1576890 834
1576900 834
1576910 834
1576920 834
1576930 834
1576940 833
1576950 833
1576960 833
1576970 833
1576980 833
1576990 833
1577000 833
1577010 833
1577020 833
1577030 833
1577040 833
1577050 833
1577060 833
1577070 833
1577080 833
1577090 833
1577100 833
1577110 833
1577120 833
1577130 833
1577140 832
1577150 832
1577160 832
1577170 832
1577180 832
1577190 832
1577200 832
1577210 832
1577220 832
1577230 831
1577240 831
1577250 831
1577260 831
1577270 831
1577280 831
1577290 831
1577300 831
1577310 831
1577320 831
1577330 831
1577340 831
1577350 831
1577360 831
1577370 831
1577380 830
1577390 830
1577400 830
1577410 830
1577420 830
1577430 830
1577440 830
1577450 830
1577460 830
1577470 830
1577480 830
1577490 830
1577500 830
1577510 829
1577520 829
1577530 829
1577540 829
1577550 829
1577560 829
1577570 829
1577580 829
1577590 829
1577600 828
1577610 828
1577620 828
1577630 829
1577640 829
1577650 829
1577660 829
1577670 829
1577680 829
1577690 829
1577700 829
1577710 829
1577720 828
1577730 828
1577740 828
1577750 828
1577760 828
1577770 828
1577780 828
1577790 828
1577800 828
1577810 828
1577820 828
1577830 828
1577840 828
1577850 828
1577860 828
1577870 828
1577880 828
1577890 828
1577900 828
1577910 828
1577920 828
1577930 828
1577940 827
1577950 827
1577960 827
1577970 827
1577980 827
1577990 827
1578000 827
1578010 827
1578020 827
1578030 827
1578040 827
1578050 827
1578060 827
1578070 827
1578080 827
1578090 827
1578100 827
1578110 827
1578120 827
1578130 827
1578140 826
1578150 826
1578160 826
1578170 826
1578180 826
1578190 826
1578200 826
1578210 826
1578220 826
1578230 826
1578240 826
1578250 826
1578260 826
1578270 826
1578280 826
1578290 826
1578300 826
1578310 826
1578320 826
1578330 826
1578340 826
1578350 826
1578360 825
1578370 825
1578380 825
1578390 825
1578400 825
1578410 825
1578420 826
1578430 826
1578440 825
1578450 824
1578460 824
1578470 825
1578480 826
1578490 825
1578500 825
1578510 825
1578520 825
1578530 825
1578540 825
1578550 825
1578560 825
1578570 825
1578580 825
1578590 825
1578600 825
1578610 825
1578620 825
1578630 825
1578640 825
1578650 825
1578660 825
1578670 825
1578680 825
1578690 825
1578700 825
1578710 825
1578720 825
1578730 826
1578740 826
1578750 826
1578760 826
1578770 826
1578780 826
1578790 827
1578800 826
1578810 826
1578820 826
1578830 826
1578840 826
1578850 826
1578860 826
1578870 826
1578880 826
1578890 827
1578900 827
1578910 827
1578920 827
1578930 827
1578940 827
1578950 827
1578960 826
1578970 826
1578980 826
1578990 826
1579000 826
1579010 826
1579020 826
1579030 826
1579040 826
1579050 826
1579060 826
1579070 825
1579080 825
1579090 825
1579100 825
1579110 825
1579120 825
1579130 825
1579140 825
1579150 825
1579160 825
1579170 824
1579180 824
1579190 824
1579200 824
1579210 824
1579220 824
1579230 824
1579240 824
1579250 824
1579260 824
1579270 825
1579280 825
1579290 825
1579300 824
1579310 824
1579320 824
1579330 823
1579340 823
1579350 823
1579360 822
1579370 822
1579380 822
1579390 822
1579400 822
1579410 821
1579420 820
1579430 820
1579440 819
1579450 821
1579460 822
1579470 822
1579480 821
1579490 821
1579500 821
1579510 821
1579520 821
1579530 821
1579540 821
1579550 821
1579560 821
1579570 821
1579580 821
1579590 821
1579600 820
1579610 820
1579620 820
1579630 820
1579640 820
1579650 820
1579660 820
1579670 820
1579680 820
1579690 820
1579700 820
1579710 820
1579720 820
1579730 820
1579740 820
1579750 820
1579760 820
1579770 820
1579780 820
1579790 820
1579800 821
1579810 821
1579820 821
1579830 821
1579840 821
1579850 822
1579860 822
1579870 822
1579880 822
1579890 822
1579900 822
1579910 823
1579920 824
1579930 824
1579940 824
1579950 823
1579960 822
1579970 822
1579980 821
1579990 820
