1560000 1720
1560010 1725
1560020 1725
1560030 1731
1560040 1737
1560050 1742
1560060 1742
1560070 1748
1560080 1753
1560090 1753
1560100 1757
1560110 1761
1560120 1761
1560130 1764
1560140 1766
1560150 1766
1560160 1767
1560170 1769
1560180 1769
1560190 1771
1560200 1775
1560210 1775
1560220 1778
1560230 1783
1560240 1783
1560250 1785
1560260 1788
1560270 1788
1560280 1789
1560290 1788
1560300 1789
1560310 1789
1560320 1791
1560330 1794
1560340 1794
1560350 1798
1560360 1801
1560370 1801
1560380 1803
1560390 1802
1560400 1802
1560410 1799
1560420 1797
1560430 1797
1560440 1796
1560450 1797
1560460 1797
1560470 1800
1560480 1803
1560490 1803
1560500 1806
1560510 1808
1560520 1808
1560530 1811
1560540 1817
1560550 1825
1560560 1825
1560570 1829
1560580 1833
1560590 1833
1560600 1838
1560610 1839
1560620 1839
1560630 1841
1560640 1841
1560650 1841
1560660 1841
1560670 1842
1560680 1842
1560690 1843
1560700 1845
1560710 1845
1560720 1846
1560730 1849
1560740 1849
1560750 1852
1560760 1856
1560770 1860
1560780 1860
1560790 1863
1560800 1866
1560810 1866
1560820 1870
1560830 1875
1560840 1875
1560850 1879
1560860 1886
1560870 1886
1560880 1895
1560890 1904
1560900 1904
1560910 1910
1560920 1915
1560930 1915
1560940 1920
1560950 1924
1560960 1924
1560970 1928
1560980 1932
1560990 1932
1561000 1935
1561010 1938
1561020 1941
1561030 1941
1561040 1944
1561050 1947
1561060 1947
1561070 1950
1561080 1952
1561090 1952
1561100 1955
1561110 1956
1561120 1958
1561130 1960
1561140 1962
1561150 1962
1561160 1964
1561170 1966
1561180 1966
1561190 1968
1561200 1970
1561210 1970
1561220 1973
1561230 1974
1561240 1974
1561250 1976
1561260 1978
1561270 1980
1561280 1980
1561290 1982
1561300 1984
1561310 1984
1561320 1985
1561330 1986
1561340 1986
1561350 1987
1561360 1988
1561370 1988
1561380 1988
1561390 1989
1561400 1989
1561410 1990
1561420 1991
1561430 1991
1561440 1992
1561450 1992
1561460 1992
1561470 1992
1561480 1993
1561490 1993
1561500 1994
1561510 1995
1561520 1996
1561530 1996
1561540 1996
1561550 1997
1561560 1997
1561570 1997
1561580 1997
1561590 1997
1561600 1997
1561610 1997
1561620 1997
1561630 1997
1561640 1997
1561650 1997
1561660 1997
1561670 1996
1561680 1996
1561690 1996
1561700 1996
1561710 1996
1561720 1995
1561730 1994
1561740 1992
1561750 1992
1561760 1991
1561770 1990
1561780 1990
1561790 1989
1561800 1988
1561810 1988
1561820 1987
1561830 1985
1561840 1985
1561850 1983
1561860 1981
1561870 1981
1561880 1979
1561890 1976
1561900 1976
1561910 1975
1561920 1974
1561930 1974
1561940 1972
1561950 1969
1561960 1969
1561970 1967
1561980 1965
1561990 1964
1562000 1964
1562010 1962
1562020 1960
1562030 1960
1562040 1960
1562050 1958
1562060 1958
1562070 1958
1562080 1958
1562090 1958
1562100 1957
1562110 1956
1562120 1956
1562130 1957
1562140 1960
1562150 1960
1562160 1962
1562170 1964
1562180 1964
1562190 1965
1562200 1967
1562210 1967
1562220 1969
1562230 1971
1562240 1973
1562250 1973
1562260 1976
1562270 1978
1562280 1978
1562290 1980
1562300 1982
1562310 1982
1562320 1983
1562330 1985
1562340 1985
1562350 1989
1562360 1991
1562370 1991
1562380 1994
1562390 1996
1562400 1996
1562410 1999
1562420 2001
1562430 2001
1562440 2004
1562450 2007
1562460 2007
1562470 2010
1562480 2013
1562490 2016
1562500 2016
1562510 2020
1562520 2023
1562530 2023
1562540 2025
1562550 2027
1562560 2027
1562570 2029
1562580 2032
1562590 2032
1562600 2034
1562610 2035
1562620 2035
1562630 2036
1562640 2037
1562650 2037
1562660 2037
1562670 2038
1562680 2038
1562690 2039
1562700 2040
1562710 2040
1562720 2040
1562730 2040
1562740 2041
1562750 2041
1562760 2045
1562770 2046
1562780 2046
1562790 2047
1562800 2047
1562810 2047
1562820 2048
1562830 2048
1562840 2048
1562850 2048
1562860 2047
1562870 2047
1562880 2048
1562890 2049
1562900 2049
1562910 2049
1562920 2049
1562930 2049
1562940 2048
1562950 2047
1562960 2046
1562970 2046
1562980 2044
1562990 2042
1563000 2042
1563010 2039
1563020 2035
1563030 2035
1563040 2032
1563050 2028
1563060 2028
1563070 2022
1563080 2015
1563090 2015
1563100 2009
1563110 2003
1563120 2003
1563130 1997
1563140 1991
1563150 1991
1563160 1985
1563170 1980
1563180 1980
1563190 1976
1563200 1971
1563210 1966
1563220 1966
1563230 1962
1563240 1956
1563250 1956
1563260 1951
1563270 1946
1563280 1946
1563290 1940
1563300 1934
1563310 1934
1563320 1928
1563330 1922
1563340 1922
1563350 1916
1563360 1911
1563370 1911
1563380 1906
1563390 1900
1563400 1900
1563410 1895
1563420 1889
1563430 1889
1563440 1883
1563450 1878
1563460 1871
1563470 1871
1563480 1865
1563490 1859
1563500 1859
1563510 1854
1563520 1849
1563530 1849
1563540 1845
1563550 1840
1563560 1840
1563570 1836
1563580 1831
1563590 1831
1563600 1826
1563610 1821
1563620 1821
1563630 1816
1563640 1810
1563650 1810
1563660 1804
1563670 1798
1563680 1798
1563690 1794
1563700 1793
1563710 1786
1563720 1786
1563730 1780
1563740 1775
1563750 1775
1563760 1771
1563770 1765
1563780 1765
1563790 1758
1563800 1751
1563810 1751
1563820 1745
1563830 1740
1563840 1740
1563850 1737
1563860 1732
1563870 1732
1563880 1727
1563890 1723
1563900 1723
1563910 1719
1563920 1715
1563930 1709
1563940 1709
1563950 1704
1563960 1699
1563970 1699
1563980 1694
1563990 1689
1564000 1689
1564010 1684
1564020 1679
1564030 1679
1564040 1675
1564050 1670
1564060 1670
1564070 1666
1564080 1662
1564090 1662
1564100 1658
1564110 1655
1564120 1655
1564130 1652
1564140 1648
1564150 1648
1564160 1645
1564170 1641
1564180 1637
1564190 1637
1564200 1633
1564210 1629
1564220 1629
1564230 1624
1564240 1619
1564250 1619
1564260 1615
1564270 1611
1564280 1611
1564290 1606
1564300 1601
1564310 1601
1564320 1596
1564330 1592
1564340 1592
1564350 1587
1564360 1583
1564370 1582
1564380 1577
1564390 1572
1564400 1572
1564410 1567
1564420 1561
1564430 1556
1564440 1556
1564450 1551
1564460 1546
1564470 1546
1564480 1541
1564490 1537
1564500 1537
1564510 1531
1564520 1526
1564530 1526
1564540 1521
1564550 1516
1564560 1516
1564570 1511
1564580 1507
1564590 1507
1564600 1502
1564610 1497
1564620 1497
1564630 1492
1564640 1487
1564650 1487
1564660 1481
1564670 1475
1564680 1471
1564690 1471
1564700 1466
1564710 1459
1564720 1459
1564730 1455
1564740 1446
1564750 1446
1564760 1440
1564770 1435
1564780 1435
1564790 1431
1564800 1427
1564810 1427
1564820 1422
1564830 1416
1564840 1416
1564850 1410
1564860 1404
1564870 1404
1564880 1399
1564890 1393
1564900 1387
1564910 1387
1564920 1381
1564930 1377
1564940 1377
1564950 1375
1564960 1373
1564970 1373
1564980 1373
1564990 1373
1565000 1373
1565010 1377
1565020 1381
1565030 1381
1565040 1383
1565050 1385
1565060 1385
1565070 1388
1565080 1390
1565090 1390
1565100 1395
1565110 1400
1565120 1400
1565130 1405
1565140 1410
1565150 1415
1565160 1415
1565170 1420
1565180 1426
1565190 1426
1565200 1432
1565210 1436
1565220 1436
1565230 1440
1565240 1445
1565250 1445
1565260 1450
1565270 1456
1565280 1456
1565290 1461
1565300 1467
1565310 1467
1565320 1472
1565330 1478
1565340 1478
1565350 1483
1565360 1489
1565370 1489
1565380 1496
1565390 1502
1565400 1509
1565410 1509
1565420 1515
1565430 1521
1565440 1521
1565450 1527
1565460 1532
1565470 1532
1565480 1537
1565490 1542
1565500 1542
1565510 1547
1565520 1553
1565530 1553
1565540 1557
1565550 1563
1565560 1563
1565570 1568
1565580 1574
1565590 1574
1565600 1579
1565610 1584
1565620 1584
1565630 1588
1565640 1593
1565650 1599
1565660 1599
1565670 1606
1565680 1613
1565690 1613
1565700 1617
1565710 1624
1565720 1624
1565730 1631
1565740 1636
1565750 1636
1565760 1642
1565770 1648
1565780 1648
1565790 1654
1565800 1659
1565810 1659
1565820 1664
1565830 1668
1565840 1668
1565850 1673
1565860 1676
1565870 1681
1565880 1681
1565890 1686
1565900 1691
1565910 1691
1565920 1694
1565930 1698
1565940 1698
1565950 1707
1565960 1712
1565970 1712
1565980 1716
1565990 1719
1566000 1719
1566010 1724
1566020 1729
1566030 1729
1566040 1735
1566050 1742
1566060 1742
1566070 1750
1566080 1756
1566090 1756
1566100 1764
1566110 1771
1566120 1777
1566130 1777
1566140 1782
1566150 1789
1566160 1789
1566170 1796
1566180 1803
1566190 1803
1566200 1809
1566210 1815
1566220 1815
1566230 1822
1566240 1828
1566250 1828
1566260 1834
1566270 1838
1566280 1838
1566290 1841
1566300 1844
1566310 1844
1566320 1847
1566330 1850
1566340 1850
1566350 1851
1566360 1850
1566370 1849
1566380 1849
1566390 1849
1566400 1848
1566410 1848
1566420 1845
1566430 1843
1566440 1843
1566450 1841
1566460 1840
1566470 1840
1566480 1838
1566490 1835
1566500 1835
1566510 1833
1566520 1831
1566530 1831
1566540 1830
1566550 1829
1566560 1829
1566570 1828
1566580 1827
1566590 1827
1566600 1826
1566610 1826
1566620 1826
1566630 1826
1566640 1826
1566650 1825
1566660 1825
1566670 1824
1566680 1824
1566690 1824
1566700 1824
1566710 1823
1566720 1823
1566730 1822
1566740 1821
1566750 1821
1566760 1820
1566770 1819
1566780 1819
1566790 1819
1566800 1819
1566810 1819
1566820 1818
1566830 1817
1566840 1817
1566850 1817
1566860 1817
1566870 1816
1566880 1816
1566890 1816
1566900 1817
1566910 1817
1566920 1817
1566930 1817
1566940 1817
1566950 1817
1566960 1817
1566970 1817
1566980 1818
1566990 1818
1567000 1818
1567010 1818
1567020 1818
1567030 1818
1567040 1819
1567050 1819
1567060 1819
1567070 1820
1567080 1820
1567090 1820
1567100 1820
1567110 1821
1567120 1820
1567130 1820
1567140 1820
1567150 1820
1567160 1820
1567170 1820
1567180 1820
1567190 1820
1567200 1821
1567210 1822
1567220 1822
1567230 1822
1567240 1822
1567250 1822
1567260 1822
1567270 1821
1567280 1821
1567290 1821
1567300 1820
1567310 1820
1567320 1819
1567330 1818
1567340 1816
1567350 1816
1567360 1814
1567370 1813
1567380 1813
1567390 1812
1567400 1810
1567410 1810
1567420 1808
1567430 1805
1567440 1805
1567450 1803
1567460 1799
1567470 1799
1567480 1795
1567490 1790
1567500 1794
1567510 1789
1567520 1785
1567530 1785
1567540 1779
1567550 1775
1567560 1775
1567570 1767
1567580 1761
1567590 1756
1567600 1756
1567610 1751
1567620 1746
1567630 1746
1567640 1740
1567650 1736
1567660 1736
1567670 1731
1567680 1726
1567690 1726
1567700 1721
1567710 1716
1567720 1716
1567730 1710
1567740 1706
1567750 1706
1567760 1702
1567770 1697
1567780 1697
1567790 1693
1567800 1688
1567810 1688
1567820 1685
1567830 1681
1567840 1677
1567850 1677
1567860 1673
1567870 1668
1567880 1668
1567890 1664
1567900 1659
1567910 1659
1567920 1655
1567930 1651
1567940 1651
1567950 1648
1567960 1645
1567970 1645
1567980 1642
1567990 1637
1568000 1637
1568010 1633
1568020 1628
1568030 1628
1568040 1622
1568050 1616
1568060 1616
1568070 1613
1568080 1610
1568090 1603
1568100 1603
1568110 1598
1568120 1594
1568130 1594
1568140 1590
1568150 1586
1568160 1586
1568170 1582
1568180 1579
1568190 1579
1568200 1575
1568210 1570
1568220 1570
1568230 1566
1568240 1564
1568250 1564
1568260 1561
1568270 1557
1568280 1557
1568290 1554
1568300 1553
1568310 1550
1568320 1550
1568330 1548
1568340 1546
1568350 1546
1568360 1543
1568370 1539
1568380 1539
1568390 1535
1568400 1533
1568410 1533
1568420 1532
1568430 1528
1568440 1528
1568450 1525
1568460 1523
1568470 1523
1568480 1524
1568490 1526
1568500 1526
1568510 1525
1568520 1525
1568530 1525
1568540 1525
1568550 1523
1568560 1520
1568570 1520
1568580 1516
1568590 1513
1568600 1513
1568610 1507
1568620 1500
1568630 1500
1568640 1495
1568650 1493
1568660 1493
1568670 1492
1568680 1490
1568690 1490
1568700 1486
1568710 1481
1568720 1481
1568730 1474
1568740 1471
1568750 1471
1568760 1467
1568770 1463
1568780 1463
1568790 1456
1568800 1449
1568810 1443
1568820 1443
1568830 1440
1568840 1437
1568850 1437
1568860 1433
1568870 1429
1568880 1429
1568890 1425
1568900 1420
1568910 1420
1568920 1418
1568930 1415
1568940 1415
1568950 1414
1568960 1412
1568970 1412
1568980 1410
1568990 1407
1569000 1407
1569010 1403
1569020 1401
1569030 1401
1569040 1396
1569050 1392
1569060 1388
1569070 1388
1569080 1384
1569090 1381
1569100 1381
1569110 1377
1569120 1371
1569130 1371
1569140 1366
1569150 1359
1569160 1359
1569170 1352
1569180 1346
1569190 1346
1569200 1343
1569210 1338
1569220 1338
1569230 1332
1569240 1327
1569250 1327
1569260 1321
1569270 1316
1569280 1313
1569290 1313
1569300 1311
1569310 1309
1569320 1309
1569330 1304
1569340 1298
1569350 1298
1569360 1293
1569370 1287
1569380 1287
1569390 1282
1569400 1277
1569410 1277
1569420 1274
1569430 1272
1569440 1272
1569450 1274
1569460 1278
1569470 1278
1569480 1281
1569490 1284
1569500 1284
1569510 1288
1569520 1293
1569530 1296
1569540 1296
1569550 1300
1569560 1303
1569570 1303
1569580 1303
1569590 1304
1569600 1304
1569610 1304
1569620 1305
1569630 1305
1569640 1307
1569650 1309
1569660 1309
1569670 1311
1569680 1312
1569690 1312
1569700 1312
1569710 1311
1569720 1311
1569730 1309
1569740 1308
1569750 1308
1569760 1305
1569770 1303
1569780 1301
1569790 1301
1569800 1299
1569810 1296
1569820 1296
1569830 1294
1569840 1292
1569850 1292
1569860 1289
1569870 1287
1569880 1287
1569890 1284
1569900 1281
1569910 1281
1569920 1279
1569930 1277
1569940 1277
1569950 1275
1569960 1273
1569970 1273
1569980 1270
1569990 1268
1570000 1268
1570010 1265
1570020 1261
1570030 1259
1570040 1259
1570050 1257
1570060 1255
1570070 1255
1570080 1252
1570090 1249
1570100 1249
1570110 1246
1570120 1243
1570130 1243
1570140 1240
1570150 1238
1570160 1238
1570170 1235
1570180 1234
1570190 1234
1570200 1232
1570210 1231
1570220 1231
1570230 1229
1570240 1227
1570250 1224
1570260 1224
1570270 1220
1570280 1214
1570290 1214
1570300 1208
1570310 1203
1570320 1203
1570330 1198
1570340 1194
1570350 1194
1570360 1191
1570370 1186
1570380 1186
1570390 1181
1570400 1178
1570410 1178
1570420 1173
1570430 1167
1570440 1167
1570450 1162
1570460 1158
1570470 1158
1570480 1156
1570490 1153
1570500 1150
1570510 1152
1570520 1149
1570530 1146
1570540 1146
1570550 1142
1570560 1139
1570570 1139
1570580 1137
1570590 1136
1570600 1136
1570610 1134
1570620 1132
1570630 1132
1570640 1130
1570650 1128
1570660 1128
1570670 1127
1570680 1126
1570690 1126
1570700 1124
1570710 1122
1570720 1122
1570730 1121
1570740 1119
1570750 1117
1570760 1117
1570770 1115
1570780 1113
1570790 1113
1570800 1112
1570810 1110
1570820 1110
1570830 1108
1570840 1107
1570850 1107
1570860 1105
1570870 1102
1570880 1102
1570890 1100
1570900 1099
1570910 1099
1570920 1097
1570930 1093
1570940 1093
1570950 1089
1570960 1088
1570970 1088
1570980 1088
1570990 1084
1571000 1079
1571010 1079
1571020 1079
1571030 1077
1571040 1077
1571050 1075
1571060 1072
1571070 1072
1571080 1069
1571090 1064
1571100 1064
1571110 1061
1571120 1057
1571130 1057
1571140 1054
1571150 1050
1571160 1050
1571170 1048
1571180 1046
1571190 1046
1571200 1046
1571210 1049
1571220 1049
1571230 1052
1571240 1054
1571250 1058
1571260 1058
1571270 1060
1571280 1058
1571290 1058
1571300 1056
1571310 1053
1571320 1053
1571330 1050
1571340 1046
1571350 1046
1571360 1041
1571370 1037
1571380 1037
1571390 1032
1571400 1025
1571410 1025
1571420 1021
1571430 1017
1571440 1017
1571450 1016
1571460 1019
1571470 1026
1571480 1026
1571490 1030
1571500 1038
1571510 1038
1571520 1046
1571530 1051
1571540 1051
1571550 1054
1571560 1055
1571570 1055
1571580 1059
1571590 1063
1571600 1063
1571610 1067
1571620 1071
1571630 1071
1571640 1076
1571650 1081
1571660 1081
1571670 1086
1571680 1090
1571690 1090
1571700 1096
1571710 1101
1571720 1105
1571730 1105
1571740 1109
1571750 1112
1571760 1112
1571770 1116
1571780 1122
1571790 1122
1571800 1126
1571810 1132
1571820 1132
1571830 1137
1571840 1142
1571850 1142
1571860 1146
1571870 1151
1571880 1151
1571890 1155
1571900 1159
1571910 1159
1571920 1163
1571930 1167
1571940 1167
1571950 1172
1571960 1178
1571970 1184
1571980 1187
1571990 1192
1572000 1196
1572010 1196
1572020 1202
1572030 1207
1572040 1207
1572050 1212
1572060 1217
1572070 1217
1572080 1222
1572090 1228
1572100 1228
1572110 1233
1572120 1238
1572130 1238
1572140 1241
1572150 1245
1572160 1245
1572170 1250
1572180 1254
1572190 1254
1572200 1258
1572210 1262
1572220 1266
1572230 1266
1572240 1270
1572250 1272
1572260 1272
1572270 1275
1572280 1278
1572290 1278
1572300 1280
1572310 1283
1572320 1283
1572330 1285
1572340 1286
1572350 1286
1572360 1287
1572370 1289
1572380 1289
1572390 1291
1572400 1293
1572410 1293
1572420 1295
1572430 1297
1572440 1300
1572450 1300
1572460 1303
1572470 1305
1572480 1305
1572490 1309
1572500 1311
1572510 1311
1572520 1314
1572530 1316
1572540 1316
1572550 1319
1572560 1322
1572570 1322
1572580 1324
1572590 1326
1572600 1326
1572610 1327
1572620 1329
1572630 1329
1572640 1330
1572650 1332
1572660 1332
1572670 1334
1572680 1335
1572690 1336
1572700 1336
1572710 1337
1572720 1339
1572730 1339
1572740 1340
1572750 1341
1572760 1341
1572770 1341
1572780 1342
1572790 1342
1572800 1344
1572810 1346
1572820 1346
1572830 1349
1572840 1351
1572850 1351
1572860 1352
1572870 1353
1572880 1353
1572890 1356
1572900 1359
1572910 1359
1572920 1361
1572930 1362
1572940 1362
1572950 1362
1572960 1363
1572970 1362
1572980 1362
1572990 1360
1573000 1359
1573010 1359
1573020 1358
1573030 1358
1573040 1358
1573050 1356
1573060 1354
1573070 1354
1573080 1352
1573090 1351
1573100 1351
1573110 1350
1573120 1351
1573130 1351
1573140 1351
1573150 1352
1573160 1352
1573170 1353
1573180 1351
1573190 1350
1573200 1350
1573210 1350
1573220 1344
1573230 1344
1573240 1336
1573250 1331
1573260 1331
1573270 1328
1573280 1325
1573290 1325
1573300 1323
1573310 1321
1573320 1321
1573330 1321
1573340 1320
1573350 1320
1573360 1319
1573370 1317
1573380 1317
1573390 1315
1573400 1314
1573410 1314
1573420 1318
1573430 1316
1573440 1312
1573450 1312
1573460 1310
1573470 1309
1573480 1309
1573490 1305
1573500 1301
1573510 1301
1573520 1297
1573530 1294
1573540 1294
1573550 1291
1573560 1289
1573570 1289
1573580 1286
1573590 1283
1573600 1283
1573610 1281
1573620 1278
1573630 1278
1573640 1275
1573650 1273
1573660 1272
1573670 1272
1573680 1269
1573690 1266
1573700 1266
1573710 1264
1573720 1264
1573730 1264
1573740 1265
1573750 1263
1573760 1263
1573770 1261
1573780 1259
1573790 1259
1573800 1257
1573810 1255
1573820 1255
1573830 1253
1573840 1252
1573850 1252
1573860 1251
1573870 1249
1573880 1249
1573890 1247
1573900 1248
1573910 1248
1573920 1248
1573930 1247
1573940 1245
1573950 1245
1573960 1243
1573970 1241
1573980 1241
1573990 1239
1574000 1237
1574010 1237
1574020 1235
1574030 1234
1574040 1234
1574050 1232
1574060 1230
1574070 1230
1574080 1227
1574090 1225
1574100 1225
1574110 1223
1574120 1221
1574130 1221
1574140 1218
1574150 1216
1574160 1214
1574170 1214
1574180 1211
1574190 1207
1574200 1207
1574210 1203
1574220 1200
1574230 1200
1574240 1197
1574250 1194
1574260 1194
1574270 1192
1574280 1189
1574290 1189
1574300 1186
1574310 1185
1574320 1185
1574330 1183
1574340 1182
1574350 1182
1574360 1179
1574370 1177
1574380 1177
1574390 1175
1574400 1173
1574410 1170
1574420 1170
1574430 1168
1574440 1165
1574450 1165
1574460 1162
1574470 1161
1574480 1161
1574490 1159
1574500 1159
1574510 1159
1574520 1158
1574530 1157
1574540 1157
1574550 1155
1574560 1153
1574570 1153
1574580 1151
1574590 1149
1574600 1149
1574610 1146
1574620 1143
1574630 1140
1574640 1140
1574650 1138
1574660 1135
1574670 1135
1574680 1134
1574690 1132
1574700 1132
1574710 1129
1574720 1125
1574730 1125
1574740 1121
1574750 1117
1574760 1117
1574770 1114
1574780 1111
1574790 1111
1574800 1107
1574810 1105
1574820 1105
1574830 1102
1574840 1100
1574850 1101
1574860 1098
1574870 1094
1574880 1090
1574890 1090
1574900 1087
1574910 1083
1574920 1083
1574930 1080
1574940 1077
1574950 1077
1574960 1075
1574970 1073
1574980 1073
1574990 1071
1575000 1071
1575010 1071
1575020 1069
1575030 1066
1575040 1066
1575050 1066
1575060 1065
1575070 1065
1575080 1066
1575090 1067
1575100 1067
1575110 1070
1575120 1077
1575130 1081
1575140 1081
1575150 1086
1575160 1091
1575170 1091
1575180 1093
1575190 1096
1575200 1096
1575210 1098
1575220 1103
1575230 1103
1575240 1108
1575250 1111
1575260 1111
1575270 1113
1575280 1116
1575290 1116
1575300 1119
1575310 1123
1575320 1123
1575330 1126
1575340 1129
1575350 1129
1575360 1132
1575370 1135
1575380 1138
1575390 1138
1575400 1141
1575410 1144
1575420 1144
1575430 1147
1575440 1149
1575450 1149
1575460 1152
1575470 1154
1575480 1154
1575490 1157
1575500 1159
1575510 1159
1575520 1161
1575530 1164
1575540 1164
1575550 1167
1575560 1169
1575570 1169
1575580 1172
1575590 1176
1575600 1176
1575610 1178
1575620 1181
1575630 1183
1575640 1183
1575650 1186
1575660 1188
1575670 1188
1575680 1192
1575690 1194
1575700 1194
1575710 1196
1575720 1199
1575730 1199
1575740 1202
1575750 1206
1575760 1206
1575770 1209
1575780 1212
1575790 1212
1575800 1215
1575810 1218
1575820 1218
1575830 1221
1575840 1223
1575850 1227
1575860 1227
1575870 1230
1575880 1233
1575890 1233
1575900 1236
1575910 1239
1575920 1239
1575930 1242
1575940 1245
1575950 1245
1575960 1247
1575970 1250
1575980 1250
1575990 1253
1576000 1257
1576010 1257
1576020 1262
1576030 1267
1576040 1267
1576050 1272
1576060 1275
1576070 1275
1576080 1278
1576090 1279
1576100 1281
1576110 1281
1576120 1282
1576130 1283
1576140 1283
1576150 1284
1576160 1284
1576170 1284
1576180 1283
1576190 1281
1576200 1281
1576210 1280
1576220 1279
1576230 1279
1576240 1276
1576250 1276
1576260 1276
1576270 1275
1576280 1274
1576290 1274
1576300 1274
1576310 1273
1576320 1273
1576330 1272
1576340 1270
1576350 1269
1576360 1269
1576370 1267
1576380 1265
1576390 1265
1576400 1263
1576410 1260
1576420 1260
1576430 1257
1576440 1254
1576450 1254
1576460 1252
1576470 1250
1576480 1250
1576490 1248
1576500 1246
1576510 1246
1576520 1244
1576530 1242
1576540 1242
1576550 1240
1576560 1238
1576570 1238
1576580 1238
1576590 1236
1576600 1234
1576610 1234
1576620 1232
1576630 1231
1576640 1231
1576650 1230
1576660 1228
1576670 1228
1576680 1227
1576690 1225
1576700 1225
1576710 1223
1576720 1221
1576730 1221
1576740 1218
1576750 1215
1576760 1215
1576770 1213
1576780 1210
1576790 1210
1576800 1207
1576810 1202
1576820 1196
1576830 1196
1576840 1191
1576850 1186
1576860 1186
1576870 1184
1576880 1186
1576890 1186
1576900 1184
1576910 1187
1576920 1187
1576930 1189
1576940 1189
1576950 1189
1576960 1189
1576970 1189
1576980 1189
1576990 1189
1577000 1188
1577010 1188
1577020 1189
1577030 1189
1577040 1189
1577050 1189
1577060 1189
1577070 1189
1577080 1189
1577090 1188
1577100 1188
1577110 1188
1577120 1188
1577130 1187
1577140 1187
1577150 1186
1577160 1185
1577170 1185
1577180 1184
1577190 1184
1577200 1184
1577210 1184
1577220 1182
1577230 1182
1577240 1181
1577250 1180
1577260 1180
1577270 1178
1577280 1177
1577290 1177
1577300 1177
1577310 1176
1577320 1175
1577330 1175
1577340 1175
1577350 1173
1577360 1173
1577370 1172
1577380 1171
1577390 1171
1577400 1170
1577410 1169
1577420 1169
1577430 1168
1577440 1167
1577450 1167
1577460 1166
1577470 1164
1577480 1164
1577490 1161
1577500 1159
1577510 1159
1577520 1161
1577530 1162
1577540 1162
1577550 1161
1577560 1160
1577570 1159
1577580 1159
1577590 1158
1577600 1157
1577610 1157
1577620 1158
1577630 1158
1577640 1158
1577650 1157
1577660 1157
1577670 1157
1577680 1157
1577690 1156
1577700 1156
1577710 1156
1577720 1155
1577730 1155
1577740 1155
1577750 1155
1577760 1155
1577770 1154
1577780 1154
1577790 1154
1577800 1154
1577810 1153
1577820 1153
1577830 1153
1577840 1153
1577850 1152
1577860 1152
1577870 1152
1577880 1151
1577890 1151
1577900 1151
1577910 1150
1577920 1150
1577930 1149
1577940 1148
1577950 1148
1577960 1147
1577970 1146
1577980 1146
1577990 1144
1578000 1143
1578010 1143
1578020 1142
1578030 1140
1578040 1139
1578050 1139
1578060 1139
1578070 1138
1578080 1138
1578090 1137
1578100 1137
1578110 1137
1578120 1136
1578130 1136
1578140 1136
1578150 1136
1578160 1135
1578170 1135
1578180 1135
1578190 1135
1578200 1135
1578210 1135
1578220 1135
1578230 1135
1578240 1134
1578250 1134
1578260 1134
1578270 1133
1578280 1132
1578290 1132
1578300 1132
1578310 1131
1578320 1130
1578330 1130
1578340 1129
1578350 1128
1578360 1128
1578370 1127
1578380 1126
1578390 1126
1578400 1126
1578410 1125
1578420 1125
1578430 1124
1578440 1124
1578450 1124
1578460 1123
1578470 1123
1578480 1123
1578490 1122
1578500 1122
1578510 1122
1578520 1121
1578530 1120
1578540 1119
1578550 1119
1578560 1119
1578570 1118
1578580 1118
1578590 1117
1578600 1116
1578610 1116
1578620 1115
1578630 1114
1578640 1114
1578650 1113
1578660 1112
1578670 1112
1578680 1110
1578690 1109
1578700 1109
1578710 1108
1578720 1107
1578730 1107
1578740 1106
1578750 1106
1578760 1106
1578770 1105
1578780 1105
1578790 1104
1578800 1104
1578810 1103
1578820 1103
1578830 1103
1578840 1102
1578850 1101
1578860 1101
1578870 1101
1578880 1100
1578890 1100
1578900 1099
1578910 1098
1578920 1098
1578930 1097
1578940 1097
1578950 1097
1578960 1096
1578970 1096
1578980 1097
1578990 1097
1579000 1096
1579010 1096
1579020 1096
1579030 1095
1579040 1095
1579050 1095
1579060 1094
1579070 1094
1579080 1094
1579090 1093
1579100 1092
1579110 1092
1579120 1092
1579130 1092
1579140 1092
1579150 1092
1579160 1091
1579170 1091
1579180 1091
1579190 1091
1579200 1091
1579210 1090
1579220 1090
1579230 1090
1579240 1089
1579250 1089
1579260 1088
1579270 1088
1579280 1087
1579290 1087
1579300 1087
1579310 1087
1579320 1087
1579330 1087
1579340 1086
1579350 1086
1579360 1086
1579370 1086
1579380 1086
1579390 1086
1579400 1086
1579410 1086
1579420 1086
1579430 1086
1579440 1086
1579450 1086
1579460 1086
1579470 1086
1579480 1086
1579490 1086
1579500 1086
1579510 1086
1579520 1086
1579530 1086
1579540 1086
1579550 1086
1579560 1086
1579570 1086
1579580 1086
1579590 1086
1579600 1086
1579610 1086
1579620 1086
1579630 1086
1579640 1086
1579650 1086
1579660 1086
1579670 1086
1579680 1085
1579690 1084
1579700 1084
1579710 1084
1579720 1084
1579730 1084
1579740 1084
1579750 1084
1579760 1084
1579770 1084
1579780 1083
1579790 1083
1579800 1083
1579810 1083
1579820 1082
1579830 1082
1579840 1082
1579850 1082
1579860 1082
1579870 1081
1579880 1081
1579890 1081
1579900 1081
1579910 1081
1579920 1081
1579930 1081
1579940 1081
1579950 1081
1579960 1080
1579970 1080
1579980 1080
1579990 1080
