1560000 2142
1560010 2142
1560020 2143
1560030 2143
1560040 2142
1560050 2143
1560060 2143
1560070 2143
1560080 2144
1560090 2144
1560100 2144
1560110 2145
1560120 2146
1560130 2146
1560140 2147
1560150 2147
1560160 2147
1560170 2148
1560180 2149
1560190 2149
1560200 2150
1560210 2151
1560220 2151
1560230 2153
1560240 2154
1560250 2154
1560260 2155
1560270 2157
1560280 2157
1560290 2159
1560300 2162
1560310 2162
1560320 2165
1560330 2168
1560340 2168
1560350 2170
1560360 2173
1560370 2176
1560380 2176
1560390 2180
1560400 2183
1560410 2183
1560420 2186
1560430 2189
1560440 2189
1560450 2193
1560460 2197
1560470 2197
1560480 2200
1560490 2203
1560500 2203
1560510 2206
1560520 2208
1560530 2208
1560540 2211
1560550 2214
1560560 2214
1560570 2216
1560580 2219
1560590 2219
1560600 2221
1560610 2223
1560620 2225
1560630 2225
1560640 2227
1560650 2230
1560660 2230
1560670 2232
1560680 2234
1560690 2234
1560700 2236
1560710 2239
1560720 2239
1560730 2240
1560740 2243
1560750 2243
1560760 2244
1560770 2247
1560780 2247
1560790 2248
1560800 2250
1560810 2250
1560820 2252
1560830 2256
1560840 2256
1560850 2260
1560860 2262
1560870 2266
1560880 2266
1560890 2269
1560900 2272
1560910 2272
1560920 2275
1560930 2278
1560940 2278
1560950 2281
1560960 2283
1560970 2283
1560980 2285
1560990 2286
1561000 2286
1561010 2288
1561020 2289
1561030 2289
1561040 2289
1561050 2290
1561060 2290
1561070 2291
1561080 2292
1561090 2292
1561100 2294
1561110 2296
1561120 2298
1561130 2298
1561140 2301
1561150 2303
1561160 2303
1561170 2305
1561180 2307
1561190 2307
1561200 2309
1561210 2311
1561220 2311
1561230 2313
1561240 2315
1561250 2315
1561260 2316
1561270 2316
1561280 2316
1561290 2317
1561300 2317
1561310 2317
1561320 2317
1561330 2318
1561340 2318
1561350 2318
1561360 2319
1561370 2324
1561380 2324
1561390 2325
1561400 2326
1561410 2326
1561420 2327
1561430 2328
1561440 2328
1561450 2329
1561460 2329
1561470 2329
1561480 2329
1561490 2329
1561500 2329
1561510 2329
1561520 2329
1561530 2329
1561540 2328
1561550 2327
1561560 2327
1561570 2327
1561580 2327
1561590 2327
1561600 2327
1561610 2327
1561620 2327
1561630 2327
1561640 2327
1561650 2326
1561660 2326
1561670 2326
1561680 2325
1561690 2325
1561700 2325
1561710 2325
1561720 2325
1561730 2325
1561740 2325
1561750 2325
1561760 2326
1561770 2325
1561780 2325
1561790 2324
1561800 2323
1561810 2323
1561820 2323
1561830 2323
1561840 2324
1561850 2324
1561860 2324
1561870 2322
1561880 2322
1561890 2320
1561900 2317
1561910 2317
1561920 2315
1561930 2312
1561940 2312
1561950 2309
1561960 2307
1561970 2307
1561980 2303
1561990 2299
1562000 2299
1562010 2296
1562020 2291
1562030 2291
1562040 2287
1562050 2283
1562060 2283
1562070 2279
1562080 2275
1562090 2271
1562100 2271
1562110 2267
1562120 2262
1562130 2262
1562140 2257
1562150 2252
1562160 2252
1562170 2247
1562180 2241
1562190 2241
1562200 2235
1562210 2230
1562220 2230
1562230 2223
1562240 2217
1562250 2217
1562260 2209
1562270 2199
1562280 2199
1562290 2191
1562300 2183
1562310 2183
1562320 2175
1562330 2167
1562340 2159
1562350 2159
1562360 2151
1562370 2143
1562380 2143
1562390 2135
1562400 2127
1562410 2127
1562420 2119
1562430 2113
1562440 2113
1562450 2106
1562460 2099
1562470 2099
1562480 2092
1562490 2084
1562500 2084
1562510 2077
1562520 2071
1562530 2071
1562540 2064
1562550 2058
1562560 2058
1562570 2052
1562580 2045
1562590 2038
1562600 2038
1562610 2029
1562620 2021
1562630 2021
1562640 2014
1562650 2009
1562660 2009
1562670 2003
1562680 1996
1562690 1996
1562700 1990
1562710 1984
1562720 1984
1562730 1979
1562740 1972
1562750 1972
1562760 1965
1562770 1960
1562780 1960
1562790 1956
1562800 1952
1562810 1947
1562820 1947
1562830 1943
1562840 1939
1562850 1939
1562860 1934
1562870 1929
1562880 1929
1562890 1925
1562900 1920
1562910 1920
1562920 1916
1562930 1910
1562940 1910
1562950 1906
1562960 1902
1562970 1902
1562980 1899
1562990 1895
1563000 1895
1563010 1884
1563020 1880
1563030 1880
1563040 1876
1563050 1870
1563060 1865
1563070 1865
1563080 1859
1563090 1854
1563100 1854
1563110 1848
1563120 1842
1563130 1842
1563140 1834
1563150 1827
1563160 1827
1563170 1820
1563180 1814
1563190 1814
1563200 1808
1563210 1803
1563220 1803
1563230 1797
1563240 1788
1563250 1788
1563260 1782
1563270 1777
1563280 1777
1563290 1771
1563300 1765
1563310 1758
1563320 1758
1563330 1752
1563340 1742
1563350 1742
1563360 1734
1563370 1726
1563380 1726
1563390 1722
1563400 1715
1563410 1715
1563420 1709
1563430 1703
1563440 1703
1563450 1698
1563460 1693
1563470 1693
1563480 1688
1563490 1683
1563500 1683
1563510 1678
1563520 1672
1563530 1672
1563540 1666
1563550 1660
1563560 1655
1563570 1655
1563580 1650
1563590 1645
1563600 1645
1563610 1639
1563620 1634
1563630 1634
1563640 1628
1563650 1622
1563660 1622
1563670 1619
1563680 1616
1563690 1616
1563700 1613
1563710 1609
1563720 1609
1563730 1604
1563740 1600
1563750 1600
1563760 1596
1563770 1591
1563780 1591
1563790 1587
1563800 1582
1563810 1578
1563820 1578
1563830 1574
1563840 1569
1563850 1569
1563860 1564
1563870 1558
1563880 1558
1563890 1552
1563900 1546
1563910 1546
1563920 1541
1563930 1539
1563940 1539
1563950 1538
1563960 1536
1563970 1536
1563980 1533
1563990 1530
1564000 1530
1564010 1527
1564020 1524
1564030 1524
1564040 1521
1564050 1518
1564060 1515
1564070 1515
1564080 1512
1564090 1509
1564100 1509
1564110 1507
1564120 1504
1564130 1504
1564140 1500
1564150 1495
1564160 1495
1564170 1489
1564180 1484
1564190 1484
1564200 1482
1564210 1481
1564220 1481
1564230 1479
1564240 1478
1564250 1478
1564260 1477
1564270 1478
1564280 1481
1564290 1481
1564300 1484
1564310 1490
1564320 1490
1564330 1496
1564340 1502
1564350 1502
1564360 1506
1564370 1504
1564380 1504
1564390 1504
1564400 1507
1564410 1507
1564420 1511
1564430 1516
1564440 1516
1564450 1518
1564460 1515
1564470 1515
1564480 1514
1564490 1515
1564500 1515
1564510 1522
1564520 1529
1564530 1535
1564540 1535
1564550 1541
1564560 1546
1564570 1546
1564580 1551
1564590 1555
1564600 1555
1564610 1560
1564620 1568
1564630 1568
1564640 1573
1564650 1578
1564660 1578
1564670 1583
1564680 1589
1564690 1589
1564700 1596
1564710 1603
1564720 1603
1564730 1608
1564740 1613
1564750 1613
1564760 1618
1564770 1623
1564780 1628
1564790 1628
1564800 1635
1564810 1641
1564820 1641
1564830 1647
1564840 1653
1564850 1653
1564860 1659
1564870 1663
1564880 1663
1564890 1668
1564900 1673
1564910 1673
1564920 1677
1564930 1681
1564940 1681
1564950 1684
1564960 1687
1564970 1687
1564980 1690
1564990 1693
1565000 1693
1565010 1693
1565020 1694
1565030 1694
1565040 1694
1565050 1693
1565060 1693
1565070 1693
1565080 1689
1565090 1684
1565100 1684
1565110 1686
1565120 1693
1565130 1693
1565140 1701
1565150 1708
1565160 1708
1565170 1717
1565180 1723
1565190 1723
1565200 1731
1565210 1739
1565220 1739
1565230 1748
1565240 1755
1565250 1755
1565260 1760
1565270 1765
1565280 1770
1565290 1770
1565300 1774
1565310 1778
1565320 1778
1565330 1781
1565340 1784
1565350 1784
1565360 1787
1565370 1790
1565380 1790
1565390 1792
1565400 1794
1565410 1794
1565420 1795
1565430 1797
1565440 1797
1565450 1799
1565460 1802
1565470 1802
1565480 1804
1565490 1806
1565500 1806
1565510 1808
1565520 1809
1565530 1809
1565540 1809
1565550 1808
1565560 1806
1565570 1806
1565580 1804
1565590 1803
1565600 1803
1565610 1802
1565620 1799
1565630 1799
1565640 1802
1565650 1809
1565660 1809
1565670 1817
1565680 1818
1565690 1818
1565700 1819
1565710 1820
1565720 1820
1565730 1823
1565740 1827
1565750 1831
1565760 1831
1565770 1840
1565780 1849
1565790 1849
1565800 1857
1565810 1864
1565820 1864
1565830 1870
1565840 1875
1565850 1875
1565860 1880
1565870 1884
1565880 1884
1565890 1888
1565900 1893
1565910 1893
1565920 1898
1565930 1902
1565940 1902
1565950 1907
1565960 1911
1565970 1911
1565980 1916
1565990 1921
1566000 1926
1566010 1926
1566020 1934
1566030 1943
1566040 1943
1566050 1953
1566060 1962
1566070 1962
1566080 1969
1566090 1975
1566100 1975
1566110 1981
1566120 1987
1566130 1987
1566140 1993
1566150 1998
1566160 1998
1566170 2002
1566180 2007
1566190 2010
1566200 2013
1566210 2016
1566220 2016
1566230 2017
1566240 2015
1566250 2012
1566260 2012
1566270 2009
1566280 2003
1566290 2003
1566300 1997
1566310 1992
1566320 1992
1566330 1987
1566340 1983
1566350 1983
1566360 1979
1566370 1972
1566380 1972
1566390 1966
1566400 1960
1566410 1960
1566420 1953
1566430 1947
1566440 1947
1566450 1941
1566460 1935
1566470 1935
1566480 1929
1566490 1924
1566500 1919
1566510 1919
1566520 1914
1566530 1908
1566540 1908
1566550 1903
1566560 1896
1566570 1896
1566580 1890
1566590 1884
1566600 1884
1566610 1877
1566620 1869
1566630 1869
1566640 1862
1566650 1855
1566660 1855
1566670 1847
1566680 1840
1566690 1840
1566700 1834
1566710 1827
1566720 1827
1566730 1820
1566740 1815
1566750 1808
1566760 1808
1566770 1802
1566780 1797
1566790 1797
1566800 1792
1566810 1788
1566820 1788
1566830 1784
1566840 1780
1566850 1780
1566860 1776
1566870 1772
1566880 1772
1566890 1767
1566900 1763
1566910 1763
1566920 1759
1566930 1756
1566940 1756
1566950 1752
1566960 1749
1566970 1749
1566980 1746
1566990 1743
1567000 1740
1567010 1740
1567020 1738
1567030 1736
1567040 1736
1567050 1734
1567060 1731
1567070 1731
1567080 1726
1567090 1723
1567100 1723
1567110 1722
1567120 1721
1567130 1721
1567140 1719
1567150 1717
1567160 1717
1567170 1714
1567180 1713
1567190 1713
1567200 1711
1567210 1711
1567220 1710
1567230 1710
1567240 1709
1567250 1707
1567260 1707
1567270 1705
1567280 1703
1567290 1703
1567300 1700
1567310 1697
1567320 1697
1567330 1694
1567340 1691
1567350 1691
1567360 1687
1567370 1683
1567380 1683
1567390 1679
1567400 1674
1567410 1674
1567420 1669
1567430 1666
1567440 1666
1567450 1662
1567460 1657
1567470 1653
1567480 1653
1567490 1649
1567500 1645
1567510 1645
1567520 1641
1567530 1636
1567540 1636
1567550 1632
1567560 1627
1567570 1627
1567580 1620
1567590 1614
1567600 1614
1567610 1611
1567620 1606
1567630 1606
1567640 1602
1567650 1601
1567660 1601
1567670 1599
1567680 1596
1567690 1596
1567700 1593
1567710 1590
1567720 1587
1567730 1593
1567740 1598
1567750 1600
1567760 1600
1567770 1600
1567780 1600
1567790 1600
1567800 1599
1567810 1598
1567820 1598
1567830 1598
1567840 1597
1567850 1597
1567860 1596
1567870 1596
1567880 1596
1567890 1595
1567900 1593
1567910 1593
1567920 1592
1567930 1591
1567940 1591
1567950 1591
1567960 1591
1567970 1590
1567980 1590
1567990 1589
1568000 1589
1568010 1589
1568020 1588
1568030 1588
1568040 1588
1568050 1588
1568060 1587
1568070 1587
1568080 1585
1568090 1582
1568100 1582
1568110 1581
1568120 1581
1568130 1581
1568140 1580
1568150 1579
1568160 1579
1568170 1577
1568180 1575
1568190 1575
1568200 1574
1568210 1573
1568220 1571
1568230 1571
1568240 1567
1568250 1565
1568260 1565
1568270 1566
1568280 1561
1568290 1561
1568300 1557
1568310 1553
1568320 1553
1568330 1555
1568340 1554
1568350 1554
1568360 1551
1568370 1548
1568380 1548
1568390 1546
1568400 1543
1568410 1543
1568420 1541
1568430 1539
1568440 1539
1568450 1537
1568460 1536
1568470 1535
1568480 1535
1568490 1533
1568500 1530
1568510 1530
1568520 1527
1568530 1525
1568540 1525
1568550 1524
1568560 1523
1568570 1523
1568580 1522
1568590 1520
1568600 1520
1568610 1518
1568620 1516
1568630 1516
1568640 1516
1568650 1515
1568660 1515
1568670 1513
1568680 1513
1568690 1513
1568700 1512
1568710 1512
1568720 1512
1568730 1512
1568740 1512
1568750 1513
1568760 1513
1568770 1513
1568780 1514
1568790 1514
1568800 1515
1568810 1515
1568820 1515
1568830 1516
1568840 1517
1568850 1517
1568860 1518
1568870 1518
1568880 1518
1568890 1518
1568900 1517
1568910 1517
1568920 1517
1568930 1516
1568940 1514
1568950 1514
1568960 1513
1568970 1511
1568980 1511
1568990 1507
1569000 1503
1569010 1503
1569020 1499
1569030 1499
1569040 1499
1569050 1498
1569060 1498
1569070 1498
1569080 1496
1569090 1495
1569100 1495
1569110 1493
1569120 1491
1569130 1491
1569140 1490
1569150 1490
1569160 1490
1569170 1489
1569180 1489
1569190 1489
1569200 1489
1569210 1487
1569220 1485
1569230 1485
1569240 1483
1569250 1483
1569260 1483
1569270 1480
1569280 1477
1569290 1477
1569300 1473
1569310 1469
1569320 1469
1569330 1466
1569340 1462
1569350 1462
1569360 1458
1569370 1453
1569380 1453
1569390 1447
1569400 1444
1569410 1444
1569420 1440
1569430 1433
1569440 1427
1569450 1427
1569460 1421
1569470 1416
1569480 1416
1569490 1410
1569500 1404
1569510 1404
1569520 1398
1569530 1390
1569540 1390
1569550 1383
1569560 1376
1569570 1376
1569580 1369
1569590 1362
1569600 1362
1569610 1354
1569620 1345
1569630 1345
1569640 1336
1569650 1328
1569660 1328
1569670 1319
1569680 1312
1569690 1306
1569700 1306
1569710 1300
1569720 1295
1569730 1295
1569740 1289
1569750 1283
1569760 1283
1569770 1278
1569780 1273
1569790 1273
1569800 1267
1569810 1261
1569820 1261
1569830 1256
1569840 1251
1569850 1251
1569860 1245
1569870 1240
1569880 1240
1569890 1234
1569900 1229
1569910 1229
1569920 1222
1569930 1216
1569940 1210
1569950 1210
1569960 1205
1569970 1199
1569980 1199
1569990 1195
1570000 1192
1570010 1192
1570020 1188
1570030 1184
1570040 1184
1570050 1179
1570060 1175
1570070 1175
1570080 1171
1570090 1167
1570100 1167
1570110 1163
1570120 1162
1570130 1162
1570140 1159
1570150 1156
1570160 1156
1570170 1153
1570180 1150
1570190 1147
1570200 1147
1570210 1143
1570220 1139
1570230 1139
1570240 1132
1570250 1124
1570260 1124
1570270 1119
1570280 1115
1570290 1115
1570300 1111
1570310 1107
1570320 1107
1570330 1103
1570340 1099
1570350 1099
1570360 1095
1570370 1091
1570380 1091
1570390 1089
1570400 1088
1570410 1087
1570420 1087
1570430 1088
1570440 1088
1570450 1088
1570460 1087
1570470 1089
1570480 1089
1570490 1092
1570500 1095
1570510 1095
1570520 1099
1570530 1103
1570540 1103
1570550 1106
1570560 1111
1570570 1111
1570580 1116
1570590 1118
1570600 1118
1570610 1119
1570620 1121
1570630 1121
1570640 1123
1570650 1125
1570660 1126
1570670 1126
1570680 1128
1570690 1130
1570700 1130
1570710 1132
1570720 1134
1570730 1134
1570740 1136
1570750 1138
1570760 1138
1570770 1141
1570780 1143
1570790 1143
1570800 1145
1570810 1147
1570820 1147
1570830 1150
1570840 1152
1570850 1152
1570860 1155
1570870 1158
1570880 1158
1570890 1159
1570900 1162
1570910 1165
1570920 1165
1570930 1167
1570940 1169
1570950 1169
1570960 1171
1570970 1173
1570980 1173
1570990 1176
1571000 1180
1571010 1180
1571020 1182
1571030 1184
1571040 1184
1571050 1185
1571060 1187
1571070 1187
1571080 1189
1571090 1191
1571100 1191
1571110 1193
1571120 1196
1571130 1196
1571140 1199
1571150 1202
1571160 1206
1571170 1206
1571180 1209
1571190 1212
1571200 1212
1571210 1216
1571220 1220
1571230 1220
1571240 1222
1571250 1225
1571260 1225
1571270 1227
1571280 1228
1571290 1228
1571300 1230
1571310 1232
1571320 1232
1571330 1236
1571340 1239
1571350 1239
1571360 1243
1571370 1248
1571380 1248
1571390 1253
1571400 1261
1571410 1268
1571420 1268
1571430 1275
1571440 1283
1571450 1283
1571460 1290
1571470 1296
1571480 1296
1571490 1302
1571500 1310
1571510 1310
1571520 1317
1571530 1324
1571540 1324
1571550 1329
1571560 1335
1571570 1335
1571580 1340
1571590 1345
1571600 1345
1571610 1350
1571620 1355
1571630 1355
1571640 1360
1571650 1365
1571660 1368
1571670 1368
1571680 1371
1571690 1374
1571700 1374
1571710 1380
1571720 1387
1571730 1387
1571740 1393
1571750 1400
1571760 1400
1571770 1406
1571780 1411
1571790 1411
1571800 1416
1571810 1421
1571820 1421
1571830 1426
1571840 1431
1571850 1431
1571860 1433
1571870 1432
1571880 1428
1571890 1428
1571900 1426
1571910 1424
1571920 1424
1571930 1422
1571940 1421
1571950 1421
1571960 1422
1571970 1428
1571980 1428
1571990 1435
1572000 1441
1572010 1441
1572020 1447
1572030 1452
1572040 1452
1572050 1458
1572060 1464
1572070 1464
1572080 1469
1572090 1473
1572100 1473
1572110 1478
1572120 1484
1572130 1491
1572140 1491
1572150 1500
1572160 1509
1572170 1509
1572180 1517
1572190 1526
1572200 1525
1572210 1533
1572220 1540
1572230 1540
1572240 1547
1572250 1553
1572260 1553
1572270 1561
1572280 1570
1572290 1570
1572300 1575
1572310 1582
1572320 1582
1572330 1587
1572340 1593
1572350 1593
1572360 1599
1572370 1607
1572380 1614
1572390 1614
1572400 1621
1572410 1627
1572420 1627
1572430 1633
1572440 1639
1572450 1639
1572460 1644
1572470 1651
1572480 1651
1572490 1657
1572500 1662
1572510 1662
1572520 1666
1572530 1671
1572540 1671
1572550 1675
1572560 1678
1572570 1678
1572580 1679
1572590 1680
1572600 1680
1572610 1682
1572620 1683
1572630 1684
1572640 1684
1572650 1685
1572660 1685
1572670 1685
1572680 1684
1572690 1683
1572700 1683
1572710 1681
1572720 1680
1572730 1680
1572740 1680
1572750 1680
1572760 1680
1572770 1682
1572780 1680
1572790 1680
1572800 1675
1572810 1672
1572820 1672
1572830 1669
1572840 1667
1572850 1667
1572860 1666
1572870 1665
1572880 1664
1572890 1664
1572900 1663
1572910 1662
1572920 1662
1572930 1660
1572940 1657
1572950 1657
1572960 1654
1572970 1651
1572980 1651
1572990 1649
1573000 1646
1573010 1646
1573020 1643
1573030 1640
1573040 1640
1573050 1638
1573060 1636
1573070 1636
1573080 1634
1573090 1628
1573100 1628
1573110 1624
1573120 1620
1573130 1616
1573140 1616
1573150 1613
1573160 1610
1573170 1610
1573180 1607
1573190 1604
1573200 1604
1573210 1601
1573220 1599
1573230 1599
1573240 1597
1573250 1593
1573260 1593
1573270 1591
1573280 1588
1573290 1588
1573300 1585
1573310 1584
1573320 1584
1573330 1582
1573340 1578
1573350 1575
1573360 1575
1573370 1572
1573380 1570
1573390 1570
1573400 1569
1573410 1567
1573420 1567
1573430 1563
1573440 1559
1573450 1559
1573460 1556
1573470 1554
1573480 1554
1573490 1551
1573500 1549
1573510 1549
1573520 1546
1573530 1543
1573540 1543
1573550 1540
1573560 1537
1573570 1537
1573580 1533
1573590 1530
1573600 1527
1573610 1527
1573620 1523
1573630 1519
1573640 1519
1573650 1515
1573660 1511
1573670 1511
1573680 1508
1573690 1505
1573700 1505
1573710 1501
1573720 1498
1573730 1498
1573740 1494
1573750 1490
1573760 1490
1573770 1487
1573780 1483
1573790 1483
1573800 1480
1573810 1476
1573820 1476
1573830 1473
1573840 1470
1573850 1466
1573860 1466
1573870 1463
1573880 1458
1573890 1458
1573900 1454
1573910 1450
1573920 1450
1573930 1445
1573940 1439
1573950 1439
1573960 1434
1573970 1428
1573980 1428
1573990 1422
1574000 1417
1574010 1417
1574020 1410
1574030 1403
1574040 1403
1574050 1397
1574060 1391
1574070 1391
1574080 1386
1574090 1382
1574100 1378
1574110 1378
1574120 1374
1574130 1371
1574140 1371
1574150 1367
1574160 1361
1574170 1361
1574180 1355
1574190 1348
1574200 1348
1574210 1345
1574220 1338
1574230 1338
1574240 1332
1574250 1326
1574260 1326
1574270 1320
1574280 1314
1574290 1314
1574300 1308
1574310 1305
1574320 1305
1574330 1299
1574340 1292
1574350 1286
1574360 1286
1574370 1279
1574380 1272
1574390 1272
1574400 1269
1574410 1263
1574420 1263
1574430 1257
1574440 1253
1574450 1253
1574460 1249
1574470 1245
1574480 1245
1574490 1240
1574500 1237
1574510 1237
1574520 1234
1574530 1231
1574540 1231
1574550 1228
1574560 1225
1574570 1225
1574580 1219
1574590 1215
1574600 1211
1574610 1211
1574620 1206
1574630 1200
1574640 1200
1574650 1192
1574660 1184
1574670 1184
1574680 1183
1574690 1185
1574700 1185
1574710 1192
1574720 1196
1574730 1196
1574740 1201
1574750 1207
1574760 1207
1574770 1211
1574780 1210
1574790 1210
1574800 1217
1574810 1231
1574820 1243
1574830 1243
1574840 1252
1574850 1258
1574860 1258
1574870 1265
1574880 1269
1574890 1269
1574900 1270
1574910 1273
1574920 1273
1574930 1280
1574940 1285
1574950 1285
1574960 1287
1574970 1291
1574980 1291
1574990 1295
1575000 1299
1575010 1299
1575020 1304
1575030 1308
1575040 1308
1575050 1312
1575060 1316
1575070 1327
1575080 1327
1575090 1332
1575100 1337
1575110 1337
1575120 1342
1575130 1348
1575140 1348
1575150 1354
1575160 1361
1575170 1361
1575180 1364
1575190 1366
1575200 1366
1575210 1366
1575220 1367
1575230 1367
1575240 1368
1575250 1369
1575260 1369
1575270 1369
1575280 1369
1575290 1369
1575300 1369
1575310 1370
1575320 1370
1575330 1370
1575340 1372
1575350 1373
1575360 1373
1575370 1375
1575380 1376
1575390 1376
1575400 1378
1575410 1379
1575420 1379
1575430 1378
1575440 1376
1575450 1376
1575460 1375
1575470 1375
1575480 1375
1575490 1375
1575500 1374
1575510 1374
1575520 1373
1575530 1371
1575540 1371
1575550 1368
1575560 1366
1575570 1365
1575580 1365
1575590 1365
1575600 1364
1575610 1364
1575620 1362
1575630 1360
1575640 1360
1575650 1358
1575660 1357
1575670 1357
1575680 1357
1575690 1357
1575700 1357
1575710 1356
1575720 1355
1575730 1355
1575740 1354
1575750 1352
1575760 1352
1575770 1350
1575780 1347
1575790 1347
1575800 1344
1575810 1341
1575820 1340
1575830 1340
1575840 1336
1575850 1332
1575860 1332
1575870 1328
1575880 1325
1575890 1325
1575900 1323
1575910 1328
1575920 1328
1575930 1333
1575940 1335
1575950 1335
1575960 1337
1575970 1339
1575980 1339
1575990 1341
1576000 1343
1576010 1343
1576020 1345
1576030 1347
1576040 1347
1576050 1349
1576060 1350
1576070 1351
1576080 1351
1576090 1352
1576100 1353
1576110 1353
1576120 1353
1576130 1353
1576140 1353
1576150 1354
1576160 1354
1576170 1354
1576180 1354
1576190 1354
1576200 1354
1576210 1353
1576220 1351
1576230 1351
1576240 1349
1576250 1346
1576260 1346
1576270 1343
1576280 1340
1576290 1340
1576300 1339
1576310 1338
1576320 1337
1576330 1337
1576340 1337
1576350 1337
1576360 1337
1576370 1337
1576380 1336
1576390 1336
1576400 1336
1576410 1336
1576420 1336
1576430 1335
1576440 1335
1576450 1335
1576460 1335
1576470 1334
1576480 1334
1576490 1333
1576500 1333
1576510 1333
1576520 1332
1576530 1331
1576540 1330
1576550 1330
1576560 1329
1576570 1328
1576580 1328
1576590 1325
1576600 1324
1576610 1324
1576620 1325
1576630 1320
1576640 1320
1576650 1320
1576660 1322
1576670 1322
1576680 1322
1576690 1322
1576700 1322
1576710 1322
1576720 1322
1576730 1322
1576740 1323
1576750 1323
1576760 1323
1576770 1322
1576780 1323
1576790 1324
1576800 1324
1576810 1324
1576820 1324
1576830 1324
1576840 1325
1576850 1325
1576860 1325
1576870 1325
1576880 1326
1576890 1326
1576900 1326
1576910 1326
1576920 1326
1576930 1325
1576940 1323
1576950 1323
1576960 1322
1576970 1322
1576980 1322
1576990 1322
1577000 1322
1577010 1322
1577020 1322
1577030 1322
1577040 1321
1577050 1321
1577060 1321
1577070 1321
1577080 1321
1577090 1320
1577100 1320
1577110 1320
1577120 1319
1577130 1318
1577140 1318
1577150 1317
1577160 1317
1577170 1317
1577180 1316
1577190 1315
1577200 1315
1577210 1312
1577220 1310
1577230 1310
1577240 1308
1577250 1306
1577260 1306
1577270 1305
1577280 1305
1577290 1305
1577300 1305
1577310 1304
1577320 1303
1577330 1303
1577340 1302
1577350 1301
1577360 1301
1577370 1300
1577380 1298
1577390 1298
1577400 1297
1577410 1294
1577420 1294
1577430 1293
1577440 1293
1577450 1293
1577460 1292
1577470 1291
1577480 1291
1577490 1291
1577500 1290
1577510 1290
1577520 1289
1577530 1289
1577540 1288
1577550 1288
1577560 1287
1577570 1286
1577580 1286
1577590 1285
1577600 1285
1577610 1285
1577620 1284
1577630 1284
1577640 1284
1577650 1284
1577660 1283
1577670 1283
1577680 1282
1577690 1282
1577700 1282
1577710 1281
1577720 1280
1577730 1280
1577740 1280
1577750 1280
1577760 1280
1577770 1279
1577780 1278
1577790 1278
1577800 1278
1577810 1278
1577820 1277
1577830 1279
1577840 1278
1577850 1277
1577860 1277
1577870 1276
1577880 1275
1577890 1275
1577900 1273
1577910 1271
1577920 1271
1577930 1269
1577940 1267
1577950 1267
1577960 1265
1577970 1264
1577980 1264
1577990 1262
1578000 1261
1578010 1260
1578020 1260
1578030 1258
1578040 1258
1578050 1258
1578060 1257
1578070 1256
1578080 1256
1578090 1255
1578100 1254
1578110 1254
1578120 1253
1578130 1251
1578140 1251
1578150 1250
1578160 1249
1578170 1249
1578180 1249
1578190 1249
1578200 1249
1578210 1249
1578220 1249
1578230 1249
1578240 1248
1578250 1248
1578260 1247
1578270 1247
1578280 1247
1578290 1246
1578300 1246
1578310 1247
1578320 1247
1578330 1247
1578340 1248
1578350 1248
1578360 1248
1578370 1248
1578380 1249
1578390 1249
1578400 1250
1578410 1250
1578420 1250
1578430 1250
1578440 1250
1578450 1250
1578460 1250
1578470 1250
1578480 1250
1578490 1250
1578500 1249
1578510 1249
1578520 1249
1578530 1249
1578540 1249
1578550 1249
1578560 1249
1578570 1248
1578580 1248
1578590 1248
1578600 1247
1578610 1247
1578620 1247
1578630 1247
1578640 1247
1578650 1247
1578660 1246
1578670 1246
1578680 1247
1578690 1247
1578700 1247
1578710 1246
1578720 1246
1578730 1246
1578740 1246
1578750 1246
1578760 1247
1578770 1247
1578780 1246
1578790 1246
1578800 1246
1578810 1245
1578820 1244
1578830 1244
1578840 1244
1578850 1243
1578860 1243
1578870 1242
1578880 1240
1578890 1240
1578900 1239
1578910 1238
1578920 1238
1578930 1237
1578940 1236
1578950 1236
1578960 1234
1578970 1234
1578980 1234
1578990 1233
1579000 1232
1579010 1231
1579020 1231
1579030 1230
1579040 1229
1579050 1229
1579060 1228
1579070 1227
1579080 1227
1579090 1225
1579100 1225
1579110 1225
1579120 1224
1579130 1223
1579140 1223
1579150 1221
1579160 1219
1579170 1219
1579180 1218
1579190 1219
1579200 1219
1579210 1219
1579220 1218
1579230 1218
1579240 1216
1579250 1216
1579260 1215
1579270 1215
1579280 1214
1579290 1214
1579300 1214
1579310 1213
1579320 1212
1579330 1212
1579340 1212
1579350 1211
1579360 1211
1579370 1210
1579380 1208
1579390 1208
1579400 1206
1579410 1204
1579420 1204
1579430 1202
1579440 1201
1579450 1201
1579460 1201
1579470 1200
1579480 1200
1579490 1200
1579500 1198
1579510 1197
1579520 1197
1579530 1197
1579540 1196
1579550 1196
1579560 1195
1579570 1194
1579580 1194
1579590 1193
1579600 1192
1579610 1192
1579620 1192
1579630 1192
1579640 1192
1579650 1191
1579660 1191
1579670 1191
1579680 1190
1579690 1190
1579700 1190
1579710 1189
1579720 1189
1579730 1189
1579740 1189
1579750 1189
1579760 1188
1579770 1188
1579780 1188
1579790 1188
1579800 1188
1579810 1187
1579820 1186
1579830 1186
1579840 1185
1579850 1184
1579860 1184
1579870 1183
1579880 1181
1579890 1181
1579900 1180
1579910 1179
1579920 1179
1579930 1178
1579940 1177
1579950 1177
1579960 1175
1579970 1174
1579980 1173
1579990 1173
