1560000 2390
1560010 2396
1560020 2396
1560030 2401
1560040 2406
1560050 2406
1560060 2411
1560070 2417
1560080 2417
1560090 2422
1560100 2428
1560110 2433
1560120 2433
1560130 2438
1560140 2443
1560150 2443
1560160 2447
1560170 2451
1560180 2451
1560190 2449
1560200 2432
1560210 2432
1560220 2421
1560230 2411
1560240 2411
1560250 2403
1560260 2392
1560270 2392
1560280 2380
1560290 2368
1560300 2368
1560310 2359
1560320 2351
1560330 2345
1560340 2345
1560350 2339
1560360 2334
1560370 2334
1560380 2329
1560390 2326
1560400 2326
1560410 2322
1560420 2320
1560430 2320
1560440 2317
1560450 2314
1560460 2314
1560470 2311
1560480 2307
1560490 2307
1560500 2302
1560510 2299
1560520 2299
1560530 2295
1560540 2294
1560550 2294
1560560 2293
1560570 2291
1560580 2291
1560590 2291
1560600 2290
1560610 2289
1560620 2289
1560630 2288
1560640 2288
1560650 2288
1560660 2289
1560670 2291
1560680 2291
1560690 2293
1560700 2295
1560710 2295
1560720 2293
1560730 2293
1560740 2293
1560750 2294
1560760 2290
1560770 2290
1560780 2289
1560790 2292
1560800 2292
1560810 2292
1560820 2291
1560830 2291
1560840 2291
1560850 2290
1560860 2286
1560870 2286
1560880 2282
1560890 2278
1560900 2278
1560910 2276
1560920 2273
1560930 2273
1560940 2270
1560950 2267
1560960 2267
1560970 2264
1560980 2257
1560990 2257
1561000 2250
1561010 2246
1561020 2246
1561030 2242
1561040 2239
1561050 2239
1561060 2235
1561070 2233
1561080 2232
1561090 2232
1561100 2229
1561110 2219
1561120 2219
1561130 2210
1561140 2202
1561150 2202
1561160 2193
1561170 2184
1561180 2184
1561190 2176
1561200 2166
1561210 2166
1561220 2155
1561230 2150
1561240 2150
1561250 2145
1561260 2144
1561270 2144
1561280 2145
1561290 2139
1561300 2139
1561310 2139
1561320 2140
1561330 2137
1561340 2137
1561350 2130
1561360 2128
1561370 2128
1561380 2126
1561390 2119
1561400 2119
1561410 2111
1561420 2101
1561430 2101
1561440 2100
1561450 2095
1561460 2095
1561470 2086
1561480 2079
1561490 2079
1561500 2073
1561510 2060
1561520 2060
1561530 2045
1561540 2037
1561550 2037
1561560 2031
1561570 2025
1561580 2017
1561590 2017
1561600 2007
1561610 2001
1561620 2001
1561630 1993
1561640 1985
1561650 1985
1561660 1976
1561670 1962
1561680 1962
1561690 1955
1561700 1949
1561710 1949
1561720 1942
1561730 1936
1561740 1936
1561750 1930
1561760 1921
1561770 1921
1561780 1912
1561790 1904
1561800 1904
1561810 1894
1561820 1883
1561830 1874
1561840 1874
1561850 1865
1561860 1858
1561870 1858
1561880 1851
1561890 1843
1561900 1843
1561910 1835
1561920 1826
1561930 1826
1561940 1816
1561950 1807
1561960 1807
1561970 1799
1561980 1790
1561990 1790
1562000 1783
1562010 1775
1562020 1775
1562030 1762
1562040 1751
1562050 1751
1562060 1744
1562070 1738
1562080 1731
1562090 1731
1562100 1724
1562110 1719
1562120 1719
1562130 1713
1562140 1708
1562150 1708
1562160 1703
1562170 1699
1562180 1699
1562190 1695
1562200 1691
1562210 1691
1562220 1687
1562230 1682
1562240 1682
1562250 1679
1562260 1676
1562270 1676
1562280 1674
1562290 1671
1562300 1671
1562310 1669
1562320 1666
1562330 1663
1562340 1663
1562350 1660
1562360 1655
1562370 1655
1562380 1650
1562390 1646
1562400 1646
1562410 1645
1562420 1645
1562430 1645
1562440 1644
1562450 1643
1562460 1643
1562470 1642
1562480 1639
1562490 1639
1562500 1637
1562510 1636
1562520 1636
1562530 1634
1562540 1633
1562550 1633
1562560 1632
1562570 1633
1562580 1635
1562590 1635
1562600 1636
1562610 1638
1562620 1638
1562630 1640
1562640 1642
1562650 1642
1562660 1643
1562670 1644
1562680 1644
1562690 1646
1562700 1648
1562710 1648
1562720 1650
1562730 1651
1562740 1651
1562750 1653
1562760 1654
1562770 1654
1562780 1656
1562790 1657
1562800 1657
1562810 1657
1562820 1657
1562830 1657
1562840 1657
1562850 1657
1562860 1656
1562870 1656
1562880 1656
1562890 1655
1562900 1655
1562910 1656
1562920 1658
1562930 1658
1562940 1661
1562950 1664
1562960 1664
1562970 1667
1562980 1672
1562990 1672
1563000 1676
1563010 1679
1563020 1679
1563030 1681
1563040 1685
1563050 1685
1563060 1689
1563070 1693
1563080 1696
1563090 1696
1563100 1700
1563110 1704
1563120 1704
1563130 1708
1563140 1712
1563150 1712
1563160 1715
1563170 1718
1563180 1718
1563190 1721
1563200 1725
1563210 1725
1563220 1728
1563230 1732
1563240 1732
1563250 1735
1563260 1738
1563270 1738
1563280 1740
1563290 1745
1563300 1749
1563310 1754
1563320 1758
1563330 1762
1563340 1762
1563350 1767
1563360 1772
1563370 1772
1563380 1778
1563390 1783
1563400 1783
1563410 1788
1563420 1792
1563430 1792
1563440 1796
1563450 1800
1563460 1800
1563470 1806
1563480 1811
1563490 1811
1563500 1815
1563510 1820
1563520 1820
1563530 1825
1563540 1829
1563550 1829
1563560 1833
1563570 1836
1563580 1839
1563590 1839
1563600 1842
1563610 1845
1563620 1845
1563630 1847
1563640 1850
1563650 1850
1563660 1854
1563670 1856
1563680 1856
1563690 1858
1563700 1859
1563710 1859
1563720 1859
1563730 1859
1563740 1859
1563750 1857
1563760 1856
1563770 1856
1563780 1856
1563790 1853
1563800 1853
1563810 1853
1563820 1862
1563830 1870
1563840 1870
1563850 1879
1563860 1886
1563870 1886
1563880 1889
1563890 1891
1563900 1891
1563910 1893
1563920 1897
1563930 1897
1563940 1901
1563950 1905
1563960 1905
1563970 1908
1563980 1911
1563990 1911
1564000 1913
1564010 1917
1564020 1917
1564030 1920
1564040 1924
1564050 1929
1564060 1929
1564070 1933
1564080 1937
1564090 1937
1564100 1942
1564110 1947
1564120 1947
1564130 1952
1564140 1957
1564150 1957
1564160 1962
1564170 1967
1564180 1967
1564190 1973
1564200 1979
1564210 1979
1564220 1985
1564230 1991
1564240 1991
1564250 1998
1564260 2004
1564270 2004
1564280 2011
1564290 2018
1564300 2025
1564310 2025
1564320 2032
1564330 2038
1564340 2038
1564350 2045
1564360 2051
1564370 2051
1564380 2058
1564390 2065
1564400 2065
1564410 2072
1564420 2078
1564430 2078
1564440 2084
1564450 2091
1564460 2091
1564470 2098
1564480 2104
1564490 2104
1564500 2110
1564510 2116
1564520 2116
1564530 2122
1564540 2128
1564550 2134
1564560 2134
1564570 2139
1564580 2145
1564590 2145
1564600 2150
1564610 2156
1564620 2156
1564630 2163
1564640 2170
1564650 2170
1564660 2176
1564670 2183
1564680 2183
1564690 2188
1564700 2192
1564710 2192
1564720 2197
1564730 2202
1564740 2202
1564750 2207
1564760 2212
1564770 2212
1564780 2214
1564790 2218
1564800 2222
1564810 2222
1564820 2227
1564830 2231
1564840 2231
1564850 2235
1564860 2238
1564870 2238
1564880 2242
1564890 2245
1564900 2251
1564910 2254
1564920 2257
1564930 2257
1564940 2260
1564950 2264
1564960 2264
1564970 2267
1564980 2270
1564990 2270
1565000 2274
1565010 2277
1565020 2277
1565030 2280
1565040 2283
1565050 2285
1565060 2285
1565070 2288
1565080 2291
1565090 2291
1565100 2295
1565110 2299
1565120 2299
1565130 2302
1565140 2305
1565150 2305
1565160 2308
1565170 2310
1565180 2310
1565190 2312
1565200 2315
1565210 2315
1565220 2318
1565230 2321
1565240 2321
1565250 2324
1565260 2327
1565270 2327
1565280 2330
1565290 2332
1565300 2334
1565310 2334
1565320 2336
1565330 2338
1565340 2338
1565350 2342
1565360 2344
1565370 2344
1565380 2347
1565390 2351
1565400 2351
1565410 2354
1565420 2354
1565430 2354
1565440 2352
1565450 2348
1565460 2348
1565470 2345
1565480 2342
1565490 2342
1565500 2336
1565510 2330
1565520 2330
1565530 2322
1565540 2316
1565550 2309
1565560 2309
1565570 2303
1565580 2296
1565590 2296
1565600 2289
1565610 2283
1565620 2283
1565630 2276
1565640 2269
1565650 2269
1565660 2262
1565670 2256
1565680 2256
1565690 2250
1565700 2243
1565710 2243
1565720 2237
1565730 2231
1565740 2231
1565750 2220
1565760 2208
1565770 2208
1565780 2197
1565790 2185
1565800 2170
1565810 2170
1565820 2155
1565830 2145
1565840 2145
1565850 2136
1565860 2129
1565870 2129
1565880 2122
1565890 2114
1565900 2114
1565910 2107
1565920 2100
1565930 2100
1565940 2093
1565950 2085
1565960 2085
1565970 2076
1565980 2068
1565990 2068
1566000 2060
1566010 2054
1566020 2054
1566030 2048
1566040 2043
1566050 2038
1566060 2038
1566070 2032
1566080 2026
1566090 2026
1566100 2020
1566110 2017
1566120 2017
1566130 2014
1566140 2010
1566150 2010
1566160 2006
1566170 2001
1566180 2001
1566190 1997
1566200 1993
1566210 1993
1566220 1990
1566230 1986
1566240 1986
1566250 1982
1566260 1978
1566270 1978
1566280 1974
1566290 1971
1566300 1968
1566310 1968
1566320 1965
1566330 1960
1566340 1960
1566350 1954
1566360 1950
1566370 1950
1566380 1945
1566390 1941
1566400 1941
1566410 1937
1566420 1933
1566430 1933
1566440 1929
1566450 1925
1566460 1925
1566470 1922
1566480 1919
1566490 1919
1566500 1916
1566510 1913
1566520 1913
1566530 1911
1566540 1909
1566550 1909
1566560 1909
1566570 1908
1566580 1904
1566590 1904
1566600 1900
1566610 1895
1566620 1895
1566630 1894
1566640 1892
1566650 1892
1566660 1890
1566670 1887
1566680 1887
1566690 1883
1566700 1880
1566710 1880
1566720 1876
1566730 1870
1566740 1870
1566750 1864
1566760 1859
1566770 1859
1566780 1853
1566790 1848
1566800 1842
1566810 1842
1566820 1836
1566830 1829
1566840 1829
1566850 1821
1566860 1813
1566870 1813
1566880 1804
1566890 1795
1566900 1795
1566910 1792
1566920 1790
1566930 1790
1566940 1789
1566950 1789
1566960 1789
1566970 1787
1566980 1785
1566990 1785
1567000 1781
1567010 1777
1567020 1777
1567030 1771
1567040 1765
1567050 1759
1567060 1759
1567070 1752
1567080 1745
1567090 1745
1567100 1738
1567110 1732
1567120 1732
1567130 1726
1567140 1721
1567150 1721
1567160 1715
1567170 1710
1567180 1710
1567190 1704
1567200 1698
1567210 1698
1567220 1692
1567230 1687
1567240 1687
1567250 1681
1567260 1675
1567270 1675
1567280 1669
1567290 1664
1567300 1659
1567310 1659
1567320 1653
1567330 1648
1567340 1648
1567350 1642
1567360 1637
1567370 1637
1567380 1631
1567390 1625
1567400 1625
1567410 1620
1567420 1614
1567430 1614
1567440 1608
1567450 1602
1567460 1602
1567470 1596
1567480 1591
1567490 1591
1567500 1585
1567510 1579
1567520 1579
1567530 1573
1567540 1567
1567550 1560
1567560 1560
1567570 1554
1567580 1548
1567590 1548
1567600 1542
1567610 1535
1567620 1535
1567630 1528
1567640 1523
1567650 1523
1567660 1517
1567670 1512
1567680 1512
1567690 1507
1567700 1501
1567710 1501
1567720 1495
1567730 1490
1567740 1490
1567750 1485
1567760 1481
1567770 1481
1567780 1477
1567790 1472
1567800 1466
1567810 1466
1567820 1459
1567830 1452
1567840 1452
1567850 1446
1567860 1440
1567870 1440
1567880 1434
1567890 1431
1567900 1431
1567910 1424
1567920 1418
1567930 1418
1567940 1416
1567950 1417
1567960 1417
1567970 1421
1567980 1422
1567990 1422
1568000 1423
1568010 1414
1568020 1414
1568030 1414
1568040 1413
1568050 1413
1568060 1413
1568070 1412
1568080 1414
1568090 1414
1568100 1413
1568110 1411
1568120 1411
1568130 1411
1568140 1411
1568150 1411
1568160 1409
1568170 1411
1568180 1411
1568190 1412
1568200 1411
1568210 1411
1568220 1414
1568230 1418
1568240 1418
1568250 1421
1568260 1425
1568270 1425
1568280 1426
1568290 1428
1568300 1426
1568310 1426
1568320 1420
1568330 1413
1568340 1413
1568350 1406
1568360 1399
1568370 1399
1568380 1392
1568390 1384
1568400 1384
1568410 1376
1568420 1369
1568430 1369
1568440 1362
1568450 1355
1568460 1355
1568470 1348
1568480 1341
1568490 1341
1568500 1335
1568510 1328
1568520 1321
1568530 1321
1568540 1313
1568550 1309
1568560 1309
1568570 1308
1568580 1303
1568590 1303
1568600 1298
1568610 1293
1568620 1293
1568630 1287
1568640 1281
1568650 1281
1568660 1276
1568670 1270
1568680 1270
1568690 1264
1568700 1258
1568710 1258
1568720 1252
1568730 1247
1568740 1247
1568750 1242
1568760 1235
1568770 1230
1568780 1230
1568790 1225
1568800 1220
1568810 1220
1568820 1215
1568830 1210
1568840 1210
1568850 1206
1568860 1202
1568870 1202
1568880 1198
1568890 1193
1568900 1193
1568910 1191
1568920 1186
1568930 1186
1568940 1183
1568950 1180
1568960 1180
1568970 1179
1568980 1178
1568990 1178
1569000 1177
1569010 1176
1569020 1175
1569030 1175
1569040 1174
1569050 1174
1569060 1174
1569070 1174
1569080 1173
1569090 1173
1569100 1172
1569110 1172
1569120 1172
1569130 1171
1569140 1170
1569150 1170
1569160 1169
1569170 1169
1569180 1169
1569190 1168
1569200 1167
1569210 1167
1569220 1166
1569230 1165
1569240 1165
1569250 1165
1569260 1169
1569270 1171
1569280 1171
1569290 1173
1569300 1175
1569310 1175
1569320 1177
1569330 1178
1569340 1178
1569350 1180
1569360 1182
1569370 1182
1569380 1184
1569390 1185
1569400 1185
1569410 1187
1569420 1189
1569430 1189
1569440 1191
1569450 1193
1569460 1193
1569470 1195
1569480 1197
1569490 1197
1569500 1200
1569510 1201
1569520 1204
1569530 1204
1569540 1205
1569550 1208
1569560 1208
1569570 1209
1569580 1211
1569590 1211
1569600 1213
1569610 1216
1569620 1216
1569630 1218
1569640 1220
1569650 1220
1569660 1222
1569670 1224
1569680 1224
1569690 1227
1569700 1229
1569710 1229
1569720 1233
1569730 1236
1569740 1236
1569750 1239
1569760 1243
1569770 1245
1569780 1245
1569790 1248
1569800 1250
1569810 1250
1569820 1248
1569830 1245
1569840 1245
1569850 1249
1569860 1259
1569870 1259
1569880 1269
1569890 1275
1569900 1275
1569910 1279
1569920 1283
1569930 1283
1569940 1288
1569950 1293
1569960 1293
1569970 1299
1569980 1304
1569990 1304
1570000 1310
1570010 1315
1570020 1321
1570030 1321
1570040 1327
1570050 1333
1570060 1333
1570070 1340
1570080 1347
1570090 1347
1570100 1353
1570110 1358
1570120 1358
1570130 1364
1570140 1369
1570150 1369
1570160 1374
1570170 1379
1570180 1379
1570190 1383
1570200 1388
1570210 1388
1570220 1393
1570230 1397
1570240 1397
1570250 1402
1570260 1406
1570270 1411
1570280 1411
1570290 1416
1570300 1420
1570310 1420
1570320 1423
1570330 1428
1570340 1428
1570350 1433
1570360 1436
1570370 1436
1570380 1437
1570390 1437
1570400 1437
1570410 1437
1570420 1439
1570430 1439
1570440 1441
1570450 1444
1570460 1444
1570470 1452
1570480 1460
1570490 1460
1570500 1469
1570510 1477
1570520 1487
1570530 1487
1570540 1495
1570550 1503
1570560 1503
1570570 1510
1570580 1516
1570590 1516
1570600 1523
1570610 1529
1570620 1529
1570630 1537
1570640 1544
1570650 1544
1570660 1550
1570670 1557
1570680 1557
1570690 1564
1570700 1573
1570710 1573
1570720 1580
1570730 1588
1570740 1588
1570750 1594
1570760 1601
1570770 1609
1570780 1609
1570790 1619
1570800 1627
1570810 1627
1570820 1635
1570830 1641
1570840 1641
1570850 1646
1570860 1652
1570870 1652
1570880 1657
1570890 1663
1570900 1663
1570910 1668
1570920 1676
1570930 1676
1570940 1684
1570950 1692
1570960 1692
1570970 1698
1570980 1704
1570990 1704
1571000 1707
1571010 1714
1571020 1720
1571030 1720
1571040 1726
1571050 1733
1571060 1733
1571070 1740
1571080 1748
1571090 1748
1571100 1754
1571110 1761
1571120 1761
1571130 1768
1571140 1774
1571150 1774
1571160 1779
1571170 1784
1571180 1784
1571190 1788
1571200 1790
1571210 1790
1571220 1791
1571230 1791
1571240 1791
1571250 1790
1571260 1790
1571270 1790
1571280 1790
1571290 1790
1571300 1789
1571310 1789
1571320 1789
1571330 1789
1571340 1789
1571350 1788
1571360 1789
1571370 1789
1571380 1790
1571390 1790
1571400 1790
1571410 1790
1571420 1790
1571430 1790
1571440 1789
1571450 1789
1571460 1789
1571470 1789
1571480 1790
1571490 1790
1571500 1790
1571510 1791
1571520 1791
1571530 1791
1571540 1792
1571550 1793
1571560 1793
1571570 1795
1571580 1797
1571590 1797
1571600 1800
1571610 1803
1571620 1803
1571630 1805
1571640 1807
1571650 1807
1571660 1809
1571670 1811
1571680 1811
1571690 1813
1571700 1814
1571710 1814
1571720 1812
1571730 1808
1571740 1808
1571750 1805
1571760 1800
1571770 1794
1571780 1794
1571790 1789
1571800 1785
1571810 1785
1571820 1780
1571830 1775
1571840 1775
1571850 1773
1571860 1770
1571870 1770
1571880 1767
1571890 1761
1571900 1761
1571910 1754
1571920 1748
1571930 1748
1571940 1743
1571950 1739
1571960 1739
1571970 1735
1571980 1731
1571990 1731
1572000 1727
1572010 1724
1572020 1721
1572030 1721
1572040 1717
1572050 1713
1572060 1713
1572070 1708
1572080 1704
1572090 1704
1572100 1700
1572110 1697
1572120 1697
1572130 1693
1572140 1688
1572150 1688
1572160 1683
1572170 1678
1572180 1678
1572190 1673
1572200 1669
1572210 1669
1572220 1665
1572230 1661
1572240 1661
1572250 1657
1572260 1653
1572270 1649
1572280 1649
1572290 1644
1572300 1638
1572310 1638
1572320 1633
1572330 1629
1572340 1629
1572350 1624
1572360 1621
1572370 1621
1572380 1618
1572390 1616
1572400 1616
1572410 1613
1572420 1610
1572430 1610
1572440 1607
1572450 1604
1572460 1604
1572470 1601
1572480 1598
1572490 1598
1572500 1595
1572510 1592
1572520 1589
1572530 1589
1572540 1585
1572550 1581
1572560 1581
1572570 1576
1572580 1572
1572590 1572
1572600 1568
1572610 1566
1572620 1566
1572630 1564
1572640 1561
1572650 1561
1572660 1559
1572670 1558
1572680 1558
1572690 1556
1572700 1555
1572710 1555
1572720 1553
1572730 1551
1572740 1551
1572750 1548
1572760 1545
1572770 1542
1572780 1542
1572790 1538
1572800 1535
1572810 1535
1572820 1532
1572830 1529
1572840 1529
1572850 1526
1572860 1522
1572870 1522
1572880 1519
1572890 1516
1572900 1516
1572910 1512
1572920 1509
1572930 1509
1572940 1505
1572950 1502
1572960 1502
1572970 1500
1572980 1498
1572990 1494
1573000 1494
1573010 1490
1573020 1487
1573030 1487
1573040 1484
1573050 1480
1573060 1480
1573070 1476
1573080 1472
1573090 1472
1573100 1466
1573110 1462
1573120 1462
1573130 1457
1573140 1453
1573150 1453
1573160 1450
1573170 1447
1573180 1447
1573190 1444
1573200 1441
1573210 1441
1573220 1437
1573230 1434
1573240 1432
1573250 1432
1573260 1430
1573270 1427
1573280 1427
1573290 1426
1573300 1424
1573310 1424
1573320 1418
1573330 1411
1573340 1411
1573350 1405
1573360 1403
1573370 1403
1573380 1405
1573390 1409
1573400 1409
1573410 1415
1573420 1422
1573430 1422
1573440 1426
1573450 1427
1573460 1427
1573470 1428
1573480 1428
1573490 1428
1573500 1428
1573510 1429
1573520 1431
1573530 1431
1573540 1433
1573550 1436
1573560 1436
1573570 1438
1573580 1441
1573590 1441
1573600 1443
1573610 1446
1573620 1446
1573630 1450
1573640 1455
1573650 1455
1573660 1459
1573670 1462
1573680 1462
1573690 1464
1573700 1464
1573710 1464
1573720 1466
1573730 1470
1573740 1475
1573750 1475
1573760 1478
1573770 1482
1573780 1482
1573790 1486
1573800 1490
1573810 1490
1573820 1492
1573830 1495
1573840 1495
1573850 1501
1573860 1504
1573870 1504
1573880 1508
1573890 1511
1573900 1516
1573910 1521
1573920 1526
1573930 1526
1573940 1530
1573950 1534
1573960 1534
1573970 1537
1573980 1540
1573990 1543
1574000 1543
1574010 1546
1574020 1550
1574030 1550
1574040 1553
1574050 1555
1574060 1555
1574070 1558
1574080 1562
1574090 1562
1574100 1565
1574110 1567
1574120 1567
1574130 1570
1574140 1572
1574150 1572
1574160 1576
1574170 1577
1574180 1577
1574190 1579
1574200 1580
1574210 1580
1574220 1583
1574230 1584
1574240 1584
1574250 1584
1574260 1589
1574270 1596
1574280 1596
1574290 1600
1574300 1604
1574310 1604
1574320 1608
1574330 1612
1574340 1612
1574350 1616
1574360 1619
1574370 1619
1574380 1622
1574390 1627
1574400 1627
1574410 1632
1574420 1636
1574430 1636
1574440 1639
1574450 1643
1574460 1643
1574470 1650
1574480 1657
1574490 1664
1574500 1664
1574510 1671
1574520 1676
1574530 1676
1574540 1681
1574550 1686
1574560 1686
1574570 1691
1574580 1694
1574590 1694
1574600 1698
1574610 1702
1574620 1702
1574630 1705
1574640 1708
1574650 1708
1574660 1711
1574670 1713
1574680 1713
1574690 1715
1574700 1717
1574710 1717
1574720 1719
1574730 1722
1574740 1725
1574750 1725
1574760 1728
1574770 1732
1574780 1732
1574790 1735
1574800 1738
1574810 1738
1574820 1741
1574830 1743
1574840 1743
1574850 1747
1574860 1750
1574870 1750
1574880 1752
1574890 1755
1574900 1755
1574910 1758
1574920 1761
1574930 1761
1574940 1764
1574950 1767
1574960 1767
1574970 1770
1574980 1773
1574990 1776
1575000 1776
1575010 1779
1575020 1782
1575030 1782
1575040 1784
1575050 1787
1575060 1787
1575070 1788
1575080 1789
1575090 1789
1575100 1789
1575110 1788
1575120 1788
1575130 1786
1575140 1784
1575150 1784
1575160 1782
1575170 1780
1575180 1780
1575190 1777
1575200 1775
1575210 1775
1575220 1773
1575230 1771
1575240 1768
1575250 1768
1575260 1765
1575270 1762
1575280 1762
1575290 1759
1575300 1756
1575310 1759
1575320 1756
1575330 1753
1575340 1753
1575350 1750
1575360 1748
1575370 1748
1575380 1746
1575390 1743
1575400 1743
1575410 1740
1575420 1737
1575430 1737
1575440 1733
1575450 1730
1575460 1730
1575470 1726
1575480 1722
1575490 1719
1575500 1719
1575510 1717
1575520 1712
1575530 1712
1575540 1708
1575550 1703
1575560 1703
1575570 1700
1575580 1698
1575590 1698
1575600 1695
1575610 1689
1575620 1689
1575630 1685
1575640 1682
1575650 1682
1575660 1678
1575670 1674
1575680 1674
1575690 1669
1575700 1665
1575710 1665
1575720 1663
1575730 1661
1575740 1662
1575750 1662
1575760 1662
1575770 1664
1575780 1664
1575790 1664
1575800 1663
1575810 1663
1575820 1662
1575830 1662
1575840 1662
1575850 1663
1575860 1663
1575870 1663
1575880 1665
1575890 1666
1575900 1666
1575910 1668
1575920 1669
1575930 1669
1575940 1671
1575950 1673
1575960 1673
1575970 1675
1575980 1676
1575990 1678
1576000 1678
1576010 1680
1576020 1682
1576030 1682
1576040 1684
1576050 1686
1576060 1686
1576070 1688
1576080 1689
1576090 1689
1576100 1689
1576110 1690
1576120 1690
1576130 1692
1576140 1694
1576150 1694
1576160 1696
1576170 1698
1576180 1698
1576190 1701
1576200 1703
1576210 1703
1576220 1705
1576230 1707
1576240 1711
1576250 1711
1576260 1714
1576270 1716
1576280 1716
1576290 1718
1576300 1720
1576310 1720
1576320 1721
1576330 1721
1576340 1721
1576350 1722
1576360 1722
1576370 1722
1576380 1722
1576390 1721
1576400 1721
1576410 1720
1576420 1719
1576430 1719
1576440 1719
1576450 1719
1576460 1719
1576470 1719
1576480 1719
1576490 1719
1576500 1719
1576510 1718
1576520 1716
1576530 1716
1576540 1715
1576550 1714
1576560 1714
1576570 1712
1576580 1711
1576590 1711
1576600 1708
1576610 1706
1576620 1706
1576630 1702
1576640 1699
1576650 1699
1576660 1696
1576670 1691
1576680 1691
1576690 1686
1576700 1680
1576710 1681
1576720 1676
1576730 1671
1576740 1667
1576750 1667
1576760 1662
1576770 1658
1576780 1658
1576790 1653
1576800 1649
1576810 1649
1576820 1644
1576830 1639
1576840 1639
1576850 1633
1576860 1628
1576870 1628
1576880 1621
1576890 1615
1576900 1615
1576910 1610
1576920 1605
1576930 1605
1576940 1600
1576950 1597
1576960 1597
1576970 1593
1576980 1588
1576990 1584
1577000 1584
1577010 1578
1577020 1576
1577030 1576
1577040 1575
1577050 1571
1577060 1571
1577070 1564
1577080 1559
1577090 1559
1577100 1554
1577110 1550
1577120 1550
1577130 1546
1577140 1542
1577150 1542
1577160 1539
1577170 1535
1577180 1535
1577190 1531
1577200 1528
1577210 1528
1577220 1524
1577230 1521
1577240 1518
1577250 1518
1577260 1515
1577270 1512
1577280 1512
1577290 1508
1577300 1504
1577310 1504
1577320 1500
1577330 1496
1577340 1496
1577350 1493
1577360 1490
1577370 1490
1577380 1487
1577390 1484
1577400 1484
1577410 1480
1577420 1477
1577430 1477
1577440 1472
1577450 1468
1577460 1466
1577470 1466
1577480 1463
1577490 1460
1577500 1460
1577510 1456
1577520 1451
1577530 1451
1577540 1449
1577550 1447
1577560 1447
1577570 1446
1577580 1443
1577590 1443
1577600 1437
1577610 1429
1577620 1429
1577630 1421
1577640 1416
1577650 1416
1577660 1410
1577670 1405
1577680 1405
1577690 1404
1577700 1409
1577710 1413
1577720 1413
1577730 1417
1577740 1423
1577750 1423
1577760 1428
1577770 1430
1577780 1430
1577790 1434
1577800 1437
1577810 1437
1577820 1441
1577830 1445
1577840 1445
1577850 1450
1577860 1454
1577870 1454
1577880 1458
1577890 1462
1577900 1462
1577910 1466
1577920 1470
1577930 1470
1577940 1475
1577950 1479
1577960 1483
1577970 1483
1577980 1487
1577990 1491
1578000 1491
1578010 1495
1578020 1500
1578030 1500
1578040 1504
1578050 1509
1578060 1509
1578070 1513
1578080 1520
1578090 1520
1578100 1525
1578110 1529
1578120 1529
1578130 1533
1578140 1537
1578150 1537
1578160 1541
1578170 1544
1578180 1544
1578190 1548
1578200 1550
1578210 1552
1578220 1552
1578230 1554
1578240 1556
1578250 1556
1578260 1558
1578270 1559
1578280 1559
1578290 1560
1578300 1562
1578310 1562
1578320 1563
1578330 1563
1578340 1563
1578350 1563
1578360 1561
1578370 1561
1578380 1559
1578390 1557
1578400 1557
1578410 1556
1578420 1554
1578430 1554
1578440 1552
1578450 1549
1578460 1546
1578470 1546
1578480 1543
1578490 1539
1578500 1539
1578510 1535
1578520 1532
1578530 1532
1578540 1528
1578550 1524
1578560 1524
1578570 1520
1578580 1516
1578590 1516
1578600 1512
1578610 1509
1578620 1509
1578630 1505
1578640 1502
1578650 1502
1578660 1498
1578670 1494
1578680 1494
1578690 1489
1578700 1484
1578710 1480
1578720 1480
1578730 1475
1578740 1470
1578750 1470
1578760 1465
1578770 1462
1578780 1462
1578790 1457
1578800 1453
1578810 1453
1578820 1447
1578830 1443
1578840 1443
1578850 1438
1578860 1435
1578870 1435
1578880 1431
1578890 1427
1578900 1427
1578910 1423
1578920 1420
1578930 1420
1578940 1417
1578950 1414
1578960 1411
1578970 1411
1578980 1407
1578990 1403
1579000 1403
1579010 1399
1579020 1395
1579030 1395
1579040 1391
1579050 1387
1579060 1387
1579070 1384
1579080 1381
1579090 1381
1579100 1380
1579110 1381
1579120 1381
1579130 1382
1579140 1384
1579150 1384
1579160 1385
1579170 1385
1579180 1385
1579190 1385
1579200 1385
1579210 1384
1579220 1384
1579230 1384
1579240 1383
1579250 1383
1579260 1382
1579270 1382
1579280 1382
1579290 1381
1579300 1381
1579310 1381
1579320 1380
1579330 1379
1579340 1379
1579350 1378
1579360 1376
1579370 1376
1579380 1375
1579390 1373
1579400 1373
1579410 1371
1579420 1369
1579430 1371
1579440 1369
1579450 1367
1579460 1365
1579470 1365
1579480 1363
1579490 1360
1579500 1360
1579510 1358
1579520 1355
1579530 1355
1579540 1352
1579550 1349
1579560 1349
1579570 1347
1579580 1345
1579590 1345
1579600 1342
1579610 1339
1579620 1339
1579630 1336
1579640 1334
1579650 1334
1579660 1331
1579670 1328
1579680 1328
1579690 1325
1579700 1322
1579710 1320
1579720 1320
1579730 1318
1579740 1314
1579750 1314
1579760 1312
1579770 1309
1579780 1309
1579790 1307
1579800 1304
1579810 1304
1579820 1302
1579830 1300
1579840 1300
1579850 1296
1579860 1294
1579870 1294
1579880 1291
1579890 1287
1579900 1287
1579910 1283
1579920 1279
1579930 1279
1579940 1274
1579950 1270
1579960 1265
1579970 1265
1579980 1260
1579990 1256
