1560000 2298
1560010 2286
1560020 2277
1560030 2277
1560040 2281
1560050 2282
1560060 2283
1560070 2283
1560080 2281
1560090 2280
1560100 2280
1560110 2280
1560120 2274
1560130 2274
1560140 2268
1560150 2261
1560160 2261
1560170 2255
1560180 2251
1560190 2251
1560200 2245
1560210 2238
1560220 2238
1560230 2229
1560240 2225
1560250 2225
1560260 2222
1560270 2214
1560280 2214
1560290 2203
1560300 2195
1560310 2186
1560320 2186
1560330 2186
1560340 2189
1560350 2189
1560360 2194
1560370 2198
1560380 2198
1560390 2198
1560400 2192
1560410 2192
1560420 2189
1560430 2184
1560440 2184
1560450 2171
1560460 2169
1560470 2169
1560480 2169
1560490 2165
1560500 2165
1560510 2158
1560520 2155
1560530 2155
1560540 2149
1560550 2138
1560560 2130
1560570 2130
1560580 2123
1560590 2115
1560600 2115
1560610 2106
1560620 2105
1560630 2105
1560640 2103
1560650 2095
1560660 2095
1560670 2086
1560680 2076
1560690 2076
1560700 2071
1560710 2072
1560720 2072
1560730 2076
1560740 2074
1560750 2074
1560760 2066
1560770 2060
1560780 2060
1560790 2054
1560800 2048
1560810 2044
1560820 2044
1560830 2038
1560840 2031
1560850 2031
1560860 2023
1560870 2021
1560880 2021
1560890 2020
1560900 2019
1560910 2019
1560920 2011
1560930 1996
1560940 1996
1560950 1991
1560960 1982
1560970 1982
1560980 1975
1560990 1970
1561000 1970
1561010 1964
1561020 1959
1561030 1959
1561040 1953
1561050 1947
1561060 1942
1561070 1942
1561080 1936
1561090 1930
1561100 1930
1561110 1924
1561120 1919
1561130 1919
1561140 1915
1561150 1911
1561160 1911
1561170 1907
1561180 1901
1561190 1901
1561200 1895
1561210 1886
1561220 1886
1561230 1878
1561240 1866
1561250 1866
1561260 1852
1561270 1847
1561280 1847
1561290 1848
1561300 1841
1561310 1827
1561320 1827
1561330 1821
1561340 1815
1561350 1815
1561360 1810
1561370 1806
1561380 1806
1561390 1801
1561400 1796
1561410 1796
1561420 1791
1561430 1785
1561440 1785
1561450 1780
1561460 1774
1561470 1774
1561480 1769
1561490 1764
1561500 1764
1561510 1760
1561520 1757
1561530 1757
1561540 1753
1561550 1750
1561560 1746
1561570 1746
1561580 1743
1561590 1741
1561600 1741
1561610 1738
1561620 1735
1561630 1735
1561640 1732
1561650 1730
1561660 1730
1561670 1728
1561680 1726
1561690 1726
1561700 1725
1561710 1723
1561720 1723
1561730 1722
1561740 1720
1561750 1720
1561760 1718
1561770 1716
1561780 1716
1561790 1715
1561800 1712
1561810 1713
1561820 1713
1561830 1714
1561840 1715
1561850 1715
1561860 1716
1561870 1717
1561880 1717
1561890 1718
1561900 1718
1561910 1718
1561920 1718
1561930 1717
1561940 1717
1561950 1718
1561960 1718
1561970 1718
1561980 1718
1561990 1717
1562000 1717
1562010 1718
1562020 1718
1562030 1718
1562040 1718
1562050 1718
1562060 1719
1562070 1719
1562080 1719
1562090 1720
1562100 1720
1562110 1722
1562120 1724
1562130 1724
1562140 1726
1562150 1729
1562160 1729
1562170 1733
1562180 1737
1562190 1737
1562200 1741
1562210 1745
1562220 1745
1562230 1749
1562240 1752
1562250 1752
1562260 1755
1562270 1758
1562280 1758
1562290 1761
1562300 1762
1562310 1765
1562320 1765
1562330 1770
1562340 1775
1562350 1775
1562360 1779
1562370 1783
1562380 1783
1562390 1788
1562400 1792
1562410 1792
1562420 1796
1562430 1800
1562440 1800
1562450 1803
1562460 1806
1562470 1806
1562480 1809
1562490 1811
1562500 1811
1562510 1813
1562520 1817
1562530 1817
1562540 1821
1562550 1826
1562560 1831
1562570 1831
1562580 1836
1562590 1840
1562600 1840
1562610 1844
1562620 1848
1562630 1848
1562640 1853
1562650 1857
1562660 1857
1562670 1862
1562680 1868
1562690 1868
1562700 1872
1562710 1878
1562720 1878
1562730 1884
1562740 1891
1562750 1891
1562760 1897
1562770 1903
1562780 1903
1562790 1909
1562800 1914
1562810 1918
1562820 1918
1562830 1922
1562840 1925
1562850 1925
1562860 1934
1562870 1941
1562880 1941
1562890 1948
1562900 1955
1562910 1955
1562920 1963
1562930 1972
1562940 1972
1562950 1982
1562960 1989
1562970 1989
1562980 1995
1562990 2001
1563000 2001
1563010 2006
1563020 2010
1563030 2010
1563040 2013
1563050 2017
1563060 2023
1563070 2023
1563080 2030
1563090 2036
1563100 2036
1563110 2041
1563120 2047
1563130 2047
1563140 2051
1563150 2056
1563160 2056
1563170 2062
1563180 2067
1563190 2067
1563200 2072
1563210 2077
1563220 2077
1563230 2082
1563240 2087
1563250 2087
1563260 2091
1563270 2094
1563280 2094
1563290 2097
1563300 2099
1563310 2099
1563320 2099
1563330 2099
1563340 2097
1563350 2097
1563360 2097
1563370 2097
1563380 2097
1563390 2096
1563400 2096
1563410 2096
1563420 2096
1563430 2096
1563440 2096
1563450 2097
1563460 2098
1563470 2098
1563480 2100
1563490 2102
1563500 2102
1563510 2104
1563520 2107
1563530 2107
1563540 2110
1563550 2109
1563560 2112
1563570 2112
1563580 2121
1563590 2127
1563600 2127
1563610 2133
1563620 2138
1563630 2138
1563640 2142
1563650 2146
1563660 2146
1563670 2148
1563680 2150
1563690 2150
1563700 2157
1563710 2165
1563720 2165
1563730 2172
1563740 2180
1563750 2180
1563760 2188
1563770 2196
1563780 2196
1563790 2204
1563800 2212
1563810 2220
1563820 2220
1563830 2228
1563840 2236
1563850 2236
1563860 2243
1563870 2251
1563880 2251
1563890 2259
1563900 2266
1563910 2266
1563920 2274
1563930 2283
1563940 2283
1563950 2291
1563960 2299
1563970 2299
1563980 2307
1563990 2313
1564000 2313
1564010 2318
1564020 2323
1564030 2323
1564040 2331
1564050 2341
1564060 2350
1564070 2350
1564080 2356
1564090 2360
1564100 2360
1564110 2362
1564120 2365
1564130 2365
1564140 2366
1564150 2367
1564160 2367
1564170 2367
1564180 2368
1564190 2368
1564200 2368
1564210 2369
1564220 2369
1564230 2371
1564240 2373
1564250 2373
1564260 2375
1564270 2378
1564280 2378
1564290 2380
1564300 2382
1564310 2382
1564320 2382
1564330 2379
1564340 2368
1564350 2368
1564360 2349
1564370 2336
1564380 2336
1564390 2334
1564400 2329
1564410 2329
1564420 2322
1564430 2320
1564440 2320
1564450 2322
1564460 2322
1564470 2322
1564480 2316
1564490 2310
1564500 2310
1564510 2303
1564520 2297
1564530 2297
1564540 2291
1564550 2286
1564560 2271
1564570 2271
1564580 2263
1564590 2252
1564600 2252
1564610 2248
1564620 2242
1564630 2242
1564640 2234
1564650 2231
1564660 2231
1564670 2230
1564680 2226
1564690 2226
1564700 2216
1564710 2220
1564720 2220
1564730 2223
1564740 2224
1564750 2224
1564760 2225
1564770 2226
1564780 2226
1564790 2225
1564800 2225
1564810 2223
1564820 2223
1564830 2223
1564840 2221
1564850 2221
1564860 2216
1564870 2209
1564880 2209
1564890 2203
1564900 2197
1564910 2197
1564920 2191
1564930 2184
1564940 2184
1564950 2179
1564960 2174
1564970 2174
1564980 2169
1564990 2164
1565000 2164
1565010 2160
1565020 2154
1565030 2154
1565040 2148
1565050 2141
1565060 2135
1565070 2135
1565080 2128
1565090 2120
1565100 2120
1565110 2113
1565120 2107
1565130 2107
1565140 2104
1565150 2106
1565160 2106
1565170 2107
1565180 2103
1565190 2103
1565200 2099
1565210 2096
1565220 2096
1565230 2093
1565240 2091
1565250 2091
1565260 2088
1565270 2085
1565280 2085
1565290 2079
1565300 2073
1565310 2067
1565320 2067
1565330 2062
1565340 2056
1565350 2056
1565360 2050
1565370 2042
1565380 2042
1565390 2032
1565400 2022
1565410 2022
1565420 2013
1565430 2006
1565440 2006
1565450 2000
1565460 1995
1565470 1995
1565480 1989
1565490 1982
1565500 1982
1565510 1975
1565520 1969
1565530 1969
1565540 1964
1565550 1959
1565560 1953
1565570 1953
1565580 1950
1565590 1946
1565600 1946
1565610 1942
1565620 1938
1565630 1938
1565640 1936
1565650 1935
1565660 1935
1565670 1934
1565680 1931
1565690 1931
1565700 1929
1565710 1927
1565720 1927
1565730 1924
1565740 1921
1565750 1921
1565760 1919
1565770 1918
1565780 1918
1565790 1919
1565800 1920
1565810 1919
1565820 1919
1565830 1915
1565840 1913
1565850 1913
1565860 1917
1565870 1920
1565880 1920
1565890 1922
1565900 1923
1565910 1923
1565920 1925
1565930 1925
1565940 1925
1565950 1927
1565960 1931
1565970 1931
1565980 1936
1565990 1940
1566000 1940
1566010 1942
1566020 1938
1566030 1938
1566040 1935
1566050 1931
1566060 1928
1566070 1928
1566080 1924
1566090 1922
1566100 1922
1566110 1920
1566120 1917
1566130 1908
1566140 1906
1566150 1903
1566160 1903
1566170 1900
1566180 1898
1566190 1898
1566200 1896
1566210 1893
1566220 1893
1566230 1892
1566240 1889
1566250 1889
1566260 1886
1566270 1885
1566280 1885
1566290 1884
1566300 1882
1566310 1881
1566320 1881
1566330 1879
1566340 1876
1566350 1876
1566360 1873
1566370 1871
1566380 1871
1566390 1869
1566400 1867
1566410 1867
1566420 1864
1566430 1862
1566440 1862
1566450 1861
1566460 1861
1566470 1861
1566480 1860
1566490 1860
1566500 1860
1566510 1859
1566520 1858
1566530 1858
1566540 1857
1566550 1856
1566560 1854
1566570 1854
1566580 1852
1566590 1851
1566600 1851
1566610 1849
1566620 1847
1566630 1847
1566640 1845
1566650 1843
1566660 1843
1566670 1841
1566680 1839
1566690 1839
1566700 1836
1566710 1832
1566720 1832
1566730 1827
1566740 1821
1566750 1821
1566760 1815
1566770 1808
1566780 1808
1566790 1803
1566800 1796
1566810 1790
1566820 1790
1566830 1785
1566840 1782
1566850 1782
1566860 1779
1566870 1775
1566880 1775
1566890 1770
1566900 1764
1566910 1764
1566920 1762
1566930 1763
1566940 1763
1566950 1766
1566960 1767
1566970 1767
1566980 1769
1566990 1770
1567000 1770
1567010 1770
1567020 1768
1567030 1768
1567040 1766
1567050 1760
1567060 1751
1567070 1751
1567080 1740
1567090 1730
1567100 1730
1567110 1719
1567120 1710
1567130 1710
1567140 1702
1567150 1694
1567160 1694
1567170 1687
1567180 1679
1567190 1679
1567200 1671
1567210 1664
1567220 1664
1567230 1657
1567240 1649
1567250 1649
1567260 1641
1567270 1632
1567280 1632
1567290 1624
1567300 1616
1567310 1613
1567320 1613
1567330 1611
1567340 1611
1567350 1611
1567360 1607
1567370 1604
1567380 1604
1567390 1600
1567400 1595
1567410 1595
1567420 1590
1567430 1584
1567440 1584
1567450 1581
1567460 1581
1567470 1581
1567480 1581
1567490 1581
1567500 1581
1567510 1579
1567520 1575
1567530 1575
1567540 1570
1567550 1562
1567560 1554
1567570 1554
1567580 1547
1567590 1540
1567600 1540
1567610 1527
1567620 1520
1567630 1520
1567640 1512
1567650 1505
1567660 1505
1567670 1497
1567680 1489
1567690 1489
1567700 1482
1567710 1474
1567720 1474
1567730 1467
1567740 1459
1567750 1459
1567760 1452
1567770 1444
1567780 1444
1567790 1437
1567800 1429
1567810 1422
1567820 1422
1567830 1412
1567840 1403
1567850 1403
1567860 1394
1567870 1384
1567880 1384
1567890 1375
1567900 1370
1567910 1370
1567920 1361
1567930 1355
1567940 1355
1567950 1348
1567960 1342
1567970 1342
1567980 1335
1567990 1328
1568000 1328
1568010 1322
1568020 1317
1568030 1317
1568040 1312
1568050 1306
1568060 1297
1568070 1297
1568080 1289
1568090 1278
1568100 1278
1568110 1268
1568120 1262
1568130 1262
1568140 1254
1568150 1250
1568160 1250
1568170 1246
1568180 1242
1568190 1242
1568200 1239
1568210 1235
1568220 1235
1568230 1232
1568240 1230
1568250 1230
1568260 1227
1568270 1225
1568280 1225
1568290 1223
1568300 1220
1568310 1218
1568320 1218
1568330 1217
1568340 1216
1568350 1216
1568360 1214
1568370 1213
1568380 1213
1568390 1210
1568400 1207
1568410 1207
1568420 1206
1568430 1205
1568440 1205
1568450 1205
1568460 1204
1568470 1204
1568480 1204
1568490 1204
1568500 1204
1568510 1204
1568520 1204
1568530 1204
1568540 1204
1568550 1204
1568560 1203
1568570 1203
1568580 1203
1568590 1203
1568600 1203
1568610 1203
1568620 1203
1568630 1203
1568640 1203
1568650 1203
1568660 1203
1568670 1203
1568680 1202
1568690 1202
1568700 1202
1568710 1202
1568720 1202
1568730 1202
1568740 1202
1568750 1202
1568760 1202
1568770 1202
1568780 1202
1568790 1202
1568800 1202
1568810 1202
1568820 1202
1568830 1202
1568840 1202
1568850 1202
1568860 1202
1568870 1204
1568880 1204
1568890 1206
1568900 1209
1568910 1209
1568920 1212
1568930 1215
1568940 1215
1568950 1219
1568960 1223
1568970 1223
1568980 1227
1568990 1231
1569000 1231
1569010 1234
1569020 1238
1569030 1238
1569040 1242
1569050 1247
1569060 1252
1569070 1252
1569080 1258
1569090 1264
1569100 1264
1569110 1271
1569120 1276
1569130 1276
1569140 1282
1569150 1287
1569160 1287
1569170 1292
1569180 1298
1569190 1304
1569200 1309
1569210 1314
1569220 1314
1569230 1319
1569240 1324
1569250 1324
1569260 1330
1569270 1335
1569280 1335
1569290 1340
1569300 1344
1569310 1348
1569320 1348
1569330 1353
1569340 1358
1569350 1358
1569360 1363
1569370 1367
1569380 1367
1569390 1372
1569400 1377
1569410 1377
1569420 1383
1569430 1388
1569440 1388
1569450 1392
1569460 1396
1569470 1396
1569480 1400
1569490 1400
1569500 1400
1569510 1399
1569520 1398
1569530 1398
1569540 1397
1569550 1400
1569560 1405
1569570 1405
1569580 1411
1569590 1418
1569600 1418
1569610 1427
1569620 1434
1569630 1434
1569640 1443
1569650 1451
1569660 1451
1569670 1453
1569680 1451
1569690 1451
1569700 1450
1569710 1453
1569720 1453
1569730 1452
1569740 1446
1569750 1446
1569760 1450
1569770 1461
1569780 1461
1569790 1468
1569800 1474
1569810 1482
1569820 1482
1569830 1489
1569840 1496
1569850 1496
1569860 1503
1569870 1510
1569880 1510
1569890 1519
1569900 1525
1569910 1525
1569920 1532
1569930 1538
1569940 1538
1569950 1542
1569960 1549
1569970 1549
1569980 1555
1569990 1562
1570000 1562
1570010 1569
1570020 1577
1570030 1577
1570040 1585
1570050 1592
1570060 1597
1570070 1597
1570080 1603
1570090 1610
1570100 1610
1570110 1617
1570120 1624
1570130 1624
1570140 1632
1570150 1638
1570160 1638
1570170 1645
1570180 1652
1570190 1652
1570200 1657
1570210 1660
1570220 1660
1570230 1665
1570240 1671
1570250 1671
1570260 1676
1570270 1681
1570280 1681
1570290 1687
1570300 1692
1570310 1697
1570320 1697
1570330 1702
1570340 1707
1570350 1707
1570360 1712
1570370 1717
1570380 1717
1570390 1721
1570400 1727
1570410 1727
1570420 1732
1570430 1735
1570440 1735
1570450 1739
1570460 1742
1570470 1742
1570480 1744
1570490 1746
1570500 1746
1570510 1750
1570520 1754
1570530 1754
1570540 1756
1570550 1759
1570560 1763
1570570 1763
1570580 1766
1570590 1769
1570600 1769
1570610 1774
1570620 1777
1570630 1777
1570640 1781
1570650 1786
1570660 1786
1570670 1790
1570680 1799
1570690 1799
1570700 1803
1570710 1807
1570720 1807
1570730 1813
1570740 1817
1570750 1817
1570760 1822
1570770 1827
1570780 1827
1570790 1832
1570800 1836
1570810 1840
1570820 1840
1570830 1846
1570840 1851
1570850 1851
1570860 1856
1570870 1860
1570880 1860
1570890 1865
1570900 1870
1570910 1870
1570920 1875
1570930 1879
1570940 1879
1570950 1884
1570960 1889
1570970 1889
1570980 1894
1570990 1898
1571000 1898
1571010 1903
1571020 1908
1571030 1908
1571040 1914
1571050 1919
1571060 1923
1571070 1923
1571080 1928
1571090 1933
1571100 1933
1571110 1938
1571120 1941
1571130 1941
1571140 1941
1571150 1940
1571160 1940
1571170 1940
1571180 1939
1571190 1939
1571200 1937
1571210 1935
1571220 1935
1571230 1934
1571240 1934
1571250 1934
1571260 1934
1571270 1933
1571280 1933
1571290 1933
1571300 1931
1571310 1930
1571320 1930
1571330 1930
1571340 1928
1571350 1928
1571360 1927
1571370 1925
1571380 1925
1571390 1924
1571400 1923
1571410 1923
1571420 1920
1571430 1918
1571440 1918
1571450 1916
1571460 1914
1571470 1914
1571480 1911
1571490 1909
1571500 1909
1571510 1906
1571520 1902
1571530 1902
1571540 1895
1571550 1888
1571560 1885
1571570 1885
1571580 1883
1571590 1881
1571600 1881
1571610 1880
1571620 1879
1571630 1879
1571640 1877
1571650 1875
1571660 1875
1571670 1872
1571680 1869
1571690 1869
1571700 1865
1571710 1861
1571720 1861
1571730 1858
1571740 1854
1571750 1854
1571760 1850
1571770 1846
1571780 1846
1571790 1842
1571800 1839
1571810 1836
1571820 1836
1571830 1832
1571840 1828
1571850 1828
1571860 1823
1571870 1818
1571880 1818
1571890 1813
1571900 1808
1571910 1808
1571920 1802
1571930 1796
1571940 1796
1571950 1790
1571960 1783
1571970 1783
1571980 1777
1571990 1771
1572000 1771
1572010 1764
1572020 1757
1572030 1757
1572040 1751
1572050 1745
1572060 1739
1572070 1739
1572080 1733
1572090 1726
1572100 1726
1572110 1720
1572120 1714
1572130 1714
1572140 1708
1572150 1700
1572160 1700
1572170 1693
1572180 1685
1572190 1685
1572200 1677
1572210 1669
1572220 1669
1572230 1663
1572240 1656
1572250 1656
1572260 1650
1572270 1643
1572280 1643
1572290 1636
1572300 1629
1572310 1622
1572320 1622
1572330 1616
1572340 1610
1572350 1610
1572360 1604
1572370 1598
1572380 1598
1572390 1591
1572400 1586
1572410 1586
1572420 1582
1572430 1578
1572440 1578
1572450 1574
1572460 1569
1572470 1569
1572480 1564
1572490 1560
1572500 1560
1572510 1556
1572520 1553
1572530 1553
1572540 1549
1572550 1545
1572560 1540
1572570 1540
1572580 1535
1572590 1531
1572600 1531
1572610 1527
1572620 1524
1572630 1524
1572640 1520
1572650 1517
1572660 1517
1572670 1515
1572680 1511
1572690 1511
1572700 1508
1572710 1504
1572720 1504
1572730 1504
1572740 1506
1572750 1506
1572760 1507
1572770 1508
1572780 1508
1572790 1508
1572800 1509
1572810 1509
1572820 1509
1572830 1509
1572840 1509
1572850 1509
1572860 1510
1572870 1511
1572880 1511
1572890 1512
1572900 1514
1572910 1514
1572920 1517
1572930 1519
1572940 1519
1572950 1520
1572960 1521
1572970 1521
1572980 1522
1572990 1524
1573000 1524
1573010 1525
1573020 1526
1573030 1526
1573040 1529
1573050 1531
1573060 1532
1573070 1532
1573080 1534
1573090 1537
1573100 1537
1573110 1539
1573120 1541
1573130 1541
1573140 1544
1573150 1547
1573160 1547
1573170 1551
1573180 1553
1573190 1553
1573200 1556
1573210 1558
1573220 1558
1573230 1559
1573240 1557
1573250 1557
1573260 1563
1573270 1574
1573280 1574
1573290 1581
1573300 1588
1573310 1594
1573320 1594
1573330 1599
1573340 1602
1573350 1602
1573360 1607
1573370 1611
1573380 1611
1573390 1614
1573400 1615
1573410 1615
1573420 1614
1573430 1614
1573440 1614
1573450 1615
1573460 1617
1573470 1617
1573480 1624
1573490 1632
1573500 1632
1573510 1640
1573520 1646
1573530 1646
1573540 1652
1573550 1657
1573560 1661
1573570 1661
1573580 1666
1573590 1671
1573600 1671
1573610 1675
1573620 1679
1573630 1679
1573640 1683
1573650 1688
1573660 1688
1573670 1693
1573680 1697
1573690 1697
1573700 1702
1573710 1707
1573720 1707
1573730 1712
1573740 1717
1573750 1717
1573760 1722
1573770 1728
1573780 1728
1573790 1733
1573800 1738
1573810 1744
1573820 1744
1573830 1749
1573840 1754
1573850 1754
1573860 1760
1573870 1765
1573880 1765
1573890 1770
1573900 1775
1573910 1775
1573920 1781
1573930 1786
1573940 1786
1573950 1790
1573960 1795
1573970 1795
1573980 1801
1573990 1807
1574000 1807
1574010 1813
1574020 1818
1574030 1818
1574040 1824
1574050 1829
1574060 1836
1574070 1836
1574080 1842
1574090 1849
1574100 1849
1574110 1855
1574120 1860
1574130 1860
1574140 1866
1574150 1871
1574160 1871
1574170 1877
1574180 1882
1574190 1882
1574200 1887
1574210 1892
1574220 1892
1574230 1897
1574240 1903
1574250 1903
1574260 1908
1574270 1913
1574280 1913
1574290 1918
1574300 1924
1574310 1929
1574320 1929
1574330 1934
1574340 1939
1574350 1939
1574360 1944
1574370 1950
1574380 1950
1574390 1955
1574400 1961
1574410 1961
1574420 1967
1574430 1972
1574440 1972
1574450 1977
1574460 1982
1574470 1982
1574480 1986
1574490 1990
1574500 1990
1574510 1994
1574520 1999
1574530 1999
1574540 2003
1574550 2007
1574560 2012
1574570 2012
1574580 2015
1574590 2019
1574600 2019
1574610 2021
1574620 2024
1574630 2024
1574640 2026
1574650 2030
1574660 2030
1574670 2033
1574680 2035
1574690 2035
1574700 2038
1574710 2039
1574720 2039
1574730 2040
1574740 2040
1574750 2040
1574760 2039
1574770 2039
1574780 2039
1574790 2038
1574800 2037
1574810 2037
1574820 2037
1574830 2036
1574840 2036
1574850 2036
1574860 2035
1574870 2035
1574880 2035
1574890 2034
1574900 2033
1574910 2033
1574920 2033
1574930 2032
1574940 2032
1574950 2031
1574960 2030
1574970 2030
1574980 2030
1574990 2029
1575000 2029
1575010 2032
1575020 2031
1575030 2031
1575040 2030
1575050 2029
1575060 2028
1575070 2028
1575080 2026
1575090 2024
1575100 2024
1575110 2023
1575120 2021
1575130 2021
1575140 2020
1575150 2018
1575160 2018
1575170 2016
1575180 2014
1575190 2014
1575200 2013
1575210 2011
1575220 2011
1575230 2010
1575240 2008
1575250 2008
1575260 2007
1575270 2005
1575280 2005
1575290 2003
1575300 2002
1575310 2000
1575320 2000
1575330 1998
1575340 1997
1575350 1997
1575360 1995
1575370 1994
1575380 1994
1575390 1994
1575400 1993
1575410 1993
1575420 1990
1575430 1988
1575440 1988
1575450 1986
1575460 1984
1575470 1984
1575480 1982
1575490 1981
1575500 1981
1575510 1979
1575520 1978
1575530 1978
1575540 1977
1575550 1976
1575560 1976
1575570 1976
1575580 1975
1575590 1974
1575600 1974
1575610 1972
1575620 1972
1575630 1972
1575640 1973
1575650 1973
1575660 1973
1575670 1974
1575680 1974
1575690 1974
1575700 1975
1575710 1976
1575720 1976
1575730 1977
1575740 1978
1575750 1978
1575760 1979
1575770 1980
1575780 1980
1575790 1980
1575800 1981
1575810 1981
1575820 1981
1575830 1980
1575840 1980
1575850 1980
1575860 1980
1575870 1979
1575880 1979
1575890 1978
1575900 1977
1575910 1977
1575920 1976
1575930 1974
1575940 1974
1575950 1972
1575960 1970
1575970 1970
1575980 1968
1575990 1966
1576000 1966
1576010 1964
1576020 1961
1576030 1961
1576040 1958
1576050 1956
1576060 1953
1576070 1953
1576080 1949
1576090 1946
1576100 1946
1576110 1942
1576120 1938
1576130 1938
1576140 1934
1576150 1930
1576160 1930
1576170 1925
1576180 1920
1576190 1920
1576200 1916
1576210 1911
1576220 1911
1576230 1906
1576240 1901
1576250 1901
1576260 1896
1576270 1890
1576280 1890
1576290 1884
1576300 1878
1576310 1873
1576320 1873
1576330 1867
1576340 1861
1576350 1861
1576360 1855
1576370 1849
1576380 1849
1576390 1843
1576400 1837
1576410 1837
1576420 1831
1576430 1825
1576440 1825
1576450 1820
1576460 1814
1576470 1814
1576480 1808
1576490 1801
1576500 1801
1576510 1795
1576520 1788
1576530 1788
1576540 1782
1576550 1776
1576560 1770
1576570 1770
1576580 1765
1576590 1759
1576600 1759
1576610 1753
1576620 1748
1576630 1748
1576640 1743
1576650 1740
1576660 1740
1576670 1736
1576680 1731
1576690 1731
1576700 1726
1576710 1721
1576720 1721
1576730 1716
1576740 1711
1576750 1711
1576760 1707
1576770 1703
1576780 1703
1576790 1699
1576800 1695
1576810 1692
1576820 1692
1576830 1688
1576840 1684
1576850 1684
1576860 1681
1576870 1677
1576880 1677
1576890 1673
1576900 1668
1576910 1668
1576920 1664
1576930 1659
1576940 1659
1576950 1654
1576960 1649
1576970 1649
1576980 1645
1576990 1641
1577000 1641
1577010 1637
1577020 1633
1577030 1633
1577040 1629
1577050 1623
1577060 1616
1577070 1616
1577080 1609
1577090 1606
1577100 1606
1577110 1605
1577120 1604
1577130 1604
1577140 1604
1577150 1601
1577160 1601
1577170 1596
1577180 1590
1577190 1590
1577200 1586
1577210 1580
1577220 1580
1577230 1572
1577240 1568
1577250 1568
1577260 1569
1577270 1572
1577280 1572
1577290 1578
1577300 1582
1577310 1583
1577320 1583
1577330 1583
1577340 1583
1577350 1583
1577360 1586
1577370 1588
1577380 1588
1577390 1590
1577400 1592
1577410 1592
1577420 1593
1577430 1595
1577440 1595
1577450 1595
1577460 1596
1577470 1596
1577480 1597
1577490 1597
1577500 1597
1577510 1597
1577520 1598
1577530 1598
1577540 1599
1577550 1600
1577560 1601
1577570 1601
1577580 1603
1577590 1604
1577600 1604
1577610 1605
1577620 1606
1577630 1606
1577640 1607
1577650 1608
1577660 1608
1577670 1610
1577680 1612
1577690 1612
1577700 1615
1577710 1617
1577720 1617
1577730 1620
1577740 1622
1577750 1622
1577760 1625
1577770 1628
1577780 1632
1577790 1634
1577800 1636
1577810 1638
1577820 1638
1577830 1640
1577840 1641
1577850 1641
1577860 1642
1577870 1643
1577880 1643
1577890 1645
1577900 1646
1577910 1646
1577920 1647
1577930 1648
1577940 1648
1577950 1648
1577960 1647
1577970 1647
1577980 1646
1577990 1644
1578000 1644
1578010 1641
1578020 1638
1578030 1638
1578040 1635
1578050 1632
1578060 1629
1578070 1629
1578080 1626
1578090 1622
1578100 1622
1578110 1618
1578120 1616
1578130 1616
1578140 1611
1578150 1607
1578160 1607
1578170 1602
1578180 1598
1578190 1598
1578200 1594
1578210 1590
1578220 1590
1578230 1587
1578240 1584
1578250 1584
1578260 1581
1578270 1578
1578280 1578
1578290 1575
1578300 1572
1578310 1569
1578320 1569
1578330 1565
1578340 1562
1578350 1562
1578360 1559
1578370 1557
1578380 1557
1578390 1555
1578400 1553
1578410 1553
1578420 1550
1578430 1547
1578440 1547
1578450 1545
1578460 1542
1578470 1542
1578480 1538
1578490 1536
1578500 1536
1578510 1534
1578520 1532
1578530 1532
1578540 1529
1578550 1526
1578560 1524
1578570 1524
1578580 1521
1578590 1519
1578600 1519
1578610 1516
1578620 1513
1578630 1513
1578640 1511
1578650 1508
1578660 1508
1578670 1506
1578680 1505
1578690 1505
1578700 1503
1578710 1501
1578720 1501
1578730 1498
1578740 1496
1578750 1496
1578760 1494
1578770 1492
1578780 1492
1578790 1490
1578800 1487
1578810 1484
1578820 1484
1578830 1480
1578840 1477
1578850 1477
1578860 1474
1578870 1470
1578880 1470
1578890 1466
1578900 1462
1578910 1462
1578920 1458
1578930 1453
1578940 1453
1578950 1449
1578960 1444
1578970 1444
1578980 1440
1578990 1435
1579000 1435
1579010 1430
1579020 1426
1579030 1426
1579040 1421
1579050 1416
1579060 1410
1579070 1410
1579080 1403
1579090 1397
1579100 1397
1579110 1392
1579120 1386
1579130 1384
1579140 1378
1579150 1371
1579160 1371
1579170 1366
1579180 1360
1579190 1360
1579200 1355
1579210 1350
1579220 1350
1579230 1346
1579240 1340
1579250 1340
1579260 1334
1579270 1329
1579280 1329
1579290 1323
1579300 1318
1579310 1312
1579320 1312
1579330 1308
1579340 1303
1579350 1303
1579360 1299
1579370 1295
1579380 1295
1579390 1291
1579400 1287
1579410 1287
1579420 1282
1579430 1277
1579440 1277
1579450 1273
1579460 1269
1579470 1269
1579480 1265
1579490 1261
1579500 1261
1579510 1256
1579520 1253
1579530 1253
1579540 1250
1579550 1247
1579560 1244
1579570 1244
1579580 1241
1579590 1238
1579600 1238
1579610 1234
1579620 1231
1579630 1231
1579640 1227
1579650 1225
1579660 1225
1579670 1223
1579680 1221
1579690 1221
1579700 1218
1579710 1215
1579720 1215
1579730 1212
1579740 1210
1579750 1210
1579760 1207
1579770 1204
1579780 1204
1579790 1200
1579800 1197
1579810 1191
1579820 1191
1579830 1185
1579840 1181
1579850 1181
1579860 1175
1579870 1170
1579880 1170
1579890 1166
1579900 1163
1579910 1163
1579920 1158
1579930 1154
1579940 1154
1579950 1151
1579960 1146
1579970 1146
1579980 1143
1579990 1142
