1560000 2479
1560010 2479
1560020 2476
1560030 2466
1560040 2466
1560050 2456
1560060 2447
1560070 2447
1560080 2440
1560090 2436
1560100 2436
1560110 2436
1560120 2432
1560130 2432
1560140 2426
1560150 2423
1560160 2423
1560170 2420
1560180 2419
1560190 2421
1560200 2409
1560210 2404
1560220 2396
1560230 2396
1560240 2392
1560250 2390
1560260 2390
1560270 2389
1560280 2383
1560290 2383
1560300 2373
1560310 2361
1560320 2361
1560330 2349
1560340 2341
1560350 2341
1560360 2332
1560370 2324
1560380 2324
1560390 2316
1560400 2308
1560410 2308
1560420 2300
1560430 2294
1560440 2290
1560450 2290
1560460 2284
1560470 2276
1560480 2276
1560490 2270
1560500 2263
1560510 2263
1560520 2255
1560530 2247
1560540 2247
1560550 2241
1560560 2234
1560570 2234
1560580 2228
1560590 2222
1560600 2222
1560610 2217
1560620 2214
1560630 2214
1560640 2212
1560650 2203
1560660 2203
1560670 2195
1560680 2187
1560690 2179
1560700 2179
1560710 2171
1560720 2163
1560730 2163
1560740 2155
1560750 2146
1560760 2146
1560770 2138
1560780 2134
1560790 2134
1560800 2132
1560810 2129
1560820 2129
1560830 2123
1560840 2116
1560850 2116
1560860 2108
1560870 2102
1560880 2102
1560890 2096
1560900 2091
1560910 2091
1560920 2086
1560930 2082
1560940 2076
1560950 2076
1560960 2071
1560970 2069
1560980 2069
1560990 2067
1561000 2063
1561010 2063
1561020 2060
1561030 2057
1561040 2057
1561050 2053
1561060 2048
1561070 2048
1561080 2042
1561090 2037
1561100 2037
1561110 2030
1561120 2023
1561130 2023
1561140 2014
1561150 2004
1561160 2004
1561170 1995
1561180 1987
1561190 1979
1561200 1979
1561210 1969
1561220 1954
1561230 1954
1561240 1941
1561250 1926
1561260 1926
1561270 1920
1561280 1919
1561290 1919
1561300 1908
1561310 1899
1561320 1899
1561330 1892
1561340 1885
1561350 1885
1561360 1875
1561370 1865
1561380 1865
1561390 1857
1561400 1851
1561410 1851
1561420 1844
1561430 1838
1561440 1832
1561450 1832
1561460 1827
1561470 1821
1561480 1821
1561490 1815
1561500 1809
1561510 1809
1561520 1802
1561530 1796
1561540 1796
1561550 1791
1561560 1787
1561570 1787
1561580 1783
1561590 1779
1561600 1779
1561610 1774
1561620 1769
1561630 1769
1561640 1765
1561650 1760
1561660 1760
1561670 1755
1561680 1751
1561690 1748
1561700 1748
1561710 1745
1561720 1742
1561730 1742
1561740 1739
1561750 1736
1561760 1736
1561770 1732
1561780 1728
1561790 1728
1561800 1725
1561810 1721
1561820 1721
1561830 1718
1561840 1715
1561850 1715
1561860 1713
1561870 1709
1561880 1709
1561890 1707
1561900 1704
1561910 1704
1561920 1702
1561930 1700
1561940 1699
1561950 1699
1561960 1697
1561970 1696
1561980 1696
1561990 1695
1562000 1693
1562010 1693
1562020 1692
1562030 1693
1562040 1693
1562050 1697
1562060 1702
1562070 1702
1562080 1703
1562090 1702
1562100 1702
1562110 1701
1562120 1700
1562130 1700
1562140 1701
1562150 1701
1562160 1701
1562170 1700
1562180 1700
1562190 1699
1562200 1699
1562210 1700
1562220 1700
1562230 1700
1562240 1701
1562250 1702
1562260 1702
1562270 1703
1562280 1704
1562290 1704
1562300 1706
1562310 1708
1562320 1708
1562330 1710
1562340 1712
1562350 1712
1562360 1715
1562370 1716
1562380 1716
1562390 1718
1562400 1722
1562410 1722
1562420 1725
1562430 1730
1562440 1736
1562450 1736
1562460 1740
1562470 1742
1562480 1742
1562490 1743
1562500 1746
1562510 1746
1562520 1750
1562530 1755
1562540 1755
1562550 1760
1562560 1764
1562570 1764
1562580 1768
1562590 1772
1562600 1772
1562610 1775
1562620 1779
1562630 1779
1562640 1783
1562650 1787
1562660 1787
1562670 1791
1562680 1795
1562690 1800
1562700 1800
1562710 1804
1562720 1807
1562730 1807
1562740 1810
1562750 1814
1562760 1814
1562770 1816
1562780 1819
1562790 1819
1562800 1822
1562810 1825
1562820 1825
1562830 1830
1562840 1836
1562850 1836
1562860 1842
1562870 1849
1562880 1849
1562890 1855
1562900 1862
1562910 1862
1562920 1869
1562930 1875
1562940 1882
1562950 1882
1562960 1890
1562970 1897
1562980 1897
1562990 1904
1563000 1910
1563010 1910
1563020 1918
1563030 1924
1563040 1924
1563050 1929
1563060 1935
1563070 1935
1563080 1941
1563090 1946
1563100 1946
1563110 1949
1563120 1953
1563130 1953
1563140 1956
1563150 1958
1563160 1958
1563170 1959
1563180 1961
1563190 1961
1563200 1961
1563210 1961
1563220 1960
1563230 1960
1563240 1957
1563250 1952
1563260 1952
1563270 1948
1563280 1949
1563290 1949
1563300 1957
1563310 1964
1563320 1964
1563330 1971
1563340 1977
1563350 1977
1563360 1983
1563370 1989
1563380 1989
1563390 1995
1563400 2002
1563410 2002
1563420 2009
1563430 2016
1563440 2023
1563450 2023
1563460 2031
1563470 2038
1563480 2038
1563490 2047
1563500 2055
1563510 2055
1563520 2063
1563530 2070
1563540 2070
1563550 2077
1563560 2083
1563570 2083
1563580 2089
1563590 2095
1563600 2095
1563610 2100
1563620 2106
1563630 2106
1563640 2111
1563650 2117
1563660 2117
1563670 2124
1563680 2131
1563690 2138
1563700 2138
1563710 2146
1563720 2154
1563730 2154
1563740 2162
1563750 2171
1563760 2171
1563770 2180
1563780 2186
1563790 2186
1563800 2191
1563810 2196
1563820 2196
1563830 2201
1563840 2205
1563850 2205
1563860 2209
1563870 2211
1563880 2211
1563890 2213
1563900 2213
1563910 2213
1563920 2212
1563930 2211
1563940 2210
1563950 2210
1563960 2209
1563970 2208
1563980 2208
1563990 2208
1564000 2210
1564010 2210
1564020 2213
1564030 2216
1564040 2216
1564050 2219
1564060 2220
1564070 2220
1564080 2220
1564090 2219
1564100 2219
1564110 2217
1564120 2215
1564130 2215
1564140 2214
1564150 2215
1564160 2215
1564170 2218
1564180 2220
1564190 2220
1564200 2220
1564210 2223
1564220 2227
1564230 2227
1564240 2233
1564250 2240
1564260 2240
1564270 2245
1564280 2249
1564290 2249
1564300 2254
1564310 2260
1564320 2260
1564330 2264
1564340 2270
1564350 2270
1564360 2274
1564370 2277
1564380 2277
1564390 2283
1564400 2288
1564410 2288
1564420 2293
1564430 2299
1564440 2304
1564450 2304
1564460 2309
1564470 2316
1564480 2316
1564490 2324
1564500 2335
1564510 2335
1564520 2344
1564530 2351
1564540 2351
1564550 2358
1564560 2361
1564570 2361
1564580 2364
1564590 2369
1564600 2369
1564610 2372
1564620 2375
1564630 2375
1564640 2378
1564650 2380
1564660 2380
1564670 2382
1564680 2382
1564690 2378
1564700 2378
1564710 2373
1564720 2367
1564730 2367
1564740 2363
1564750 2356
1564760 2356
1564770 2350
1564780 2345
1564790 2345
1564800 2339
1564810 2333
1564820 2333
1564830 2328
1564840 2322
1564850 2322
1564860 2317
1564870 2311
1564880 2311
1564890 2307
1564900 2303
1564910 2303
1564920 2300
1564930 2298
1564940 2296
1564950 2296
1564960 2289
1564970 2280
1564980 2280
1564990 2271
1565000 2263
1565010 2263
1565020 2255
1565030 2248
1565040 2248
1565050 2240
1565060 2231
1565070 2231
1565080 2223
1565090 2213
1565100 2213
1565110 2207
1565120 2202
1565130 2202
1565140 2199
1565150 2196
1565160 2196
1565170 2192
1565180 2189
1565190 2185
1565200 2185
1565210 2182
1565220 2177
1565230 2177
1565240 2172
1565250 2168
1565260 2168
1565270 2160
1565280 2152
1565290 2152
1565300 2147
1565310 2140
1565320 2140
1565330 2135
1565340 2129
1565350 2129
1565360 2122
1565370 2114
1565380 2114
1565390 2102
1565400 2084
1565410 2084
1565420 2067
1565430 2052
1565440 2045
1565450 2045
1565460 2042
1565470 2034
1565480 2034
1565490 2028
1565500 2025
1565510 2025
1565520 2021
1565530 2018
1565540 2018
1565550 2016
1565560 2016
1565570 2016
1565580 2015
1565590 2014
1565600 2014
1565610 2013
1565620 2014
1565630 2014
1565640 2014
1565650 2014
1565660 2013
1565670 2013
1565680 2010
1565690 2008
1565700 2008
1565710 2006
1565720 2003
1565730 2003
1565740 2002
1565750 2001
1565760 2001
1565770 2002
1565780 2004
1565790 2004
1565800 2007
1565810 2012
1565820 2012
1565830 2016
1565840 2019
1565850 2019
1565860 2026
1565870 2033
1565880 2033
1565890 2043
1565900 2055
1565910 2063
1565920 2063
1565930 2068
1565940 2073
1565950 2073
1565960 2076
1565970 2077
1565980 2077
1565990 2075
1566000 2073
1566010 2073
1566020 2069
1566030 2067
1566040 2067
1566050 2064
1566060 2061
1566070 2061
1566080 2058
1566090 2055
1566100 2055
1566110 2051
1566120 2048
1566130 2048
1566140 2045
1566150 2042
1566160 2039
1566170 2039
1566180 2036
1566190 2034
1566200 2034
1566210 2031
1566220 2028
1566230 2028
1566240 2025
1566250 2022
1566260 2022
1566270 2020
1566280 2018
1566290 2018
1566300 2016
1566310 2014
1566320 2014
1566330 2011
1566340 2008
1566350 2008
1566360 2005
1566370 2004
1566380 2004
1566390 2002
1566400 2000
1566410 1998
1566420 1998
1566430 1995
1566440 1994
1566450 1994
1566460 1992
1566470 1988
1566480 1988
1566490 1985
1566500 1981
1566510 1981
1566520 1976
1566530 1972
1566540 1972
1566550 1969
1566560 1965
1566570 1965
1566580 1961
1566590 1957
1566600 1957
1566610 1954
1566620 1951
1566630 1951
1566640 1946
1566650 1939
1566660 1935
1566670 1935
1566680 1931
1566690 1928
1566700 1928
1566710 1925
1566720 1921
1566730 1921
1566740 1918
1566750 1914
1566760 1914
1566770 1910
1566780 1907
1566790 1907
1566800 1903
1566810 1898
1566820 1898
1566830 1892
1566840 1885
1566850 1885
1566860 1878
1566870 1872
1566880 1872
1566890 1868
1566900 1864
1566910 1858
1566920 1858
1566930 1851
1566940 1843
1566950 1843
1566960 1835
1566970 1832
1566980 1832
1566990 1830
1567000 1830
1567010 1830
1567020 1826
1567030 1820
1567040 1820
1567050 1817
1567060 1816
1567070 1816
1567080 1813
1567090 1810
1567100 1810
1567110 1806
1567120 1802
1567130 1802
1567140 1797
1567150 1791
1567160 1786
1567170 1786
1567180 1778
1567190 1771
1567200 1771
1567210 1764
1567220 1757
1567230 1757
1567240 1751
1567250 1744
1567260 1744
1567270 1736
1567280 1729
1567290 1729
1567300 1721
1567310 1714
1567320 1714
1567330 1706
1567340 1698
1567350 1698
1567360 1691
1567370 1683
1567380 1683
1567390 1675
1567400 1667
1567410 1659
1567420 1659
1567430 1651
1567440 1644
1567450 1644
1567460 1636
1567470 1628
1567480 1628
1567490 1620
1567500 1612
1567510 1612
1567520 1605
1567530 1597
1567540 1597
1567550 1590
1567560 1583
1567570 1583
1567580 1576
1567590 1567
1567600 1567
1567610 1559
1567620 1553
1567630 1553
1567640 1545
1567650 1537
1567660 1529
1567670 1529
1567680 1522
1567690 1514
1567700 1514
1567710 1508
1567720 1500
1567730 1500
1567740 1492
1567750 1484
1567760 1484
1567770 1476
1567780 1468
1567790 1468
1567800 1461
1567810 1453
1567820 1453
1567830 1447
1567840 1442
1567850 1442
1567860 1441
1567870 1440
1567880 1440
1567890 1440
1567900 1432
1567910 1425
1567920 1425
1567930 1423
1567940 1417
1567950 1417
1567960 1408
1567970 1399
1567980 1399
1567990 1392
1568000 1385
1568010 1385
1568020 1379
1568030 1371
1568040 1371
1568050 1366
1568060 1360
1568070 1360
1568080 1352
1568090 1347
1568100 1347
1568110 1339
1568120 1333
1568130 1333
1568140 1327
1568150 1322
1568160 1315
1568170 1315
1568180 1308
1568190 1296
1568200 1296
1568210 1289
1568220 1278
1568230 1278
1568240 1271
1568250 1262
1568260 1262
1568270 1257
1568280 1249
1568290 1249
1568300 1242
1568310 1238
1568320 1238
1568330 1234
1568340 1230
1568350 1230
1568360 1225
1568370 1221
1568380 1221
1568390 1218
1568400 1216
1568410 1216
1568420 1216
1568430 1217
1568440 1218
1568450 1218
1568460 1218
1568470 1218
1568480 1218
1568490 1217
1568500 1216
1568510 1216
1568520 1215
1568530 1213
1568540 1213
1568550 1212
1568560 1211
1568570 1211
1568580 1211
1568590 1210
1568600 1210
1568610 1210
1568620 1209
1568630 1209
1568640 1208
1568650 1207
1568660 1207
1568670 1207
1568680 1206
1568690 1205
1568700 1205
1568710 1204
1568720 1204
1568730 1204
1568740 1203
1568750 1202
1568760 1202
1568770 1201
1568780 1201
1568790 1201
1568800 1201
1568810 1201
1568820 1201
1568830 1201
1568840 1201
1568850 1201
1568860 1202
1568870 1203
1568880 1203
1568890 1203
1568900 1204
1568910 1206
1568920 1206
1568930 1207
1568940 1209
1568950 1209
1568960 1211
1568970 1212
1568980 1212
1568990 1214
1569000 1216
1569010 1216
1569020 1217
1569030 1219
1569040 1219
1569050 1221
1569060 1222
1569070 1222
1569080 1225
1569090 1226
1569100 1226
1569110 1228
1569120 1230
1569130 1230
1569140 1232
1569150 1234
1569160 1239
1569170 1239
1569180 1242
1569190 1245
1569200 1245
1569210 1247
1569220 1249
1569230 1249
1569240 1252
1569250 1254
1569260 1254
1569270 1255
1569280 1257
1569290 1257
1569300 1260
1569310 1263
1569320 1263
1569330 1267
1569340 1272
1569350 1272
1569360 1276
1569370 1280
1569380 1280
1569390 1283
1569400 1284
1569410 1289
1569420 1289
1569430 1294
1569440 1300
1569450 1300
1569460 1306
1569470 1311
1569480 1311
1569490 1318
1569500 1325
1569510 1325
1569520 1331
1569530 1337
1569540 1337
1569550 1343
1569560 1350
1569570 1350
1569580 1355
1569590 1361
1569600 1361
1569610 1367
1569620 1372
1569630 1372
1569640 1377
1569650 1382
1569660 1386
1569670 1386
1569680 1390
1569690 1394
1569700 1399
1569710 1403
1569720 1407
1569730 1407
1569740 1412
1569750 1417
1569760 1417
1569770 1422
1569780 1427
1569790 1427
1569800 1432
1569810 1437
1569820 1437
1569830 1442
1569840 1447
1569850 1447
1569860 1452
1569870 1458
1569880 1458
1569890 1462
1569900 1467
1569910 1472
1569920 1472
1569930 1477
1569940 1481
1569950 1481
1569960 1485
1569970 1486
1569980 1486
1569990 1489
1570000 1493
1570010 1493
1570020 1496
1570030 1498
1570040 1498
1570050 1500
1570060 1505
1570070 1505
1570080 1516
1570090 1523
1570100 1523
1570110 1530
1570120 1537
1570130 1537
1570140 1543
1570150 1549
1570160 1555
1570170 1555
1570180 1562
1570190 1567
1570200 1567
1570210 1575
1570220 1579
1570230 1579
1570240 1585
1570250 1590
1570260 1590
1570270 1595
1570280 1600
1570290 1600
1570300 1606
1570310 1610
1570320 1610
1570330 1613
1570340 1610
1570350 1610
1570360 1607
1570370 1605
1570380 1605
1570390 1603
1570400 1605
1570410 1610
1570420 1610
1570430 1613
1570440 1617
1570450 1617
1570460 1620
1570470 1623
1570480 1623
1570490 1626
1570500 1630
1570510 1630
1570520 1635
1570530 1640
1570540 1640
1570550 1645
1570560 1652
1570570 1652
1570580 1660
1570590 1666
1570600 1666
1570610 1672
1570620 1680
1570630 1680
1570640 1686
1570650 1691
1570660 1697
1570670 1697
1570680 1704
1570690 1710
1570700 1710
1570710 1718
1570720 1727
1570730 1727
1570740 1734
1570750 1742
1570760 1742
1570770 1749
1570780 1756
1570790 1756
1570800 1763
1570810 1770
1570820 1770
1570830 1777
1570840 1785
1570850 1785
1570860 1792
1570870 1798
1570880 1798
1570890 1805
1570900 1812
1570910 1820
1570920 1820
1570930 1828
1570940 1835
1570950 1835
1570960 1843
1570970 1851
1570980 1851
1570990 1857
1571000 1864
1571010 1864
1571020 1871
1571030 1878
1571040 1878
1571050 1884
1571060 1890
1571070 1890
1571080 1897
1571090 1903
1571100 1903
1571110 1909
1571120 1914
1571130 1914
1571140 1919
1571150 1925
1571160 1930
1571170 1930
1571180 1937
1571190 1941
1571200 1941
1571210 1944
1571220 1948
1571230 1948
1571240 1953
1571250 1958
1571260 1958
1571270 1963
1571280 1968
1571290 1968
1571300 1971
1571310 1971
1571320 1971
1571330 1970
1571340 1969
1571350 1969
1571360 1968
1571370 1966
1571380 1966
1571390 1964
1571400 1962
1571410 1959
1571420 1959
1571430 1957
1571440 1954
1571450 1954
1571460 1951
1571470 1948
1571480 1948
1571490 1945
1571500 1942
1571510 1942
1571520 1938
1571530 1935
1571540 1935
1571550 1931
1571560 1927
1571570 1927
1571580 1923
1571590 1918
1571600 1918
1571610 1913
1571620 1909
1571630 1909
1571640 1906
1571650 1901
1571660 1896
1571670 1896
1571680 1891
1571690 1885
1571700 1885
1571710 1879
1571720 1874
1571730 1874
1571740 1869
1571750 1864
1571760 1864
1571770 1859
1571780 1855
1571790 1855
1571800 1850
1571810 1845
1571820 1845
1571830 1840
1571840 1835
1571850 1835
1571860 1830
1571870 1824
1571880 1824
1571890 1820
1571900 1815
1571910 1809
1571920 1809
1571930 1803
1571940 1796
1571950 1796
1571960 1790
1571970 1784
1571980 1784
1571990 1779
1572000 1774
1572010 1774
1572020 1768
1572030 1763
1572040 1763
1572050 1757
1572060 1752
1572070 1752
1572080 1747
1572090 1742
1572100 1742
1572110 1738
1572120 1733
1572130 1733
1572140 1729
1572150 1725
1572160 1721
1572170 1721
1572180 1715
1572190 1708
1572200 1708
1572210 1703
1572220 1698
1572230 1698
1572240 1692
1572250 1685
1572260 1685
1572270 1679
1572280 1673
1572290 1673
1572300 1666
1572310 1659
1572320 1659
1572330 1651
1572340 1643
1572350 1643
1572360 1634
1572370 1628
1572380 1628
1572390 1621
1572400 1614
1572410 1608
1572420 1608
1572430 1601
1572440 1595
1572450 1595
1572460 1589
1572470 1583
1572480 1583
1572490 1577
1572500 1573
1572510 1573
1572520 1569
1572530 1564
1572540 1564
1572550 1561
1572560 1557
1572570 1557
1572580 1553
1572590 1550
1572600 1550
1572610 1546
1572620 1542
1572630 1542
1572640 1538
1572650 1534
1572660 1530
1572670 1530
1572680 1526
1572690 1521
1572700 1521
1572710 1516
1572720 1512
1572730 1512
1572740 1508
1572750 1505
1572760 1505
1572770 1502
1572780 1499
1572790 1499
1572800 1497
1572810 1494
1572820 1494
1572830 1492
1572840 1487
1572850 1487
1572860 1483
1572870 1482
1572880 1482
1572890 1480
1572900 1481
1572910 1482
1572920 1482
1572930 1483
1572940 1483
1572950 1483
1572960 1484
1572970 1487
1572980 1487
1572990 1489
1573000 1491
1573010 1491
1573020 1494
1573030 1496
1573040 1496
1573050 1497
1573060 1497
1573070 1497
1573080 1498
1573090 1500
1573100 1500
1573110 1501
1573120 1502
1573130 1502
1573140 1504
1573150 1505
1573160 1506
1573170 1506
1573180 1507
1573190 1509
1573200 1509
1573210 1510
1573220 1511
1573230 1511
1573240 1512
1573250 1513
1573260 1513
1573270 1514
1573280 1515
1573290 1515
1573300 1517
1573310 1520
1573320 1520
1573330 1525
1573340 1530
1573350 1530
1573360 1534
1573370 1534
1573380 1534
1573390 1535
1573400 1540
1573410 1546
1573420 1546
1573430 1551
1573440 1557
1573450 1557
1573460 1562
1573470 1567
1573480 1567
1573490 1572
1573500 1576
1573510 1576
1573520 1581
1573530 1586
1573540 1586
1573550 1591
1573560 1595
1573570 1595
1573580 1599
1573590 1603
1573600 1603
1573610 1606
1573620 1610
1573630 1610
1573640 1613
1573650 1617
1573660 1624
1573670 1624
1573680 1630
1573690 1634
1573700 1634
1573710 1636
1573720 1638
1573730 1638
1573740 1640
1573750 1644
1573760 1644
1573770 1649
1573780 1654
1573790 1654
1573800 1660
1573810 1666
1573820 1666
1573830 1674
1573840 1682
1573850 1682
1573860 1688
1573870 1695
1573880 1695
1573890 1702
1573900 1709
1573910 1716
1573920 1716
1573930 1722
1573940 1729
1573950 1729
1573960 1733
1573970 1737
1573980 1737
1573990 1743
1574000 1749
1574010 1749
1574020 1756
1574030 1763
1574040 1763
1574050 1768
1574060 1773
1574070 1776
1574080 1781
1574090 1787
1574100 1787
1574110 1793
1574120 1798
1574130 1798
1574140 1803
1574150 1808
1574160 1813
1574170 1813
1574180 1819
1574190 1824
1574200 1824
1574210 1829
1574220 1834
1574230 1834
1574240 1839
1574250 1842
1574260 1842
1574270 1846
1574280 1850
1574290 1850
1574300 1855
1574310 1858
1574320 1858
1574330 1863
1574340 1868
1574350 1868
1574360 1872
1574370 1877
1574380 1877
1574390 1881
1574400 1885
1574410 1890
1574420 1890
1574430 1894
1574440 1898
1574450 1898
1574460 1902
1574470 1906
1574480 1906
1574490 1909
1574500 1913
1574510 1913
1574520 1916
1574530 1918
1574540 1918
1574550 1920
1574560 1922
1574570 1922
1574580 1925
1574590 1928
1574600 1928
1574610 1931
1574620 1934
1574630 1934
1574640 1937
1574650 1941
1574660 1944
1574670 1944
1574680 1948
1574690 1952
1574700 1952
1574710 1957
1574720 1962
1574730 1962
1574740 1965
1574750 1968
1574760 1968
1574770 1970
1574780 1971
1574790 1971
1574800 1973
1574810 1974
1574820 1974
1574830 1974
1574840 1974
1574850 1974
1574860 1973
1574870 1972
1574880 1972
1574890 1972
1574900 1971
1574910 1970
1574920 1970
1574930 1969
1574940 1967
1574950 1967
1574960 1966
1574970 1964
1574980 1964
1574990 1962
1575000 1960
1575010 1960
1575020 1958
1575030 1956
1575040 1956
1575050 1954
1575060 1952
1575070 1952
1575080 1950
1575090 1948
1575100 1948
1575110 1946
1575120 1944
1575130 1944
1575140 1941
1575150 1939
1575160 1936
1575170 1936
1575180 1933
1575190 1930
1575200 1930
1575210 1928
1575220 1926
1575230 1926
1575240 1924
1575250 1922
1575260 1922
1575270 1920
1575280 1918
1575290 1918
1575300 1916
1575310 1915
1575320 1915
1575330 1913
1575340 1912
1575350 1912
1575360 1910
1575370 1907
1575380 1907
1575390 1906
1575400 1904
1575410 1903
1575420 1903
1575430 1902
1575440 1902
1575450 1902
1575460 1901
1575470 1900
1575480 1903
1575490 1902
1575500 1901
1575510 1901
1575520 1900
1575530 1900
1575540 1900
1575550 1899
1575560 1897
1575570 1897
1575580 1895
1575590 1894
1575600 1894
1575610 1893
1575620 1894
1575630 1894
1575640 1893
1575650 1895
1575660 1896
1575670 1896
1575680 1897
1575690 1897
1575700 1897
1575710 1896
1575720 1896
1575730 1896
1575740 1896
1575750 1896
1575760 1896
1575770 1896
1575780 1895
1575790 1895
1575800 1895
1575810 1895
1575820 1895
1575830 1895
1575840 1894
1575850 1894
1575860 1893
1575870 1894
1575880 1894
1575890 1894
1575900 1894
1575910 1895
1575920 1895
1575930 1894
1575940 1895
1575950 1895
1575960 1896
1575970 1897
1575980 1897
1575990 1897
1576000 1898
1576010 1898
1576020 1899
1576030 1899
1576040 1899
1576050 1899
1576060 1899
1576070 1899
1576080 1899
1576090 1900
1576100 1900
1576110 1900
1576120 1899
1576130 1899
1576140 1898
1576150 1897
1576160 1895
1576170 1895
1576180 1893
1576190 1891
1576200 1891
1576210 1888
1576220 1885
1576230 1885
1576240 1882
1576250 1879
1576260 1879
1576270 1875
1576280 1872
1576290 1872
1576300 1869
1576310 1866
1576320 1866
1576330 1861
1576340 1857
1576350 1857
1576360 1853
1576370 1849
1576380 1849
1576390 1845
1576400 1840
1576410 1836
1576420 1836
1576430 1831
1576440 1825
1576450 1825
1576460 1820
1576470 1815
1576480 1815
1576490 1809
1576500 1804
1576510 1804
1576520 1798
1576530 1792
1576540 1792
1576550 1786
1576560 1780
1576570 1780
1576580 1773
1576590 1766
1576600 1766
1576610 1759
1576620 1752
1576630 1752
1576640 1745
1576650 1738
1576660 1731
1576670 1731
1576680 1726
1576690 1722
1576700 1722
1576710 1717
1576720 1711
1576730 1711
1576740 1707
1576750 1703
1576760 1703
1576770 1698
1576780 1694
1576790 1694
1576800 1689
1576810 1685
1576820 1685
1576830 1681
1576840 1676
1576850 1676
1576860 1672
1576870 1667
1576880 1667
1576890 1662
1576900 1658
1576910 1654
1576920 1654
1576930 1649
1576940 1645
1576950 1645
1576960 1641
1576970 1636
1576980 1636
1576990 1632
1577000 1628
1577010 1628
1577020 1623
1577030 1618
1577040 1618
1577050 1614
1577060 1609
1577070 1609
1577080 1604
1577090 1600
1577100 1600
1577110 1594
1577120 1590
1577130 1590
1577140 1586
1577150 1581
1577160 1575
1577170 1575
1577180 1570
1577190 1564
1577200 1564
1577210 1561
1577220 1558
1577230 1558
1577240 1554
1577250 1548
1577260 1548
1577270 1542
1577280 1537
1577290 1537
1577300 1533
1577310 1528
1577320 1528
1577330 1521
1577340 1518
1577350 1518
1577360 1518
1577370 1525
1577380 1525
1577390 1528
1577400 1529
1577410 1531
1577420 1531
1577430 1532
1577440 1533
1577450 1533
1577460 1534
1577470 1536
1577480 1536
1577490 1537
1577500 1540
1577510 1540
1577520 1542
1577530 1544
1577540 1544
1577550 1546
1577560 1547
1577570 1547
1577580 1548
1577590 1550
1577600 1550
1577610 1551
1577620 1553
1577630 1553
1577640 1554
1577650 1555
1577660 1556
1577670 1556
1577680 1557
1577690 1559
1577700 1559
1577710 1560
1577720 1560
1577730 1560
1577740 1561
1577750 1562
1577760 1562
1577770 1565
1577780 1567
1577790 1567
1577800 1570
1577810 1572
1577820 1572
1577830 1574
1577840 1576
1577850 1576
1577860 1579
1577870 1581
1577880 1581
1577890 1584
1577900 1587
1577910 1589
1577920 1589
1577930 1591
1577940 1593
1577950 1593
1577960 1596
1577970 1598
1577980 1598
1577990 1600
1578000 1602
1578010 1602
1578020 1604
1578030 1605
1578040 1605
1578050 1609
1578060 1613
1578070 1613
1578080 1617
1578090 1621
1578100 1621
1578110 1626
1578120 1630
1578130 1630
1578140 1634
1578150 1637
1578160 1640
1578170 1640
1578180 1641
1578190 1641
1578200 1641
1578210 1641
1578220 1639
1578230 1639
1578240 1636
1578250 1634
1578260 1634
1578270 1632
1578280 1631
1578290 1631
1578300 1628
1578310 1626
1578320 1626
1578330 1624
1578340 1621
1578350 1621
1578360 1619
1578370 1618
1578380 1618
1578390 1616
1578400 1614
1578410 1612
1578420 1612
1578430 1610
1578440 1608
1578450 1608
1578460 1606
1578470 1603
1578480 1603
1578490 1601
1578500 1599
1578510 1599
1578520 1597
1578530 1594
1578540 1594
1578550 1592
1578560 1591
1578570 1591
1578580 1590
1578590 1588
1578600 1588
1578610 1587
1578620 1584
1578630 1584
1578640 1582
1578650 1580
1578660 1577
1578670 1577
1578680 1573
1578690 1570
1578700 1570
1578710 1565
1578720 1561
1578730 1561
1578740 1556
1578750 1551
1578760 1551
1578770 1545
1578780 1540
1578790 1540
1578800 1534
1578810 1529
1578820 1529
1578830 1524
1578840 1519
1578850 1519
1578860 1514
1578870 1509
1578880 1509
1578890 1503
1578900 1498
1578910 1493
1578920 1493
1578930 1489
1578940 1485
1578950 1485
1578960 1481
1578970 1476
1578980 1476
1578990 1472
1579000 1467
1579010 1467
1579020 1463
1579030 1458
1579040 1458
1579050 1454
1579060 1449
1579070 1449
1579080 1445
1579090 1440
1579100 1440
1579110 1436
1579120 1431
1579130 1431
1579140 1427
1579150 1422
1579160 1417
1579170 1417
1579180 1412
1579190 1407
1579200 1407
1579210 1402
1579220 1397
1579230 1397
1579240 1391
1579250 1387
1579260 1387
1579270 1383
1579280 1379
1579290 1379
1579300 1374
1579310 1370
1579320 1370
1579330 1366
1579340 1362
1579350 1362
1579360 1358
1579370 1353
1579380 1349
1579390 1349
1579400 1345
1579410 1341
1579420 1341
1579430 1337
1579440 1333
1579450 1333
1579460 1329
1579470 1324
1579480 1324
1579490 1320
1579500 1316
1579510 1316
1579520 1311
1579530 1305
1579540 1305
1579550 1301
1579560 1295
1579570 1295
1579580 1291
1579590 1284
1579600 1284
1579610 1279
1579620 1273
1579630 1267
1579640 1267
1579650 1262
1579660 1257
1579670 1257
1579680 1252
1579690 1249
1579700 1249
1579710 1245
1579720 1241
1579730 1241
1579740 1237
1579750 1234
1579760 1234
1579770 1231
1579780 1228
1579790 1228
1579800 1225
1579810 1222
1579820 1222
1579830 1219
1579840 1216
1579850 1216
1579860 1214
1579870 1211
1579880 1208
1579890 1208
1579900 1204
1579910 1202
1579920 1202
1579930 1199
1579940 1196
1579950 1196
1579960 1193
1579970 1191
1579980 1191
1579990 1186
