1560000 2020
1560010 2020
1560020 2016
1560030 2012
1560040 2012
1560050 2008
1560060 2005
1560070 2005
1560080 2002
1560090 2000
1560100 2000
1560110 1997
1560120 1995
1560130 1994
1560140 1994
1560150 1992
1560160 1990
1560170 1990
1560180 1988
1560190 1987
1560200 1987
1560210 1984
1560220 1981
1560230 1981
1560240 1979
1560250 1977
1560260 1977
1560270 1974
1560280 1969
1560290 1969
1560300 1962
1560310 1956
1560320 1956
1560330 1950
1560340 1944
1560350 1944
1560360 1935
1560370 1929
1560380 1923
1560390 1923
1560400 1918
1560410 1913
1560420 1913
1560430 1910
1560440 1908
1560450 1908
1560460 1904
1560470 1901
1560480 1901
1560490 1899
1560500 1898
1560510 1898
1560520 1897
1560530 1897
1560540 1897
1560550 1898
1560560 1900
1560570 1900
1560580 1901
1560590 1900
1560600 1900
1560610 1897
1560620 1892
1560630 1889
1560640 1889
1560650 1885
1560660 1882
1560670 1882
1560680 1877
1560690 1874
1560700 1874
1560710 1870
1560720 1866
1560730 1866
1560740 1862
1560750 1857
1560760 1857
1560770 1853
1560780 1849
1560790 1849
1560800 1845
1560810 1841
1560820 1841
1560830 1836
1560840 1831
1560850 1831
1560860 1827
1560870 1823
1560880 1819
1560890 1819
1560900 1815
1560910 1811
1560920 1811
1560930 1806
1560940 1803
1560950 1803
1560960 1798
1560970 1793
1560980 1793
1560990 1786
1561000 1779
1561010 1779
1561020 1778
1561030 1779
1561040 1779
1561050 1780
1561060 1781
1561070 1781
1561080 1781
1561090 1781
1561100 1781
1561110 1783
1561120 1784
1561130 1785
1561140 1785
1561150 1785
1561160 1785
1561170 1785
1561180 1785
1561190 1787
1561200 1787
1561210 1787
1561220 1790
1561230 1790
1561240 1790
1561250 1790
1561260 1790
1561270 1790
1561280 1790
1561290 1790
1561300 1792
1561310 1794
1561320 1794
1561330 1797
1561340 1800
1561350 1800
1561360 1803
1561370 1807
1561380 1811
1561390 1811
1561400 1816
1561410 1819
1561420 1819
1561430 1821
1561440 1824
1561450 1824
1561460 1830
1561470 1836
1561480 1836
1561490 1842
1561500 1846
1561510 1846
1561520 1850
1561530 1854
1561540 1854
1561550 1858
1561560 1862
1561570 1862
1561580 1866
1561590 1869
1561600 1869
1561610 1872
1561620 1877
1561630 1883
1561640 1883
1561650 1886
1561660 1885
1561670 1885
1561680 1885
1561690 1890
1561700 1890
1561710 1894
1561720 1897
1561730 1897
1561740 1901
1561750 1906
1561760 1906
1561770 1910
1561780 1914
1561790 1914
1561800 1918
1561810 1923
1561820 1923
1561830 1926
1561840 1931
1561850 1931
1561860 1935
1561870 1941
1561880 1946
1561890 1946
1561900 1951
1561910 1957
1561920 1957
1561930 1965
1561940 1972
1561950 1972
1561960 1975
1561970 1975
1561980 1975
1561990 1981
1562000 1998
1562010 1998
1562020 2007
1562030 2013
1562040 2013
1562050 2018
1562060 2018
1562070 2018
1562080 2019
1562090 2021
1562100 2021
1562110 2029
1562120 2041
1562130 2047
1562140 2047
1562150 2053
1562160 2060
1562170 2060
1562180 2066
1562190 2073
1562200 2073
1562210 2083
1562220 2092
1562230 2092
1562240 2098
1562250 2103
1562260 2103
1562270 2108
1562280 2113
1562290 2113
1562300 2121
1562310 2126
1562320 2126
1562330 2138
1562340 2142
1562350 2142
1562360 2146
1562370 2149
1562380 2152
1562390 2152
1562400 2155
1562410 2161
1562420 2161
1562430 2167
1562440 2173
1562450 2173
1562460 2177
1562470 2181
1562480 2181
1562490 2184
1562500 2189
1562510 2189
1562520 2193
1562530 2199
1562540 2199
1562550 2208
1562560 2217
1562570 2217
1562580 2226
1562590 2235
1562600 2235
1562610 2243
1562620 2251
1562630 2258
1562640 2258
1562650 2265
1562660 2271
1562670 2271
1562680 2278
1562690 2285
1562700 2285
1562710 2286
1562720 2287
1562730 2287
1562740 2291
1562750 2296
1562760 2296
1562770 2304
1562780 2310
1562790 2310
1562800 2311
1562810 2314
1562820 2314
1562830 2318
1562840 2325
1562850 2325
1562860 2331
1562870 2341
1562880 2348
1562890 2348
1562900 2350
1562910 2339
1562920 2339
1562930 2333
1562940 2326
1562950 2326
1562960 2314
1562970 2301
1562980 2301
1562990 2287
1563000 2275
1563010 2275
1563020 2273
1563030 2282
1563040 2282
1563050 2281
1563060 2278
1563070 2278
1563080 2270
1563090 2266
1563100 2266
1563110 2246
1563120 2229
1563130 2235
1563140 2235
1563150 2230
1563160 2207
1563170 2207
1563180 2190
1563190 2180
1563200 2180
1563210 2173
1563220 2172
1563230 2172
1563240 2173
1563250 2166
1563260 2166
1563270 2158
1563280 2153
1563290 2153
1563300 2151
1563310 2149
1563320 2149
1563330 2148
1563340 2143
1563350 2143
1563360 2139
1563370 2135
1563380 2129
1563390 2129
1563400 2124
1563410 2121
1563420 2121
1563430 2119
1563440 2118
1563450 2118
1563460 2114
1563470 2108
1563480 2108
1563490 2104
1563500 2100
1563510 2100
1563520 2099
1563530 2099
1563540 2099
1563550 2097
1563560 2096
1563570 2096
1563580 2099
1563590 2100
1563600 2100
1563610 2100
1563620 2100
1563630 2102
1563640 2102
1563650 2102
1563660 2102
1563670 2102
1563680 2102
1563690 2104
1563700 2104
1563710 2105
1563720 2107
1563730 2107
1563740 2108
1563750 2108
1563760 2108
1563770 2109
1563780 2110
1563790 2110
1563800 2111
1563810 2111
1563820 2111
1563830 2111
1563840 2110
1563850 2110
1563860 2109
1563870 2109
1563880 2107
1563890 2107
1563900 2106
1563910 2107
1563920 2107
1563930 2109
1563940 2112
1563950 2106
1563960 2110
1563970 2115
1563980 2115
1563990 2122
1564000 2130
1564010 2130
1564020 2140
1564030 2153
1564040 2153
1564050 2170
1564060 2181
1564070 2181
1564080 2186
1564090 2187
1564100 2187
1564110 2179
1564120 2169
1564130 2160
1564140 2160
1564150 2156
1564160 2150
1564170 2150
1564180 2128
1564190 2118
1564200 2118
1564210 2108
1564220 2100
1564230 2100
1564240 2088
1564250 2072
1564260 2072
1564270 2061
1564280 2053
1564290 2053
1564300 2046
1564310 2039
1564320 2039
1564330 2032
1564340 2025
1564350 2025
1564360 2017
1564370 2014
1564380 2014
1564390 2013
1564400 2012
1564410 2008
1564420 2008
1564430 2005
1564440 2002
1564450 2002
1564460 1998
1564470 1997
1564480 1997
1564490 1995
1564500 1991
1564510 1991
1564520 1989
1564530 1987
1564540 1987
1564550 1985
1564560 1987
1564570 1987
1564580 1988
1564590 1988
1564600 1988
1564610 1987
1564620 1984
1564630 1984
1564640 1984
1564650 1984
1564660 1984
1564670 1984
1564680 1984
1564690 1986
1564700 1986
1564710 1988
1564720 1992
1564730 1992
1564740 2000
1564750 2014
1564760 2014
1564770 2022
1564780 2022
1564790 2022
1564800 2019
1564810 2021
1564820 2021
1564830 2017
1564840 2011
1564850 2011
1564860 2000
1564870 1990
1564880 1990
1564890 1983
1564900 1975
1564910 1965
1564920 1965
1564930 1958
1564940 1954
1564950 1954
1564960 1950
1564970 1946
1564980 1946
1564990 1942
1565000 1939
1565010 1939
1565020 1937
1565030 1936
1565040 1936
1565050 1933
1565060 1931
1565070 1931
1565080 1932
1565090 1937
1565100 1937
1565110 1939
1565120 1940
1565130 1940
1565140 1940
1565150 1942
1565160 1944
1565170 1944
1565180 1947
1565190 1950
1565200 1950
1565210 1955
1565220 1964
1565230 1964
1565240 1972
1565250 1981
1565260 1981
1565270 1992
1565280 2002
1565290 2002
1565300 2004
1565310 1994
1565320 1994
1565330 1992
1565340 1996
1565350 1996
1565360 2008
1565370 2019
1565380 2019
1565390 2025
1565400 2029
1565410 2030
1565420 2030
1565430 2032
1565440 2034
1565450 2034
1565460 2035
1565470 2035
1565480 2035
1565490 2036
1565500 2038
1565510 2038
1565520 2040
1565530 2040
1565540 2040
1565550 2040
1565560 2041
1565570 2041
1565580 2043
1565590 2046
1565600 2046
1565610 2049
1565620 2052
1565630 2052
1565640 2057
1565650 2059
1565660 2058
1565670 2058
1565680 2056
1565690 2052
1565700 2052
1565710 2048
1565720 2045
1565730 2045
1565740 2043
1565750 2040
1565760 2040
1565770 2036
1565780 2032
1565790 2032
1565800 2029
1565810 2025
1565820 2025
1565830 2020
1565840 2016
1565850 2016
1565860 2011
1565870 2006
1565880 2006
1565890 2001
1565900 1994
1565910 1989
1565920 1989
1565930 1987
1565940 1984
1565950 1984
1565960 1983
1565970 1982
1565980 1982
1565990 1981
1566000 1978
1566010 1978
1566020 1974
1566030 1971
1566040 1971
1566050 1968
1566060 1966
1566070 1966
1566080 1964
1566090 1962
1566100 1962
1566110 1959
1566120 1956
1566130 1956
1566140 1954
1566150 1952
1566160 1949
1566170 1949
1566180 1946
1566190 1944
1566200 1944
1566210 1941
1566220 1937
1566230 1937
1566240 1934
1566250 1931
1566260 1931
1566270 1927
1566280 1922
1566290 1922
1566300 1916
1566310 1911
1566320 1911
1566330 1905
1566340 1901
1566350 1901
1566360 1897
1566370 1892
1566380 1892
1566390 1888
1566400 1884
1566410 1880
1566420 1880
1566430 1876
1566440 1873
1566450 1873
1566460 1869
1566470 1868
1566480 1868
1566490 1867
1566500 1866
1566510 1866
1566520 1864
1566530 1862
1566540 1862
1566550 1854
1566560 1842
1566570 1842
1566580 1828
1566590 1819
1566600 1819
1566610 1810
1566620 1802
1566630 1802
1566640 1792
1566650 1785
1566660 1780
1566670 1780
1566680 1772
1566690 1763
1566700 1763
1566710 1756
1566720 1752
1566730 1752
1566740 1741
1566750 1740
1566760 1740
1566770 1738
1566780 1726
1566790 1726
1566800 1717
1566810 1713
1566820 1713
1566830 1709
1566840 1706
1566850 1706
1566860 1701
1566870 1695
1566880 1695
1566890 1687
1566900 1674
1566910 1660
1566920 1660
1566930 1648
1566940 1634
1566950 1634
1566960 1620
1566970 1611
1566980 1611
1566990 1602
1567000 1591
1567010 1591
1567020 1585
1567030 1576
1567040 1576
1567050 1568
1567060 1560
1567070 1560
1567080 1550
1567090 1539
1567100 1539
1567110 1526
1567120 1515
1567130 1515
1567140 1503
1567150 1493
1567160 1492
1567170 1492
1567180 1484
1567190 1476
1567200 1476
1567210 1471
1567220 1461
1567230 1461
1567240 1449
1567250 1438
1567260 1438
1567270 1428
1567280 1419
1567290 1419
1567300 1409
1567310 1398
1567320 1398
1567330 1390
1567340 1383
1567350 1383
1567360 1376
1567370 1369
1567380 1369
1567390 1362
1567400 1353
1567410 1349
1567420 1349
1567430 1343
1567440 1337
1567450 1337
1567460 1332
1567470 1326
1567480 1326
1567490 1319
1567500 1312
1567510 1312
1567520 1306
1567530 1302
1567540 1302
1567550 1297
1567560 1292
1567570 1292
1567580 1287
1567590 1282
1567600 1282
1567610 1278
1567620 1275
1567630 1275
1567640 1271
1567650 1267
1567660 1264
1567670 1264
1567680 1260
1567690 1258
1567700 1258
1567710 1254
1567720 1251
1567730 1251
1567740 1249
1567750 1249
1567760 1249
1567770 1248
1567780 1248
1567790 1248
1567800 1248
1567810 1248
1567820 1248
1567830 1248
1567840 1247
1567850 1247
1567860 1248
1567870 1247
1567880 1247
1567890 1248
1567900 1248
1567910 1247
1567920 1247
1567930 1247
1567940 1247
1567950 1247
1567960 1247
1567970 1247
1567980 1247
1567990 1247
1568000 1247
1568010 1247
1568020 1247
1568030 1247
1568040 1247
1568050 1247
1568060 1248
1568070 1248
1568080 1249
1568090 1250
1568100 1250
1568110 1252
1568120 1254
1568130 1254
1568140 1255
1568150 1257
1568160 1259
1568170 1259
1568180 1261
1568190 1263
1568200 1263
1568210 1266
1568220 1268
1568230 1268
1568240 1270
1568250 1273
1568260 1273
1568270 1274
1568280 1277
1568290 1277
1568300 1279
1568310 1281
1568320 1281
1568330 1284
1568340 1287
1568350 1287
1568360 1290
1568370 1293
1568380 1293
1568390 1295
1568400 1297
1568410 1299
1568420 1299
1568430 1299
1568440 1301
1568450 1301
1568460 1302
1568470 1305
1568480 1305
1568490 1309
1568500 1312
1568510 1312
1568520 1314
1568530 1316
1568540 1316
1568550 1320
1568560 1322
1568570 1322
1568580 1322
1568590 1326
1568600 1326
1568610 1329
1568620 1339
1568630 1339
1568640 1342
1568650 1346
1568660 1345
1568670 1345
1568680 1346
1568690 1352
1568700 1352
1568710 1356
1568720 1360
1568730 1360
1568740 1363
1568750 1367
1568760 1367
1568770 1374
1568780 1380
1568790 1380
1568800 1385
1568810 1389
1568820 1389
1568830 1393
1568840 1394
1568850 1394
1568860 1398
1568870 1404
1568880 1404
1568890 1410
1568900 1419
1568910 1419
1568920 1429
1568930 1440
1568940 1449
1568950 1449
1568960 1458
1568970 1466
1568980 1466
1568990 1472
1569000 1478
1569010 1478
1569020 1484
1569030 1491
1569040 1491
1569050 1499
1569060 1508
1569070 1508
1569080 1518
1569090 1529
1569100 1529
1569110 1539
1569120 1546
1569130 1546
1569140 1552
1569150 1557
1569160 1557
1569170 1561
1569180 1568
1569190 1576
1569200 1576
1569210 1583
1569220 1590
1569230 1590
1569240 1596
1569250 1602
1569260 1602
1569270 1608
1569280 1615
1569290 1615
1569300 1620
1569310 1627
1569320 1627
1569330 1633
1569340 1639
1569350 1639
1569360 1646
1569370 1652
1569380 1652
1569390 1658
1569400 1664
1569410 1664
1569420 1669
1569430 1675
1569440 1682
1569450 1682
1569460 1690
1569470 1699
1569480 1699
1569490 1708
1569500 1717
1569510 1717
1569520 1726
1569530 1734
1569540 1734
1569550 1742
1569560 1750
1569570 1750
1569580 1757
1569590 1766
1569600 1766
1569610 1774
1569620 1782
1569630 1782
1569640 1788
1569650 1794
1569660 1794
1569670 1801
1569680 1805
1569690 1809
1569700 1809
1569710 1812
1569720 1815
1569730 1815
1569740 1820
1569750 1825
1569760 1825
1569770 1831
1569780 1834
1569790 1834
1569800 1839
1569810 1845
1569820 1845
1569830 1853
1569840 1857
1569850 1857
1569860 1863
1569870 1867
1569880 1867
1569890 1874
1569900 1883
1569910 1883
1569920 1890
1569930 1897
1569940 1905
1569950 1905
1569960 1915
1569970 1922
1569980 1922
1569990 1929
1570000 1938
1570010 1938
1570020 1946
1570030 1954
1570040 1954
1570050 1964
1570060 1973
1570070 1973
1570080 1983
1570090 1991
1570100 1991
1570110 1999
1570120 2005
1570130 2005
1570140 2013
1570150 2019
1570160 2019
1570170 2022
1570180 2026
1570190 2030
1570200 2030
1570210 2035
1570220 2039
1570230 2039
1570240 2042
1570250 2045
1570260 2045
1570270 2048
1570280 2050
1570290 2050
1570300 2052
1570310 2052
1570320 2052
1570330 2051
1570340 2050
1570350 2050
1570360 2049
1570370 2048
1570380 2048
1570390 2046
1570400 2044
1570410 2044
1570420 2041
1570430 2039
1570440 2037
1570450 2037
1570460 2034
1570470 2031
1570480 2031
1570490 2027
1570500 2024
1570510 2024
1570520 2020
1570530 2017
1570540 2017
1570550 2013
1570560 2008
1570570 2008
1570580 2003
1570590 2001
1570600 2001
1570610 2000
1570620 1999
1570630 1999
1570640 1998
1570650 1995
1570660 1995
1570670 1991
1570680 1990
1570690 1988
1570700 1988
1570710 1985
1570720 1983
1570730 1983
1570740 1982
1570750 1980
1570760 1980
1570770 1977
1570780 1975
1570790 1975
1570800 1971
1570810 1967
1570820 1967
1570830 1963
1570840 1960
1570850 1960
1570860 1957
1570870 1953
1570880 1953
1570890 1949
1570900 1946
1570910 1946
1570920 1942
1570930 1939
1570940 1938
1570950 1938
1570960 1936
1570970 1933
1570980 1933
1570990 1929
1571000 1925
1571010 1925
1571020 1922
1571030 1920
1571040 1920
1571050 1918
1571060 1914
1571070 1914
1571080 1911
1571090 1908
1571100 1908
1571110 1904
1571120 1900
1571130 1900
1571140 1895
1571150 1889
1571160 1889
1571170 1884
1571180 1880
1571190 1875
1571200 1875
1571210 1870
1571220 1865
1571230 1865
1571240 1861
1571250 1858
1571260 1858
1571270 1856
1571280 1853
1571290 1853
1571300 1851
1571310 1849
1571320 1849
1571330 1847
1571340 1843
1571350 1843
1571360 1840
1571370 1836
1571380 1836
1571390 1832
1571400 1828
1571410 1828
1571420 1824
1571430 1820
1571440 1816
1571450 1816
1571460 1812
1571470 1807
1571480 1807
1571490 1802
1571500 1797
1571510 1797
1571520 1791
1571530 1785
1571540 1785
1571550 1779
1571560 1771
1571570 1771
1571580 1764
1571590 1759
1571600 1757
1571610 1752
1571620 1746
1571630 1746
1571640 1738
1571650 1731
1571660 1731
1571670 1725
1571680 1719
1571690 1714
1571700 1714
1571710 1708
1571720 1703
1571730 1703
1571740 1698
1571750 1693
1571760 1693
1571770 1690
1571780 1686
1571790 1686
1571800 1683
1571810 1679
1571820 1679
1571830 1676
1571840 1673
1571850 1673
1571860 1671
1571870 1668
1571880 1668
1571890 1665
1571900 1663
1571910 1663
1571920 1662
1571930 1659
1571940 1655
1571950 1655
1571960 1652
1571970 1649
1571980 1649
1571990 1645
1572000 1640
1572010 1640
1572020 1636
1572030 1632
1572040 1632
1572050 1627
1572060 1624
1572070 1624
1572080 1620
1572090 1617
1572100 1617
1572110 1613
1572120 1610
1572130 1610
1572140 1607
1572150 1604
1572160 1604
1572170 1601
1572180 1598
1572190 1595
1572200 1595
1572210 1591
1572220 1589
1572230 1589
1572240 1586
1572250 1587
1572260 1587
1572270 1588
1572280 1589
1572290 1589
1572300 1590
1572310 1592
1572320 1592
1572330 1594
1572340 1596
1572350 1596
1572360 1598
1572370 1601
1572380 1601
1572390 1603
1572400 1606
1572410 1606
1572420 1610
1572430 1612
1572440 1615
1572450 1615
1572460 1616
1572470 1617
1572480 1617
1572490 1622
1572500 1625
1572510 1625
1572520 1629
1572530 1633
1572540 1633
1572550 1636
1572560 1639
1572570 1639
1572580 1642
1572590 1646
1572600 1646
1572610 1648
1572620 1643
1572630 1643
1572640 1645
1572650 1646
1572660 1646
1572670 1649
1572680 1655
1572690 1658
1572700 1658
1572710 1659
1572720 1661
1572730 1661
1572740 1663
1572750 1664
1572760 1664
1572770 1667
1572780 1671
1572790 1671
1572800 1673
1572810 1678
1572820 1678
1572830 1682
1572840 1687
1572850 1687
1572860 1690
1572870 1694
1572880 1694
1572890 1698
1572900 1702
1572910 1702
1572920 1708
1572930 1712
1572940 1718
1572950 1718
1572960 1725
1572970 1729
1572980 1729
1572990 1733
1573000 1738
1573010 1738
1573020 1743
1573030 1749
1573040 1749
1573050 1758
1573060 1762
1573070 1762
1573080 1768
1573090 1774
1573100 1774
1573110 1780
1573120 1784
1573130 1784
1573140 1788
1573150 1792
1573160 1792
1573170 1796
1573180 1798
1573190 1798
1573200 1800
1573210 1803
1573220 1806
1573230 1806
1573240 1809
1573250 1812
1573260 1812
1573270 1814
1573280 1816
1573290 1816
1573300 1819
1573310 1821
1573320 1821
1573330 1823
1573340 1825
1573350 1825
1573360 1826
1573370 1827
1573380 1827
1573390 1828
1573400 1829
1573410 1829
1573420 1829
1573430 1829
1573440 1829
1573450 1829
1573460 1829
1573470 1829
1573480 1829
1573490 1829
1573500 1830
1573510 1830
1573520 1830
1573530 1828
1573540 1828
1573550 1827
1573560 1826
1573570 1826
1573580 1824
1573590 1823
1573600 1823
1573610 1821
1573620 1820
1573630 1820
1573640 1820
1573650 1819
1573660 1819
1573670 1818
1573680 1817
1573690 1817
1573700 1816
1573710 1814
1573720 1809
1573730 1809
1573740 1803
1573750 1806
1573760 1806
1573770 1812
1573780 1812
1573790 1812
1573800 1813
1573810 1814
1573820 1814
1573830 1816
1573840 1818
1573850 1818
1573860 1820
1573870 1822
1573880 1822
1573890 1821
1573900 1824
1573910 1824
1573920 1829
1573930 1831
1573940 1831
1573950 1833
1573960 1835
1573970 1837
1573980 1837
1573990 1839
1574000 1842
1574010 1842
1574020 1845
1574030 1847
1574040 1847
1574050 1851
1574060 1854
1574070 1854
1574080 1858
1574090 1861
1574100 1861
1574110 1864
1574120 1868
1574130 1868
1574140 1871
1574150 1875
1574160 1875
1574170 1879
1574180 1882
1574190 1882
1574200 1886
1574210 1890
1574220 1895
1574230 1895
1574240 1899
1574250 1902
1574260 1902
1574270 1906
1574280 1912
1574290 1912
1574300 1918
1574310 1924
1574320 1924
1574330 1930
1574340 1936
1574350 1936
1574360 1941
1574370 1946
1574380 1946
1574390 1952
1574400 1958
1574410 1958
1574420 1963
1574430 1968
1574440 1968
1574450 1974
1574460 1979
1574470 1987
1574480 1987
1574490 1993
1574500 1998
1574510 1998
1574520 2003
1574530 2007
1574540 2007
1574550 2012
1574560 2016
1574570 2016
1574580 2019
1574590 2024
1574600 2024
1574610 2030
1574620 2036
1574630 2036
1574640 2043
1574650 2050
1574660 2050
1574670 2056
1574680 2063
1574690 2063
1574700 2070
1574710 2076
1574720 2083
1574730 2083
1574740 2090
1574750 2097
1574760 2097
1574770 2104
1574780 2111
1574790 2111
1574800 2118
1574810 2125
1574820 2125
1574830 2131
1574840 2138
1574850 2138
1574860 2144
1574870 2151
1574880 2151
1574890 2158
1574900 2164
1574910 2164
1574920 2170
1574930 2177
1574940 2177
1574950 2184
1574960 2190
1574970 2196
1574980 2196
1574990 2200
1575000 2204
1575010 2204
1575020 2208
1575030 2211
1575040 2211
1575050 2214
1575060 2216
1575070 2216
1575080 2217
1575090 2217
1575100 2217
1575110 2217
1575120 2216
1575130 2216
1575140 2214
1575150 2212
1575160 2212
1575170 2210
1575180 2208
1575190 2208
1575200 2206
1575210 2203
1575220 2200
1575230 2200
1575240 2198
1575250 2195
1575260 2195
1575270 2192
1575280 2188
1575290 2188
1575300 2185
1575310 2181
1575320 2181
1575330 2178
1575340 2175
1575350 2175
1575360 2171
1575370 2167
1575380 2167
1575390 2164
1575400 2160
1575410 2160
1575420 2156
1575430 2152
1575440 2152
1575450 2147
1575460 2143
1575470 2138
1575480 2138
1575490 2134
1575500 2131
1575510 2131
1575520 2127
1575530 2123
1575540 2123
1575550 2119
1575560 2116
1575570 2116
1575580 2112
1575590 2108
1575600 2108
1575610 2104
1575620 2101
1575630 2101
1575640 2097
1575650 2094
1575660 2094
1575670 2090
1575680 2087
1575690 2087
1575700 2083
1575710 2080
1575720 2076
1575730 2076
1575740 2073
1575750 2069
1575760 2069
1575770 2065
1575780 2062
1575790 2062
1575800 2058
1575810 2055
1575820 2055
1575830 2051
1575840 2046
1575850 2046
1575860 2042
1575870 2036
1575880 2036
1575890 2035
1575900 2035
1575910 2035
1575920 2034
1575930 2032
1575940 2032
1575950 2028
1575960 2026
1575970 2025
1575980 2025
1575990 2023
1576000 2020
1576010 2020
1576020 2018
1576030 2016
1576040 2016
1576050 2014
1576060 2011
1576070 2011
1576080 2009
1576090 2006
1576100 2006
1576110 2004
1576120 2002
1576130 2002
1576140 1999
1576150 1997
1576160 1997
1576170 1995
1576180 1992
1576190 1992
1576200 1990
1576210 1987
1576220 1985
1576230 1985
1576240 1983
1576250 1981
1576260 1981
1576270 1979
1576280 1976
1576290 1976
1576300 1974
1576310 1971
1576320 1971
1576330 1969
1576340 1967
1576350 1967
1576360 1965
1576370 1963
1576380 1963
1576390 1961
1576400 1959
1576410 1959
1576420 1956
1576430 1953
1576440 1953
1576450 1951
1576460 1948
1576470 1945
1576480 1945
1576490 1943
1576500 1941
1576510 1941
1576520 1939
1576530 1937
1576540 1937
1576550 1935
1576560 1933
1576570 1933
1576580 1931
1576590 1930
1576600 1930
1576610 1929
1576620 1928
1576630 1928
1576640 1927
1576650 1926
1576660 1926
1576670 1925
1576680 1924
1576690 1924
1576700 1923
1576710 1922
1576720 1921
1576730 1921
1576740 1920
1576750 1920
1576760 1920
1576770 1919
1576780 1919
1576790 1919
1576800 1918
1576810 1917
1576820 1917
1576830 1916
1576840 1916
1576850 1916
1576860 1916
1576870 1917
1576880 1917
1576890 1916
1576900 1916
1576910 1916
1576920 1915
1576930 1915
1576940 1915
1576950 1915
1576960 1914
1576970 1914
1576980 1914
1576990 1913
1577000 1913
1577010 1913
1577020 1913
1577030 1913
1577040 1913
1577050 1914
1577060 1915
1577070 1915
1577080 1916
1577090 1916
1577100 1916
1577110 1916
1577120 1917
1577130 1917
1577140 1917
1577150 1918
1577160 1918
1577170 1919
1577180 1920
1577190 1920
1577200 1920
1577210 1922
1577220 1924
1577230 1924
1577240 1925
1577250 1927
1577260 1931
1577270 1933
1577280 1935
1577290 1935
1577300 1936
1577310 1938
1577320 1938
1577330 1940
1577340 1942
1577350 1942
1577360 1943
1577370 1944
1577380 1944
1577390 1945
1577400 1945
1577410 1945
1577420 1945
1577430 1944
1577440 1944
1577450 1943
1577460 1942
1577470 1941
1577480 1941
1577490 1940
1577500 1939
1577510 1939
1577520 1938
1577530 1937
1577540 1937
1577550 1935
1577560 1933
1577570 1933
1577580 1930
1577590 1925
1577600 1925
1577610 1920
1577620 1914
1577630 1914
1577640 1909
1577650 1903
1577660 1903
1577670 1897
1577680 1891
1577690 1891
1577700 1884
1577710 1879
1577720 1879
1577730 1874
1577740 1869
1577750 1864
1577760 1864
1577770 1858
1577780 1854
1577790 1854
1577800 1849
1577810 1841
1577820 1841
1577830 1831
1577840 1823
1577850 1823
1577860 1814
1577870 1805
1577880 1805
1577890 1796
1577900 1788
1577910 1788
1577920 1780
1577930 1773
1577940 1773
1577950 1767
1577960 1761
1577970 1761
1577980 1752
1577990 1742
1578000 1735
1578010 1735
1578020 1728
1578030 1719
1578040 1719
1578050 1710
1578060 1703
1578070 1703
1578080 1697
1578090 1694
1578100 1694
1578110 1693
1578120 1689
1578130 1689
1578140 1683
1578150 1675
1578160 1675
1578170 1668
1578180 1660
1578190 1660
1578200 1652
1578210 1645
1578220 1645
1578230 1637
1578240 1630
1578250 1622
1578260 1622
1578270 1615
1578280 1608
1578290 1608
1578300 1602
1578310 1596
1578320 1596
1578330 1589
1578340 1584
1578350 1584
1578360 1574
1578370 1565
1578380 1565
1578390 1555
1578400 1545
1578410 1545
1578420 1534
1578430 1528
1578440 1528
1578450 1521
1578460 1514
1578470 1514
1578480 1508
1578490 1502
1578500 1496
1578510 1496
1578520 1489
1578530 1482
1578540 1482
1578550 1474
1578560 1467
1578570 1467
1578580 1461
1578590 1453
1578600 1453
1578610 1444
1578620 1434
1578630 1435
1578640 1425
1578650 1413
1578660 1413
1578670 1404
1578680 1396
1578690 1396
1578700 1389
1578710 1382
1578720 1382
1578730 1374
1578740 1367
1578750 1359
1578760 1359
1578770 1352
1578780 1343
1578790 1343
1578800 1339
1578810 1333
1578820 1333
1578830 1329
1578840 1323
1578850 1323
1578860 1318
1578870 1313
1578880 1313
1578890 1308
1578900 1303
1578910 1303
1578920 1298
1578930 1295
1578940 1295
1578950 1290
1578960 1286
1578970 1286
1578980 1282
1578990 1278
1579000 1274
1579010 1274
1579020 1270
1579030 1267
1579040 1267
1579050 1264
1579060 1261
1579070 1261
1579080 1257
1579090 1254
1579100 1254
1579110 1252
1579120 1249
1579130 1249
1579140 1247
1579150 1245
1579160 1245
1579170 1244
1579180 1242
1579190 1242
1579200 1240
1579210 1238
1579220 1238
1579230 1236
1579240 1233
1579250 1228
1579260 1228
1579270 1223
1579280 1217
1579290 1217
1579300 1212
1579310 1209
1579320 1209
1579330 1207
1579340 1206
1579350 1206
1579360 1205
1579370 1204
1579380 1204
1579390 1204
1579400 1204
1579410 1204
1579420 1202
1579430 1202
1579440 1202
1579450 1201
1579460 1204
1579470 1204
1579480 1210
1579490 1216
1579500 1218
1579510 1218
1579520 1219
1579530 1221
1579540 1221
1579550 1223
1579560 1225
1579570 1225
1579580 1226
1579590 1228
1579600 1228
1579610 1229
1579620 1231
1579630 1231
1579640 1232
1579650 1234
1579660 1234
1579670 1236
1579680 1237
1579690 1237
1579700 1239
1579710 1241
1579720 1241
1579730 1243
1579740 1244
1579750 1247
1579760 1247
1579770 1249
1579780 1253
1579790 1253
1579800 1256
1579810 1259
1579820 1259
1579830 1261
1579840 1264
1579850 1264
1579860 1267
1579870 1268
1579880 1268
1579890 1272
1579900 1275
1579910 1275
1579920 1278
1579930 1282
1579940 1282
1579950 1286
1579960 1290
1579970 1293
1579980 1298
1579990 1303
