1560000 2006
1560010 2001
1560020 1996
1560030 1996
1560040 1993
1560050 1988
1560060 1988
1560070 1981
1560080 1974
1560090 1974
1560100 1966
1560110 1959
1560120 1959
1560130 1953
1560140 1948
1560150 1948
1560160 1942
1560170 1938
1560180 1938
1560190 1934
1560200 1929
1560210 1923
1560220 1923
1560230 1919
1560240 1913
1560250 1913
1560260 1908
1560270 1902
1560280 1902
1560290 1895
1560300 1888
1560310 1888
1560320 1882
1560330 1874
1560340 1874
1560350 1867
1560360 1859
1560370 1859
1560380 1852
1560390 1846
1560400 1846
1560410 1841
1560420 1837
1560430 1837
1560440 1834
1560450 1833
1560460 1832
1560470 1832
1560480 1831
1560490 1830
1560500 1830
1560510 1830
1560520 1829
1560530 1829
1560540 1829
1560550 1835
1560560 1835
1560570 1841
1560580 1845
1560590 1845
1560600 1848
1560610 1852
1560620 1852
1560630 1854
1560640 1855
1560650 1855
1560660 1858
1560670 1862
1560680 1862
1560690 1865
1560700 1867
1560710 1867
1560720 1871
1560730 1876
1560740 1880
1560750 1880
1560760 1884
1560770 1888
1560780 1888
1560790 1892
1560800 1897
1560810 1897
1560820 1902
1560830 1907
1560840 1907
1560850 1911
1560860 1915
1560870 1915
1560880 1919
1560890 1922
1560900 1922
1560910 1925
1560920 1929
1560930 1929
1560940 1933
1560950 1937
1560960 1937
1560970 1940
1560980 1943
1560990 1946
1561000 1946
1561010 1949
1561020 1953
1561030 1953
1561040 1955
1561050 1958
1561060 1958
1561070 1963
1561080 1966
1561090 1966
1561100 1970
1561110 1975
1561120 1975
1561130 1980
1561140 1985
1561150 1985
1561160 1989
1561170 1994
1561180 1994
1561190 1998
1561200 2002
1561210 2002
1561220 2007
1561230 2011
1561240 2016
1561250 2016
1561260 2022
1561270 2026
1561280 2026
1561290 2031
1561300 2037
1561310 2037
1561320 2041
1561330 2047
1561340 2047
1561350 2053
1561360 2059
1561370 2059
1561380 2066
1561390 2075
1561400 2075
1561410 2083
1561420 2089
1561430 2089
1561440 2102
1561450 2108
1561460 2108
1561470 2112
1561480 2115
1561490 2119
1561500 2119
1561510 2126
1561520 2136
1561530 2136
1561540 2145
1561550 2149
1561560 2149
1561570 2152
1561580 2155
1561590 2155
1561600 2159
1561610 2162
1561620 2162
1561630 2164
1561640 2167
1561650 2167
1561660 2168
1561670 2168
1561680 2168
1561690 2167
1561700 2167
1561710 2167
1561720 2169
1561730 2176
1561740 2183
1561750 2183
1561760 2189
1561770 2200
1561780 2200
1561790 2211
1561800 2219
1561810 2219
1561820 2226
1561830 2233
1561840 2233
1561850 2240
1561860 2247
1561870 2247
1561880 2254
1561890 2260
1561900 2260
1561910 2267
1561920 2274
1561930 2274
1561940 2281
1561950 2287
1561960 2287
1561970 2293
1561980 2297
1561990 2302
1562000 2302
1562010 2308
1562020 2317
1562030 2317
1562040 2329
1562050 2330
1562060 2330
1562070 2338
1562080 2347
1562090 2347
1562100 2355
1562110 2362
1562120 2362
1562130 2368
1562140 2373
1562150 2373
1562160 2373
1562170 2359
1562180 2359
1562190 2346
1562200 2340
1562210 2340
1562220 2340
1562230 2337
1562240 2332
1562250 2332
1562260 2330
1562270 2330
1562280 2330
1562290 2328
1562300 2330
1562310 2330
1562320 2334
1562330 2331
1562340 2331
1562350 2330
1562360 2330
1562370 2330
1562380 2332
1562390 2333
1562400 2333
1562410 2334
1562420 2334
1562430 2334
1562440 2332
1562450 2330
1562460 2330
1562470 2328
1562480 2328
1562490 2328
1562500 2328
1562510 2328
1562520 2329
1562530 2329
1562540 2329
1562550 2331
1562560 2331
1562570 2333
1562580 2337
1562590 2337
1562600 2342
1562610 2347
1562620 2347
1562630 2347
1562640 2339
1562650 2339
1562660 2328
1562670 2315
1562680 2315
1562690 2310
1562700 2307
1562710 2307
1562720 2301
1562730 2300
1562740 2302
1562750 2302
1562760 2298
1562770 2285
1562780 2285
1562790 2269
1562800 2252
1562810 2252
1562820 2239
1562830 2228
1562840 2228
1562850 2218
1562860 2206
1562870 2206
1562880 2196
1562890 2188
1562900 2188
1562910 2172
1562920 2147
1562930 2147
1562940 2118
1562950 2093
1562960 2093
1562970 2083
1562980 2074
1562990 2066
1563000 2066
1563010 2058
1563020 2050
1563030 2050
1563040 2042
1563050 2035
1563060 2035
1563070 2029
1563080 2022
1563090 2022
1563100 2016
1563110 2010
1563120 2010
1563130 2004
1563140 1998
1563150 1998
1563160 1992
1563170 1986
1563180 1986
1563190 1981
1563200 1976
1563210 1976
1563220 1971
1563230 1968
1563240 1964
1563250 1964
1563260 1961
1563270 1958
1563280 1958
1563290 1954
1563300 1951
1563310 1951
1563320 1947
1563330 1943
1563340 1943
1563350 1938
1563360 1936
1563370 1936
1563380 1933
1563390 1930
1563400 1930
1563410 1927
1563420 1925
1563430 1925
1563440 1923
1563450 1922
1563460 1922
1563470 1921
1563480 1922
1563490 1922
1563500 1922
1563510 1921
1563520 1921
1563530 1921
1563540 1924
1563550 1924
1563560 1924
1563570 1917
1563580 1916
1563590 1916
1563600 1918
1563610 1919
1563620 1919
1563630 1919
1563640 1920
1563650 1920
1563660 1921
1563670 1920
1563680 1920
1563690 1918
1563700 1917
1563710 1917
1563720 1915
1563730 1912
1563740 1912
1563750 1910
1563760 1909
1563770 1908
1563780 1908
1563790 1906
1563800 1904
1563810 1904
1563820 1902
1563830 1899
1563840 1899
1563850 1897
1563860 1896
1563870 1896
1563880 1894
1563890 1892
1563900 1892
1563910 1889
1563920 1887
1563930 1887
1563940 1884
1563950 1882
1563960 1882
1563970 1880
1563980 1881
1563990 1881
1564000 1883
1564010 1879
1564020 1872
1564030 1872
1564040 1865
1564050 1859
1564060 1859
1564070 1856
1564080 1850
1564090 1850
1564100 1845
1564110 1842
1564120 1842
1564130 1841
1564140 1840
1564150 1840
1564160 1840
1564170 1840
1564180 1840
1564190 1839
1564200 1839
1564210 1839
1564220 1839
1564230 1840
1564240 1840
1564250 1841
1564260 1840
1564270 1839
1564280 1839
1564290 1838
1564300 1838
1564310 1838
1564320 1838
1564330 1838
1564340 1838
1564350 1838
1564360 1838
1564370 1838
1564380 1839
1564390 1839
1564400 1839
1564410 1840
1564420 1842
1564430 1842
1564440 1845
1564450 1844
1564460 1844
1564470 1840
1564480 1833
1564490 1833
1564500 1828
1564510 1823
1564520 1817
1564530 1817
1564540 1815
1564550 1815
1564560 1815
1564570 1815
1564580 1814
1564590 1814
1564600 1811
1564610 1806
1564620 1806
1564630 1804
1564640 1801
1564650 1801
1564660 1798
1564670 1796
1564680 1800
1564690 1796
1564700 1793
1564710 1793
1564720 1792
1564730 1794
1564740 1794
1564750 1794
1564760 1789
1564770 1784
1564780 1784
1564790 1780
1564800 1779
1564810 1779
1564820 1775
1564830 1770
1564840 1770
1564850 1766
1564860 1763
1564870 1763
1564880 1761
1564890 1758
1564900 1758
1564910 1757
1564920 1755
1564930 1755
1564940 1754
1564950 1753
1564960 1753
1564970 1752
1564980 1751
1564990 1751
1565000 1751
1565010 1750
1565020 1750
1565030 1750
1565040 1750
1565050 1750
1565060 1750
1565070 1751
1565080 1751
1565090 1751
1565100 1751
1565110 1751
1565120 1751
1565130 1751
1565140 1751
1565150 1751
1565160 1752
1565170 1754
1565180 1754
1565190 1755
1565200 1756
1565210 1756
1565220 1758
1565230 1759
1565240 1759
1565250 1758
1565260 1754
1565270 1748
1565280 1748
1565290 1745
1565300 1743
1565310 1743
1565320 1740
1565330 1737
1565340 1737
1565350 1737
1565360 1736
1565370 1736
1565380 1735
1565390 1732
1565400 1732
1565410 1730
1565420 1729
1565430 1729
1565440 1729
1565450 1731
1565460 1731
1565470 1733
1565480 1734
1565490 1734
1565500 1739
1565510 1743
1565520 1745
1565530 1745
1565540 1746
1565550 1746
1565560 1746
1565570 1746
1565580 1748
1565590 1748
1565600 1751
1565610 1753
1565620 1753
1565630 1756
1565640 1759
1565650 1759
1565660 1762
1565670 1765
1565680 1765
1565690 1769
1565700 1773
1565710 1773
1565720 1778
1565730 1783
1565740 1783
1565750 1787
1565760 1791
1565770 1794
1565780 1794
1565790 1797
1565800 1801
1565810 1801
1565820 1807
1565830 1812
1565840 1812
1565850 1817
1565860 1823
1565870 1823
1565880 1827
1565890 1830
1565900 1830
1565910 1834
1565920 1838
1565930 1838
1565940 1842
1565950 1846
1565960 1846
1565970 1851
1565980 1855
1565990 1855
1566000 1859
1566010 1853
1566020 1844
1566030 1844
1566040 1842
1566050 1846
1566060 1846
1566070 1849
1566080 1851
1566090 1851
1566100 1850
1566110 1848
1566120 1848
1566130 1845
1566140 1842
1566150 1842
1566160 1839
1566170 1835
1566180 1835
1566190 1831
1566200 1828
1566210 1828
1566220 1827
1566230 1827
1566240 1827
1566250 1825
1566260 1820
1566270 1820
1566280 1817
1566290 1816
1566300 1813
1566310 1813
1566320 1807
1566330 1802
1566340 1802
1566350 1795
1566360 1789
1566370 1789
1566380 1781
1566390 1775
1566400 1775
1566410 1767
1566420 1760
1566430 1760
1566440 1753
1566450 1746
1566460 1746
1566470 1739
1566480 1731
1566490 1731
1566500 1724
1566510 1716
1566520 1716
1566530 1709
1566540 1701
1566550 1695
1566560 1695
1566570 1688
1566580 1681
1566590 1681
1566600 1672
1566610 1664
1566620 1664
1566630 1655
1566640 1648
1566650 1648
1566660 1640
1566670 1632
1566680 1632
1566690 1626
1566700 1618
1566710 1618
1566720 1610
1566730 1602
1566740 1602
1566750 1593
1566760 1586
1566770 1586
1566780 1579
1566790 1570
1566800 1562
1566810 1562
1566820 1555
1566830 1548
1566840 1548
1566850 1539
1566860 1532
1566870 1532
1566880 1521
1566890 1510
1566900 1510
1566910 1501
1566920 1491
1566930 1491
1566940 1483
1566950 1474
1566960 1474
1566970 1463
1566980 1455
1566990 1455
1567000 1445
1567010 1435
1567020 1435
1567030 1429
1567040 1422
1567050 1415
1567060 1415
1567070 1409
1567080 1403
1567090 1403
1567100 1397
1567110 1391
1567120 1391
1567130 1387
1567140 1381
1567150 1381
1567160 1376
1567170 1371
1567180 1371
1567190 1365
1567200 1360
1567210 1360
1567220 1355
1567230 1350
1567240 1350
1567250 1344
1567260 1339
1567270 1339
1567280 1334
1567290 1329
1567300 1324
1567310 1324
1567320 1319
1567330 1317
1567340 1317
1567350 1314
1567360 1311
1567370 1311
1567380 1309
1567390 1307
1567400 1307
1567410 1304
1567420 1303
1567430 1303
1567440 1301
1567450 1298
1567460 1298
1567470 1295
1567480 1293
1567490 1293
1567500 1291
1567510 1290
1567520 1290
1567530 1288
1567540 1285
1567550 1284
1567560 1284
1567570 1281
1567580 1278
1567590 1278
1567600 1277
1567610 1276
1567620 1276
1567630 1276
1567640 1277
1567650 1277
1567660 1277
1567670 1279
1567680 1279
1567690 1280
1567700 1282
1567710 1282
1567720 1283
1567730 1285
1567740 1285
1567750 1286
1567760 1287
1567770 1287
1567780 1288
1567790 1290
1567800 1291
1567810 1291
1567820 1291
1567830 1292
1567840 1292
1567850 1293
1567860 1293
1567870 1293
1567880 1294
1567890 1294
1567900 1294
1567910 1295
1567920 1297
1567930 1297
1567940 1298
1567950 1300
1567960 1300
1567970 1304
1567980 1311
1567990 1311
1568000 1317
1568010 1320
1568020 1320
1568030 1321
1568040 1322
1568050 1325
1568060 1325
1568070 1328
1568080 1333
1568090 1333
1568100 1339
1568110 1344
1568120 1344
1568130 1350
1568140 1355
1568150 1355
1568160 1360
1568170 1362
1568180 1362
1568190 1362
1568200 1362
1568210 1362
1568220 1366
1568230 1371
1568240 1371
1568250 1374
1568260 1379
1568270 1379
1568280 1385
1568290 1391
1568300 1398
1568310 1398
1568320 1405
1568330 1413
1568340 1413
1568350 1420
1568360 1422
1568370 1422
1568380 1428
1568390 1433
1568400 1433
1568410 1437
1568420 1441
1568430 1441
1568440 1446
1568450 1451
1568460 1451
1568470 1456
1568480 1461
1568490 1461
1568500 1466
1568510 1472
1568520 1472
1568530 1475
1568540 1480
1568550 1486
1568560 1486
1568570 1490
1568580 1496
1568590 1496
1568600 1502
1568610 1508
1568620 1508
1568630 1514
1568640 1521
1568650 1521
1568660 1528
1568670 1535
1568680 1535
1568690 1540
1568700 1548
1568710 1548
1568720 1555
1568730 1561
1568740 1561
1568750 1566
1568760 1571
1568770 1571
1568780 1576
1568790 1582
1568800 1582
1568810 1587
1568820 1591
1568830 1597
1568840 1597
1568850 1603
1568860 1608
1568870 1608
1568880 1615
1568890 1621
1568900 1621
1568910 1627
1568920 1633
1568930 1633
1568940 1639
1568950 1644
1568960 1644
1568970 1650
1568980 1655
1568990 1655
1569000 1661
1569010 1667
1569020 1667
1569030 1674
1569040 1680
1569050 1680
1569060 1687
1569070 1695
1569080 1703
1569090 1703
1569100 1710
1569110 1718
1569120 1718
1569130 1726
1569140 1735
1569150 1735
1569160 1744
1569170 1753
1569180 1753
1569190 1761
1569200 1766
1569210 1766
1569220 1768
1569230 1771
1569240 1771
1569250 1773
1569260 1774
1569270 1774
1569280 1775
1569290 1776
1569300 1776
1569310 1781
1569320 1785
1569330 1791
1569340 1791
1569350 1797
1569360 1802
1569370 1802
1569380 1805
1569390 1808
1569400 1808
1569410 1812
1569420 1814
1569430 1814
1569440 1817
1569450 1819
1569460 1819
1569470 1823
1569480 1827
1569490 1827
1569500 1832
1569510 1837
1569520 1837
1569530 1841
1569540 1845
1569550 1845
1569560 1849
1569570 1853
1569580 1857
1569590 1857
1569600 1861
1569610 1864
1569620 1864
1569630 1866
1569640 1869
1569650 1869
1569660 1871
1569670 1874
1569680 1874
1569690 1877
1569700 1880
1569710 1880
1569720 1883
1569730 1887
1569740 1887
1569750 1890
1569760 1892
1569770 1892
1569780 1895
1569790 1897
1569800 1897
1569810 1901
1569820 1907
1569830 1910
1569840 1910
1569850 1912
1569860 1915
1569870 1915
1569880 1919
1569890 1923
1569900 1923
1569910 1929
1569920 1934
1569930 1934
1569940 1939
1569950 1943
1569960 1943
1569970 1947
1569980 1951
1569990 1951
1570000 1955
1570010 1959
1570020 1959
1570030 1964
1570040 1970
1570050 1970
1570060 1976
1570070 1982
1570080 1987
1570090 1987
1570100 1991
1570110 1994
1570120 1994
1570130 1999
1570140 2004
1570150 2004
1570160 2011
1570170 2018
1570180 2018
1570190 2025
1570200 2030
1570210 2030
1570220 2033
1570230 2037
1570240 2037
1570250 2041
1570260 2046
1570270 2046
1570280 2051
1570290 2056
1570300 2056
1570310 2063
1570320 2070
1570330 2078
1570340 2078
1570350 2088
1570360 2096
1570370 2096
1570380 2102
1570390 2106
1570400 2106
1570410 2110
1570420 2114
1570430 2114
1570440 2117
1570450 2119
1570460 2119
1570470 2120
1570480 2120
1570490 2120
1570500 2120
1570510 2118
1570520 2118
1570530 2115
1570540 2112
1570550 2112
1570560 2108
1570570 2105
1570580 2102
1570590 2102
1570600 2099
1570610 2095
1570620 2095
1570630 2091
1570640 2087
1570650 2087
1570660 2082
1570670 2076
1570680 2076
1570690 2070
1570700 2065
1570710 2065
1570720 2060
1570730 2055
1570740 2055
1570750 2050
1570760 2045
1570770 2045
1570780 2039
1570790 2033
1570800 2033
1570810 2026
1570820 2020
1570830 2014
1570840 2014
1570850 2008
1570860 2000
1570870 2000
1570880 1992
1570890 1986
1570900 1986
1570910 1980
1570920 1975
1570930 1975
1570940 1969
1570950 1962
1570960 1962
1570970 1955
1570980 1948
1570990 1948
1571000 1941
1571010 1934
1571020 1934
1571030 1926
1571040 1919
1571050 1919
1571060 1912
1571070 1903
1571080 1895
1571090 1895
1571100 1890
1571110 1883
1571120 1883
1571130 1876
1571140 1871
1571150 1871
1571160 1863
1571170 1855
1571180 1855
1571190 1848
1571200 1843
1571210 1843
1571220 1836
1571230 1827
1571240 1827
1571250 1817
1571260 1809
1571270 1809
1571280 1798
1571290 1782
1571300 1782
1571310 1772
1571320 1765
1571330 1765
1571340 1759
1571350 1754
1571360 1749
1571370 1749
1571380 1743
1571390 1738
1571400 1738
1571410 1734
1571420 1731
1571430 1731
1571440 1727
1571450 1722
1571460 1722
1571470 1718
1571480 1714
1571490 1714
1571500 1710
1571510 1707
1571520 1707
1571530 1702
1571540 1697
1571550 1697
1571560 1693
1571570 1689
1571580 1689
1571590 1684
1571600 1679
1571610 1673
1571620 1673
1571630 1669
1571640 1666
1571650 1666
1571660 1663
1571670 1660
1571680 1660
1571690 1658
1571700 1655
1571710 1655
1571720 1653
1571730 1650
1571740 1650
1571750 1647
1571760 1644
1571770 1644
1571780 1640
1571790 1637
1571800 1637
1571810 1634
1571820 1632
1571830 1632
1571840 1630
1571850 1629
1571860 1627
1571870 1627
1571880 1625
1571890 1623
1571900 1623
1571910 1621
1571920 1621
1571930 1621
1571940 1622
1571950 1622
1571960 1622
1571970 1623
1571980 1624
1571990 1624
1572000 1627
1572010 1630
1572020 1630
1572030 1633
1572040 1636
1572050 1636
1572060 1638
1572070 1640
1572080 1640
1572090 1641
1572100 1643
1572110 1645
1572120 1645
1572130 1649
1572140 1653
1572150 1653
1572160 1657
1572170 1661
1572180 1661
1572190 1664
1572200 1668
1572210 1668
1572220 1672
1572230 1677
1572240 1677
1572250 1682
1572260 1689
1572270 1689
1572280 1695
1572290 1702
1572300 1702
1572310 1708
1572320 1715
1572330 1715
1572340 1720
1572350 1726
1572360 1732
1572370 1732
1572380 1736
1572390 1740
1572400 1740
1572410 1744
1572420 1748
1572430 1748
1572440 1752
1572450 1757
1572460 1757
1572470 1762
1572480 1768
1572490 1768
1572500 1774
1572510 1781
1572520 1781
1572530 1787
1572540 1793
1572550 1793
1572560 1800
1572570 1806
1572580 1806
1572590 1812
1572600 1819
1572610 1825
1572620 1825
1572630 1833
1572640 1842
1572650 1842
1572660 1850
1572670 1857
1572680 1857
1572690 1863
1572700 1869
1572710 1869
1572720 1873
1572730 1874
1572740 1874
1572750 1872
1572760 1868
1572770 1868
1572780 1867
1572790 1864
1572800 1864
1572810 1865
1572820 1866
1572830 1866
1572840 1868
1572850 1870
1572860 1872
1572870 1872
1572880 1874
1572890 1876
1572900 1876
1572910 1878
1572920 1880
1572930 1880
1572940 1881
1572950 1882
1572960 1882
1572970 1883
1572980 1885
1572990 1885
1573000 1886
1573010 1888
1573020 1888
1573030 1889
1573040 1889
1573050 1889
1573060 1888
1573070 1887
1573080 1887
1573090 1885
1573100 1885
1573110 1885
1573120 1885
1573130 1887
1573140 1888
1573150 1888
1573160 1891
1573170 1893
1573180 1893
1573190 1893
1573200 1890
1573210 1890
1573220 1887
1573230 1887
1573240 1887
1573250 1887
1573260 1887
1573270 1887
1573280 1888
1573290 1888
1573300 1888
1573310 1890
1573320 1895
1573330 1895
1573340 1900
1573350 1905
1573360 1909
1573370 1909
1573380 1912
1573390 1916
1573400 1916
1573410 1919
1573420 1921
1573430 1921
1573440 1922
1573450 1925
1573460 1925
1573470 1928
1573480 1930
1573490 1930
1573500 1932
1573510 1935
1573520 1935
1573530 1939
1573540 1943
1573550 1943
1573560 1946
1573570 1948
1573580 1948
1573590 1951
1573600 1954
1573610 1958
1573620 1958
1573630 1961
1573640 1963
1573650 1963
1573660 1963
1573670 1964
1573680 1964
1573690 1965
1573700 1968
1573710 1968
1573720 1969
1573730 1969
1573740 1969
1573750 1969
1573760 1970
1573770 1970
1573780 1971
1573790 1972
1573800 1972
1573810 1974
1573820 1975
1573830 1975
1573840 1975
1573850 1976
1573860 1976
1573870 1977
1573880 1978
1573890 1978
1573900 1978
1573910 1981
1573920 1984
1573930 1984
1573940 1986
1573950 1988
1573960 1988
1573970 1990
1573980 1992
1573990 1992
1574000 1994
1574010 1996
1574020 1996
1574030 1999
1574040 2001
1574050 2001
1574060 2004
1574070 2007
1574080 2007
1574090 2010
1574100 2012
1574110 2012
1574120 2015
1574130 2017
1574140 2020
1574150 2020
1574160 2021
1574170 2022
1574180 2022
1574190 2026
1574200 2030
1574210 2030
1574220 2035
1574230 2039
1574240 2039
1574250 2043
1574260 2046
1574270 2046
1574280 2050
1574290 2052
1574300 2052
1574310 2056
1574320 2062
1574330 2062
1574340 2068
1574350 2073
1574360 2073
1574370 2079
1574380 2084
1574390 2089
1574400 2089
1574410 2095
1574420 2100
1574430 2100
1574440 2106
1574450 2111
1574460 2111
1574470 2118
1574480 2124
1574490 2124
1574500 2130
1574510 2136
1574520 2136
1574530 2142
1574540 2148
1574550 2148
1574560 2154
1574570 2160
1574580 2160
1574590 2166
1574600 2172
1574610 2172
1574620 2178
1574630 2184
1574640 2190
1574650 2190
1574660 2196
1574670 2202
1574680 2202
1574690 2208
1574700 2214
1574710 2214
1574720 2221
1574730 2227
1574740 2227
1574750 2233
1574760 2238
1574770 2238
1574780 2245
1574790 2250
1574800 2250
1574810 2255
1574820 2261
1574830 2261
1574840 2267
1574850 2273
1574860 2273
1574870 2278
1574880 2283
1574890 2287
1574900 2287
1574910 2291
1574920 2295
1574930 2295
1574940 2298
1574950 2301
1574960 2301
1574970 2304
1574980 2307
1574990 2307
1575000 2308
1575010 2309
1575020 2309
1575030 2310
1575040 2311
1575050 2311
1575060 2312
1575070 2312
1575080 2312
1575090 2312
1575100 2313
1575110 2313
1575120 2316
1575130 2316
1575140 2316
1575150 2316
1575160 2316
1575170 2316
1575180 2316
1575190 2316
1575200 2316
1575210 2316
1575220 2316
1575230 2315
1575240 2315
1575250 2314
1575260 2313
1575270 2313
1575280 2311
1575290 2310
1575300 2310
1575310 2309
1575320 2307
1575330 2307
1575340 2306
1575350 2305
1575360 2305
1575370 2303
1575380 2301
1575390 2300
1575400 2300
1575410 2299
1575420 2297
1575430 2297
1575440 2296
1575450 2295
1575460 2295
1575470 2293
1575480 2291
1575490 2291
1575500 2290
1575510 2289
1575520 2289
1575530 2288
1575540 2286
1575550 2286
1575560 2285
1575570 2284
1575580 2284
1575590 2282
1575600 2281
1575610 2281
1575620 2280
1575630 2279
1575640 2278
1575650 2278
1575660 2276
1575670 2275
1575680 2275
1575690 2274
1575700 2272
1575710 2272
1575720 2270
1575730 2268
1575740 2268
1575750 2266
1575760 2264
1575770 2264
1575780 2262
1575790 2260
1575800 2260
1575810 2259
1575820 2256
1575830 2256
1575840 2254
1575850 2251
1575860 2251
1575870 2248
1575880 2245
1575890 2243
1575900 2243
1575910 2241
1575920 2239
1575930 2239
1575940 2237
1575950 2235
1575960 2235
1575970 2232
1575980 2227
1575990 2227
1576000 2221
1576010 2215
1576020 2215
1576030 2207
1576040 2202
1576050 2202
1576060 2196
1576070 2190
1576080 2190
1576090 2185
1576100 2180
1576110 2180
1576120 2177
1576130 2173
1576140 2168
1576150 2168
1576160 2164
1576170 2161
1576180 2161
1576190 2159
1576200 2157
1576210 2157
1576220 2155
1576230 2153
1576240 2153
1576250 2151
1576260 2149
1576270 2149
1576280 2146
1576290 2145
1576300 2145
1576310 2144
1576320 2139
1576330 2139
1576340 2134
1576350 2129
1576360 2129
1576370 2125
1576380 2122
1576390 2118
1576400 2118
1576410 2115
1576420 2111
1576430 2111
1576440 2109
1576450 2106
1576460 2106
1576470 2105
1576480 2102
1576490 2102
1576500 2100
1576510 2090
1576520 2090
1576530 2087
1576540 2082
1576550 2082
1576560 2077
1576570 2072
1576580 2072
1576590 2068
1576600 2063
1576610 2063
1576620 2060
1576630 2059
1576640 2059
1576650 2056
1576660 2055
1576670 2052
1576680 2052
1576690 2047
1576700 2047
1576710 2047
1576720 2050
1576730 2049
1576740 2049
1576750 2047
1576760 2042
1576770 2042
1576780 2038
1576790 2033
1576800 2033
1576810 2029
1576820 2026
1576830 2026
1576840 2022
1576850 2018
1576860 2018
1576870 2015
1576880 2012
1576890 2012
1576900 2008
1576910 2002
1576920 1997
1576930 1997
1576940 1991
1576950 1984
1576960 1984
1576970 1977
1576980 1970
1576990 1970
1577000 1962
1577010 1955
1577020 1955
1577030 1948
1577040 1940
1577050 1940
1577060 1932
1577070 1925
1577080 1925
1577090 1917
1577100 1910
1577110 1910
1577120 1903
1577130 1897
1577140 1897
1577150 1891
1577160 1884
1577170 1878
1577180 1878
1577190 1871
1577200 1863
1577210 1863
1577220 1858
1577230 1856
1577240 1856
1577250 1852
1577260 1846
1577270 1846
1577280 1842
1577290 1835
1577300 1835
1577310 1829
1577320 1824
1577330 1824
1577340 1819
1577350 1814
1577360 1814
1577370 1810
1577380 1806
1577390 1806
1577400 1802
1577410 1797
1577420 1792
1577430 1792
1577440 1789
1577450 1786
1577460 1786
1577470 1781
1577480 1775
1577490 1775
1577500 1768
1577510 1760
1577520 1760
1577530 1752
1577540 1746
1577550 1746
1577560 1739
1577570 1732
1577580 1732
1577590 1726
1577600 1720
1577610 1720
1577620 1713
1577630 1705
1577640 1705
1577650 1698
1577660 1690
1577670 1683
1577680 1683
1577690 1675
1577700 1668
1577710 1668
1577720 1662
1577730 1654
1577740 1654
1577750 1647
1577760 1640
1577770 1640
1577780 1633
1577790 1625
1577800 1625
1577810 1618
1577820 1609
1577830 1609
1577840 1600
1577850 1595
1577860 1595
1577870 1588
1577880 1577
1577890 1579
1577900 1568
1577910 1558
1577920 1558
1577930 1558
1577940 1561
1577950 1564
1577960 1564
1577970 1563
1577980 1559
1577990 1559
1578000 1555
1578010 1551
1578020 1551
1578030 1547
1578040 1544
1578050 1544
1578060 1540
1578070 1535
1578080 1535
1578090 1530
1578100 1525
1578110 1525
1578120 1520
1578130 1515
1578140 1515
1578150 1510
1578160 1505
1578170 1499
1578180 1499
1578190 1493
1578200 1486
1578210 1486
1578220 1479
1578230 1472
1578240 1472
1578250 1466
1578260 1457
1578270 1457
1578280 1448
1578290 1439
1578300 1439
1578310 1429
1578320 1424
1578330 1424
1578340 1424
1578350 1421
1578360 1421
1578370 1417
1578380 1412
1578390 1412
1578400 1406
1578410 1398
1578420 1390
1578430 1390
1578440 1382
1578450 1375
1578460 1375
1578470 1367
1578480 1360
1578490 1360
1578500 1353
1578510 1347
1578520 1347
1578530 1341
1578540 1335
1578550 1335
1578560 1329
1578570 1324
1578580 1324
1578590 1319
1578600 1313
1578610 1313
1578620 1309
1578630 1304
1578640 1304
1578650 1298
1578660 1293
1578670 1288
1578680 1288
1578690 1284
1578700 1279
1578710 1279
1578720 1275
1578730 1272
1578740 1272
1578750 1269
1578760 1265
1578770 1265
1578780 1261
1578790 1256
1578800 1256
1578810 1252
1578820 1249
1578830 1249
1578840 1248
1578850 1248
1578860 1248
1578870 1248
1578880 1248
1578890 1248
1578900 1248
1578910 1248
1578920 1249
1578930 1249
1578940 1253
1578950 1258
1578960 1258
1578970 1261
1578980 1262
1578990 1262
1579000 1264
1579010 1265
1579020 1265
1579030 1268
1579040 1271
1579050 1271
1579060 1273
1579070 1275
1579080 1275
1579090 1277
1579100 1279
1579110 1279
1579120 1282
1579130 1284
1579140 1284
1579150 1286
1579160 1289
1579170 1291
1579180 1291
1579190 1294
1579200 1295
1579210 1295
1579220 1299
1579230 1303
1579240 1303
1579250 1307
1579260 1312
1579270 1312
1579280 1317
1579290 1322
1579300 1322
1579310 1326
1579320 1330
1579330 1330
1579340 1334
1579350 1338
1579360 1338
1579370 1343
1579380 1348
1579390 1348
1579400 1353
1579410 1357
1579420 1357
1579430 1362
1579440 1366
1579450 1372
1579460 1372
1579470 1377
1579480 1383
1579490 1383
1579500 1386
1579510 1391
1579520 1391
1579530 1395
1579540 1399
1579550 1399
1579560 1403
1579570 1407
1579580 1407
1579590 1409
1579600 1410
1579610 1410
1579620 1412
1579630 1415
1579640 1415
1579650 1417
1579660 1423
1579670 1423
1579680 1431
1579690 1439
1579700 1446
1579710 1446
1579720 1453
1579730 1459
1579740 1459
1579750 1465
1579760 1470
1579770 1470
1579780 1474
1579790 1479
1579800 1479
1579810 1484
1579820 1489
1579830 1489
1579840 1494
1579850 1499
1579860 1499
1579870 1505
1579880 1512
1579890 1512
1579900 1518
1579910 1524
1579920 1524
1579930 1530
1579940 1536
1579950 1542
1579960 1542
1579970 1548
1579980 1554
1579990 1554
