1560000 2004
1560010 2004
1560020 1996
1560030 1989
1560040 1982
1560050 1982
1560060 1975
1560070 1968
1560080 1968
1560090 1961
1560100 1955
1560110 1955
1560120 1949
1560130 1943
1560140 1943
1560150 1937
1560160 1932
1560170 1932
1560180 1927
1560190 1922
1560200 1922
1560210 1917
1560220 1912
1560230 1912
1560240 1908
1560250 1904
1560260 1904
1560270 1900
1560280 1896
1560290 1893
1560300 1893
1560310 1890
1560320 1887
1560330 1887
1560340 1884
1560350 1881
1560360 1881
1560370 1879
1560380 1876
1560390 1876
1560400 1873
1560410 1871
1560420 1871
1560430 1872
1560440 1872
1560450 1872
1560460 1872
1560470 1872
1560480 1872
1560490 1873
1560500 1874
1560510 1874
1560520 1875
1560530 1876
1560540 1878
1560550 1878
1560560 1880
1560570 1883
1560580 1883
1560590 1887
1560600 1892
1560610 1892
1560620 1897
1560630 1900
1560640 1900
1560650 1903
1560660 1907
1560670 1907
1560680 1911
1560690 1915
1560700 1915
1560710 1919
1560720 1924
1560730 1924
1560740 1929
1560750 1934
1560760 1934
1560770 1940
1560780 1945
1560790 1945
1560800 1951
1560810 1956
1560820 1962
1560830 1962
1560840 1967
1560850 1973
1560860 1973
1560870 1979
1560880 1985
1560890 1985
1560900 1991
1560910 1996
1560920 1996
1560930 2001
1560940 2007
1560950 2007
1560960 2012
1560970 2017
1560980 2017
1560990 2021
1561000 2025
1561010 2025
1561020 2030
1561030 2036
1561040 2036
1561050 2043
1561060 2051
1561070 2059
1561080 2059
1561090 2068
1561100 2075
1561110 2075
1561120 2080
1561130 2086
1561140 2086
1561150 2091
1561160 2102
1561170 2102
1561180 2115
1561190 2129
1561200 2129
1561210 2142
1561220 2149
1561230 2149
1561240 2153
1561250 2156
1561260 2156
1561270 2167
1561280 2182
1561290 2182
1561300 2194
1561310 2205
1561320 2213
1561330 2213
1561340 2221
1561350 2234
1561360 2234
1561370 2247
1561380 2254
1561390 2254
1561400 2261
1561410 2270
1561420 2270
1561430 2285
1561440 2295
1561450 2295
1561460 2297
1561470 2299
1561480 2299
1561490 2304
1561500 2313
1561510 2313
1561520 2323
1561530 2333
1561540 2333
1561550 2340
1561560 2346
1561570 2351
1561580 2351
1561590 2358
1561600 2367
1561610 2367
1561620 2377
1561630 2386
1561640 2386
1561650 2394
1561660 2402
1561670 2402
1561680 2410
1561690 2419
1561700 2419
1561710 2427
1561720 2435
1561730 2435
1561740 2436
1561750 2431
1561760 2431
1561770 2426
1561780 2421
1561790 2421
1561800 2415
1561810 2409
1561820 2404
1561830 2404
1561840 2400
1561850 2395
1561860 2395
1561870 2390
1561880 2385
1561890 2385
1561900 2379
1561910 2369
1561920 2369
1561930 2353
1561940 2335
1561950 2335
1561960 2320
1561970 2309
1561980 2309
1561990 2302
1562000 2296
1562010 2296
1562020 2290
1562030 2285
1562040 2285
1562050 2278
1562060 2269
1562070 2261
1562080 2261
1562090 2252
1562100 2246
1562110 2246
1562120 2241
1562130 2237
1562140 2237
1562150 2234
1562160 2229
1562170 2229
1562180 2222
1562190 2217
1562200 2217
1562210 2215
1562220 2213
1562230 2213
1562240 2209
1562250 2205
1562260 2205
1562270 2201
1562280 2199
1562290 2199
1562300 2197
1562310 2195
1562320 2192
1562330 2192
1562340 2188
1562350 2186
1562360 2186
1562370 2185
1562380 2183
1562390 2183
1562400 2181
1562410 2179
1562420 2179
1562430 2174
1562440 2169
1562450 2169
1562460 2161
1562470 2155
1562480 2155
1562490 2153
1562500 2156
1562510 2156
1562520 2159
1562530 2160
1562540 2160
1562550 2160
1562560 2160
1562570 2161
1562580 2161
1562590 2160
1562600 2160
1562610 2160
1562620 2160
1562630 2158
1562640 2158
1562650 2156
1562660 2154
1562670 2154
1562680 2150
1562690 2145
1562700 2145
1562710 2138
1562720 2132
1562730 2132
1562740 2126
1562750 2121
1562760 2121
1562770 2116
1562780 2110
1562790 2110
1562800 2102
1562810 2097
1562820 2093
1562830 2093
1562840 2090
1562850 2086
1562860 2086
1562870 2078
1562880 2072
1562890 2072
1562900 2069
1562910 2067
1562920 2067
1562930 2065
1562940 2061
1562950 2061
1562960 2057
1562970 2052
1562980 2052
1562990 2044
1563000 2032
1563010 2032
1563020 2027
1563030 2022
1563040 2022
1563050 2016
1563060 2009
1563070 2009
1563080 2003
1563090 1996
1563100 1988
1563110 1988
1563120 1981
1563130 1964
1563140 1964
1563150 1951
1563160 1943
1563170 1943
1563180 1937
1563190 1933
1563200 1933
1563210 1929
1563220 1928
1563230 1928
1563240 1927
1563250 1926
1563260 1926
1563270 1926
1563280 1926
1563290 1926
1563300 1925
1563310 1925
1563320 1925
1563330 1925
1563340 1925
1563350 1925
1563360 1925
1563370 1925
1563380 1925
1563390 1925
1563400 1925
1563410 1925
1563420 1925
1563430 1925
1563440 1925
1563450 1925
1563460 1925
1563470 1926
1563480 1926
1563490 1927
1563500 1927
1563510 1927
1563520 1928
1563530 1931
1563540 1931
1563550 1934
1563560 1935
1563570 1935
1563580 1937
1563590 1939
1563600 1943
1563610 1943
1563620 1945
1563630 1947
1563640 1947
1563650 1948
1563660 1948
1563670 1948
1563680 1946
1563690 1946
1563700 1946
1563710 1947
1563720 1945
1563730 1945
1563740 1942
1563750 1938
1563760 1938
1563770 1936
1563780 1934
1563790 1934
1563800 1930
1563810 1924
1563820 1924
1563830 1923
1563840 1921
1563850 1919
1563860 1919
1563870 1915
1563880 1913
1563890 1913
1563900 1912
1563910 1910
1563920 1905
1563930 1903
1563940 1896
1563950 1896
1563960 1893
1563970 1891
1563980 1891
1563990 1887
1564000 1882
1564010 1882
1564020 1874
1564030 1866
1564040 1866
1564050 1856
1564060 1854
1564070 1854
1564080 1852
1564090 1851
1564100 1850
1564110 1850
1564120 1847
1564130 1844
1564140 1844
1564150 1839
1564160 1834
1564170 1834
1564180 1829
1564190 1820
1564200 1820
1564210 1814
1564220 1810
1564230 1810
1564240 1809
1564250 1809
1564260 1809
1564270 1809
1564280 1809
1564290 1809
1564300 1809
1564310 1809
1564320 1809
1564330 1809
1564340 1809
1564350 1809
1564360 1809
1564370 1809
1564380 1809
1564390 1809
1564400 1809
1564410 1809
1564420 1809
1564430 1809
1564440 1809
1564450 1809
1564460 1809
1564470 1809
1564480 1809
1564490 1809
1564500 1809
1564510 1809
1564520 1809
1564530 1809
1564540 1809
1564550 1809
1564560 1809
1564570 1809
1564580 1809
1564590 1810
1564600 1810
1564610 1810
1564620 1811
1564630 1813
1564640 1813
1564650 1812
1564660 1809
1564670 1809
1564680 1807
1564690 1806
1564700 1806
1564710 1806
1564720 1808
1564730 1808
1564740 1808
1564750 1802
1564760 1802
1564770 1798
1564780 1795
1564790 1795
1564800 1793
1564810 1794
1564820 1794
1564830 1795
1564840 1795
1564850 1795
1564860 1792
1564870 1789
1564880 1785
1564890 1785
1564900 1781
1564910 1777
1564920 1777
1564930 1773
1564940 1768
1564950 1768
1564960 1763
1564970 1759
1564980 1759
1564990 1756
1565000 1753
1565010 1753
1565020 1750
1565030 1748
1565040 1748
1565050 1745
1565060 1744
1565070 1744
1565080 1743
1565090 1741
1565100 1741
1565110 1736
1565120 1730
1565130 1723
1565140 1723
1565150 1715
1565160 1707
1565170 1707
1565180 1695
1565190 1686
1565200 1686
1565210 1679
1565220 1672
1565230 1672
1565240 1666
1565250 1660
1565260 1660
1565270 1655
1565280 1651
1565290 1651
1565300 1646
1565310 1642
1565320 1642
1565330 1639
1565340 1636
1565350 1636
1565360 1632
1565370 1628
1565380 1626
1565390 1626
1565400 1622
1565410 1619
1565420 1619
1565430 1616
1565440 1614
1565450 1614
1565460 1612
1565470 1611
1565480 1611
1565490 1611
1565500 1609
1565510 1607
1565520 1606
1565530 1606
1565540 1606
1565550 1606
1565560 1606
1565570 1606
1565580 1606
1565590 1606
1565600 1606
1565610 1607
1565620 1607
1565630 1607
1565640 1607
1565650 1607
1565660 1606
1565670 1606
1565680 1605
1565690 1604
1565700 1604
1565710 1603
1565720 1603
1565730 1603
1565740 1604
1565750 1604
1565760 1604
1565770 1605
1565780 1605
1565790 1605
1565800 1604
1565810 1603
1565820 1603
1565830 1602
1565840 1600
1565850 1600
1565860 1597
1565870 1595
1565880 1592
1565890 1592
1565900 1588
1565910 1585
1565920 1585
1565930 1582
1565940 1578
1565950 1578
1565960 1576
1565970 1574
1565980 1574
1565990 1571
1566000 1568
1566010 1568
1566020 1566
1566030 1564
1566040 1564
1566050 1562
1566060 1558
1566070 1558
1566080 1555
1566090 1551
1566100 1551
1566110 1547
1566120 1543
1566130 1538
1566140 1538
1566150 1532
1566160 1527
1566170 1527
1566180 1522
1566190 1516
1566200 1516
1566210 1510
1566220 1503
1566230 1503
1566240 1496
1566250 1488
1566260 1488
1566270 1484
1566280 1479
1566290 1479
1566300 1474
1566310 1469
1566320 1469
1566330 1466
1566340 1462
1566350 1462
1566360 1457
1566370 1454
1566380 1454
1566390 1454
1566400 1452
1566410 1451
1566420 1451
1566430 1450
1566440 1447
1566450 1447
1566460 1444
1566470 1439
1566480 1439
1566490 1437
1566500 1434
1566510 1434
1566520 1432
1566530 1429
1566540 1429
1566550 1427
1566560 1424
1566570 1424
1566580 1421
1566590 1418
1566600 1418
1566610 1416
1566620 1414
1566630 1412
1566640 1412
1566650 1411
1566660 1410
1566670 1410
1566680 1411
1566690 1409
1566700 1409
1566710 1407
1566720 1405
1566730 1405
1566740 1402
1566750 1400
1566760 1400
1566770 1398
1566780 1397
1566790 1397
1566800 1395
1566810 1394
1566820 1394
1566830 1392
1566840 1390
1566850 1390
1566860 1389
1566870 1388
1566880 1388
1566890 1386
1566900 1386
1566910 1384
1566920 1384
1566930 1383
1566940 1382
1566950 1382
1566960 1381
1566970 1379
1566980 1379
1566990 1377
1567000 1374
1567010 1374
1567020 1372
1567030 1370
1567040 1370
1567050 1366
1567060 1361
1567070 1361
1567080 1358
1567090 1355
1567100 1355
1567110 1354
1567120 1352
1567130 1352
1567140 1351
1567150 1349
1567160 1347
1567170 1347
1567180 1346
1567190 1344
1567200 1344
1567210 1343
1567220 1342
1567230 1342
1567240 1340
1567250 1338
1567260 1338
1567270 1336
1567280 1333
1567290 1333
1567300 1330
1567310 1326
1567320 1326
1567330 1325
1567340 1324
1567350 1324
1567360 1323
1567370 1321
1567380 1321
1567390 1318
1567400 1316
1567410 1310
1567420 1310
1567430 1307
1567440 1308
1567450 1308
1567460 1309
1567470 1309
1567480 1309
1567490 1308
1567500 1308
1567510 1308
1567520 1308
1567530 1310
1567540 1310
1567550 1313
1567560 1317
1567570 1317
1567580 1319
1567590 1321
1567600 1321
1567610 1323
1567620 1326
1567630 1326
1567640 1329
1567650 1332
1567660 1335
1567670 1335
1567680 1338
1567690 1341
1567700 1341
1567710 1345
1567720 1349
1567730 1349
1567740 1352
1567750 1355
1567760 1355
1567770 1357
1567780 1359
1567790 1359
1567800 1362
1567810 1363
1567820 1363
1567830 1363
1567840 1366
1567850 1366
1567860 1369
1567870 1372
1567880 1372
1567890 1375
1567900 1378
1567910 1381
1567920 1381
1567930 1386
1567940 1389
1567950 1389
1567960 1393
1567970 1398
1567980 1398
1567990 1403
1568000 1408
1568010 1408
1568020 1412
1568030 1418
1568040 1418
1568050 1421
1568060 1426
1568070 1426
1568080 1431
1568090 1436
1568100 1436
1568110 1442
1568120 1448
1568130 1448
1568140 1454
1568150 1459
1568160 1464
1568170 1464
1568180 1469
1568190 1475
1568200 1475
1568210 1480
1568220 1485
1568230 1485
1568240 1491
1568250 1498
1568260 1498
1568270 1507
1568280 1515
1568290 1515
1568300 1523
1568310 1531
1568320 1531
1568330 1537
1568340 1544
1568350 1544
1568360 1551
1568370 1555
1568380 1555
1568390 1560
1568400 1565
1568410 1569
1568420 1569
1568430 1574
1568440 1578
1568450 1578
1568460 1582
1568470 1586
1568480 1586
1568490 1590
1568500 1594
1568510 1594
1568520 1597
1568530 1600
1568540 1600
1568550 1603
1568560 1607
1568570 1607
1568580 1611
1568590 1618
1568600 1618
1568610 1621
1568620 1621
1568630 1621
1568640 1622
1568650 1627
1568660 1632
1568670 1632
1568680 1635
1568690 1638
1568700 1638
1568710 1643
1568720 1650
1568730 1650
1568740 1658
1568750 1665
1568760 1665
1568770 1671
1568780 1677
1568790 1677
1568800 1684
1568810 1690
1568820 1690
1568830 1697
1568840 1702
1568850 1702
1568860 1706
1568870 1710
1568880 1710
1568890 1713
1568900 1715
1568910 1715
1568920 1718
1568930 1723
1568940 1729
1568950 1729
1568960 1732
1568970 1734
1568980 1734
1568990 1737
1569000 1737
1569010 1737
1569020 1738
1569030 1738
1569040 1738
1569050 1743
1569060 1752
1569070 1752
1569080 1762
1569090 1772
1569100 1772
1569110 1779
1569120 1787
1569130 1787
1569140 1796
1569150 1804
1569160 1804
1569170 1812
1569180 1823
1569190 1833
1569200 1833
1569210 1838
1569220 1843
1569230 1843
1569240 1848
1569250 1853
1569260 1853
1569270 1859
1569280 1866
1569290 1866
1569300 1873
1569310 1881
1569320 1881
1569330 1887
1569340 1893
1569350 1893
1569360 1900
1569370 1908
1569380 1908
1569390 1918
1569400 1926
1569410 1926
1569420 1935
1569430 1943
1569440 1951
1569450 1951
1569460 1958
1569470 1964
1569480 1964
1569490 1970
1569500 1976
1569510 1976
1569520 1982
1569530 1988
1569540 1988
1569550 1994
1569560 2000
1569570 2000
1569580 2005
1569590 2012
1569600 2012
1569610 2020
1569620 2029
1569630 2029
1569640 2037
1569650 2045
1569660 2045
1569670 2052
1569680 2060
1569690 2066
1569700 2066
1569710 2074
1569720 2083
1569730 2083
1569740 2091
1569750 2097
1569760 2097
1569770 2103
1569780 2109
1569790 2109
1569800 2115
1569810 2121
1569820 2121
1569830 2127
1569840 2134
1569850 2134
1569860 2141
1569870 2148
1569880 2148
1569890 2155
1569900 2161
1569910 2161
1569920 2165
1569930 2169
1569940 2173
1569950 2173
1569960 2175
1569970 2177
1569980 2177
1569990 2181
1570000 2185
1570010 2185
1570020 2186
1570030 2188
1570040 2188
1570050 2188
1570060 2190
1570070 2190
1570080 2193
1570090 2200
1570100 2200
1570110 2199
1570120 2198
1570130 2198
1570140 2197
1570150 2200
1570160 2200
1570170 2198
1570180 2190
1570190 2183
1570200 2183
1570210 2175
1570220 2168
1570230 2168
1570240 2159
1570250 2150
1570260 2150
1570270 2141
1570280 2132
1570290 2132
1570300 2125
1570310 2119
1570320 2119
1570330 2113
1570340 2106
1570350 2106
1570360 2100
1570370 2097
1570380 2097
1570390 2094
1570400 2090
1570410 2090
1570420 2087
1570430 2085
1570440 2083
1570450 2083
1570460 2080
1570470 2079
1570480 2079
1570490 2077
1570500 2076
1570510 2076
1570520 2075
1570530 2070
1570540 2070
1570550 2063
1570560 2060
1570570 2060
1570580 2055
1570590 2049
1570600 2049
1570610 2041
1570620 2031
1570630 2031
1570640 2022
1570650 2015
1570660 2015
1570670 2006
1570680 1997
1570690 1997
1570700 1986
1570710 1974
1570720 1964
1570730 1964
1570740 1957
1570750 1950
1570760 1950
1570770 1942
1570780 1935
1570790 1935
1570800 1925
1570810 1914
1570820 1914
1570830 1904
1570840 1895
1570850 1895
1570860 1885
1570870 1878
1570880 1878
1570890 1870
1570900 1862
1570910 1862
1570920 1855
1570930 1848
1570940 1848
1570950 1841
1570960 1833
1570970 1826
1570980 1826
1570990 1820
1571000 1814
1571010 1814
1571020 1809
1571030 1803
1571040 1803
1571050 1797
1571060 1790
1571070 1790
1571080 1783
1571090 1778
1571100 1778
1571110 1772
1571120 1766
1571130 1766
1571140 1762
1571150 1757
1571160 1757
1571170 1752
1571180 1747
1571190 1747
1571200 1741
1571210 1737
1571220 1734
1571230 1734
1571240 1731
1571250 1727
1571260 1727
1571270 1722
1571280 1718
1571290 1718
1571300 1715
1571310 1712
1571320 1712
1571330 1709
1571340 1706
1571350 1706
1571360 1702
1571370 1699
1571380 1699
1571390 1696
1571400 1693
1571410 1693
1571420 1691
1571430 1688
1571440 1688
1571450 1686
1571460 1684
1571470 1681
1571480 1681
1571490 1679
1571500 1677
1571510 1677
1571520 1675
1571530 1673
1571540 1673
1571550 1672
1571560 1670
1571570 1671
1571580 1669
1571590 1667
1571600 1667
1571610 1667
1571620 1667
1571630 1667
1571640 1667
1571650 1667
1571660 1667
1571670 1667
1571680 1667
1571690 1667
1571700 1667
1571710 1667
1571720 1668
1571730 1668
1571740 1669
1571750 1672
1571760 1672
1571770 1673
1571780 1674
1571790 1674
1571800 1677
1571810 1681
1571820 1681
1571830 1685
1571840 1689
1571850 1689
1571860 1694
1571870 1697
1571880 1697
1571890 1701
1571900 1705
1571910 1705
1571920 1708
1571930 1712
1571940 1712
1571950 1714
1571960 1716
1571970 1719
1571980 1719
1571990 1721
1572000 1723
1572010 1723
1572020 1726
1572030 1729
1572040 1729
1572050 1734
1572060 1739
1572070 1739
1572080 1744
1572090 1749
1572100 1749
1572110 1754
1572120 1759
1572130 1759
1572140 1763
1572150 1768
1572160 1768
1572170 1774
1572180 1781
1572190 1781
1572200 1788
1572210 1798
1572220 1807
1572230 1807
1572240 1815
1572250 1825
1572260 1825
1572270 1834
1572280 1838
1572290 1838
1572300 1839
1572310 1844
1572320 1844
1572330 1858
1572340 1873
1572350 1873
1572360 1881
1572370 1887
1572380 1887
1572390 1891
1572400 1898
1572410 1898
1572420 1910
1572430 1928
1572440 1928
1572450 1943
1572460 1949
1572470 1950
1572480 1950
1572490 1950
1572500 1953
1572510 1953
1572520 1957
1572530 1962
1572540 1962
1572550 1974
1572560 1978
1572570 1978
1572580 1983
1572590 1987
1572600 1987
1572610 1991
1572620 1996
1572630 1996
1572640 2000
1572650 2002
1572660 2002
1572670 2003
1572680 2002
1572690 2002
1572700 2002
1572710 2001
1572720 2001
1572730 1999
1572740 1998
1572750 1995
1572760 1995
1572770 1994
1572780 1994
1572790 1994
1572800 1993
1572810 1993
1572820 1993
1572830 1991
1572840 1989
1572850 1989
1572860 1987
1572870 1984
1572880 1984
1572890 1981
1572900 1978
1572910 1978
1572920 1975
1572930 1972
1572940 1972
1572950 1970
1572960 1968
1572970 1968
1572980 1966
1572990 1964
1573000 1964
1573010 1964
1573020 1966
1573030 1968
1573040 1968
1573050 1968
1573060 1966
1573070 1966
1573080 1963
1573090 1961
1573100 1961
1573110 1960
1573120 1961
1573130 1961
1573140 1961
1573150 1961
1573160 1961
1573170 1961
1573180 1960
1573190 1960
1573200 1960
1573210 1961
1573220 1961
1573230 1963
1573240 1962
1573250 1961
1573260 1961
1573270 1959
1573280 1959
1573290 1959
1573300 1960
1573310 1960
1573320 1960
1573330 1961
1573340 1962
1573350 1962
1573360 1963
1573370 1964
1573380 1964
1573390 1964
1573400 1966
1573410 1966
1573420 1968
1573430 1973
1573440 1973
1573450 1977
1573460 1982
1573470 1982
1573480 1985
1573490 1988
1573500 1991
1573510 1991
1573520 1993
1573530 1996
1573540 1996
1573550 1997
1573560 1999
1573570 1999
1573580 2000
1573590 2002
1573600 2002
1573610 2003
1573620 2004
1573630 2004
1573640 2005
1573650 2006
1573660 2006
1573670 2009
1573680 2011
1573690 2011
1573700 2013
1573710 2015
1573720 2015
1573730 2015
1573740 2018
1573750 2020
1573760 2020
1573770 2023
1573780 2026
1573790 2026
1573800 2029
1573810 2033
1573820 2033
1573830 2036
1573840 2040
1573850 2040
1573860 2044
1573870 2048
1573880 2048
1573890 2052
1573900 2056
1573910 2056
1573920 2061
1573930 2065
1573940 2065
1573950 2070
1573960 2075
1573970 2075
1573980 2080
1573990 2086
1574000 2091
1574010 2091
1574020 2096
1574030 2102
1574040 2102
1574050 2107
1574060 2113
1574070 2113
1574080 2118
1574090 2124
1574100 2124
1574110 2129
1574120 2134
1574130 2134
1574140 2140
1574150 2145
1574160 2145
1574170 2150
1574180 2155
1574190 2155
1574200 2160
1574210 2166
1574220 2166
1574230 2171
1574240 2176
1574250 2182
1574260 2182
1574270 2187
1574280 2192
1574290 2192
1574300 2198
1574310 2203
1574320 2203
1574330 2209
1574340 2215
1574350 2215
1574360 2221
1574370 2226
1574380 2226
1574390 2232
1574400 2239
1574410 2239
1574420 2244
1574430 2250
1574440 2250
1574450 2258
1574460 2264
1574470 2264
1574480 2271
1574490 2278
1574500 2278
1574510 2284
1574520 2289
1574530 2295
1574540 2295
1574550 2302
1574560 2308
1574570 2308
1574580 2315
1574590 2322
1574600 2322
1574610 2328
1574620 2334
1574630 2334
1574640 2340
1574650 2346
1574660 2346
1574670 2352
1574680 2359
1574690 2359
1574700 2364
1574710 2369
1574720 2369
1574730 2374
1574740 2379
1574750 2379
1574760 2383
1574770 2388
1574780 2392
1574790 2392
1574800 2397
1574810 2402
1574820 2402
1574830 2407
1574840 2412
1574850 2412
1574860 2416
1574870 2420
1574880 2420
1574890 2425
1574900 2429
1574910 2429
1574920 2432
1574930 2435
1574940 2435
1574950 2438
1574960 2441
1574970 2441
1574980 2443
1574990 2444
1575000 2444
1575010 2445
1575020 2446
1575030 2444
1575040 2444
1575050 2443
1575060 2442
1575070 2442
1575080 2439
1575090 2438
1575100 2438
1575110 2437
1575120 2436
1575130 2436
1575140 2435
1575150 2435
1575160 2435
1575170 2433
1575180 2432
1575190 2432
1575200 2430
1575210 2427
1575220 2427
1575230 2423
1575240 2417
1575250 2417
1575260 2414
1575270 2412
1575280 2412
1575290 2412
1575300 2413
1575310 2414
1575320 2414
1575330 2415
1575340 2416
1575350 2416
1575360 2417
1575370 2417
1575380 2417
1575390 2417
1575400 2416
1575410 2416
1575420 2414
1575430 2412
1575440 2412
1575450 2406
1575460 2395
1575470 2395
1575480 2387
1575490 2379
1575500 2379
1575510 2372
1575520 2357
1575530 2345
1575540 2345
1575550 2337
1575560 2331
1575570 2331
1575580 2325
1575590 2320
1575600 2320
1575610 2313
1575620 2305
1575630 2305
1575640 2298
1575650 2293
1575660 2293
1575670 2291
1575680 2286
1575690 2286
1575700 2280
1575710 2274
1575720 2274
1575730 2266
1575740 2258
1575750 2258
1575760 2251
1575770 2244
1575780 2237
1575790 2237
1575800 2229
1575810 2220
1575820 2220
1575830 2211
1575840 2203
1575850 2205
1575860 2197
1575870 2187
1575880 2187
1575890 2179
1575900 2172
1575910 2172
1575920 2162
1575930 2155
1575940 2155
1575950 2146
1575960 2138
1575970 2138
1575980 2130
1575990 2122
1576000 2122
1576010 2114
1576020 2106
1576030 2099
1576040 2099
1576050 2091
1576060 2084
1576070 2084
1576080 2076
1576090 2069
1576100 2069
1576110 2062
1576120 2054
1576130 2054
1576140 2047
1576150 2040
1576160 2040
1576170 2032
1576180 2024
1576190 2024
1576200 2017
1576210 2010
1576220 2010
1576230 2003
1576240 1996
1576250 1996
1576260 1988
1576270 1980
1576280 1980
1576290 1974
1576300 1969
1576310 1965
1576320 1965
1576330 1960
1576340 1956
1576350 1956
1576360 1951
1576370 1946
1576380 1946
1576390 1941
1576400 1936
1576410 1936
1576420 1931
1576430 1927
1576440 1927
1576450 1922
1576460 1917
1576470 1917
1576480 1913
1576490 1908
1576500 1908
1576510 1903
1576520 1898
1576530 1898
1576540 1894
1576550 1888
1576560 1883
1576570 1883
1576580 1878
1576590 1873
1576600 1873
1576610 1868
1576620 1863
1576630 1863
1576640 1858
1576650 1853
1576660 1853
1576670 1847
1576680 1840
1576690 1840
1576700 1834
1576710 1830
1576720 1830
1576730 1831
1576740 1830
1576750 1830
1576760 1826
1576770 1821
1576780 1821
1576790 1817
1576800 1813
1576810 1809
1576820 1809
1576830 1805
1576840 1801
1576850 1801
1576860 1797
1576870 1793
1576880 1793
1576890 1788
1576900 1783
1576910 1783
1576920 1779
1576930 1774
1576940 1774
1576950 1770
1576960 1765
1576970 1765
1576980 1760
1576990 1756
1577000 1756
1577010 1750
1577020 1745
1577030 1745
1577040 1740
1577050 1734
1577060 1727
1577070 1727
1577080 1718
1577090 1710
1577100 1710
1577110 1704
1577120 1699
1577130 1699
1577140 1694
1577150 1689
1577160 1689
1577170 1685
1577180 1681
1577190 1681
1577200 1675
1577210 1669
1577220 1669
1577230 1665
1577240 1657
1577250 1657
1577260 1653
1577270 1651
1577280 1651
1577290 1648
1577300 1644
1577310 1641
1577320 1641
1577330 1637
1577340 1634
1577350 1634
1577360 1633
1577370 1631
1577380 1631
1577390 1629
1577400 1627
1577410 1627
1577420 1625
1577430 1623
1577440 1623
1577450 1621
1577460 1619
1577470 1619
1577480 1616
1577490 1612
1577500 1612
1577510 1608
1577520 1604
1577530 1604
1577540 1602
1577550 1599
1577560 1595
1577570 1595
1577580 1591
1577590 1587
1577600 1587
1577610 1580
1577620 1574
1577630 1574
1577640 1568
1577650 1563
1577660 1563
1577670 1557
1577680 1551
1577690 1551
1577700 1544
1577710 1536
1577720 1536
1577730 1530
1577740 1522
1577750 1522
1577760 1514
1577770 1506
1577780 1506
1577790 1495
1577800 1483
1577810 1475
1577820 1475
1577830 1469
1577840 1463
1577850 1463
1577860 1457
1577870 1451
1577880 1451
1577890 1445
1577900 1439
1577910 1439
1577920 1434
1577930 1428
1577940 1428
1577950 1422
1577960 1413
1577970 1413
1577980 1406
1577990 1397
1578000 1397
1578010 1388
1578020 1379
1578030 1379
1578040 1371
1578050 1366
1578060 1364
1578070 1364
1578080 1361
1578090 1359
1578100 1359
1578110 1356
1578120 1353
1578130 1353
1578140 1348
1578150 1344
1578160 1344
1578170 1340
1578180 1336
1578190 1336
1578200 1332
1578210 1327
1578220 1327
1578230 1322
1578240 1318
1578250 1318
1578260 1313
1578270 1309
1578280 1309
1578290 1306
1578300 1304
1578310 1304
1578320 1303
1578330 1300
1578340 1298
1578350 1298
1578360 1296
1578370 1294
1578380 1294
1578390 1293
1578400 1292
1578410 1292
1578420 1292
1578430 1291
1578440 1291
1578450 1290
1578460 1289
1578470 1289
1578480 1289
1578490 1288
1578500 1288
1578510 1287
1578520 1288
1578530 1288
1578540 1290
1578550 1293
1578560 1293
1578570 1296
1578580 1298
1578590 1300
1578600 1301
1578610 1303
1578620 1305
1578630 1305
1578640 1308
1578650 1310
1578660 1310
1578670 1312
1578680 1314
1578690 1314
1578700 1315
1578710 1316
1578720 1316
1578730 1318
1578740 1319
1578750 1319
1578760 1320
1578770 1321
1578780 1321
1578790 1323
1578800 1326
1578810 1326
1578820 1329
1578830 1332
1578840 1332
1578850 1332
1578860 1336
1578870 1340
1578880 1340
1578890 1342
1578900 1343
1578910 1343
1578920 1345
1578930 1347
1578940 1347
1578950 1349
1578960 1350
1578970 1350
1578980 1353
1578990 1357
1579000 1357
1579010 1360
1579020 1365
1579030 1365
1579040 1370
1579050 1375
1579060 1375
1579070 1382
1579080 1388
1579090 1393
1579100 1393
1579110 1397
1579120 1401
1579130 1401
1579140 1407
1579150 1412
1579160 1412
1579170 1417
1579180 1422
1579190 1422
1579200 1428
1579210 1435
1579220 1435
1579230 1442
1579240 1448
1579250 1448
1579260 1454
1579270 1461
1579280 1461
1579290 1466
1579300 1472
1579310 1472
1579320 1478
1579330 1483
1579340 1486
1579350 1486
1579360 1489
1579370 1492
1579380 1492
1579390 1497
1579400 1500
1579410 1500
1579420 1505
1579430 1509
1579440 1509
1579450 1515
1579460 1518
1579470 1518
1579480 1520
1579490 1523
1579500 1523
1579510 1532
1579520 1539
1579530 1539
1579540 1546
1579550 1552
1579560 1552
1579570 1558
1579580 1564
1579590 1570
1579600 1570
1579610 1576
1579620 1582
1579630 1582
1579640 1587
1579650 1591
1579660 1591
1579670 1594
1579680 1598
1579690 1598
1579700 1603
1579710 1608
1579720 1608
1579730 1613
1579740 1617
1579750 1617
1579760 1621
1579770 1623
1579780 1623
1579790 1626
1579800 1630
1579810 1630
1579820 1635
1579830 1642
1579840 1650
1579850 1650
1579860 1658
1579870 1666
1579880 1666
1579890 1672
1579900 1678
1579910 1678
1579920 1682
1579930 1685
1579940 1685
1579950 1692
1579960 1692
1579970 1692
1579980 1692
1579990 1696
