1560000 2232
1560010 2232
1560020 2239
1560030 2248
1560040 2248
1560050 2257
1560060 2266
1560070 2266
1560080 2275
1560090 2284
1560100 2284
1560110 2292
1560120 2302
1560130 2302
1560140 2312
1560150 2321
1560160 2321
1560170 2331
1560180 2342
1560190 2342
1560200 2348
1560210 2354
1560220 2354
1560230 2360
1560240 2367
1560250 2374
1560260 2374
1560270 2384
1560280 2386
1560290 2386
1560300 2382
1560310 2375
1560320 2375
1560330 2368
1560340 2360
1560350 2360
1560360 2351
1560370 2341
1560380 2341
1560390 2328
1560400 2319
1560410 2319
1560420 2312
1560430 2305
1560440 2305
1560450 2299
1560460 2293
1560470 2293
1560480 2290
1560490 2288
1560500 2285
1560510 2285
1560520 2280
1560530 2275
1560540 2275
1560550 2268
1560560 2262
1560570 2262
1560580 2256
1560590 2251
1560600 2251
1560610 2246
1560620 2241
1560630 2241
1560640 2236
1560650 2232
1560660 2232
1560670 2229
1560680 2227
1560690 2227
1560700 2224
1560710 2222
1560720 2222
1560730 2219
1560740 2217
1560750 2217
1560760 2215
1560770 2213
1560780 2212
1560790 2212
1560800 2212
1560810 2211
1560820 2211
1560830 2210
1560840 2207
1560850 2207
1560860 2203
1560870 2199
1560880 2199
1560890 2194
1560900 2187
1560910 2187
1560920 2181
1560930 2175
1560940 2175
1560950 2169
1560960 2164
1560970 2164
1560980 2159
1560990 2154
1561000 2154
1561010 2149
1561020 2144
1561030 2139
1561040 2139
1561050 2134
1561060 2130
1561070 2130
1561080 2125
1561090 2121
1561100 2121
1561110 2116
1561120 2112
1561130 2112
1561140 2108
1561150 2104
1561160 2104
1561170 2099
1561180 2096
1561190 2096
1561200 2093
1561210 2089
1561220 2089
1561230 2087
1561240 2084
1561250 2084
1561260 2082
1561270 2080
1561280 2078
1561290 2078
1561300 2076
1561310 2072
1561320 2072
1561330 2069
1561340 2067
1561350 2067
1561360 2066
1561370 2063
1561380 2063
1561390 2059
1561400 2056
1561410 2056
1561420 2052
1561430 2050
1561440 2050
1561450 2049
1561460 2047
1561470 2047
1561480 2045
1561490 2043
1561500 2043
1561510 2040
1561520 2036
1561530 2036
1561540 2030
1561550 2024
1561560 2019
1561570 2019
1561580 2014
1561590 2011
1561600 2011
1561610 2008
1561620 2005
1561630 2005
1561640 2001
1561650 1997
1561660 1997
1561670 1992
1561680 1988
1561690 1988
1561700 1984
1561710 1979
1561720 1979
1561730 1973
1561740 1969
1561750 1969
1561760 1967
1561770 1963
1561780 1963
1561790 1958
1561800 1951
1561810 1942
1561820 1942
1561830 1936
1561840 1931
1561850 1931
1561860 1926
1561870 1922
1561880 1922
1561890 1918
1561900 1913
1561910 1913
1561920 1909
1561930 1906
1561940 1906
1561950 1905
1561960 1902
1561970 1902
1561980 1900
1561990 1897
1562000 1904
1562010 1901
1562020 1897
1562030 1897
1562040 1892
1562050 1888
1562060 1886
1562070 1886
1562080 1885
1562090 1885
1562100 1885
1562110 1884
1562120 1885
1562130 1885
1562140 1886
1562150 1887
1562160 1887
1562170 1888
1562180 1890
1562190 1890
1562200 1891
1562210 1893
1562220 1893
1562230 1893
1562240 1891
1562250 1891
1562260 1889
1562270 1886
1562280 1886
1562290 1884
1562300 1883
1562310 1883
1562320 1882
1562330 1882
1562340 1883
1562350 1883
1562360 1884
1562370 1885
1562380 1885
1562390 1887
1562400 1890
1562410 1890
1562420 1893
1562430 1896
1562440 1896
1562450 1899
1562460 1903
1562470 1903
1562480 1906
1562490 1910
1562500 1910
1562510 1915
1562520 1921
1562530 1921
1562540 1929
1562550 1934
1562560 1934
1562570 1936
1562580 1936
1562590 1935
1562600 1935
1562610 1934
1562620 1932
1562630 1932
1562640 1930
1562650 1928
1562660 1928
1562670 1927
1562680 1927
1562690 1927
1562700 1926
1562710 1925
1562720 1925
1562730 1925
1562740 1925
1562750 1925
1562760 1924
1562770 1925
1562780 1925
1562790 1925
1562800 1927
1562810 1927
1562820 1929
1562830 1929
1562840 1928
1562850 1928
1562860 1927
1562870 1923
1562880 1923
1562890 1921
1562900 1920
1562910 1920
1562920 1917
1562930 1913
1562940 1913
1562950 1910
1562960 1907
1562970 1907
1562980 1904
1562990 1898
1563000 1898
1563010 1891
1563020 1884
1563030 1884
1563040 1876
1563050 1868
1563060 1868
1563070 1861
1563080 1855
1563090 1855
1563100 1852
1563110 1849
1563120 1846
1563130 1846
1563140 1844
1563150 1842
1563160 1842
1563170 1839
1563180 1836
1563190 1836
1563200 1834
1563210 1831
1563220 1831
1563230 1828
1563240 1826
1563250 1826
1563260 1823
1563270 1820
1563280 1820
1563290 1817
1563300 1813
1563310 1813
1563320 1808
1563330 1803
1563340 1803
1563350 1800
1563360 1800
1563370 1802
1563380 1802
1563390 1802
1563400 1800
1563410 1800
1563420 1797
1563430 1793
1563440 1793
1563450 1791
1563460 1788
1563470 1788
1563480 1787
1563490 1785
1563500 1785
1563510 1785
1563520 1785
1563530 1785
1563540 1783
1563550 1781
1563560 1781
1563570 1779
1563580 1777
1563590 1777
1563600 1777
1563610 1777
1563620 1777
1563630 1777
1563640 1777
1563650 1777
1563660 1777
1563670 1777
1563680 1776
1563690 1776
1563700 1777
1563710 1778
1563720 1778
1563730 1778
1563740 1779
1563750 1779
1563760 1781
1563770 1782
1563780 1782
1563790 1783
1563800 1784
1563810 1784
1563820 1784
1563830 1784
1563840 1784
1563850 1784
1563860 1784
1563870 1784
1563880 1785
1563890 1784
1563900 1783
1563910 1783
1563920 1781
1563930 1780
1563940 1780
1563950 1778
1563960 1777
1563970 1777
1563980 1776
1563990 1777
1564000 1777
1564010 1778
1564020 1777
1564030 1777
1564040 1776
1564050 1775
1564060 1775
1564070 1775
1564080 1776
1564090 1776
1564100 1776
1564110 1777
1564120 1777
1564130 1778
1564140 1782
1564150 1786
1564160 1786
1564170 1788
1564180 1790
1564190 1790
1564200 1790
1564210 1787
1564220 1787
1564230 1784
1564240 1782
1564250 1782
1564260 1782
1564270 1782
1564280 1782
1564290 1783
1564300 1787
1564310 1787
1564320 1790
1564330 1789
1564340 1789
1564350 1787
1564360 1787
1564370 1787
1564380 1789
1564390 1792
1564400 1795
1564410 1795
1564420 1797
1564430 1798
1564440 1798
1564450 1799
1564460 1802
1564470 1802
1564480 1804
1564490 1805
1564500 1805
1564510 1806
1564520 1807
1564530 1807
1564540 1808
1564550 1810
1564560 1810
1564570 1812
1564580 1814
1564590 1814
1564600 1816
1564610 1817
1564620 1817
1564630 1817
1564640 1817
1564650 1817
1564660 1817
1564670 1818
1564680 1821
1564690 1821
1564700 1823
1564710 1823
1564720 1823
1564730 1823
1564740 1823
1564750 1823
1564760 1821
1564770 1819
1564780 1819
1564790 1818
1564800 1819
1564810 1819
1564820 1820
1564830 1823
1564840 1823
1564850 1826
1564860 1828
1564870 1828
1564880 1831
1564890 1833
1564900 1833
1564910 1834
1564920 1835
1564930 1836
1564940 1836
1564950 1838
1564960 1840
1564970 1840
1564980 1841
1564990 1841
1565000 1841
1565010 1843
1565020 1846
1565030 1846
1565040 1849
1565050 1851
1565060 1851
1565070 1855
1565080 1858
1565090 1858
1565100 1862
1565110 1865
1565120 1865
1565130 1868
1565140 1874
1565150 1874
1565160 1880
1565170 1885
1565180 1892
1565190 1892
1565200 1898
1565210 1904
1565220 1908
1565230 1915
1565240 1920
1565250 1920
1565260 1926
1565270 1935
1565280 1935
1565290 1940
1565300 1944
1565310 1944
1565320 1948
1565330 1952
1565340 1952
1565350 1956
1565360 1962
1565370 1962
1565380 1968
1565390 1975
1565400 1975
1565410 1980
1565420 1982
1565430 1982
1565440 1985
1565450 1984
1565460 1986
1565470 1986
1565480 1989
1565490 1991
1565500 1991
1565510 1994
1565520 1997
1565530 1997
1565540 2001
1565550 2005
1565560 2005
1565570 2009
1565580 2012
1565590 2012
1565600 2015
1565610 2017
1565620 2017
1565630 2018
1565640 2019
1565650 2019
1565660 2019
1565670 2020
1565680 2020
1565690 2024
1565700 2030
1565710 2037
1565720 2037
1565730 2044
1565740 2050
1565750 2050
1565760 2056
1565770 2061
1565780 2061
1565790 2064
1565800 2068
1565810 2068
1565820 2079
1565830 2086
1565840 2086
1565850 2091
1565860 2095
1565870 2095
1565880 2101
1565890 2110
1565900 2110
1565910 2118
1565920 2122
1565930 2122
1565940 2122
1565950 2121
1565960 2121
1565970 2121
1565980 2120
1565990 2120
1566000 2120
1566010 2124
1566020 2129
1566030 2129
1566040 2130
1566050 2130
1566060 2130
1566070 2129
1566080 2127
1566090 2127
1566100 2125
1566110 2125
1566120 2125
1566130 2126
1566140 2126
1566150 2126
1566160 2127
1566170 2126
1566180 2126
1566190 2124
1566200 2122
1566210 2122
1566220 2118
1566230 2113
1566240 2109
1566250 2109
1566260 2106
1566270 2103
1566280 2103
1566290 2100
1566300 2099
1566310 2099
1566320 2098
1566330 2093
1566340 2093
1566350 2087
1566360 2084
1566370 2084
1566380 2084
1566390 2085
1566400 2085
1566410 2087
1566420 2086
1566430 2086
1566440 2084
1566450 2087
1566460 2087
1566470 2088
1566480 2090
1566490 2093
1566500 2093
1566510 2098
1566520 2103
1566530 2103
1566540 2108
1566550 2112
1566560 2112
1566570 2114
1566580 2111
1566590 2111
1566600 2102
1566610 2096
1566620 2096
1566630 2091
1566640 2087
1566650 2087
1566660 2082
1566670 2078
1566680 2078
1566690 2074
1566700 2069
1566710 2069
1566720 2064
1566730 2059
1566740 2054
1566750 2054
1566760 2049
1566770 2044
1566780 2044
1566790 2042
1566800 2036
1566810 2036
1566820 2030
1566830 2023
1566840 2023
1566850 2017
1566860 2010
1566870 2010
1566880 2003
1566890 1993
1566900 1993
1566910 1982
1566920 1971
1566930 1971
1566940 1962
1566950 1955
1566960 1955
1566970 1948
1566980 1940
1566990 1940
1567000 1932
1567010 1925
1567020 1919
1567030 1919
1567040 1913
1567050 1905
1567060 1905
1567070 1898
1567080 1892
1567090 1892
1567100 1885
1567110 1878
1567120 1878
1567130 1870
1567140 1864
1567150 1864
1567160 1857
1567170 1850
1567180 1850
1567190 1843
1567200 1836
1567210 1836
1567220 1828
1567230 1820
1567240 1820
1567250 1811
1567260 1804
1567270 1797
1567280 1797
1567290 1793
1567300 1790
1567310 1790
1567320 1787
1567330 1786
1567340 1786
1567350 1785
1567360 1786
1567370 1786
1567380 1787
1567390 1791
1567400 1791
1567410 1796
1567420 1801
1567430 1801
1567440 1806
1567450 1811
1567460 1811
1567470 1817
1567480 1823
1567490 1823
1567500 1830
1567510 1836
1567520 1842
1567530 1842
1567540 1849
1567550 1856
1567560 1856
1567570 1863
1567580 1871
1567590 1871
1567600 1879
1567610 1887
1567620 1887
1567630 1895
1567640 1904
1567650 1904
1567660 1912
1567670 1919
1567680 1919
1567690 1928
1567700 1940
1567710 1940
1567720 1955
1567730 1965
1567740 1965
1567750 1972
1567760 1981
1567770 1988
1567780 1988
1567790 1994
1567800 2002
1567810 2002
1567820 2007
1567830 2005
1567840 2005
1567850 2001
1567860 1997
1567870 1997
1567880 1992
1567890 1987
1567900 1987
1567910 1983
1567920 1979
1567930 1979
1567940 1976
1567950 1973
1567960 1973
1567970 1970
1567980 1966
1567990 1966
1568000 1962
1568010 1960
1568020 1960
1568030 1958
1568040 1955
1568050 1955
1568060 1955
1568070 1956
1568080 1957
1568090 1957
1568100 1958
1568110 1957
1568120 1957
1568130 1957
1568140 1957
1568150 1957
1568160 1957
1568170 1956
1568180 1956
1568190 1956
1568200 1955
1568210 1955
1568220 1954
1568230 1954
1568240 1954
1568250 1950
1568260 1943
1568270 1943
1568280 1939
1568290 1934
1568300 1925
1568310 1925
1568320 1912
1568330 1906
1568340 1906
1568350 1901
1568360 1895
1568370 1895
1568380 1890
1568390 1885
1568400 1885
1568410 1881
1568420 1878
1568430 1878
1568440 1877
1568450 1875
1568460 1875
1568470 1873
1568480 1871
1568490 1871
1568500 1869
1568510 1865
1568520 1865
1568530 1860
1568540 1860
1568550 1860
1568560 1860
1568570 1860
1568580 1859
1568590 1859
1568600 1858
1568610 1857
1568620 1857
1568630 1855
1568640 1854
1568650 1854
1568660 1854
1568670 1855
1568680 1855
1568690 1856
1568700 1860
1568710 1860
1568720 1866
1568730 1871
1568740 1871
1568750 1875
1568760 1879
1568770 1879
1568780 1882
1568790 1887
1568800 1887
1568810 1896
1568820 1903
1568830 1909
1568840 1909
1568850 1907
1568860 1908
1568870 1908
1568880 1905
1568890 1900
1568900 1900
1568910 1896
1568920 1893
1568930 1893
1568940 1891
1568950 1888
1568960 1888
1568970 1886
1568980 1886
1568990 1886
1569000 1883
1569010 1884
1569020 1884
1569030 1883
1569040 1882
1569050 1882
1569060 1882
1569070 1884
1569080 1887
1569090 1887
1569100 1886
1569110 1886
1569120 1886
1569130 1887
1569140 1887
1569150 1887
1569160 1884
1569170 1881
1569180 1881
1569190 1876
1569200 1872
1569210 1872
1569220 1872
1569230 1871
1569240 1871
1569250 1868
1569260 1865
1569270 1865
1569280 1861
1569290 1859
1569300 1859
1569310 1859
1569320 1857
1569330 1856
1569340 1856
1569350 1857
1569360 1857
1569370 1857
1569380 1857
1569390 1855
1569400 1855
1569410 1854
1569420 1851
1569430 1851
1569440 1850
1569450 1849
1569460 1849
1569470 1848
1569480 1846
1569490 1846
1569500 1845
1569510 1842
1569520 1842
1569530 1837
1569540 1831
1569550 1831
1569560 1828
1569570 1826
1569580 1826
1569590 1826
1569600 1824
1569610 1822
1569620 1822
1569630 1819
1569640 1817
1569650 1817
1569660 1813
1569670 1812
1569680 1812
1569690 1811
1569700 1811
1569710 1811
1569720 1812
1569730 1813
1569740 1813
1569750 1815
1569760 1815
1569770 1815
1569780 1816
1569790 1818
1569800 1818
1569810 1820
1569820 1822
1569830 1819
1569840 1822
1569850 1825
1569860 1829
1569870 1829
1569880 1833
1569890 1839
1569900 1839
1569910 1847
1569920 1854
1569930 1854
1569940 1863
1569950 1870
1569960 1870
1569970 1879
1569980 1886
1569990 1886
1570000 1892
1570010 1897
1570020 1897
1570030 1902
1570040 1907
1570050 1907
1570060 1912
1570070 1917
1570080 1917
1570090 1920
1570100 1922
1570110 1925
1570120 1925
1570130 1930
1570140 1935
1570150 1935
1570160 1941
1570170 1946
1570180 1946
1570190 1951
1570200 1954
1570210 1954
1570220 1955
1570230 1956
1570240 1956
1570250 1955
1570260 1955
1570270 1955
1570280 1955
1570290 1955
1570300 1955
1570310 1958
1570320 1962
1570330 1962
1570340 1963
1570350 1964
1570360 1964
1570370 1965
1570380 1968
1570390 1972
1570400 1972
1570410 1975
1570420 1977
1570430 1977
1570440 1979
1570450 1983
1570460 1983
1570470 1988
1570480 1992
1570490 1992
1570500 1994
1570510 1997
1570520 1997
1570530 2001
1570540 2005
1570550 2005
1570560 2010
1570570 2018
1570580 2018
1570590 2025
1570600 2033
1570610 2033
1570620 2041
1570630 2046
1570640 2047
1570650 2047
1570660 2051
1570670 2054
1570680 2054
1570690 2057
1570700 2061
1570710 2061
1570720 2066
1570730 2070
1570740 2070
1570750 2075
1570760 2077
1570770 2077
1570780 2081
1570790 2086
1570800 2086
1570810 2090
1570820 2091
1570830 2091
1570840 2088
1570850 2086
1570860 2086
1570870 2085
1570880 2087
1570890 2089
1570900 2089
1570910 2089
1570920 2094
1570930 2094
1570940 2099
1570950 2102
1570960 2102
1570970 2104
1570980 2107
1570990 2107
1571000 2110
1571010 2115
1571020 2115
1571030 2121
1571040 2123
1571050 2123
1571060 2125
1571070 2128
1571080 2128
1571090 2132
1571100 2138
1571110 2138
1571120 2144
1571130 2151
1571140 2151
1571150 2157
1571160 2168
1571170 2182
1571180 2182
1571190 2195
1571200 2211
1571210 2211
1571220 2225
1571230 2221
1571240 2221
1571250 2210
1571260 2205
1571270 2205
1571280 2196
1571290 2183
1571300 2183
1571310 2170
1571320 2158
1571330 2158
1571340 2148
1571350 2141
1571360 2141
1571370 2134
1571380 2127
1571390 2127
1571400 2121
1571410 2115
1571420 2109
1571430 2109
1571440 2103
1571450 2098
1571460 2098
1571470 2093
1571480 2089
1571490 2089
1571500 2086
1571510 2084
1571520 2084
1571530 2083
1571540 2081
1571550 2081
1571560 2079
1571570 2075
1571580 2075
1571590 2072
1571600 2069
1571610 2069
1571620 2067
1571630 2063
1571640 2063
1571650 2060
1571660 2056
1571670 2052
1571680 2052
1571690 2047
1571700 2042
1571710 2042
1571720 2036
1571730 2031
1571740 2031
1571750 2026
1571760 2021
1571770 2021
1571780 2014
1571790 2008
1571800 2008
1571810 2001
1571820 1993
1571830 1993
1571840 1985
1571850 1977
1571860 1977
1571870 1970
1571880 1963
1571890 1963
1571900 1953
1571910 1943
1571920 1943
1571930 1932
1571940 1922
1571950 1916
1571960 1916
1571970 1911
1571980 1904
1571990 1904
1572000 1898
1572010 1892
1572020 1892
1572030 1884
1572040 1877
1572050 1877
1572060 1871
1572070 1865
1572080 1865
1572090 1858
1572100 1853
1572110 1853
1572120 1850
1572130 1850
1572140 1850
1572150 1849
1572160 1846
1572170 1846
1572180 1842
1572190 1840
1572200 1837
1572210 1837
1572220 1835
1572230 1833
1572240 1833
1572250 1831
1572260 1829
1572270 1829
1572280 1828
1572290 1823
1572300 1823
1572310 1818
1572320 1812
1572330 1812
1572340 1805
1572350 1799
1572360 1799
1572370 1793
1572380 1787
1572390 1787
1572400 1784
1572410 1781
1572420 1781
1572430 1776
1572440 1771
1572450 1771
1572460 1767
1572470 1763
1572480 1759
1572490 1759
1572500 1755
1572510 1750
1572520 1750
1572530 1746
1572540 1742
1572550 1742
1572560 1738
1572570 1733
1572580 1733
1572590 1729
1572600 1725
1572610 1725
1572620 1721
1572630 1718
1572640 1718
1572650 1715
1572660 1715
1572670 1715
1572680 1715
1572690 1715
1572700 1715
1572710 1715
1572720 1715
1572730 1714
1572740 1714
1572750 1715
1572760 1714
1572770 1717
1572780 1717
1572790 1716
1572800 1716
1572810 1715
1572820 1713
1572830 1713
1572840 1711
1572850 1709
1572860 1709
1572870 1707
1572880 1705
1572890 1705
1572900 1703
1572910 1701
1572920 1701
1572930 1699
1572940 1698
1572950 1698
1572960 1696
1572970 1695
1572980 1693
1572990 1693
1573000 1692
1573010 1691
1573020 1691
1573030 1689
1573040 1687
1573050 1687
1573060 1685
1573070 1683
1573080 1683
1573090 1681
1573100 1679
1573110 1679
1573120 1677
1573130 1676
1573140 1676
1573150 1676
1573160 1675
1573170 1675
1573180 1674
1573190 1673
1573200 1673
1573210 1672
1573220 1670
1573230 1670
1573240 1670
1573250 1671
1573260 1673
1573270 1673
1573280 1674
1573290 1677
1573300 1677
1573310 1679
1573320 1682
1573330 1682
1573340 1683
1573350 1685
1573360 1685
1573370 1687
1573380 1689
1573390 1689
1573400 1689
1573410 1691
1573420 1691
1573430 1694
1573440 1696
1573450 1696
1573460 1697
1573470 1700
1573480 1700
1573490 1702
1573500 1703
1573510 1704
1573520 1704
1573530 1703
1573540 1698
1573550 1698
1573560 1695
1573570 1695
1573580 1695
1573590 1698
1573600 1701
1573610 1701
1573620 1704
1573630 1705
1573640 1705
1573650 1706
1573660 1708
1573670 1708
1573680 1709
1573690 1709
1573700 1709
1573710 1711
1573720 1714
1573730 1714
1573740 1717
1573750 1720
1573760 1722
1573770 1722
1573780 1722
1573790 1720
1573800 1720
1573810 1720
1573820 1720
1573830 1720
1573840 1722
1573850 1724
1573860 1724
1573870 1726
1573880 1718
1573890 1718
1573900 1706
1573910 1699
1573920 1699
1573930 1695
1573940 1691
1573950 1691
1573960 1685
1573970 1678
1573980 1678
1573990 1675
1574000 1672
1574010 1672
1574020 1671
1574030 1671
1574040 1667
1574050 1667
1574060 1662
1574070 1659
1574080 1659
1574090 1657
1574100 1655
1574110 1655
1574120 1654
1574130 1652
1574140 1652
1574150 1653
1574160 1652
1574170 1652
1574180 1651
1574190 1651
1574200 1644
1574210 1644
1574220 1644
1574230 1644
1574240 1645
1574250 1646
1574260 1646
1574270 1646
1574280 1646
1574290 1645
1574300 1645
1574310 1646
1574320 1645
1574330 1645
1574340 1647
1574350 1648
1574360 1648
1574370 1646
1574380 1641
1574390 1641
1574400 1639
1574410 1639
1574420 1639
1574430 1637
1574440 1634
1574450 1634
1574460 1632
1574470 1631
1574480 1631
1574490 1631
1574500 1632
1574510 1632
1574520 1632
1574530 1632
1574540 1628
1574550 1628
1574560 1626
1574570 1628
1574580 1628
1574590 1625
1574600 1624
1574610 1624
1574620 1626
1574630 1626
1574640 1626
1574650 1624
1574660 1624
1574670 1624
1574680 1624
1574690 1624
1574700 1624
1574710 1621
1574720 1614
1574730 1614
1574740 1612
1574750 1611
1574760 1611
1574770 1609
1574780 1615
1574790 1615
1574800 1618
1574810 1616
1574820 1614
1574830 1614
1574840 1614
1574850 1610
1574860 1610
1574870 1608
1574880 1607
1574890 1607
1574900 1605
1574910 1601
1574920 1601
1574930 1598
1574940 1597
1574950 1597
1574960 1594
1574970 1589
1574980 1589
1574990 1586
1575000 1585
1575010 1585
1575020 1583
1575030 1577
1575040 1577
1575050 1573
1575060 1573
1575070 1571
1575080 1571
1575090 1569
1575100 1566
1575110 1566
1575120 1563
1575130 1565
1575140 1565
1575150 1564
1575160 1563
1575170 1563
1575180 1561
1575190 1562
1575200 1562
1575210 1559
1575220 1557
1575230 1557
1575240 1557
1575250 1556
1575260 1556
1575270 1557
1575280 1556
1575290 1556
1575300 1554
1575310 1553
1575320 1551
1575330 1551
1575340 1548
1575350 1545
1575360 1545
1575370 1543
1575380 1540
1575390 1540
1575400 1539
1575410 1540
1575420 1540
1575430 1540
1575440 1540
1575450 1540
1575460 1538
1575470 1539
1575480 1539
1575490 1538
1575500 1537
1575510 1537
1575520 1535
1575530 1534
1575540 1534
1575550 1532
1575560 1529
1575570 1529
1575580 1526
1575590 1523
1575600 1520
1575610 1518
1575620 1514
1575630 1512
1575640 1512
1575650 1511
1575660 1513
1575670 1513
1575680 1514
1575690 1515
1575700 1515
1575710 1516
1575720 1517
1575730 1517
1575740 1517
1575750 1518
1575760 1518
1575770 1519
1575780 1519
1575790 1519
1575800 1519
1575810 1519
1575820 1519
1575830 1520
1575840 1520
1575850 1520
1575860 1520
1575870 1520
1575880 1520
1575890 1520
1575900 1519
1575910 1519
1575920 1519
1575930 1519
1575940 1519
1575950 1519
1575960 1519
1575970 1519
1575980 1519
1575990 1520
1576000 1524
1576010 1524
1576020 1526
1576030 1529
1576040 1529
1576050 1533
1576060 1537
1576070 1537
1576080 1540
1576090 1543
1576100 1546
1576110 1546
1576120 1548
1576130 1549
1576140 1549
1576150 1553
1576160 1557
1576170 1557
1576180 1559
1576190 1561
1576200 1561
1576210 1565
1576220 1569
1576230 1569
1576240 1572
1576250 1574
1576260 1574
1576270 1577
1576280 1580
1576290 1580
1576300 1583
1576310 1587
1576320 1587
1576330 1591
1576340 1594
1576350 1594
1576360 1597
1576370 1601
1576380 1605
1576390 1605
1576400 1611
1576410 1616
1576420 1616
1576430 1620
1576440 1623
1576450 1623
1576460 1626
1576470 1630
1576480 1630
1576490 1634
1576500 1638
1576510 1638
1576520 1641
1576530 1643
1576540 1643
1576550 1645
1576560 1649
1576570 1649
1576580 1654
1576590 1657
1576600 1657
1576610 1659
1576620 1664
1576630 1668
1576640 1668
1576650 1672
1576660 1675
1576670 1675
1576680 1681
1576690 1688
1576700 1688
1576710 1691
1576720 1691
1576730 1691
1576740 1693
1576750 1695
1576760 1695
1576770 1701
1576780 1709
1576790 1709
1576800 1717
1576810 1724
1576820 1724
1576830 1730
1576840 1736
1576850 1736
1576860 1741
1576870 1747
1576880 1753
1576890 1753
1576900 1760
1576910 1767
1576920 1767
1576930 1774
1576940 1780
1576950 1780
1576960 1786
1576970 1792
1576980 1792
1576990 1797
1577000 1807
1577010 1807
1577020 1812
1577030 1817
1577040 1817
1577050 1821
1577060 1827
1577070 1827
1577080 1835
1577090 1843
1577100 1843
1577110 1851
1577120 1860
1577130 1860
1577140 1868
1577150 1876
1577160 1886
1577170 1886
1577180 1895
1577190 1903
1577200 1903
1577210 1910
1577220 1919
1577230 1919
1577240 1927
1577250 1935
1577260 1935
1577270 1942
1577280 1949
1577290 1949
1577300 1956
1577310 1963
1577320 1963
1577330 1966
1577340 1966
1577350 1966
1577360 1968
1577370 1971
1577380 1971
1577390 1975
1577400 1981
1577410 1987
1577420 1987
1577430 1993
1577440 1998
1577450 1998
1577460 2004
1577470 2007
1577480 2007
1577490 2008
1577500 2009
1577510 2009
1577520 2007
1577530 2007
1577540 2007
1577550 2005
1577560 2008
1577570 2008
1577580 2013
1577590 2019
1577600 2019
1577610 2026
1577620 2034
1577630 2034
1577640 2042
1577650 2050
1577660 2058
1577670 2058
1577680 2066
1577690 2071
1577700 2071
1577710 2077
1577720 2083
1577730 2083
1577740 2090
1577750 2096
1577760 2096
1577770 2103
1577780 2110
1577790 2110
1577800 2116
1577810 2121
1577820 2121
1577830 2125
1577840 2128
1577850 2128
1577860 2131
1577870 2133
1577880 2133
1577890 2136
1577900 2139
1577910 2139
1577920 2141
1577930 2143
1577940 2146
1577950 2146
1577960 2150
1577970 2154
1577980 2154
1577990 2158
1578000 2162
1578010 2162
1578020 2165
1578030 2169
1578040 2169
1578050 2172
1578060 2176
1578070 2176
1578080 2179
1578090 2184
1578100 2184
1578110 2188
1578120 2194
1578130 2194
1578140 2200
1578150 2205
1578160 2205
1578170 2210
1578180 2209
1578190 2202
1578200 2202
1578210 2195
1578220 2187
1578230 2187
1578240 2178
1578250 2172
1578260 2172
1578270 2164
1578280 2153
1578290 2153
1578300 2146
1578310 2144
1578320 2144
1578330 2134
1578340 2122
1578350 2122
1578360 2110
1578370 2091
1578380 2091
1578390 2082
1578400 2073
1578410 2073
1578420 2063
1578430 2053
1578440 2045
1578450 2045
1578460 2038
1578470 2031
1578480 2031
1578490 2025
1578500 2020
1578510 2020
1578520 2014
1578530 2009
1578540 2009
1578550 2005
1578560 2000
1578570 2000
1578580 1996
1578590 1993
1578600 1993
1578610 1990
1578620 1988
1578630 1988
1578640 1986
1578650 1983
1578660 1983
1578670 1981
1578680 1982
1578690 1982
1578700 1983
1578710 1984
1578720 1986
1578730 1986
1578740 1987
1578750 1987
1578760 1987
1578770 1984
1578780 1985
1578790 1985
1578800 1985
1578810 1985
1578820 1985
1578830 1989
1578840 1994
1578850 1994
1578860 1998
1578870 2002
1578880 2002
1578890 2005
1578900 2007
1578910 2007
1578920 2009
1578930 2009
1578940 2009
1578950 2004
1578960 2000
1578970 1997
1578980 1997
1578990 1995
1579000 1993
1579010 1993
1579020 1991
1579030 1992
1579040 1992
1579050 1993
1579060 1992
1579070 1992
1579080 1988
1579090 1983
1579100 1983
1579110 1979
1579120 1972
1579130 1972
1579140 1967
1579150 1964
1579160 1964
1579170 1959
1579180 1956
1579190 1956
1579200 1951
1579210 1948
1579220 1945
1579230 1945
1579240 1942
1579250 1940
1579260 1940
1579270 1942
1579280 1942
1579290 1942
1579300 1940
1579310 1939
1579320 1939
1579330 1937
1579340 1933
1579350 1933
1579360 1930
1579370 1929
1579380 1929
1579390 1926
1579400 1923
1579410 1923
1579420 1920
1579430 1918
1579440 1918
1579450 1916
1579460 1913
1579470 1913
1579480 1910
1579490 1908
1579500 1907
1579510 1907
1579520 1905
1579530 1903
1579540 1903
1579550 1902
1579560 1903
1579570 1903
1579580 1904
1579590 1907
1579600 1907
1579610 1910
1579620 1912
1579630 1912
1579640 1915
1579650 1916
1579660 1916
1579670 1915
1579680 1909
1579690 1909
1579700 1897
1579710 1892
1579720 1885
1579730 1881
1579740 1878
1579750 1877
1579760 1877
1579770 1875
1579780 1874
1579790 1874
1579800 1874
1579810 1874
1579820 1874
1579830 1877
1579840 1881
1579850 1881
1579860 1887
1579870 1891
1579880 1891
1579890 1896
1579900 1902
1579910 1902
1579920 1907
1579930 1913
1579940 1913
1579950 1919
1579960 1924
1579970 1924
1579980 1928
1579990 1932
