1560000 1996
1560010 2003
1560020 2003
1560030 2010
1560040 2019
1560050 2019
1560060 2027
1560070 2033
1560080 2039
1560090 2039
1560100 2045
1560110 2052
1560120 2052
1560130 2045
1560140 2053
1560150 2053
1560160 2061
1560170 2072
1560180 2072
1560190 2083
1560200 2091
1560210 2091
1560220 2098
1560230 2106
1560240 2106
1560250 2114
1560260 2121
1560270 2121
1560280 2127
1560290 2134
1560300 2134
1560310 2140
1560320 2145
1560330 2154
1560340 2154
1560350 2162
1560360 2171
1560370 2171
1560380 2179
1560390 2187
1560400 2187
1560410 2196
1560420 2205
1560430 2205
1560440 2212
1560450 2220
1560460 2220
1560470 2227
1560480 2235
1560490 2235
1560500 2243
1560510 2253
1560520 2253
1560530 2263
1560540 2273
1560550 2273
1560560 2282
1560570 2293
1560580 2293
1560590 2308
1560600 2317
1560610 2326
1560620 2326
1560630 2338
1560640 2346
1560650 2346
1560660 2354
1560670 2357
1560680 2357
1560690 2345
1560700 2334
1560710 2334
1560720 2325
1560730 2315
1560740 2315
1560750 2305
1560760 2295
1560770 2295
1560780 2287
1560790 2278
1560800 2278
1560810 2268
1560820 2261
1560830 2261
1560840 2254
1560850 2246
1560860 2238
1560870 2238
1560880 2229
1560890 2221
1560900 2221
1560910 2213
1560920 2205
1560930 2205
1560940 2195
1560950 2185
1560960 2185
1560970 2174
1560980 2163
1560990 2163
1561000 2151
1561010 2142
1561020 2142
1561030 2136
1561040 2132
1561050 2132
1561060 2130
1561070 2125
1561080 2125
1561090 2118
1561100 2110
1561110 2103
1561120 2103
1561130 2095
1561140 2088
1561150 2088
1561160 2081
1561170 2074
1561180 2074
1561190 2067
1561200 2059
1561210 2059
1561220 2052
1561230 2045
1561240 2045
1561250 2039
1561260 2031
1561270 2031
1561280 2024
1561290 2019
1561300 2019
1561310 2014
1561320 2009
1561330 2009
1561340 2005
1561350 2001
1561360 2001
1561370 1997
1561380 1992
1561390 1989
1561400 1989
1561410 1987
1561420 1985
1561430 1985
1561440 1984
1561450 1983
1561460 1983
1561470 1982
1561480 1982
1561490 1982
1561500 1982
1561510 1982
1561520 1982
1561530 1982
1561540 1981
1561550 1981
1561560 1981
1561570 1981
1561580 1981
1561590 1980
1561600 1980
1561610 1980
1561620 1980
1561630 1981
1561640 1982
1561650 1982
1561660 1982
1561670 1983
1561680 1983
1561690 1984
1561700 1985
1561710 1985
1561720 1986
1561730 1988
1561740 1988
1561750 1991
1561760 1993
1561770 1993
1561780 1996
1561790 1999
1561800 1999
1561810 2002
1561820 2006
1561830 2006
1561840 2010
1561850 2016
1561860 2016
1561870 2022
1561880 2030
1561890 2037
1561900 2037
1561910 2044
1561920 2051
1561930 2051
1561940 2058
1561950 2064
1561960 2064
1561970 2071
1561980 2077
1561990 2077
1562000 2084
1562010 2090
1562020 2090
1562030 2096
1562040 2101
1562050 2101
1562060 2106
1562070 2109
1562080 2109
1562090 2112
1562100 2116
1562110 2116
1562120 2118
1562130 2121
1562140 2121
1562150 2125
1562160 2131
1562170 2137
1562180 2137
1562190 2142
1562200 2149
1562210 2149
1562220 2154
1562230 2159
1562240 2159
1562250 2164
1562260 2169
1562270 2169
1562280 2175
1562290 2180
1562300 2180
1562310 2185
1562320 2189
1562330 2189
1562340 2194
1562350 2199
1562360 2199
1562370 2203
1562380 2204
1562390 2204
1562400 2205
1562410 2207
1562420 2209
1562430 2209
1562440 2211
1562450 2213
1562460 2213
1562470 2216
1562480 2220
1562490 2220
1562500 2225
1562510 2228
1562520 2228
1562530 2232
1562540 2235
1562550 2235
1562560 2236
1562570 2235
1562580 2235
1562590 2232
1562600 2228
1562610 2228
1562620 2224
1562630 2219
1562640 2219
1562650 2213
1562660 2206
1562670 2200
1562680 2200
1562690 2195
1562700 2188
1562710 2188
1562720 2179
1562730 2169
1562740 2169
1562750 2163
1562760 2157
1562770 2157
1562780 2150
1562790 2144
1562800 2144
1562810 2139
1562820 2133
1562830 2133
1562840 2125
1562850 2118
1562860 2118
1562870 2111
1562880 2104
1562890 2104
1562900 2097
1562910 2090
1562920 2090
1562930 2084
1562940 2078
1562950 2072
1562960 2072
1562970 2067
1562980 2061
1562990 2061
1563000 2053
1563010 2046
1563020 2046
1563030 2037
1563040 2029
1563050 2029
1563060 2019
1563070 2008
1563080 2008
1563090 2001
1563100 1993
1563110 1993
1563120 1985
1563130 1978
1563140 1978
1563150 1971
1563160 1965
1563170 1965
1563180 1959
1563190 1954
1563200 1951
1563210 1951
1563220 1950
1563230 1949
1563240 1949
1563250 1949
1563260 1947
1563270 1947
1563280 1946
1563290 1945
1563300 1945
1563310 1942
1563320 1940
1563330 1940
1563340 1938
1563350 1935
1563360 1935
1563370 1931
1563380 1926
1563390 1926
1563400 1922
1563410 1920
1563420 1920
1563430 1920
1563440 1917
1563450 1917
1563460 1911
1563470 1906
1563480 1902
1563490 1902
1563500 1898
1563510 1891
1563520 1891
1563530 1887
1563540 1883
1563550 1883
1563560 1880
1563570 1878
1563580 1878
1563590 1878
1563600 1878
1563610 1878
1563620 1879
1563630 1880
1563640 1880
1563650 1881
1563660 1881
1563670 1881
1563680 1877
1563690 1874
1563700 1874
1563710 1871
1563720 1866
1563730 1867
1563740 1867
1563750 1870
1563760 1873
1563770 1873
1563780 1876
1563790 1878
1563800 1878
1563810 1881
1563820 1882
1563830 1882
1563840 1884
1563850 1886
1563860 1886
1563870 1887
1563880 1888
1563890 1888
1563900 1888
1563910 1888
1563920 1888
1563930 1887
1563940 1888
1563950 1888
1563960 1891
1563970 1896
1563980 1896
1563990 1896
1564000 1897
1564010 1898
1564020 1898
1564030 1899
1564040 1900
1564050 1900
1564060 1902
1564070 1908
1564080 1908
1564090 1914
1564100 1920
1564110 1920
1564120 1926
1564130 1932
1564140 1932
1564150 1937
1564160 1946
1564170 1946
1564180 1956
1564190 1965
1564200 1965
1564210 1974
1564220 1981
1564230 1981
1564240 1987
1564250 1992
1564260 1997
1564270 1997
1564280 2002
1564290 2006
1564300 2006
1564310 2010
1564320 2015
1564330 2015
1564340 2020
1564350 2023
1564360 2023
1564370 2026
1564380 2028
1564390 2028
1564400 2031
1564410 2033
1564420 2033
1564430 2031
1564440 2030
1564450 2030
1564460 2031
1564470 2031
1564480 2031
1564490 2032
1564500 2032
1564510 2032
1564520 2032
1564530 2034
1564540 2035
1564550 2035
1564560 2037
1564570 2038
1564580 2038
1564590 2038
1564600 2041
1564610 2041
1564620 2047
1564630 2053
1564640 2053
1564650 2056
1564660 2055
1564670 2055
1564680 2053
1564690 2054
1564700 2054
1564710 2057
1564720 2062
1564730 2062
1564740 2066
1564750 2069
1564760 2077
1564770 2077
1564780 2084
1564790 2091
1564800 2091
1564810 2100
1564820 2108
1564830 2108
1564840 2115
1564850 2120
1564860 2120
1564870 2123
1564880 2127
1564890 2127
1564900 2132
1564910 2137
1564920 2137
1564930 2143
1564940 2146
1564950 2146
1564960 2144
1564970 2141
1564980 2141
1564990 2139
1565000 2139
1565010 2139
1565020 2139
1565030 2139
1565040 2138
1565050 2138
1565060 2138
1565070 2138
1565080 2138
1565090 2137
1565100 2136
1565110 2136
1565120 2135
1565130 2134
1565140 2134
1565150 2131
1565160 2129
1565170 2129
1565180 2127
1565190 2125
1565200 2125
1565210 2123
1565220 2120
1565230 2120
1565240 2120
1565250 2119
1565260 2119
1565270 2115
1565280 2111
1565290 2107
1565300 2107
1565310 2104
1565320 2101
1565330 2101
1565340 2098
1565350 2095
1565360 2095
1565370 2092
1565380 2089
1565390 2089
1565400 2086
1565410 2081
1565420 2081
1565430 2071
1565440 2059
1565450 2059
1565460 2054
1565470 2050
1565480 2050
1565490 2047
1565500 2043
1565510 2043
1565520 2039
1565530 2030
1565540 2022
1565550 2022
1565560 2014
1565570 2007
1565580 2007
1565590 2002
1565600 1998
1565610 1998
1565620 1993
1565630 1990
1565640 1990
1565650 1983
1565660 1971
1565670 1971
1565680 1960
1565690 1946
1565700 1946
1565710 1932
1565720 1924
1565730 1924
1565740 1917
1565750 1911
1565760 1911
1565770 1903
1565780 1895
1565790 1895
1565800 1886
1565810 1879
1565820 1871
1565830 1871
1565840 1864
1565850 1857
1565860 1857
1565870 1850
1565880 1843
1565890 1843
1565900 1836
1565910 1830
1565920 1830
1565930 1825
1565940 1820
1565950 1820
1565960 1816
1565970 1804
1565980 1804
1565990 1797
1566000 1794
1566010 1794
1566020 1788
1566030 1784
1566040 1784
1566050 1781
1566060 1779
1566070 1778
1566080 1778
1566090 1779
1566100 1781
1566110 1781
1566120 1784
1566130 1786
1566140 1786
1566150 1790
1566160 1794
1566170 1794
1566180 1797
1566190 1798
1566200 1798
1566210 1801
1566220 1803
1566230 1803
1566240 1806
1566250 1808
1566260 1808
1566270 1811
1566280 1813
1566290 1813
1566300 1815
1566310 1820
1566320 1827
1566330 1827
1566340 1836
1566350 1845
1566360 1845
1566370 1852
1566380 1853
1566390 1853
1566400 1857
1566410 1868
1566420 1868
1566430 1874
1566440 1877
1566450 1877
1566460 1879
1566470 1880
1566480 1880
1566490 1879
1566500 1879
1566510 1879
1566520 1877
1566530 1875
1566540 1875
1566550 1875
1566560 1874
1566570 1874
1566580 1874
1566590 1873
1566600 1872
1566610 1872
1566620 1870
1566630 1867
1566640 1867
1566650 1864
1566660 1863
1566670 1863
1566680 1861
1566690 1857
1566700 1857
1566710 1852
1566720 1845
1566730 1845
1566740 1835
1566750 1823
1566760 1823
1566770 1808
1566780 1795
1566790 1795
1566800 1784
1566810 1774
1566820 1774
1566830 1770
1566840 1784
1566850 1800
1566860 1800
1566870 1805
1566880 1803
1566890 1803
1566900 1797
1566910 1793
1566920 1793
1566930 1789
1566940 1784
1566950 1784
1566960 1771
1566970 1759
1566980 1759
1566990 1746
1567000 1734
1567010 1734
1567020 1733
1567030 1731
1567040 1731
1567050 1727
1567060 1723
1567070 1723
1567080 1719
1567090 1713
1567100 1713
1567110 1710
1567120 1708
1567130 1704
1567140 1704
1567150 1706
1567160 1702
1567170 1702
1567180 1698
1567190 1693
1567200 1693
1567210 1689
1567220 1684
1567230 1684
1567240 1679
1567250 1675
1567260 1675
1567270 1672
1567280 1669
1567290 1669
1567300 1666
1567310 1664
1567320 1664
1567330 1662
1567340 1661
1567350 1661
1567360 1661
1567370 1659
1567380 1658
1567390 1658
1567400 1654
1567410 1653
1567420 1653
1567430 1653
1567440 1654
1567450 1654
1567460 1654
1567470 1654
1567480 1654
1567490 1653
1567500 1653
1567510 1653
1567520 1652
1567530 1653
1567540 1653
1567550 1653
1567560 1655
1567570 1655
1567580 1656
1567590 1659
1567600 1659
1567610 1661
1567620 1662
1567630 1664
1567640 1664
1567650 1666
1567660 1669
1567670 1669
1567680 1672
1567690 1674
1567700 1674
1567710 1677
1567720 1679
1567730 1679
1567740 1683
1567750 1687
1567760 1687
1567770 1689
1567780 1691
1567790 1691
1567800 1693
1567810 1693
1567820 1693
1567830 1694
1567840 1697
1567850 1697
1567860 1703
1567870 1709
1567880 1709
1567890 1714
1567900 1717
1567910 1719
1567920 1719
1567930 1721
1567940 1724
1567950 1724
1567960 1726
1567970 1728
1567980 1728
1567990 1730
1568000 1730
1568010 1730
1568020 1733
1568030 1735
1568040 1735
1568050 1737
1568060 1741
1568070 1741
1568080 1743
1568090 1743
1568100 1743
1568110 1742
1568120 1739
1568130 1732
1568140 1728
1568150 1722
1568160 1723
1568170 1723
1568180 1722
1568190 1720
1568200 1720
1568210 1717
1568220 1714
1568230 1714
1568240 1710
1568250 1706
1568260 1706
1568270 1701
1568280 1696
1568290 1696
1568300 1690
1568310 1683
1568320 1683
1568330 1673
1568340 1665
1568350 1665
1568360 1665
1568370 1665
1568380 1665
1568390 1665
1568400 1664
1568410 1662
1568420 1662
1568430 1660
1568440 1657
1568450 1657
1568460 1652
1568470 1648
1568480 1648
1568490 1643
1568500 1640
1568510 1640
1568520 1635
1568530 1633
1568540 1633
1568550 1632
1568560 1631
1568570 1631
1568580 1629
1568590 1629
1568600 1629
1568610 1628
1568620 1626
1568630 1626
1568640 1625
1568650 1624
1568660 1624
1568670 1623
1568680 1621
1568690 1620
1568700 1620
1568710 1618
1568720 1615
1568730 1615
1568740 1610
1568750 1608
1568760 1608
1568770 1609
1568780 1610
1568790 1610
1568800 1610
1568810 1609
1568820 1609
1568830 1609
1568840 1607
1568850 1607
1568860 1605
1568870 1603
1568880 1603
1568890 1600
1568900 1597
1568910 1597
1568920 1593
1568930 1589
1568940 1585
1568950 1585
1568960 1583
1568970 1582
1568980 1582
1568990 1582
1569000 1580
1569010 1580
1569020 1576
1569030 1573
1569040 1573
1569050 1572
1569060 1571
1569070 1571
1569080 1570
1569090 1569
1569100 1569
1569110 1568
1569120 1567
1569130 1567
1569140 1567
1569150 1566
1569160 1566
1569170 1565
1569180 1563
1569190 1563
1569200 1564
1569210 1564
1569220 1564
1569230 1564
1569240 1564
1569250 1564
1569260 1564
1569270 1564
1569280 1564
1569290 1564
1569300 1565
1569310 1567
1569320 1567
1569330 1569
1569340 1571
1569350 1571
1569360 1572
1569370 1573
1569380 1573
1569390 1574
1569400 1576
1569410 1576
1569420 1578
1569430 1579
1569440 1579
1569450 1582
1569460 1585
1569470 1589
1569480 1589
1569490 1593
1569500 1597
1569510 1597
1569520 1602
1569530 1606
1569540 1606
1569550 1608
1569560 1611
1569570 1611
1569580 1614
1569590 1617
1569600 1617
1569610 1619
1569620 1622
1569630 1622
1569640 1622
1569650 1623
1569660 1623
1569670 1623
1569680 1624
1569690 1624
1569700 1624
1569710 1623
1569720 1621
1569730 1621
1569740 1619
1569750 1620
1569760 1620
1569770 1622
1569780 1624
1569790 1624
1569800 1626
1569810 1627
1569820 1627
1569830 1627
1569840 1629
1569850 1629
1569860 1631
1569870 1632
1569880 1632
1569890 1633
1569900 1634
1569910 1634
1569920 1636
1569930 1638
1569940 1638
1569950 1640
1569960 1641
1569970 1641
1569980 1642
1569990 1644
1570000 1647
1570010 1647
1570020 1651
1570030 1659
1570040 1659
1570050 1669
1570060 1680
1570070 1680
1570080 1686
1570090 1695
1570100 1695
1570110 1702
1570120 1708
1570130 1708
1570140 1714
1570150 1719
1570160 1719
1570170 1725
1570180 1730
1570190 1730
1570200 1736
1570210 1738
1570220 1738
1570230 1740
1570240 1748
1570250 1760
1570260 1760
1570270 1771
1570280 1778
1570290 1778
1570300 1783
1570310 1791
1570320 1791
1570330 1802
1570340 1811
1570350 1811
1570360 1816
1570370 1821
1570380 1821
1570390 1828
1570400 1835
1570410 1835
1570420 1840
1570430 1845
1570440 1845
1570450 1850
1570460 1855
1570470 1855
1570480 1860
1570490 1864
1570500 1868
1570510 1868
1570520 1872
1570530 1877
1570540 1877
1570550 1880
1570560 1883
1570570 1883
1570580 1888
1570590 1893
1570600 1893
1570610 1899
1570620 1904
1570630 1904
1570640 1909
1570650 1915
1570660 1915
1570670 1920
1570680 1925
1570690 1925
1570700 1930
1570710 1936
1570720 1936
1570730 1942
1570740 1948
1570750 1948
1570760 1959
1570770 1967
1570780 1979
1570790 1979
1570800 1989
1570810 1997
1570820 1997
1570830 2007
1570840 2017
1570850 2017
1570860 2028
1570870 2041
1570880 2041
1570890 2052
1570900 2060
1570910 2060
1570920 2063
1570930 2071
1570940 2071
1570950 2078
1570960 2086
1570970 2086
1570980 2095
1570990 2105
1571000 2105
1571010 2110
1571020 2112
1571030 2114
1571040 2114
1571050 2118
1571060 2124
1571070 2124
1571080 2129
1571090 2133
1571100 2133
1571110 2140
1571120 2147
1571130 2153
1571140 2160
1571150 2168
1571160 2168
1571170 2172
1571180 2174
1571190 2174
1571200 2177
1571210 2181
1571220 2181
1571230 2186
1571240 2191
1571250 2191
1571260 2196
1571270 2202
1571280 2202
1571290 2208
1571300 2215
1571310 2220
1571320 2220
1571330 2224
1571340 2229
1571350 2229
1571360 2235
1571370 2243
1571380 2243
1571390 2249
1571400 2255
1571410 2255
1571420 2261
1571430 2268
1571440 2268
1571450 2275
1571460 2282
1571470 2282
1571480 2290
1571490 2298
1571500 2298
1571510 2306
1571520 2310
1571530 2310
1571540 2305
1571550 2297
1571560 2288
1571570 2288
1571580 2281
1571590 2277
1571600 2277
1571610 2273
1571620 2268
1571630 2268
1571640 2260
1571650 2252
1571660 2252
1571670 2246
1571680 2240
1571690 2240
1571700 2236
1571710 2233
1571720 2233
1571730 2231
1571740 2227
1571750 2227
1571760 2223
1571770 2217
1571780 2217
1571790 2212
1571800 2209
1571810 2206
1571820 2206
1571830 2205
1571840 2203
1571850 2203
1571860 2201
1571870 2200
1571880 2200
1571890 2199
1571900 2197
1571910 2197
1571920 2194
1571930 2193
1571940 2193
1571950 2194
1571960 2197
1571970 2197
1571980 2199
1571990 2199
1572000 2199
1572010 2198
1572020 2198
1572030 2198
1572040 2197
1572050 2197
1572060 2197
1572070 2197
1572080 2195
1572090 2193
1572100 2193
1572110 2189
1572120 2185
1572130 2185
1572140 2182
1572150 2179
1572160 2179
1572170 2175
1572180 2172
1572190 2172
1572200 2166
1572210 2158
1572220 2158
1572230 2150
1572240 2140
1572250 2140
1572260 2129
1572270 2118
1572280 2118
1572290 2102
1572300 2092
1572310 2092
1572320 2083
1572330 2078
1572340 2074
1572350 2074
1572360 2068
1572370 2064
1572380 2064
1572390 2062
1572400 2064
1572410 2064
1572420 2060
1572430 2056
1572440 2056
1572450 2053
1572460 2048
1572470 2048
1572480 2045
1572490 2042
1572500 2042
1572510 2039
1572520 2037
1572530 2037
1572540 2034
1572550 2030
1572560 2030
1572570 2026
1572580 2021
1572590 2023
1572600 2023
1572610 2021
1572620 2018
1572630 2018
1572640 2017
1572650 2015
1572660 2015
1572670 2010
1572680 2006
1572690 2006
1572700 2011
1572710 2013
1572720 2013
1572730 2009
1572740 2001
1572750 2001
1572760 1991
1572770 1984
1572780 1984
1572790 1982
1572800 1978
1572810 1978
1572820 1974
1572830 1968
1572840 1968
1572850 1961
1572860 1955
1572870 1956
1572880 1956
1572890 1959
1572900 1956
1572910 1956
1572920 1952
1572930 1948
1572940 1948
1572950 1943
1572960 1937
1572970 1937
1572980 1932
1572990 1930
1573000 1930
1573010 1927
1573020 1919
1573030 1919
1573040 1915
1573050 1911
1573060 1911
1573070 1905
1573080 1900
1573090 1900
1573100 1893
1573110 1884
1573120 1878
1573130 1878
1573140 1875
1573150 1876
1573160 1876
1573170 1877
1573180 1871
1573190 1871
1573200 1866
1573210 1863
1573220 1863
1573230 1856
1573240 1848
1573250 1848
1573260 1837
1573270 1829
1573280 1829
1573290 1823
1573300 1816
1573310 1816
1573320 1813
1573330 1807
1573340 1807
1573350 1801
1573360 1798
1573370 1798
1573380 1794
1573390 1790
1573400 1785
1573410 1785
1573420 1780
1573430 1777
1573440 1777
1573450 1779
1573460 1772
1573470 1772
1573480 1764
1573490 1761
1573500 1761
1573510 1757
1573520 1753
1573530 1753
1573540 1747
1573550 1742
1573560 1742
1573570 1737
1573580 1731
1573590 1731
1573600 1725
1573610 1720
1573620 1720
1573630 1715
1573640 1710
1573650 1706
1573660 1706
1573670 1701
1573680 1698
1573690 1698
1573700 1695
1573710 1694
1573720 1694
1573730 1693
1573740 1692
1573750 1692
1573760 1690
1573770 1687
1573780 1687
1573790 1683
1573800 1680
1573810 1680
1573820 1677
1573830 1674
1573840 1674
1573850 1672
1573860 1670
1573870 1670
1573880 1669
1573890 1668
1573900 1667
1573910 1667
1573920 1664
1573930 1663
1573940 1663
1573950 1661
1573960 1659
1573970 1659
1573980 1656
1573990 1654
1574000 1654
1574010 1652
1574020 1655
1574030 1655
1574040 1652
1574050 1650
1574060 1650
1574070 1650
1574080 1649
1574090 1649
1574100 1648
1574110 1646
1574120 1646
1574130 1645
1574140 1643
1574150 1643
1574160 1641
1574170 1640
1574180 1639
1574190 1639
1574200 1638
1574210 1637
1574220 1637
1574230 1637
1574240 1637
1574250 1637
1574260 1635
1574270 1632
1574280 1632
1574290 1630
1574300 1630
1574310 1630
1574320 1633
1574330 1633
1574340 1633
1574350 1632
1574360 1632
1574370 1632
1574380 1631
1574390 1629
1574400 1629
1574410 1624
1574420 1621
1574430 1620
1574440 1620
1574450 1622
1574460 1625
1574470 1625
1574480 1627
1574490 1626
1574500 1626
1574510 1624
1574520 1622
1574530 1622
1574540 1620
1574550 1620
1574560 1620
1574570 1622
1574580 1624
1574590 1624
1574600 1624
1574610 1623
1574620 1623
1574630 1622
1574640 1618
1574650 1618
1574660 1615
1574670 1615
1574680 1616
1574690 1616
1574700 1617
1574710 1616
1574720 1616
1574730 1616
1574740 1614
1574750 1614
1574760 1611
1574770 1604
1574780 1604
1574790 1596
1574800 1598
1574810 1598
1574820 1612
1574830 1618
1574840 1618
1574850 1617
1574860 1617
1574870 1617
1574880 1619
1574890 1622
1574900 1622
1574910 1622
1574920 1622
1574930 1622
1574940 1619
1574950 1621
1574960 1626
1574970 1626
1574980 1629
1574990 1631
1575000 1631
1575010 1633
1575020 1631
1575030 1631
1575040 1634
1575050 1637
1575060 1637
1575070 1638
1575080 1638
1575090 1638
1575100 1638
1575110 1639
1575120 1639
1575130 1640
1575140 1642
1575150 1642
1575160 1645
1575170 1648
1575180 1648
1575190 1650
1575200 1654
1575210 1655
1575220 1655
1575230 1659
1575240 1662
1575250 1662
1575260 1665
1575270 1667
1575280 1667
1575290 1670
1575300 1673
1575310 1673
1575320 1675
1575330 1677
1575340 1677
1575350 1679
1575360 1681
1575370 1681
1575380 1683
1575390 1686
1575400 1686
1575410 1690
1575420 1694
1575430 1694
1575440 1703
1575450 1708
1575460 1708
1575470 1713
1575480 1718
1575490 1723
1575500 1723
1575510 1726
1575520 1729
1575530 1729
1575540 1730
1575550 1732
1575560 1732
1575570 1733
1575580 1738
1575590 1738
1575600 1742
1575610 1746
1575620 1746
1575630 1750
1575640 1752
1575650 1752
1575660 1753
1575670 1753
1575680 1753
1575690 1753
1575700 1754
1575710 1754
1575720 1754
1575730 1754
1575740 1754
1575750 1754
1575760 1755
1575770 1756
1575780 1756
1575790 1756
1575800 1756
1575810 1756
1575820 1756
1575830 1757
1575840 1757
1575850 1757
1575860 1758
1575870 1758
1575880 1759
1575890 1759
1575900 1759
1575910 1760
1575920 1763
1575930 1763
1575940 1766
1575950 1766
1575960 1766
1575970 1767
1575980 1776
1575990 1788
1576000 1788
1576010 1800
1576020 1806
1576030 1806
1576040 1812
1576050 1817
1576060 1817
1576070 1822
1576080 1825
1576090 1825
1576100 1826
1576110 1826
1576120 1826
1576130 1826
1576140 1825
1576150 1825
1576160 1824
1576170 1821
1576180 1821
1576190 1826
1576200 1831
1576210 1831
1576220 1842
1576230 1853
1576240 1853
1576250 1862
1576260 1871
1576270 1877
1576280 1877
1576290 1877
1576300 1878
1576310 1878
1576320 1883
1576330 1891
1576340 1891
1576350 1900
1576360 1909
1576370 1909
1576380 1917
1576390 1922
1576400 1922
1576410 1919
1576420 1916
1576430 1916
1576440 1918
1576450 1923
1576460 1923
1576470 1927
1576480 1929
1576490 1929
1576500 1933
1576510 1941
1576520 1950
1576530 1950
1576540 1958
1576550 1966
1576560 1966
1576570 1970
1576580 1975
1576590 1975
1576600 1979
1576610 1982
1576620 1982
1576630 1984
1576640 1988
1576650 1988
1576660 1992
1576670 1998
1576680 1998
1576690 2006
1576700 2014
1576710 2014
1576720 2021
1576730 2029
1576740 2029
1576750 2031
1576760 2027
1576770 2025
1576780 2025
1576790 2024
1576800 2027
1576810 2027
1576820 2032
1576830 2040
1576840 2040
1576850 2037
1576860 2039
1576870 2039
1576880 2042
1576890 2044
1576900 2044
1576910 2047
1576920 2051
1576930 2051
1576940 2057
1576950 2057
1576960 2057
1576970 2058
1576980 2060
1576990 2060
1577000 2063
1577010 2066
1577020 2066
1577030 2068
1577040 2072
1577050 2077
1577060 2077
1577070 2081
1577080 2086
1577090 2086
1577100 2092
1577110 2099
1577120 2099
1577130 2106
1577140 2110
1577150 2110
1577160 2111
1577170 2114
1577180 2114
1577190 2120
1577200 2126
1577210 2126
1577220 2130
1577230 2131
1577240 2131
1577250 2128
1577260 2124
1577270 2124
1577280 2121
1577290 2120
1577300 2118
1577310 2118
1577320 2115
1577330 2113
1577340 2113
1577350 2113
1577360 2113
1577370 2113
1577380 2111
1577390 2109
1577400 2109
1577410 2105
1577420 2103
1577430 2103
1577440 2102
1577450 2102
1577460 2102
1577470 2102
1577480 2104
1577490 2104
1577500 2105
1577510 2105
1577520 2105
1577530 2106
1577540 2108
1577550 2108
1577560 2109
1577570 2111
1577580 2111
1577590 2111
1577600 2112
1577610 2110
1577620 2110
1577630 2104
1577640 2097
1577650 2097
1577660 2089
1577670 2076
1577680 2076
1577690 2064
1577700 2052
1577710 2052
1577720 2045
1577730 2040
1577740 2040
1577750 2034
1577760 2032
1577770 2032
1577780 2030
1577790 2029
1577800 2029
1577810 2027
1577820 2027
1577830 2027
1577840 2027
1577850 2027
1577860 2026
1577870 2026
1577880 2024
1577890 2024
1577900 2024
1577910 2024
1577920 2025
1577930 2025
1577940 2026
1577950 2027
1577960 2027
1577970 2029
1577980 2033
1577990 2033
1578000 2036
1578010 2038
1578020 2038
1578030 2042
1578040 2046
1578050 2046
1578060 2050
1578070 2054
1578080 2057
1578090 2057
1578100 2061
1578110 2064
1578120 2064
1578130 2069
1578140 2074
1578150 2074
1578160 2079
1578170 2084
1578180 2084
1578190 2090
1578200 2090
1578210 2090
1578220 2094
1578230 2097
1578240 2097
1578250 2100
1578260 2102
1578270 2102
1578280 2102
1578290 2094
1578300 2094
1578310 2084
1578320 2075
1578330 2075
1578340 2066
1578350 2059
1578360 2052
1578370 2052
1578380 2044
1578390 2037
1578400 2037
1578410 2030
1578420 2021
1578430 2021
1578440 2014
1578450 2007
1578460 2007
1578470 2001
1578480 1994
1578490 1994
1578500 1989
1578510 1986
1578520 1986
1578530 1983
1578540 1980
1578550 1980
1578560 1976
1578570 1971
1578580 1971
1578590 1965
1578600 1959
1578610 1953
1578620 1953
1578630 1947
1578640 1941
1578650 1941
1578660 1935
1578670 1931
1578680 1931
1578690 1927
1578700 1922
1578710 1922
1578720 1917
1578730 1913
1578740 1913
1578750 1911
1578760 1909
1578770 1909
1578780 1906
1578790 1902
1578800 1902
1578810 1896
1578820 1891
1578830 1891
1578840 1887
1578850 1884
1578860 1883
1578870 1883
1578880 1881
1578890 1881
1578900 1881
1578910 1880
1578920 1878
1578930 1878
1578940 1877
1578950 1875
1578960 1875
1578970 1871
1578980 1867
1578990 1867
1579000 1865
1579010 1863
1579020 1863
1579030 1861
1579040 1859
1579050 1859
1579060 1856
1579070 1855
1579080 1855
1579090 1852
1579100 1850
1579110 1850
1579120 1848
1579130 1847
1579140 1845
1579150 1845
1579160 1845
1579170 1845
1579180 1845
1579190 1842
1579200 1841
1579210 1841
1579220 1839
1579230 1838
1579240 1838
1579250 1837
1579260 1835
1579270 1835
1579280 1833
1579290 1830
1579300 1830
1579310 1827
1579320 1822
1579330 1822
1579340 1817
1579350 1816
1579360 1816
1579370 1810
1579380 1805
1579390 1804
1579400 1804
1579410 1798
1579420 1795
1579430 1795
1579440 1792
1579450 1788
1579460 1788
1579470 1788
1579480 1790
1579490 1790
1579500 1790
1579510 1793
1579520 1793
1579530 1793
1579540 1794
1579550 1792
1579560 1793
1579570 1792
1579580 1792
1579590 1788
1579600 1783
1579610 1783
1579620 1779
1579630 1774
1579640 1774
1579650 1771
1579660 1766
1579670 1762
1579680 1762
1579690 1758
1579700 1754
1579710 1754
1579720 1748
1579730 1742
1579740 1742
1579750 1738
1579760 1736
1579770 1736
1579780 1735
1579790 1735
1579800 1735
1579810 1734
1579820 1733
1579830 1733
1579840 1731
1579850 1729
1579860 1729
1579870 1726
1579880 1724
1579890 1724
1579900 1721
1579910 1719
1579920 1716
1579930 1716
1579940 1714
1579950 1712
1579960 1712
1579970 1709
1579980 1706
1579990 1706
