1560000 2048
1560010 2053
1560020 2057
1560030 2057
1560040 2063
1560050 2070
1560060 2070
1560070 2076
1560080 2082
1560090 2082
1560100 2088
1560110 2093
1560120 2093
1560130 2100
1560140 2106
1560150 2106
1560160 2115
1560170 2124
1560180 2124
1560190 2129
1560200 2131
1560210 2131
1560220 2137
1560230 2145
1560240 2145
1560250 2152
1560260 2158
1560270 2164
1560280 2164
1560290 2171
1560300 2176
1560310 2176
1560320 2181
1560330 2190
1560340 2190
1560350 2193
1560360 2199
1560370 2199
1560380 2206
1560390 2214
1560400 2214
1560410 2222
1560420 2231
1560430 2231
1560440 2241
1560450 2250
1560460 2250
1560470 2260
1560480 2268
1560490 2268
1560500 2274
1560510 2279
1560520 2279
1560530 2284
1560540 2287
1560550 2294
1560560 2294
1560570 2304
1560580 2316
1560590 2316
1560600 2326
1560610 2332
1560620 2332
1560630 2339
1560640 2345
1560650 2345
1560660 2353
1560670 2358
1560680 2358
1560690 2350
1560700 2340
1560710 2340
1560720 2332
1560730 2324
1560740 2324
1560750 2315
1560760 2309
1560770 2309
1560780 2303
1560790 2297
1560800 2290
1560810 2290
1560820 2280
1560830 2270
1560840 2270
1560850 2261
1560860 2255
1560870 2255
1560880 2248
1560890 2241
1560900 2241
1560910 2236
1560920 2232
1560930 2232
1560940 2229
1560950 2225
1560960 2225
1560970 2218
1560980 2211
1560990 2211
1561000 2203
1561010 2195
1561020 2195
1561030 2188
1561040 2180
1561050 2173
1561060 2173
1561070 2166
1561080 2160
1561090 2160
1561100 2153
1561110 2146
1561120 2146
1561130 2139
1561140 2132
1561150 2132
1561160 2126
1561170 2122
1561180 2122
1561190 2117
1561200 2111
1561210 2111
1561220 2101
1561230 2093
1561240 2093
1561250 2086
1561260 2080
1561270 2080
1561280 2077
1561290 2073
1561300 2073
1561310 2068
1561320 2063
1561330 2058
1561340 2058
1561350 2052
1561360 2047
1561370 2047
1561380 2041
1561390 2036
1561400 2036
1561410 2030
1561420 2024
1561430 2024
1561440 2018
1561450 2012
1561460 2012
1561470 2007
1561480 2004
1561490 2004
1561500 2001
1561510 1999
1561520 1999
1561530 1999
1561540 1998
1561550 1998
1561560 1996
1561570 1995
1561580 1995
1561590 1995
1561600 1994
1561610 1993
1561620 1993
1561630 1993
1561640 1992
1561650 1992
1561660 1993
1561670 1994
1561680 1994
1561690 1996
1561700 1997
1561710 1997
1561720 1998
1561730 1999
1561740 1999
1561750 2000
1561760 2002
1561770 2002
1561780 2004
1561790 2006
1561800 2006
1561810 2008
1561820 2011
1561830 2016
1561840 2016
1561850 2022
1561860 2027
1561870 2027
1561880 2033
1561890 2041
1561900 2041
1561910 2048
1561920 2055
1561930 2055
1561940 2063
1561950 2069
1561960 2069
1561970 2076
1561980 2082
1561990 2082
1562000 2087
1562010 2092
1562020 2092
1562030 2096
1562040 2100
1562050 2100
1562060 2104
1562070 2108
1562080 2108
1562090 2111
1562100 2114
1562110 2117
1562120 2117
1562130 2121
1562140 2124
1562150 2124
1562160 2126
1562170 2124
1562180 2124
1562190 2125
1562200 2128
1562210 2128
1562220 2131
1562230 2134
1562240 2134
1562250 2137
1562260 2141
1562270 2141
1562280 2144
1562290 2146
1562300 2146
1562310 2147
1562320 2150
1562330 2150
1562340 2153
1562350 2156
1562360 2157
1562370 2157
1562380 2160
1562390 2164
1562400 2164
1562410 2169
1562420 2174
1562430 2174
1562440 2180
1562450 2183
1562460 2183
1562470 2185
1562480 2187
1562490 2187
1562500 2187
1562510 2189
1562520 2189
1562530 2191
1562540 2191
1562550 2191
1562560 2191
1562570 2190
1562580 2190
1562590 2188
1562600 2184
1562610 2184
1562620 2179
1562630 2175
1562640 2170
1562650 2170
1562660 2165
1562670 2159
1562680 2159
1562690 2154
1562700 2149
1562710 2149
1562720 2144
1562730 2139
1562740 2139
1562750 2135
1562760 2129
1562770 2129
1562780 2124
1562790 2120
1562800 2120
1562810 2116
1562820 2111
1562830 2111
1562840 2105
1562850 2100
1562860 2100
1562870 2097
1562880 2092
1562890 2085
1562900 2085
1562910 2078
1562920 2073
1562930 2073
1562940 2066
1562950 2059
1562960 2059
1562970 2053
1562980 2047
1562990 2047
1563000 2040
1563010 2033
1563020 2033
1563030 2027
1563040 2020
1563050 2020
1563060 2013
1563070 2005
1563080 2005
1563090 1996
1563100 1987
1563110 1987
1563120 1979
1563130 1972
1563140 1965
1563150 1965
1563160 1957
1563170 1950
1563180 1950
1563190 1943
1563200 1936
1563210 1936
1563220 1929
1563230 1922
1563240 1922
1563250 1917
1563260 1914
1563270 1914
1563280 1913
1563290 1911
1563300 1911
1563310 1909
1563320 1906
1563330 1906
1563340 1903
1563350 1899
1563360 1899
1563370 1896
1563380 1892
1563390 1892
1563400 1886
1563410 1884
1563420 1886
1563430 1886
1563440 1887
1563450 1886
1563460 1886
1563470 1884
1563480 1882
1563490 1882
1563500 1881
1563510 1880
1563520 1880
1563530 1878
1563540 1876
1563550 1876
1563560 1876
1563570 1873
1563580 1873
1563590 1869
1563600 1869
1563610 1869
1563620 1873
1563630 1875
1563640 1872
1563650 1874
1563660 1875
1563670 1874
1563680 1874
1563690 1874
1563700 1872
1563710 1872
1563720 1868
1563730 1861
1563740 1861
1563750 1857
1563760 1856
1563770 1856
1563780 1858
1563790 1862
1563800 1862
1563810 1865
1563820 1867
1563830 1867
1563840 1869
1563850 1870
1563860 1870
1563870 1871
1563880 1871
1563890 1871
1563900 1872
1563910 1872
1563920 1872
1563930 1872
1563940 1871
1563950 1872
1563960 1872
1563970 1872
1563980 1873
1563990 1873
1564000 1875
1564010 1875
1564020 1875
1564030 1875
1564040 1876
1564050 1876
1564060 1878
1564070 1880
1564080 1880
1564090 1884
1564100 1888
1564110 1888
1564120 1891
1564130 1895
1564140 1895
1564150 1900
1564160 1904
1564170 1904
1564180 1907
1564190 1912
1564200 1917
1564210 1917
1564220 1922
1564230 1930
1564240 1930
1564250 1934
1564260 1941
1564270 1941
1564280 1950
1564290 1957
1564300 1957
1564310 1960
1564320 1962
1564330 1962
1564340 1964
1564350 1967
1564360 1967
1564370 1971
1564380 1975
1564390 1975
1564400 1978
1564410 1981
1564420 1981
1564430 1984
1564440 1985
1564450 1987
1564460 1987
1564470 1988
1564480 1989
1564490 1989
1564500 1991
1564510 1993
1564520 1993
1564530 1996
1564540 2000
1564550 2000
1564560 2003
1564570 2007
1564580 2007
1564590 2012
1564600 2016
1564610 2016
1564620 2018
1564630 2019
1564640 2019
1564650 2019
1564660 2019
1564670 2019
1564680 2019
1564690 2021
1564700 2023
1564710 2023
1564720 2026
1564730 2029
1564740 2029
1564750 2033
1564760 2037
1564770 2037
1564780 2042
1564790 2047
1564800 2047
1564810 2053
1564820 2060
1564830 2060
1564840 2067
1564850 2076
1564860 2076
1564870 2083
1564880 2090
1564890 2090
1564900 2097
1564910 2101
1564920 2101
1564930 2105
1564940 2110
1564950 2110
1564960 2116
1564970 2121
1564980 2125
1564990 2125
1565000 2128
1565010 2132
1565020 2132
1565030 2136
1565040 2139
1565050 2139
1565060 2139
1565070 2138
1565080 2138
1565090 2137
1565100 2135
1565110 2135
1565120 2134
1565130 2133
1565140 2133
1565150 2132
1565160 2131
1565170 2131
1565180 2130
1565190 2129
1565200 2129
1565210 2127
1565220 2124
1565230 2123
1565240 2123
1565250 2119
1565260 2115
1565270 2115
1565280 2112
1565290 2109
1565300 2109
1565310 2105
1565320 2101
1565330 2101
1565340 2098
1565350 2095
1565360 2095
1565370 2093
1565380 2090
1565390 2090
1565400 2088
1565410 2085
1565420 2085
1565430 2082
1565440 2079
1565450 2079
1565460 2075
1565470 2068
1565480 2056
1565490 2056
1565500 2048
1565510 2044
1565520 2044
1565530 2041
1565540 2040
1565550 2040
1565560 2035
1565570 2027
1565580 2027
1565590 2019
1565600 2014
1565610 2014
1565620 2007
1565630 2000
1565640 2000
1565650 1990
1565660 1978
1565670 1978
1565680 1969
1565690 1960
1565700 1960
1565710 1952
1565720 1945
1565730 1945
1565740 1938
1565750 1931
1565760 1925
1565770 1925
1565780 1919
1565790 1912
1565800 1912
1565810 1904
1565820 1896
1565830 1896
1565840 1889
1565850 1882
1565860 1882
1565870 1876
1565880 1870
1565890 1870
1565900 1864
1565910 1859
1565920 1859
1565930 1853
1565940 1851
1565950 1851
1565960 1849
1565970 1849
1565980 1849
1565990 1849
1566000 1852
1566010 1854
1566020 1854
1566030 1854
1566040 1850
1566050 1850
1566060 1846
1566070 1844
1566080 1844
1566090 1842
1566100 1840
1566110 1840
1566120 1841
1566130 1846
1566140 1846
1566150 1849
1566160 1850
1566170 1850
1566180 1851
1566190 1852
1566200 1852
1566210 1856
1566220 1861
1566230 1861
1566240 1868
1566250 1875
1566260 1884
1566270 1884
1566280 1894
1566290 1908
1566300 1908
1566310 1921
1566320 1925
1566330 1925
1566340 1927
1566350 1927
1566360 1927
1566370 1925
1566380 1924
1566390 1924
1566400 1922
1566410 1920
1566420 1920
1566430 1916
1566440 1913
1566450 1913
1566460 1910
1566470 1910
1566480 1910
1566490 1912
1566500 1913
1566510 1913
1566520 1912
1566530 1911
1566540 1909
1566550 1909
1566560 1908
1566570 1907
1566580 1907
1566590 1906
1566600 1904
1566610 1904
1566620 1902
1566630 1900
1566640 1900
1566650 1900
1566660 1900
1566670 1900
1566680 1899
1566690 1896
1566700 1896
1566710 1893
1566720 1890
1566730 1890
1566740 1888
1566750 1886
1566760 1886
1566770 1886
1566780 1879
1566790 1880
1566800 1880
1566810 1890
1566820 1895
1566830 1895
1566840 1897
1566850 1900
1566860 1900
1566870 1895
1566880 1886
1566890 1886
1566900 1880
1566910 1873
1566920 1873
1566930 1864
1566940 1856
1566950 1856
1566960 1841
1566970 1841
1566980 1841
1566990 1843
1567000 1836
1567010 1836
1567020 1829
1567030 1822
1567040 1822
1567050 1816
1567060 1810
1567070 1806
1567080 1806
1567090 1800
1567100 1792
1567110 1792
1567120 1785
1567130 1774
1567140 1774
1567150 1770
1567160 1763
1567170 1763
1567180 1754
1567190 1743
1567200 1743
1567210 1736
1567220 1733
1567230 1733
1567240 1729
1567250 1724
1567260 1724
1567270 1719
1567280 1713
1567290 1713
1567300 1708
1567310 1706
1567320 1702
1567330 1702
1567340 1697
1567350 1693
1567360 1693
1567370 1689
1567380 1688
1567390 1688
1567400 1688
1567410 1689
1567420 1689
1567430 1689
1567440 1691
1567450 1691
1567460 1692
1567470 1691
1567480 1691
1567490 1689
1567500 1689
1567510 1689
1567520 1689
1567530 1691
1567540 1691
1567550 1694
1567560 1695
1567570 1699
1567580 1699
1567590 1701
1567600 1702
1567610 1702
1567620 1704
1567630 1706
1567640 1706
1567650 1711
1567660 1714
1567670 1714
1567680 1718
1567690 1722
1567700 1722
1567710 1722
1567720 1728
1567730 1728
1567740 1733
1567750 1737
1567760 1737
1567770 1742
1567780 1747
1567790 1747
1567800 1752
1567810 1754
1567820 1754
1567830 1756
1567840 1758
1567850 1761
1567860 1761
1567870 1767
1567880 1775
1567890 1775
1567900 1786
1567910 1794
1567920 1794
1567930 1796
1567940 1796
1567950 1796
1567960 1797
1567970 1797
1567980 1797
1567990 1799
1568000 1803
1568010 1803
1568020 1805
1568030 1805
1568040 1805
1568050 1805
1568060 1804
1568070 1804
1568080 1804
1568090 1801
1568100 1796
1568110 1796
1568120 1793
1568130 1792
1568140 1792
1568150 1788
1568160 1783
1568170 1783
1568180 1778
1568190 1773
1568200 1773
1568210 1767
1568220 1760
1568230 1760
1568240 1752
1568250 1745
1568260 1745
1568270 1745
1568280 1744
1568290 1744
1568300 1743
1568310 1740
1568320 1740
1568330 1730
1568340 1726
1568350 1721
1568360 1721
1568370 1716
1568380 1711
1568390 1711
1568400 1707
1568410 1703
1568420 1703
1568430 1699
1568440 1696
1568450 1696
1568460 1692
1568470 1691
1568480 1691
1568490 1689
1568500 1687
1568510 1687
1568520 1684
1568530 1682
1568540 1682
1568550 1681
1568560 1679
1568570 1679
1568580 1679
1568590 1678
1568600 1678
1568610 1678
1568620 1678
1568630 1677
1568640 1677
1568650 1676
1568660 1673
1568670 1673
1568680 1666
1568690 1663
1568700 1663
1568710 1663
1568720 1662
1568730 1662
1568740 1660
1568750 1661
1568760 1661
1568770 1662
1568780 1662
1568790 1662
1568800 1663
1568810 1662
1568820 1662
1568830 1661
1568840 1659
1568850 1659
1568860 1657
1568870 1654
1568880 1648
1568890 1648
1568900 1643
1568910 1640
1568920 1640
1568930 1639
1568940 1637
1568950 1637
1568960 1634
1568970 1631
1568980 1631
1568990 1628
1569000 1625
1569010 1625
1569020 1621
1569030 1618
1569040 1618
1569050 1616
1569060 1615
1569070 1615
1569080 1612
1569090 1609
1569100 1609
1569110 1606
1569120 1603
1569130 1602
1569140 1602
1569150 1600
1569160 1600
1569170 1600
1569180 1599
1569190 1597
1569200 1597
1569210 1597
1569220 1597
1569230 1597
1569240 1597
1569250 1596
1569260 1596
1569270 1595
1569280 1593
1569290 1593
1569300 1591
1569310 1590
1569320 1590
1569330 1590
1569340 1591
1569350 1591
1569360 1591
1569370 1590
1569380 1590
1569390 1591
1569400 1592
1569410 1593
1569420 1593
1569430 1593
1569440 1594
1569450 1594
1569460 1596
1569470 1599
1569480 1599
1569490 1601
1569500 1605
1569510 1605
1569520 1610
1569530 1615
1569540 1615
1569550 1619
1569560 1622
1569570 1622
1569580 1626
1569590 1629
1569600 1629
1569610 1632
1569620 1634
1569630 1634
1569640 1637
1569650 1639
1569660 1641
1569670 1641
1569680 1645
1569690 1647
1569700 1647
1569710 1648
1569720 1649
1569730 1649
1569740 1650
1569750 1650
1569760 1650
1569770 1650
1569780 1649
1569790 1649
1569800 1647
1569810 1644
1569820 1644
1569830 1640
1569840 1640
1569850 1640
1569860 1639
1569870 1640
1569880 1640
1569890 1641
1569900 1641
1569910 1641
1569920 1642
1569930 1644
1569940 1645
1569950 1645
1569960 1648
1569970 1651
1569980 1651
1569990 1653
1570000 1656
1570010 1656
1570020 1658
1570030 1661
1570040 1661
1570050 1664
1570060 1669
1570070 1669
1570080 1674
1570090 1680
1570100 1680
1570110 1685
1570120 1691
1570130 1691
1570140 1697
1570150 1703
1570160 1703
1570170 1711
1570180 1719
1570190 1728
1570200 1728
1570210 1738
1570220 1744
1570230 1744
1570240 1750
1570250 1762
1570260 1762
1570270 1772
1570280 1784
1570290 1784
1570300 1796
1570310 1805
1570320 1805
1570330 1814
1570340 1819
1570350 1819
1570360 1824
1570370 1828
1570380 1828
1570390 1832
1570400 1836
1570410 1836
1570420 1840
1570430 1845
1570440 1850
1570450 1850
1570460 1855
1570470 1861
1570480 1861
1570490 1867
1570500 1872
1570510 1872
1570520 1877
1570530 1882
1570540 1882
1570550 1886
1570560 1890
1570570 1890
1570580 1893
1570590 1896
1570600 1896
1570610 1899
1570620 1904
1570630 1904
1570640 1909
1570650 1914
1570660 1914
1570670 1918
1570680 1923
1570690 1923
1570700 1928
1570710 1932
1570720 1937
1570730 1937
1570740 1942
1570750 1948
1570760 1948
1570770 1952
1570780 1957
1570790 1957
1570800 1963
1570810 1968
1570820 1968
1570830 1974
1570840 1979
1570850 1979
1570860 1985
1570870 1989
1570880 1989
1570890 1995
1570900 2003
1570910 2003
1570920 2010
1570930 2017
1570940 2017
1570950 2028
1570960 2040
1570970 2047
1570980 2047
1570990 2053
1571000 2061
1571010 2061
1571020 2069
1571030 2073
1571040 2073
1571050 2082
1571060 2091
1571070 2091
1571080 2101
1571090 2111
1571100 2111
1571110 2120
1571120 2128
1571130 2128
1571140 2135
1571150 2140
1571160 2140
1571170 2145
1571180 2151
1571190 2151
1571200 2157
1571210 2164
1571220 2172
1571230 2172
1571240 2180
1571250 2186
1571260 2186
1571270 2195
1571280 2205
1571290 2205
1571300 2213
1571310 2225
1571320 2225
1571330 2232
1571340 2238
1571350 2238
1571360 2245
1571370 2251
1571380 2251
1571390 2257
1571400 2264
1571410 2264
1571420 2270
1571430 2276
1571440 2276
1571450 2282
1571460 2280
1571470 2280
1571480 2270
1571490 2261
1571500 2252
1571510 2252
1571520 2244
1571530 2236
1571540 2236
1571550 2231
1571560 2226
1571570 2226
1571580 2219
1571590 2214
1571600 2214
1571610 2208
1571620 2203
1571630 2203
1571640 2200
1571650 2198
1571660 2198
1571670 2196
1571680 2193
1571690 2193
1571700 2190
1571710 2188
1571720 2188
1571730 2186
1571740 2183
1571750 2181
1571760 2181
1571770 2178
1571780 2175
1571790 2175
1571800 2172
1571810 2167
1571820 2167
1571830 2163
1571840 2159
1571850 2159
1571860 2155
1571870 2153
1571880 2153
1571890 2151
1571900 2150
1571910 2150
1571920 2150
1571930 2150
1571940 2150
1571950 2148
1571960 2144
1571970 2144
1571980 2141
1571990 2141
1572000 2141
1572010 2142
1572020 2144
1572030 2147
1572040 2147
1572050 2149
1572060 2148
1572070 2148
1572080 2147
1572090 2146
1572100 2146
1572110 2144
1572120 2143
1572130 2143
1572140 2142
1572150 2141
1572160 2141
1572170 2139
1572180 2134
1572190 2134
1572200 2124
1572210 2111
1572220 2111
1572230 2097
1572240 2086
1572250 2086
1572260 2074
1572270 2062
1572280 2053
1572290 2053
1572300 2046
1572310 2040
1572320 2040
1572330 2035
1572340 2030
1572350 2030
1572360 2025
1572370 2021
1572380 2021
1572390 2017
1572400 2013
1572410 2013
1572420 2010
1572430 2007
1572440 2007
1572450 2005
1572460 2002
1572470 2002
1572480 2000
1572490 1998
1572500 1998
1572510 1995
1572520 1991
1572530 1987
1572540 1987
1572550 1983
1572560 1980
1572570 1980
1572580 1976
1572590 1973
1572600 1973
1572610 1969
1572620 1964
1572630 1964
1572640 1959
1572650 1954
1572660 1954
1572670 1950
1572680 1945
1572690 1945
1572700 1944
1572710 1942
1572720 1942
1572730 1940
1572740 1938
1572750 1938
1572760 1936
1572770 1937
1572780 1937
1572790 1930
1572800 1924
1572810 1919
1572820 1919
1572830 1917
1572840 1916
1572850 1916
1572860 1918
1572870 1914
1572880 1914
1572890 1908
1572900 1901
1572910 1901
1572920 1895
1572930 1888
1572940 1888
1572950 1887
1572960 1885
1572970 1885
1572980 1883
1572990 1879
1573000 1879
1573010 1874
1573020 1869
1573030 1869
1573040 1863
1573050 1859
1573060 1856
1573070 1856
1573080 1853
1573090 1847
1573100 1847
1573110 1840
1573120 1835
1573130 1835
1573140 1830
1573150 1825
1573160 1825
1573170 1820
1573180 1816
1573190 1816
1573200 1810
1573210 1803
1573220 1803
1573230 1800
1573240 1796
1573250 1796
1573260 1790
1573270 1784
1573280 1784
1573290 1779
1573300 1774
1573310 1769
1573320 1769
1573330 1764
1573340 1758
1573350 1758
1573360 1753
1573370 1750
1573380 1750
1573390 1746
1573400 1741
1573410 1741
1573420 1735
1573430 1730
1573440 1730
1573450 1726
1573460 1722
1573470 1722
1573480 1718
1573490 1713
1573500 1713
1573510 1709
1573520 1704
1573530 1704
1573540 1701
1573550 1697
1573560 1697
1573570 1694
1573580 1691
1573590 1688
1573600 1688
1573610 1685
1573620 1681
1573630 1681
1573640 1678
1573650 1674
1573660 1674
1573670 1671
1573680 1668
1573690 1668
1573700 1664
1573710 1661
1573720 1661
1573730 1658
1573740 1654
1573750 1654
1573760 1651
1573770 1648
1573780 1648
1573790 1644
1573800 1641
1573810 1641
1573820 1638
1573830 1636
1573840 1635
1573850 1635
1573860 1633
1573870 1631
1573880 1631
1573890 1629
1573900 1626
1573910 1626
1573920 1624
1573930 1622
1573940 1622
1573950 1620
1573960 1617
1573970 1617
1573980 1615
1573990 1613
1574000 1613
1574010 1611
1574020 1609
1574030 1609
1574040 1607
1574050 1606
1574060 1606
1574070 1601
1574080 1599
1574090 1599
1574100 1599
1574110 1597
1574120 1596
1574130 1596
1574140 1595
1574150 1594
1574160 1594
1574170 1592
1574180 1590
1574190 1590
1574200 1595
1574210 1597
1574220 1597
1574230 1595
1574240 1594
1574250 1594
1574260 1592
1574270 1591
1574280 1591
1574290 1591
1574300 1591
1574310 1591
1574320 1590
1574330 1588
1574340 1588
1574350 1586
1574360 1584
1574370 1583
1574380 1583
1574390 1584
1574400 1583
1574410 1583
1574420 1580
1574430 1578
1574440 1578
1574450 1580
1574460 1582
1574470 1582
1574480 1583
1574490 1584
1574500 1584
1574510 1583
1574520 1581
1574530 1581
1574540 1579
1574550 1580
1574560 1580
1574570 1580
1574580 1581
1574590 1581
1574600 1580
1574610 1581
1574620 1582
1574630 1582
1574640 1580
1574650 1577
1574660 1577
1574670 1575
1574680 1574
1574690 1574
1574700 1573
1574710 1573
1574720 1573
1574730 1572
1574740 1570
1574750 1570
1574760 1567
1574770 1565
1574780 1565
1574790 1559
1574800 1563
1574810 1563
1574820 1568
1574830 1574
1574840 1574
1574850 1577
1574860 1579
1574870 1579
1574880 1580
1574890 1578
1574900 1577
1574910 1577
1574920 1575
1574930 1578
1574940 1578
1574950 1583
1574960 1586
1574970 1586
1574980 1588
1574990 1588
1575000 1588
1575010 1584
1575020 1587
1575030 1587
1575040 1592
1575050 1590
1575060 1590
1575070 1594
1575080 1596
1575090 1596
1575100 1598
1575110 1602
1575120 1602
1575130 1605
1575140 1608
1575150 1609
1575160 1609
1575170 1610
1575180 1614
1575190 1614
1575200 1616
1575210 1617
1575220 1617
1575230 1618
1575240 1621
1575250 1621
1575260 1622
1575270 1624
1575280 1624
1575290 1626
1575300 1628
1575310 1628
1575320 1631
1575330 1632
1575340 1632
1575350 1635
1575360 1638
1575370 1638
1575380 1641
1575390 1643
1575400 1644
1575410 1644
1575420 1646
1575430 1649
1575440 1649
1575450 1652
1575460 1654
1575470 1654
1575480 1657
1575490 1660
1575500 1660
1575510 1663
1575520 1665
1575530 1665
1575540 1666
1575550 1669
1575560 1669
1575570 1671
1575580 1673
1575590 1673
1575600 1676
1575610 1685
1575620 1685
1575630 1687
1575640 1689
1575650 1689
1575660 1691
1575670 1691
1575680 1692
1575690 1692
1575700 1693
1575710 1696
1575720 1696
1575730 1699
1575740 1702
1575750 1702
1575760 1704
1575770 1705
1575780 1705
1575790 1706
1575800 1707
1575810 1707
1575820 1706
1575830 1703
1575840 1703
1575850 1702
1575860 1701
1575870 1701
1575880 1703
1575890 1707
1575900 1707
1575910 1704
1575920 1702
1575930 1711
1575940 1711
1575950 1718
1575960 1724
1575970 1724
1575980 1729
1575990 1733
1576000 1733
1576010 1737
1576020 1740
1576030 1740
1576040 1742
1576050 1743
1576060 1743
1576070 1742
1576080 1748
1576090 1748
1576100 1755
1576110 1761
1576120 1761
1576130 1765
1576140 1768
1576150 1768
1576160 1771
1576170 1775
1576180 1780
1576190 1780
1576200 1785
1576210 1790
1576220 1790
1576230 1794
1576240 1798
1576250 1798
1576260 1804
1576270 1808
1576280 1808
1576290 1812
1576300 1817
1576310 1817
1576320 1820
1576330 1826
1576340 1826
1576350 1834
1576360 1842
1576370 1842
1576380 1851
1576390 1859
1576400 1859
1576410 1866
1576420 1872
1576430 1872
1576440 1877
1576450 1883
1576460 1889
1576470 1889
1576480 1893
1576490 1894
1576500 1894
1576510 1896
1576520 1897
1576530 1897
1576540 1901
1576550 1906
1576560 1906
1576570 1910
1576580 1916
1576590 1916
1576600 1924
1576610 1930
1576620 1930
1576630 1937
1576640 1943
1576650 1943
1576660 1947
1576670 1956
1576680 1956
1576690 1965
1576700 1968
1576710 1963
1576720 1963
1576730 1959
1576740 1959
1576750 1959
1576760 1960
1576770 1960
1576780 1960
1576790 1961
1576800 1965
1576810 1965
1576820 1968
1576830 1969
1576840 1969
1576850 1971
1576860 1977
1576870 1977
1576880 1981
1576890 1986
1576900 1986
1576910 1989
1576920 1992
1576930 1992
1576940 1997
1576950 2004
1576960 2004
1576970 2012
1576980 2020
1576990 2028
1577000 2027
1577010 2036
1577020 2044
1577030 2044
1577040 2053
1577050 2061
1577060 2061
1577070 2069
1577080 2078
1577090 2078
1577100 2079
1577110 2075
1577120 2075
1577130 2074
1577140 2075
1577150 2075
1577160 2078
1577170 2084
1577180 2084
1577190 2084
1577200 2079
1577210 2079
1577220 2075
1577230 2077
1577240 2081
1577250 2081
1577260 2086
1577270 2091
1577280 2091
1577290 2096
1577300 2104
1577310 2104
1577320 2112
1577330 2121
1577340 2121
1577350 2130
1577360 2141
1577370 2141
1577380 2148
1577390 2152
1577400 2152
1577410 2152
1577420 2145
1577430 2145
1577440 2141
1577450 2140
1577460 2140
1577470 2140
1577480 2141
1577490 2142
1577500 2142
1577510 2144
1577520 2146
1577530 2146
1577540 2149
1577550 2151
1577560 2151
1577570 2152
1577580 2149
1577590 2149
1577600 2140
1577610 2130
1577620 2130
1577630 2123
1577640 2116
1577650 2116
1577660 2110
1577670 2104
1577680 2104
1577690 2098
1577700 2093
1577710 2093
1577720 2087
1577730 2085
1577740 2085
1577750 2085
1577760 2082
1577770 2079
1577780 2079
1577790 2080
1577800 2078
1577810 2078
1577820 2078
1577830 2077
1577840 2077
1577850 2076
1577860 2077
1577870 2077
1577880 2079
1577890 2080
1577900 2080
1577910 2079
1577920 2079
1577930 2079
1577940 2079
1577950 2079
1577960 2079
1577970 2080
1577980 2080
1577990 2080
1578000 2082
1578010 2086
1578020 2089
1578030 2089
1578040 2093
1578050 2097
1578060 2097
1578070 2101
1578080 2105
1578090 2105
1578100 2109
1578110 2111
1578120 2111
1578130 2114
1578140 2118
1578150 2118
1578160 2120
1578170 2123
1578180 2123
1578190 2126
1578200 2129
1578210 2129
1578220 2132
1578230 2135
1578240 2135
1578250 2138
1578260 2139
1578270 2135
1578280 2135
1578290 2129
1578300 2122
1578310 2122
1578320 2115
1578330 2104
1578340 2104
1578350 2094
1578360 2084
1578370 2082
1578380 2074
1578390 2065
1578400 2065
1578410 2058
1578420 2051
1578430 2051
1578440 2046
1578450 2042
1578460 2042
1578470 2040
1578480 2038
1578490 2038
1578500 2033
1578510 2030
1578520 2030
1578530 2026
1578540 2021
1578550 2015
1578560 2015
1578570 2008
1578580 2003
1578590 2003
1578600 1997
1578610 1990
1578620 1990
1578630 1980
1578640 1971
1578650 1971
1578660 1965
1578670 1955
1578680 1955
1578690 1946
1578700 1938
1578710 1938
1578720 1931
1578730 1923
1578740 1923
1578750 1917
1578760 1910
1578770 1910
1578780 1905
1578790 1902
1578800 1901
1578810 1901
1578820 1899
1578830 1895
1578840 1895
1578850 1895
1578860 1896
1578870 1896
1578880 1897
1578890 1896
1578900 1896
1578910 1893
1578920 1890
1578930 1890
1578940 1889
1578950 1886
1578960 1886
1578970 1884
1578980 1880
1578990 1880
1579000 1877
1579010 1876
1579020 1876
1579030 1873
1579040 1872
1579050 1871
1579060 1871
1579070 1869
1579080 1867
1579090 1867
1579100 1866
1579110 1863
1579120 1863
1579130 1858
1579140 1856
1579150 1856
1579160 1854
1579170 1853
1579180 1853
1579190 1852
1579200 1852
1579210 1852
1579220 1852
1579230 1852
1579240 1852
1579250 1848
1579260 1842
1579270 1842
1579280 1838
1579290 1834
1579300 1834
1579310 1830
1579320 1826
1579330 1822
1579340 1822
1579350 1820
1579360 1818
1579370 1818
1579380 1820
1579390 1821
1579400 1821
1579410 1819
1579420 1814
1579430 1814
1579440 1808
1579450 1805
1579460 1805
1579470 1802
1579480 1802
1579490 1802
1579500 1801
1579510 1800
1579520 1800
1579530 1797
1579540 1794
1579550 1794
1579560 1792
1579570 1793
1579580 1791
1579590 1791
1579600 1790
1579610 1789
1579620 1789
1579630 1787
1579640 1784
1579650 1784
1579660 1781
1579670 1777
1579680 1777
1579690 1773
1579700 1769
1579710 1769
1579720 1758
1579730 1756
1579740 1756
1579750 1755
1579760 1754
1579770 1754
1579780 1753
1579790 1752
1579800 1752
1579810 1751
1579820 1749
1579830 1749
1579840 1748
1579850 1748
1579860 1747
1579870 1747
1579880 1746
1579890 1746
1579900 1746
1579910 1744
1579920 1745
1579930 1745
1579940 1745
1579950 1744
1579960 1744
1579970 1743
1579980 1741
1579990 1741
