1560000 1575
1560010 1575
1560020 1572
1560030 1570
1560040 1570
1560050 1567
1560060 1564
1560070 1564
1560080 1561
1560090 1558
1560100 1558
1560110 1556
1560120 1555
1560130 1555
1560140 1552
1560150 1548
1560160 1543
1560170 1543
1560180 1540
1560190 1536
1560200 1536
1560210 1533
1560220 1529
1560230 1529
1560240 1524
1560250 1522
1560260 1522
1560270 1521
1560280 1517
1560290 1517
1560300 1512
1560310 1507
1560320 1507
1560330 1502
1560340 1494
1560350 1494
1560360 1491
1560370 1487
1560380 1487
1560390 1483
1560400 1477
1560410 1477
1560420 1471
1560430 1463
1560440 1455
1560450 1455
1560460 1449
1560470 1435
1560480 1435
1560490 1423
1560500 1416
1560510 1416
1560520 1410
1560530 1405
1560540 1405
1560550 1400
1560560 1394
1560570 1394
1560580 1390
1560590 1385
1560600 1385
1560610 1382
1560620 1380
1560630 1380
1560640 1378
1560650 1375
1560660 1375
1560670 1369
1560680 1363
1560690 1357
1560700 1357
1560710 1351
1560720 1348
1560730 1348
1560740 1347
1560750 1348
1560760 1348
1560770 1349
1560780 1351
1560790 1351
1560800 1343
1560810 1344
1560820 1344
1560830 1345
1560840 1344
1560850 1344
1560860 1342
1560870 1339
1560880 1339
1560890 1335
1560900 1331
1560910 1331
1560920 1329
1560930 1325
1560940 1325
1560950 1322
1560960 1320
1560970 1319
1560980 1319
1560990 1320
1561000 1322
1561010 1322
1561020 1323
1561030 1323
1561040 1323
1561050 1319
1561060 1319
1561070 1319
1561080 1320
1561090 1327
1561100 1327
1561110 1332
1561120 1333
1561130 1333
1561140 1335
1561150 1337
1561160 1337
1561170 1337
1561180 1335
1561190 1335
1561200 1339
1561210 1340
1561220 1341
1561230 1341
1561240 1340
1561250 1343
1561260 1343
1561270 1346
1561280 1348
1561290 1348
1561300 1350
1561310 1354
1561320 1354
1561330 1359
1561340 1363
1561350 1363
1561360 1366
1561370 1364
1561380 1364
1561390 1362
1561400 1362
1561410 1362
1561420 1363
1561430 1366
1561440 1366
1561450 1370
1561460 1372
1561470 1372
1561480 1376
1561490 1379
1561500 1381
1561510 1381
1561520 1384
1561530 1388
1561540 1388
1561550 1392
1561560 1398
1561570 1398
1561580 1404
1561590 1411
1561600 1411
1561610 1418
1561620 1423
1561630 1423
1561640 1429
1561650 1434
1561660 1434
1561670 1440
1561680 1446
1561690 1446
1561700 1452
1561710 1458
1561720 1458
1561730 1465
1561740 1470
1561750 1476
1561760 1476
1561770 1481
1561780 1488
1561790 1488
1561800 1495
1561810 1502
1561820 1502
1561830 1508
1561840 1514
1561850 1514
1561860 1522
1561870 1530
1561880 1530
1561890 1538
1561900 1544
1561910 1544
1561920 1552
1561930 1558
1561940 1558
1561950 1565
1561960 1573
1561970 1573
1561980 1581
1561990 1589
1562000 1589
1562010 1596
1562020 1600
1562030 1604
1562040 1604
1562050 1606
1562060 1607
1562070 1607
1562080 1605
1562090 1601
1562100 1601
1562110 1606
1562120 1616
1562130 1616
1562140 1625
1562150 1633
1562160 1633
1562170 1640
1562180 1646
1562190 1646
1562200 1652
1562210 1659
1562220 1659
1562230 1668
1562240 1676
1562250 1676
1562260 1684
1562270 1692
1562280 1700
1562290 1700
1562300 1709
1562310 1717
1562320 1717
1562330 1725
1562340 1734
1562350 1734
1562360 1743
1562370 1751
1562380 1751
1562390 1760
1562400 1768
1562410 1768
1562420 1776
1562430 1782
1562440 1782
1562450 1787
1562460 1794
1562470 1794
1562480 1802
1562490 1810
1562500 1810
1562510 1817
1562520 1820
1562530 1820
1562540 1817
1562550 1817
1562560 1817
1562570 1817
1562580 1818
1562590 1819
1562600 1819
1562610 1818
1562620 1817
1562630 1817
1562640 1816
1562650 1818
1562660 1818
1562670 1819
1562680 1824
1562690 1824
1562700 1833
1562710 1840
1562720 1840
1562730 1848
1562740 1856
1562750 1856
1562760 1860
1562770 1860
1562780 1860
1562790 1862
1562800 1865
1562810 1865
1562820 1865
1562830 1870
1562840 1877
1562850 1877
1562860 1885
1562870 1892
1562880 1892
1562890 1901
1562900 1908
1562910 1908
1562920 1915
1562930 1923
1562940 1923
1562950 1930
1562960 1938
1562970 1938
1562980 1946
1562990 1956
1563000 1956
1563010 1964
1563020 1971
1563030 1971
1563040 1979
1563050 1987
1563060 1987
1563070 1995
1563080 2005
1563090 2015
1563100 2015
1563110 2027
1563120 2041
1563130 2041
1563140 2053
1563150 2062
1563160 2062
1563170 2072
1563180 2083
1563190 2083
1563200 2089
1563210 2091
1563220 2091
1563230 2092
1563240 2094
1563250 2094
1563260 2095
1563270 2097
1563280 2097
1563290 2102
1563300 2107
1563310 2107
1563320 2113
1563330 2119
1563340 2127
1563350 2127
1563360 2136
1563370 2145
1563380 2145
1563390 2154
1563400 2162
1563410 2162
1563420 2170
1563430 2178
1563440 2178
1563450 2187
1563460 2197
1563470 2197
1563480 2209
1563490 2222
1563500 2222
1563510 2232
1563520 2236
1563530 2236
1563540 2244
1563550 2252
1563560 2252
1563570 2261
1563580 2266
1563590 2266
1563600 2269
1563610 2272
1563620 2275
1563630 2275
1563640 2279
1563650 2283
1563660 2283
1563670 2288
1563680 2293
1563690 2293
1563700 2297
1563710 2302
1563720 2302
1563730 2307
1563740 2312
1563750 2312
1563760 2319
1563770 2326
1563780 2326
1563790 2333
1563800 2340
1563810 2340
1563820 2346
1563830 2353
1563840 2353
1563850 2360
1563860 2366
1563870 2373
1563880 2373
1563890 2380
1563900 2386
1563910 2386
1563920 2393
1563930 2399
1563940 2399
1563950 2405
1563960 2410
1563970 2410
1563980 2416
1563990 2418
1564000 2418
1564010 2412
1564020 2405
1564030 2405
1564040 2401
1564050 2396
1564060 2396
1564070 2383
1564080 2378
1564090 2378
1564100 2371
1564110 2364
1564120 2364
1564130 2353
1564140 2343
1564150 2334
1564160 2334
1564170 2327
1564180 2320
1564190 2320
1564200 2315
1564210 2310
1564220 2310
1564230 2304
1564240 2300
1564250 2300
1564260 2297
1564270 2290
1564280 2290
1564290 2283
1564300 2276
1564310 2276
1564320 2268
1564330 2260
1564340 2260
1564350 2252
1564360 2245
1564370 2245
1564380 2238
1564390 2230
1564400 2222
1564410 2222
1564420 2212
1564430 2204
1564440 2204
1564450 2207
1564460 2205
1564470 2205
1564480 2200
1564490 2193
1564500 2193
1564510 2187
1564520 2181
1564530 2181
1564540 2171
1564550 2161
1564560 2161
1564570 2150
1564580 2141
1564590 2141
1564600 2130
1564610 2117
1564620 2117
1564630 2108
1564640 2100
1564650 2100
1564660 2095
1564670 2088
1564680 2082
1564690 2082
1564700 2076
1564710 2070
1564720 2070
1564730 2065
1564740 2062
1564750 2062
1564760 2059
1564770 2058
1564780 2058
1564790 2058
1564800 2058
1564810 2058
1564820 2052
1564830 2044
1564840 2044
1564850 2035
1564860 2030
1564870 2030
1564880 2021
1564890 2017
1564900 2017
1564910 2019
1564920 2016
1564930 2012
1564940 2012
1564950 2007
1564960 2002
1564970 2002
1564980 1996
1564990 1990
1565000 1990
1565010 1984
1565020 1979
1565030 1979
1565040 1973
1565050 1966
1565060 1966
1565070 1961
1565080 1956
1565090 1956
1565100 1950
1565110 1945
1565120 1945
1565130 1940
1565140 1935
1565150 1935
1565160 1929
1565170 1921
1565180 1921
1565190 1913
1565200 1908
1565210 1901
1565220 1901
1565230 1895
1565240 1889
1565250 1889
1565260 1883
1565270 1878
1565280 1878
1565290 1873
1565300 1869
1565310 1869
1565320 1864
1565330 1860
1565340 1860
1565350 1858
1565360 1854
1565370 1854
1565380 1851
1565390 1848
1565400 1848
1565410 1844
1565420 1839
1565430 1839
1565440 1835
1565450 1830
1565460 1826
1565470 1826
1565480 1822
1565490 1818
1565500 1818
1565510 1813
1565520 1809
1565530 1809
1565540 1805
1565550 1801
1565560 1801
1565570 1797
1565580 1795
1565590 1795
1565600 1792
1565610 1789
1565620 1789
1565630 1787
1565640 1786
1565650 1778
1565660 1776
1565670 1773
1565680 1773
1565690 1771
1565700 1767
1565710 1767
1565720 1764
1565730 1761
1565740 1757
1565750 1757
1565760 1752
1565770 1747
1565780 1747
1565790 1741
1565800 1735
1565810 1735
1565820 1728
1565830 1721
1565840 1721
1565850 1715
1565860 1710
1565870 1710
1565880 1706
1565890 1701
1565900 1701
1565910 1695
1565920 1690
1565930 1690
1565940 1685
1565950 1680
1565960 1680
1565970 1675
1565980 1669
1565990 1664
1566000 1664
1566010 1657
1566020 1652
1566030 1652
1566040 1647
1566050 1641
1566060 1641
1566070 1636
1566080 1632
1566090 1632
1566100 1627
1566110 1621
1566120 1621
1566130 1615
1566140 1607
1566150 1607
1566160 1601
1566170 1594
1566180 1594
1566190 1586
1566200 1577
1566210 1577
1566220 1570
1566230 1564
1566240 1564
1566250 1558
1566260 1553
1566270 1548
1566280 1548
1566290 1542
1566300 1536
1566310 1536
1566320 1530
1566330 1524
1566340 1524
1566350 1519
1566360 1515
1566370 1515
1566380 1514
1566390 1513
1566400 1513
1566410 1512
1566420 1510
1566430 1510
1566440 1509
1566450 1508
1566460 1508
1566470 1505
1566480 1504
1566490 1504
1566500 1502
1566510 1501
1566520 1499
1566530 1499
1566540 1498
1566550 1494
1566560 1494
1566570 1490
1566580 1484
1566590 1484
1566600 1477
1566610 1469
1566620 1469
1566630 1462
1566640 1455
1566650 1455
1566660 1450
1566670 1447
1566680 1447
1566690 1446
1566700 1444
1566710 1444
1566720 1442
1566730 1439
1566740 1439
1566750 1433
1566760 1431
1566770 1431
1566780 1427
1566790 1422
1566800 1418
1566810 1418
1566820 1413
1566830 1408
1566840 1408
1566850 1403
1566860 1398
1566870 1398
1566880 1395
1566890 1392
1566900 1392
1566910 1389
1566920 1386
1566930 1386
1566940 1382
1566950 1379
1566960 1379
1566970 1375
1566980 1372
1566990 1372
1567000 1369
1567010 1366
1567020 1366
1567030 1363
1567040 1361
1567050 1358
1567060 1358
1567070 1356
1567080 1353
1567090 1353
1567100 1351
1567110 1350
1567120 1350
1567130 1348
1567140 1343
1567150 1343
1567160 1343
1567170 1347
1567180 1347
1567190 1350
1567200 1352
1567210 1352
1567220 1354
1567230 1355
1567240 1355
1567250 1357
1567260 1360
1567270 1360
1567280 1362
1567290 1364
1567300 1364
1567310 1365
1567320 1367
1567330 1369
1567340 1369
1567350 1371
1567360 1374
1567370 1374
1567380 1376
1567390 1379
1567400 1379
1567410 1381
1567420 1383
1567430 1383
1567440 1385
1567450 1387
1567460 1387
1567470 1391
1567480 1393
1567490 1393
1567500 1396
1567510 1399
1567520 1399
1567530 1402
1567540 1404
1567550 1404
1567560 1407
1567570 1410
1567580 1412
1567590 1412
1567600 1415
1567610 1419
1567620 1419
1567630 1423
1567640 1427
1567650 1427
1567660 1431
1567670 1436
1567680 1436
1567690 1440
1567700 1445
1567710 1445
1567720 1448
1567730 1452
1567740 1452
1567750 1456
1567760 1460
1567770 1460
1567780 1465
1567790 1470
1567800 1470
1567810 1476
1567820 1482
1567830 1482
1567840 1488
1567850 1494
1567860 1500
1567870 1500
1567880 1506
1567890 1511
1567900 1511
1567910 1517
1567920 1522
1567930 1522
1567940 1529
1567950 1536
1567960 1536
1567970 1543
1567980 1550
1567990 1550
1568000 1558
1568010 1566
1568020 1566
1568030 1575
1568040 1583
1568050 1583
1568060 1589
1568070 1596
1568080 1596
1568090 1602
1568100 1610
1568110 1618
1568120 1618
1568130 1626
1568140 1634
1568150 1634
1568160 1641
1568170 1649
1568180 1649
1568190 1656
1568200 1662
1568210 1662
1568220 1667
1568230 1674
1568240 1674
1568250 1681
1568260 1689
1568270 1689
1568280 1697
1568290 1705
1568300 1705
1568310 1713
1568320 1722
1568330 1722
1568340 1730
1568350 1739
1568360 1739
1568370 1747
1568380 1756
1568390 1764
1568400 1764
1568410 1772
1568420 1780
1568430 1780
1568440 1787
1568450 1793
1568460 1793
1568470 1799
1568480 1804
1568490 1804
1568500 1810
1568510 1815
1568520 1815
1568530 1820
1568540 1824
1568550 1824
1568560 1828
1568570 1832
1568580 1832
1568590 1836
1568600 1839
1568610 1839
1568620 1842
1568630 1845
1568640 1848
1568650 1848
1568660 1850
1568670 1853
1568680 1853
1568690 1855
1568700 1857
1568710 1857
1568720 1859
1568730 1861
1568740 1864
1568750 1866
1568760 1867
1568770 1867
1568780 1869
1568790 1870
1568800 1870
1568810 1871
1568820 1872
1568830 1872
1568840 1873
1568850 1873
1568860 1873
1568870 1873
1568880 1872
1568890 1872
1568900 1871
1568910 1869
1568920 1868
1568930 1868
1568940 1867
1568950 1866
1568960 1866
1568970 1864
1568980 1864
1568990 1864
1569000 1865
1569010 1865
1569020 1865
1569030 1866
1569040 1867
1569050 1867
1569060 1868
1569070 1868
1569080 1868
1569090 1869
1569100 1869
1569110 1869
1569120 1869
1569130 1868
1569140 1868
1569150 1869
1569160 1869
1569170 1869
1569180 1869
1569190 1869
1569200 1869
1569210 1869
1569220 1869
1569230 1868
1569240 1868
1569250 1868
1569260 1869
1569270 1869
1569280 1869
1569290 1869
1569300 1869
1569310 1868
1569320 1868
1569330 1868
1569340 1869
1569350 1869
1569360 1869
1569370 1871
1569380 1872
1569390 1872
1569400 1874
1569410 1876
1569420 1876
1569430 1880
1569440 1885
1569450 1888
1569460 1888
1569470 1891
1569480 1893
1569490 1893
1569500 1897
1569510 1900
1569520 1900
1569530 1902
1569540 1905
1569550 1905
1569560 1908
1569570 1909
1569580 1909
1569590 1910
1569600 1909
1569610 1909
1569620 1908
1569630 1906
1569640 1906
1569650 1905
1569660 1905
1569670 1905
1569680 1904
1569690 1905
1569700 1907
1569710 1907
1569720 1910
1569730 1912
1569740 1912
1569750 1914
1569760 1915
1569770 1915
1569780 1918
1569790 1922
1569800 1922
1569810 1926
1569820 1930
1569830 1930
1569840 1932
1569850 1935
1569860 1935
1569870 1937
1569880 1940
1569890 1940
1569900 1944
1569910 1947
1569920 1947
1569930 1949
1569940 1951
1569950 1951
1569960 1953
1569970 1954
1569980 1956
1569990 1956
1570000 1958
1570010 1959
1570020 1959
1570030 1960
1570040 1962
1570050 1962
1570060 1963
1570070 1964
1570080 1964
1570090 1964
1570100 1965
1570110 1965
1570120 1966
1570130 1968
1570140 1968
1570150 1971
1570160 1974
1570170 1974
1570180 1978
1570190 1983
1570200 1983
1570210 1989
1570220 1997
1570230 2008
1570240 2008
1570250 2018
1570260 2024
1570270 2024
1570280 2030
1570290 2034
1570300 2034
1570310 2038
1570320 2043
1570330 2043
1570340 2048
1570350 2054
1570360 2054
1570370 2059
1570380 2064
1570390 2064
1570400 2069
1570410 2074
1570420 2074
1570430 2078
1570440 2081
1570450 2081
1570460 2084
1570470 2088
1570480 2088
1570490 2089
1570500 2092
1570510 2097
1570520 2097
1570530 2103
1570540 2109
1570550 2109
1570560 2115
1570570 2121
1570580 2121
1570590 2126
1570600 2132
1570610 2132
1570620 2138
1570630 2145
1570640 2145
1570650 2151
1570660 2157
1570670 2157
1570680 2162
1570690 2168
1570700 2168
1570710 2174
1570720 2179
1570730 2179
1570740 2185
1570750 2190
1570760 2196
1570770 2196
1570780 2201
1570790 2207
1570800 2207
1570810 2212
1570820 2217
1570830 2217
1570840 2221
1570850 2224
1570860 2224
1570870 2219
1570880 2208
1570890 2208
1570900 2198
1570910 2192
1570920 2192
1570930 2185
1570940 2175
1570950 2175
1570960 2164
1570970 2154
1570980 2154
1570990 2143
1571000 2133
1571010 2133
1571020 2122
1571030 2112
1571040 2105
1571050 2105
1571060 2101
1571070 2096
1571080 2096
1571090 2091
1571100 2086
1571110 2086
1571120 2082
1571130 2079
1571140 2079
1571150 2076
1571160 2073
1571170 2073
1571180 2071
1571190 2066
1571200 2066
1571210 2064
1571220 2061
1571230 2061
1571240 2056
1571250 2048
1571260 2048
1571270 2042
1571280 2035
1571290 2025
1571300 2025
1571310 2016
1571320 2009
1571330 2009
1571340 2003
1571350 1998
1571360 1998
1571370 1994
1571380 1989
1571390 1989
1571400 1985
1571410 1980
1571420 1980
1571430 1976
1571440 1972
1571450 1972
1571460 1970
1571470 1971
1571480 1971
1571490 1974
1571500 1975
1571510 1975
1571520 1973
1571530 1971
1571540 1971
1571550 1966
1571560 1959
1571570 1951
1571580 1951
1571590 1944
1571600 1938
1571610 1938
1571620 1931
1571630 1924
1571640 1924
1571650 1918
1571660 1912
1571670 1912
1571680 1906
1571690 1900
1571700 1900
1571710 1895
1571720 1889
1571730 1889
1571740 1883
1571750 1877
1571760 1877
1571770 1873
1571780 1870
1571790 1870
1571800 1865
1571810 1860
1571820 1855
1571830 1855
1571840 1851
1571850 1845
1571860 1845
1571870 1839
1571880 1833
1571890 1833
1571900 1827
1571910 1817
1571920 1817
1571930 1809
1571940 1801
1571950 1801
1571960 1791
1571970 1781
1571980 1781
1571990 1772
1572000 1765
1572010 1765
1572020 1759
1572030 1755
1572040 1755
1572050 1752
1572060 1752
1572070 1752
1572080 1752
1572090 1754
1572100 1755
1572110 1755
1572120 1755
1572130 1754
1572140 1754
1572150 1752
1572160 1751
1572170 1751
1572180 1751
1572190 1751
1572200 1751
1572210 1751
1572220 1749
1572230 1749
1572240 1748
1572250 1747
1572260 1747
1572270 1746
1572280 1747
1572290 1747
1572300 1745
1572310 1741
1572320 1741
1572330 1738
1572340 1740
1572350 1743
1572360 1743
1572370 1747
1572380 1747
1572390 1747
1572400 1751
1572410 1756
1572420 1756
1572430 1760
1572440 1765
1572450 1765
1572460 1769
1572470 1774
1572480 1774
1572490 1779
1572500 1785
1572510 1785
1572520 1792
1572530 1796
1572540 1796
1572550 1801
1572560 1805
1572570 1805
1572580 1808
1572590 1811
1572600 1811
1572610 1816
1572620 1821
1572630 1827
1572640 1827
1572650 1830
1572660 1833
1572670 1833
1572680 1836
1572690 1840
1572700 1840
1572710 1843
1572720 1845
1572730 1845
1572740 1847
1572750 1850
1572760 1850
1572770 1853
1572780 1857
1572790 1857
1572800 1861
1572810 1865
1572820 1865
1572830 1869
1572840 1873
1572850 1873
1572860 1879
1572870 1884
1572880 1888
1572890 1888
1572900 1893
1572910 1899
1572920 1899
1572930 1905
1572940 1911
1572950 1911
1572960 1916
1572970 1922
1572980 1922
1572990 1927
1573000 1929
1573010 1929
1573020 1935
1573030 1941
1573040 1941
1573050 1948
1573060 1955
1573070 1955
1573080 1962
1573090 1971
1573100 1971
1573110 1978
1573120 1985
1573130 1985
1573140 1994
1573150 2004
1573160 2017
1573170 2017
1573180 2029
1573190 2041
1573200 2041
1573210 2049
1573220 2054
1573230 2054
1573240 2058
1573250 2065
1573260 2065
1573270 2075
1573280 2081
1573290 2081
1573300 2088
1573310 2092
1573320 2092
1573330 2094
1573340 2095
1573350 2095
1573360 2095
1573370 2093
1573380 2093
1573390 2090
1573400 2084
1573410 2073
1573420 2073
1573430 2059
1573440 2048
1573450 2048
1573460 2039
1573470 2029
1573480 2029
1573490 2015
1573500 2001
1573510 2001
1573520 1990
1573530 1980
1573540 1980
1573550 1973
1573560 1966
1573570 1966
1573580 1960
1573590 1954
1573600 1954
1573610 1949
1573620 1944
1573630 1944
1573640 1940
1573650 1937
1573660 1937
1573670 1935
1573680 1933
1573690 1931
1573700 1931
1573710 1928
1573720 1928
1573730 1928
1573740 1929
1573750 1932
1573760 1932
1573770 1935
1573780 1939
1573790 1939
1573800 1942
1573810 1944
1573820 1944
1573830 1947
1573840 1951
1573850 1951
1573860 1954
1573870 1957
1573880 1957
1573890 1960
1573900 1962
1573910 1962
1573920 1964
1573930 1966
1573940 1968
1573950 1968
1573960 1969
1573970 1971
1573980 1971
1573990 1973
1574000 1975
1574010 1975
1574020 1974
1574030 1971
1574040 1971
1574050 1966
1574060 1962
1574070 1962
1574080 1956
1574090 1950
1574100 1950
1574110 1944
1574120 1938
1574130 1938
1574140 1933
1574150 1928
1574160 1928
1574170 1922
1574180 1917
1574190 1917
1574200 1912
1574210 1908
1574220 1904
1574230 1904
1574240 1901
1574250 1898
1574260 1898
1574270 1896
1574280 1896
1574290 1896
1574300 1898
1574310 1900
1574320 1900
1574330 1902
1574340 1903
1574350 1903
1574360 1905
1574370 1907
1574380 1907
1574390 1908
1574400 1910
1574410 1910
1574420 1912
1574430 1914
1574440 1914
1574450 1915
1574460 1916
1574470 1918
1574480 1918
1574490 1920
1574500 1922
1574510 1922
1574520 1924
1574530 1925
1574540 1925
1574550 1926
1574560 1925
1574570 1925
1574580 1924
1574590 1930
1574600 1930
1574610 1930
1574620 1929
1574630 1929
1574640 1929
1574650 1932
1574660 1932
1574670 1931
1574680 1933
1574690 1933
1574700 1938
1574710 1943
1574720 1943
1574730 1945
1574740 1945
1574750 1946
1574760 1946
1574770 1949
1574780 1952
1574790 1952
1574800 1956
1574810 1958
1574820 1958
1574830 1960
1574840 1959
1574850 1959
1574860 1955
1574870 1954
1574880 1954
1574890 1951
1574900 1947
1574910 1947
1574920 1949
1574930 1950
1574940 1950
1574950 1959
1574960 1968
1574970 1968
1574980 1974
1574990 1978
1575000 1984
1575010 1984
1575020 1991
1575030 1997
1575040 1997
1575050 2003
1575060 2007
1575070 2007
1575080 2011
1575090 2016
1575100 2016
1575110 2018
1575120 2020
1575130 2020
1575140 2023
1575150 2025
1575160 2025
1575170 2028
1575180 2031
1575190 2031
1575200 2034
1575210 2036
1575220 2036
1575230 2040
1575240 2047
1575250 2047
1575260 2053
1575270 2058
1575280 2063
1575290 2063
1575300 2066
1575310 2070
1575320 2070
1575330 2075
1575340 2079
1575350 2079
1575360 2083
1575370 2087
1575380 2087
1575390 2091
1575400 2093
1575410 2093
1575420 2096
1575430 2100
1575440 2100
1575450 2105
1575460 2109
1575470 2109
1575480 2113
1575490 2118
1575500 2118
1575510 2122
1575520 2125
1575530 2126
1575540 2126
1575550 2127
1575560 2131
1575570 2131
1575580 2136
1575590 2139
1575600 2139
1575610 2142
1575620 2145
1575630 2145
1575640 2146
1575650 2146
1575660 2146
1575670 2145
1575680 2145
1575690 2145
1575700 2146
1575710 2148
1575720 2148
1575730 2149
1575740 2151
1575750 2151
1575760 2153
1575770 2157
1575780 2157
1575790 2160
1575800 2163
1575810 2164
1575820 2164
1575830 2165
1575840 2167
1575850 2167
1575860 2170
1575870 2173
1575880 2173
1575890 2176
1575900 2179
1575910 2179
1575920 2184
1575930 2189
1575940 2189
1575950 2195
1575960 2201
1575970 2201
1575980 2206
1575990 2212
1576000 2209
1576010 2214
1576020 2218
1576030 2218
1576040 2224
1576050 2230
1576060 2230
1576070 2238
1576080 2248
1576090 2255
1576100 2255
1576110 2263
1576120 2274
1576130 2274
1576140 2289
1576150 2299
1576160 2299
1576170 2308
1576180 2317
1576190 2317
1576200 2323
1576210 2329
1576220 2329
1576230 2339
1576240 2353
1576250 2353
1576260 2356
1576270 2347
1576280 2347
1576290 2337
1576300 2324
1576310 2324
1576320 2315
1576330 2307
1576340 2296
1576350 2296
1576360 2284
1576370 2275
1576380 2275
1576390 2264
1576400 2257
1576410 2257
1576420 2250
1576430 2244
1576440 2244
1576450 2237
1576460 2231
1576470 2231
1576480 2225
1576490 2219
1576500 2219
1576510 2214
1576520 2209
1576530 2209
1576540 2205
1576550 2201
1576560 2201
1576570 2197
1576580 2193
1576590 2193
1576600 2189
1576610 2185
1576620 2180
1576630 2180
1576640 2176
1576650 2171
1576660 2171
1576670 2166
1576680 2161
1576690 2161
1576700 2154
1576710 2144
1576720 2144
1576730 2137
1576740 2130
1576750 2130
1576760 2124
1576770 2120
1576780 2120
1576790 2116
1576800 2111
1576810 2111
1576820 2108
1576830 2105
1576840 2105
1576850 2102
1576860 2099
1576870 2098
1576880 2098
1576890 2096
1576900 2096
1576910 2096
1576920 2097
1576930 2099
1576940 2099
1576950 2101
1576960 2102
1576970 2102
1576980 2101
1576990 2097
1577000 2097
1577010 2096
1577020 2094
1577030 2094
1577040 2094
1577050 2095
1577060 2095
1577070 2097
1577080 2099
1577090 2099
1577100 2103
1577110 2106
1577120 2106
1577130 2109
1577140 2111
1577150 2112
1577160 2112
1577170 2114
1577180 2115
1577190 2115
1577200 2115
1577210 2116
1577220 2116
1577230 2117
1577240 2117
1577250 2117
1577260 2117
1577270 2117
1577280 2117
1577290 2117
1577300 2116
1577310 2116
1577320 2116
1577330 2117
1577340 2117
1577350 2120
1577360 2122
1577370 2122
1577380 2118
1577390 2120
1577400 2121
1577410 2121
1577420 2122
1577430 2125
1577440 2125
1577450 2128
1577460 2130
1577470 2130
1577480 2130
1577490 2125
1577500 2125
1577510 2118
1577520 2112
1577530 2112
1577540 2110
1577550 2108
1577560 2108
1577570 2107
1577580 2104
1577590 2104
1577600 2099
1577610 2096
1577620 2096
1577630 2095
1577640 2093
1577650 2093
1577660 2090
1577670 2087
1577680 2084
1577690 2084
1577700 2081
1577710 2078
1577720 2078
1577730 2074
1577740 2070
1577750 2070
1577760 2066
1577770 2062
1577780 2062
1577790 2058
1577800 2055
1577810 2055
1577820 2051
1577830 2049
1577840 2049
1577850 2047
1577860 2045
1577870 2045
1577880 2042
1577890 2040
1577900 2040
1577910 2039
1577920 2037
1577930 2035
1577940 2035
1577950 2032
1577960 2029
1577970 2029
1577980 2024
1577990 2018
1578000 2018
1578010 2013
1578020 2005
1578030 2005
1578040 1997
1578050 1990
1578060 1990
1578070 1983
1578080 1975
1578090 1975
1578100 1966
1578110 1959
1578120 1959
1578130 1950
1578140 1945
1578150 1945
1578160 1942
1578170 1939
1578180 1939
1578190 1935
1578200 1931
1578210 1926
1578220 1926
1578230 1920
1578240 1915
1578250 1915
1578260 1908
1578270 1900
1578280 1900
1578290 1892
1578300 1885
1578310 1885
1578320 1879
1578330 1873
1578340 1873
1578350 1868
1578360 1862
1578370 1862
1578380 1856
1578390 1850
1578400 1850
1578410 1843
1578420 1837
1578430 1837
1578440 1831
1578450 1826
1578460 1818
1578470 1818
1578480 1808
1578490 1801
1578500 1801
1578510 1792
1578520 1781
1578530 1781
1578540 1772
1578550 1764
1578560 1764
1578570 1754
1578580 1744
1578590 1744
1578600 1735
1578610 1725
1578620 1725
1578630 1717
1578640 1711
1578650 1711
1578660 1704
1578670 1697
1578680 1697
1578690 1691
1578700 1685
1578710 1685
1578720 1679
1578730 1673
1578740 1668
1578750 1668
1578760 1663
1578770 1658
1578780 1658
1578790 1650
1578800 1640
1578810 1640
1578820 1629
1578830 1616
1578840 1616
1578850 1606
1578860 1600
1578870 1600
1578880 1595
1578890 1589
1578900 1589
1578910 1584
1578920 1580
1578930 1580
1578940 1577
1578950 1574
1578960 1574
1578970 1570
1578980 1565
1578990 1561
1579000 1561
1579010 1557
1579020 1554
1579030 1554
1579040 1550
1579050 1547
1579060 1547
1579070 1544
1579080 1541
1579090 1541
1579100 1537
1579110 1534
1579120 1534
1579130 1534
1579140 1533
1579150 1533
1579160 1532
1579170 1531
1579180 1531
1579190 1530
1579200 1529
1579210 1529
1579220 1528
1579230 1527
1579240 1527
1579250 1527
1579260 1525
1579270 1525
1579280 1525
1579290 1524
1579300 1522
1579310 1522
1579320 1522
1579330 1521
1579340 1521
1579350 1519
1579360 1518
1579370 1518
1579380 1520
1579390 1522
1579400 1522
1579410 1523
1579420 1522
1579430 1522
1579440 1524
1579450 1527
1579460 1527
1579470 1531
1579480 1533
1579490 1533
1579500 1536
1579510 1538
1579520 1541
1579530 1541
1579540 1543
1579550 1545
1579560 1545
1579570 1546
1579580 1548
1579590 1548
1579600 1550
1579610 1554
1579620 1554
1579630 1558
1579640 1562
1579650 1562
1579660 1566
1579670 1569
1579680 1569
1579690 1572
1579700 1575
1579710 1575
1579720 1579
1579730 1583
1579740 1583
1579750 1586
1579760 1590
1579770 1590
1579780 1594
1579790 1598
1579800 1601
1579810 1601
1579820 1604
1579830 1606
1579840 1606
1579850 1609
1579860 1611
1579870 1611
1579880 1614
1579890 1618
1579900 1618
1579910 1622
1579920 1627
1579930 1627
1579940 1631
1579950 1634
1579960 1634
1579970 1639
1579980 1642
1579990 1642
