1560000 1762
1560010 1756
1560020 1751
1560030 1751
1560040 1746
1560050 1740
1560060 1740
1560070 1733
1560080 1726
1560090 1726
1560100 1721
1560110 1715
1560120 1710
1560130 1710
1560140 1703
1560150 1697
1560160 1697
1560170 1690
1560180 1685
1560190 1685
1560200 1680
1560210 1676
1560220 1676
1560230 1671
1560240 1665
1560250 1665
1560260 1658
1560270 1646
1560280 1646
1560290 1636
1560300 1625
1560310 1625
1560320 1613
1560330 1607
1560340 1607
1560350 1602
1560360 1596
1560370 1596
1560380 1591
1560390 1582
1560400 1575
1560410 1575
1560420 1569
1560430 1563
1560440 1563
1560450 1557
1560460 1553
1560470 1553
1560480 1547
1560490 1541
1560500 1541
1560510 1534
1560520 1525
1560530 1525
1560540 1516
1560550 1507
1560560 1507
1560570 1497
1560580 1491
1560590 1491
1560600 1483
1560610 1476
1560620 1476
1560630 1469
1560640 1463
1560650 1457
1560660 1457
1560670 1451
1560680 1444
1560690 1444
1560700 1438
1560710 1432
1560720 1432
1560730 1425
1560740 1418
1560750 1418
1560760 1411
1560770 1404
1560780 1404
1560790 1396
1560800 1387
1560810 1387
1560820 1379
1560830 1369
1560840 1369
1560850 1360
1560860 1350
1560870 1350
1560880 1344
1560890 1339
1560900 1339
1560910 1333
1560920 1327
1560930 1321
1560940 1321
1560950 1314
1560960 1308
1560970 1308
1560980 1302
1560990 1297
1561000 1297
1561010 1292
1561020 1288
1561030 1288
1561040 1285
1561050 1281
1561060 1281
1561070 1277
1561080 1272
1561090 1272
1561100 1267
1561110 1263
1561120 1263
1561130 1257
1561140 1251
1561150 1251
1561160 1245
1561170 1239
1561180 1234
1561190 1234
1561200 1228
1561210 1223
1561220 1223
1561230 1218
1561240 1216
1561250 1216
1561260 1213
1561270 1210
1561280 1210
1561290 1207
1561300 1206
1561310 1206
1561320 1207
1561330 1207
1561340 1207
1561350 1207
1561360 1207
1561370 1207
1561380 1207
1561390 1207
1561400 1207
1561410 1207
1561420 1208
1561430 1208
1561440 1208
1561450 1209
1561460 1209
1561470 1209
1561480 1209
1561490 1211
1561500 1211
1561510 1213
1561520 1217
1561530 1217
1561540 1221
1561550 1225
1561560 1225
1561570 1228
1561580 1232
1561590 1232
1561600 1233
1561610 1234
1561620 1234
1561630 1238
1561640 1241
1561650 1241
1561660 1245
1561670 1251
1561680 1251
1561690 1258
1561700 1265
1561710 1272
1561720 1272
1561730 1281
1561740 1292
1561750 1292
1561760 1299
1561770 1300
1561780 1300
1561790 1311
1561800 1323
1561810 1323
1561820 1332
1561830 1341
1561840 1341
1561850 1348
1561860 1353
1561870 1353
1561880 1357
1561890 1363
1561900 1363
1561910 1370
1561920 1378
1561930 1378
1561940 1383
1561950 1387
1561960 1387
1561970 1390
1561980 1393
1561990 1398
1562000 1398
1562010 1404
1562020 1411
1562030 1411
1562040 1416
1562050 1423
1562060 1423
1562070 1428
1562080 1433
1562090 1433
1562100 1439
1562110 1445
1562120 1445
1562130 1450
1562140 1457
1562150 1457
1562160 1465
1562170 1475
1562180 1475
1562190 1483
1562200 1491
1562210 1491
1562220 1499
1562230 1506
1562240 1514
1562250 1514
1562260 1523
1562270 1529
1562280 1529
1562290 1535
1562300 1537
1562310 1537
1562320 1539
1562330 1541
1562340 1541
1562350 1543
1562360 1550
1562370 1550
1562380 1556
1562390 1562
1562400 1562
1562410 1569
1562420 1575
1562430 1575
1562440 1582
1562450 1588
1562460 1588
1562470 1594
1562480 1599
1562490 1599
1562500 1606
1562510 1613
1562520 1621
1562530 1621
1562540 1628
1562550 1637
1562560 1637
1562570 1645
1562580 1652
1562590 1652
1562600 1659
1562610 1665
1562620 1665
1562630 1672
1562640 1679
1562650 1679
1562660 1686
1562670 1695
1562680 1695
1562690 1704
1562700 1712
1562710 1712
1562720 1720
1562730 1723
1562740 1723
1562750 1732
1562760 1741
1562770 1749
1562780 1749
1562790 1758
1562800 1766
1562810 1766
1562820 1775
1562830 1781
1562840 1781
1562850 1788
1562860 1795
1562870 1795
1562880 1800
1562890 1804
1562900 1804
1562910 1808
1562920 1814
1562930 1814
1562940 1821
1562950 1830
1562960 1830
1562970 1838
1562980 1846
1562990 1846
1563000 1853
1563010 1861
1563020 1861
1563030 1870
1563040 1879
1563050 1889
1563060 1889
1563070 1898
1563080 1907
1563090 1907
1563100 1918
1563110 1928
1563120 1928
1563130 1936
1563140 1945
1563150 1945
1563160 1953
1563170 1962
1563180 1962
1563190 1972
1563200 1979
1563210 1979
1563220 1987
1563230 1995
1563240 1995
1563250 2003
1563260 2013
1563270 2013
1563280 2020
1563290 2028
1563300 2037
1563310 2037
1563320 2046
1563330 2053
1563340 2053
1563350 2058
1563360 2065
1563370 2065
1563380 2072
1563390 2080
1563400 2080
1563410 2089
1563420 2097
1563430 2097
1563440 2105
1563450 2112
1563460 2112
1563470 2121
1563480 2131
1563490 2131
1563500 2139
1563510 2149
1563520 2149
1563530 2156
1563540 2163
1563550 2163
1563560 2172
1563570 2176
1563580 2181
1563590 2181
1563600 2187
1563610 2195
1563620 2195
1563630 2203
1563640 2212
1563650 2212
1563660 2220
1563670 2226
1563680 2226
1563690 2233
1563700 2240
1563710 2240
1563720 2248
1563730 2256
1563740 2256
1563750 2265
1563760 2275
1563770 2275
1563780 2281
1563790 2270
1563800 2270
1563810 2258
1563820 2249
1563830 2249
1563840 2239
1563850 2226
1563860 2214
1563870 2214
1563880 2205
1563890 2196
1563900 2196
1563910 2191
1563920 2187
1563930 2187
1563940 2181
1563950 2175
1563960 2175
1563970 2168
1563980 2161
1563990 2161
1564000 2154
1564010 2147
1564020 2147
1564030 2140
1564040 2134
1564050 2134
1564060 2128
1564070 2123
1564080 2123
1564090 2118
1564100 2113
1564110 2108
1564120 2108
1564130 2104
1564140 2099
1564150 2099
1564160 2095
1564170 2091
1564180 2091
1564190 2087
1564200 2083
1564210 2083
1564220 2079
1564230 2075
1564240 2075
1564250 2072
1564260 2069
1564270 2069
1564280 2067
1564290 2063
1564300 2063
1564310 2061
1564320 2058
1564330 2058
1564340 2056
1564350 2061
1564360 2061
1564370 2061
1564380 2061
1564390 2061
1564400 2061
1564410 2059
1564420 2055
1564430 2055
1564440 2049
1564450 2042
1564460 2042
1564470 2035
1564480 2026
1564490 2026
1564500 2017
1564510 2009
1564520 2009
1564530 2000
1564540 1993
1564550 1993
1564560 1988
1564570 1984
1564580 1984
1564590 1981
1564600 1977
1564610 1977
1564620 1973
1564630 1971
1564640 1974
1564650 1974
1564660 1980
1564670 1982
1564680 1982
1564690 1983
1564700 1984
1564710 1984
1564720 1986
1564730 1988
1564740 1988
1564750 1988
1564760 1987
1564770 1987
1564780 1986
1564790 1985
1564800 1985
1564810 1983
1564820 1981
1564830 1981
1564840 1979
1564850 1977
1564860 1977
1564870 1975
1564880 1973
1564890 1973
1564900 1971
1564910 1969
1564920 1967
1564930 1967
1564940 1964
1564950 1960
1564960 1960
1564970 1955
1564980 1951
1564990 1951
1565000 1946
1565010 1939
1565020 1939
1565030 1933
1565040 1927
1565050 1927
1565060 1924
1565070 1920
1565080 1920
1565090 1917
1565100 1913
1565110 1913
1565120 1909
1565130 1906
1565140 1906
1565150 1902
1565160 1897
1565170 1893
1565180 1893
1565190 1890
1565200 1886
1565210 1886
1565220 1882
1565230 1879
1565240 1879
1565250 1874
1565260 1868
1565270 1868
1565280 1860
1565290 1853
1565300 1853
1565310 1847
1565320 1841
1565330 1841
1565340 1834
1565350 1828
1565360 1828
1565370 1822
1565380 1817
1565390 1817
1565400 1812
1565410 1805
1565420 1805
1565430 1799
1565440 1793
1565450 1787
1565460 1787
1565470 1782
1565480 1777
1565490 1777
1565500 1770
1565510 1763
1565520 1763
1565530 1757
1565540 1752
1565550 1752
1565560 1746
1565570 1741
1565580 1741
1565590 1735
1565600 1729
1565610 1729
1565620 1724
1565630 1718
1565640 1718
1565650 1712
1565660 1705
1565670 1705
1565680 1698
1565690 1691
1565700 1685
1565710 1685
1565720 1679
1565730 1673
1565740 1673
1565750 1665
1565760 1657
1565770 1657
1565780 1649
1565790 1642
1565800 1642
1565810 1635
1565820 1631
1565830 1631
1565840 1628
1565850 1626
1565860 1626
1565870 1625
1565880 1623
1565890 1623
1565900 1621
1565910 1620
1565920 1620
1565930 1615
1565940 1615
1565950 1615
1565960 1613
1565970 1610
1565980 1604
1565990 1604
1566000 1597
1566010 1594
1566020 1594
1566030 1592
1566040 1590
1566050 1590
1566060 1589
1566070 1588
1566080 1588
1566090 1586
1566100 1583
1566110 1583
1566120 1579
1566130 1576
1566140 1576
1566150 1572
1566160 1567
1566170 1567
1566180 1563
1566190 1559
1566200 1559
1566210 1555
1566220 1551
1566230 1547
1566240 1547
1566250 1541
1566260 1534
1566270 1534
1566280 1528
1566290 1521
1566300 1521
1566310 1516
1566320 1512
1566330 1512
1566340 1508
1566350 1503
1566360 1503
1566370 1498
1566380 1494
1566390 1494
1566400 1488
1566410 1480
1566420 1480
1566430 1472
1566440 1464
1566450 1464
1566460 1456
1566470 1451
1566480 1451
1566490 1446
1566500 1442
1566510 1439
1566520 1439
1566530 1435
1566540 1431
1566550 1431
1566560 1427
1566570 1424
1566580 1424
1566590 1421
1566600 1419
1566610 1419
1566620 1416
1566630 1412
1566640 1412
1566650 1406
1566660 1404
1566670 1404
1566680 1397
1566690 1392
1566700 1392
1566710 1387
1566720 1383
1566730 1383
1566740 1378
1566750 1372
1566760 1366
1566770 1366
1566780 1359
1566790 1356
1566800 1356
1566810 1353
1566820 1350
1566830 1350
1566840 1347
1566850 1345
1566860 1345
1566870 1343
1566880 1340
1566890 1340
1566900 1338
1566910 1336
1566920 1336
1566930 1334
1566940 1328
1566950 1328
1566960 1327
1566970 1327
1566980 1327
1566990 1328
1567000 1329
1567010 1329
1567020 1329
1567030 1329
1567040 1329
1567050 1329
1567060 1329
1567070 1330
1567080 1330
1567090 1333
1567100 1339
1567110 1339
1567120 1343
1567130 1346
1567140 1346
1567150 1348
1567160 1350
1567170 1350
1567180 1352
1567190 1354
1567200 1354
1567210 1356
1567220 1359
1567230 1359
1567240 1362
1567250 1367
1567260 1367
1567270 1371
1567280 1375
1567290 1380
1567300 1380
1567310 1386
1567320 1393
1567330 1393
1567340 1398
1567350 1404
1567360 1404
1567370 1409
1567380 1416
1567390 1416
1567400 1420
1567410 1426
1567420 1426
1567430 1432
1567440 1438
1567450 1438
1567460 1443
1567470 1449
1567480 1451
1567490 1458
1567500 1465
1567510 1465
1567520 1474
1567530 1482
1567540 1482
1567550 1489
1567560 1495
1567570 1501
1567580 1501
1567590 1507
1567600 1512
1567610 1512
1567620 1517
1567630 1522
1567640 1522
1567650 1526
1567660 1530
1567670 1530
1567680 1533
1567690 1539
1567700 1539
1567710 1546
1567720 1552
1567730 1552
1567740 1558
1567750 1563
1567760 1563
1567770 1568
1567780 1574
1567790 1574
1567800 1579
1567810 1584
1567820 1589
1567830 1589
1567840 1593
1567850 1599
1567860 1599
1567870 1605
1567880 1612
1567890 1612
1567900 1619
1567910 1626
1567920 1626
1567930 1633
1567940 1640
1567950 1640
1567960 1647
1567970 1652
1567980 1652
1567990 1659
1568000 1666
1568010 1666
1568020 1671
1568030 1677
1568040 1677
1568050 1682
1568060 1688
1568070 1688
1568080 1695
1568090 1702
1568100 1710
1568110 1710
1568120 1717
1568130 1725
1568140 1725
1568150 1732
1568160 1739
1568170 1739
1568180 1747
1568190 1753
1568200 1753
1568210 1759
1568220 1763
1568230 1763
1568240 1767
1568250 1772
1568260 1772
1568270 1776
1568280 1781
1568290 1781
1568300 1786
1568310 1792
1568320 1792
1568330 1797
1568340 1800
1568350 1801
1568360 1801
1568370 1800
1568380 1805
1568390 1805
1568400 1814
1568410 1820
1568420 1820
1568430 1826
1568440 1831
1568450 1831
1568460 1837
1568470 1842
1568480 1842
1568490 1848
1568500 1854
1568510 1854
1568520 1860
1568530 1865
1568540 1865
1568550 1869
1568560 1874
1568570 1874
1568580 1883
1568590 1892
1568600 1892
1568610 1900
1568620 1908
1568630 1914
1568640 1914
1568650 1921
1568660 1926
1568670 1926
1568680 1931
1568690 1935
1568700 1935
1568710 1939
1568720 1943
1568730 1943
1568740 1947
1568750 1950
1568760 1950
1568770 1954
1568780 1958
1568790 1958
1568800 1961
1568810 1965
1568820 1965
1568830 1969
1568840 1973
1568850 1973
1568860 1978
1568870 1982
1568880 1982
1568890 1986
1568900 1990
1568910 1994
1568920 1994
1568930 1996
1568940 1994
1568950 1994
1568960 1989
1568970 1984
1568980 1984
1568990 1981
1569000 1986
1569010 1986
1569020 1984
1569030 1983
1569040 1983
1569050 1983
1569060 1985
1569070 1985
1569080 1988
1569090 1991
1569100 1991
1569110 1993
1569120 1995
1569130 1995
1569140 1996
1569150 1998
1569160 2000
1569170 2000
1569180 2001
1569190 2000
1569200 2000
1569210 2000
1569220 2002
1569230 2002
1569240 2003
1569250 2004
1569260 2004
1569270 2006
1569280 2008
1569290 2008
1569300 2009
1569310 2012
1569320 2012
1569330 2016
1569340 2018
1569350 2018
1569360 2020
1569370 2023
1569380 2023
1569390 2026
1569400 2029
1569410 2029
1569420 2030
1569430 2032
1569440 2034
1569450 2034
1569460 2035
1569470 2037
1569480 2037
1569490 2039
1569500 2040
1569510 2040
1569520 2042
1569530 2045
1569540 2045
1569550 2048
1569560 2049
1569570 2049
1569580 2050
1569590 2051
1569600 2051
1569610 2049
1569620 2047
1569630 2047
1569640 2044
1569650 2043
1569660 2043
1569670 2042
1569680 2041
1569690 2042
1569700 2042
1569710 2044
1569720 2046
1569730 2046
1569740 2048
1569750 2051
1569760 2051
1569770 2054
1569780 2055
1569790 2055
1569800 2057
1569810 2058
1569820 2058
1569830 2060
1569840 2063
1569850 2063
1569860 2068
1569870 2072
1569880 2072
1569890 2077
1569900 2080
1569910 2080
1569920 2083
1569930 2086
1569940 2086
1569950 2089
1569960 2092
1569970 2094
1569980 2094
1569990 2095
1570000 2094
1570010 2094
1570020 2094
1570030 2094
1570040 2094
1570050 2094
1570060 2095
1570070 2095
1570080 2097
1570090 2101
1570100 2101
1570110 2104
1570120 2106
1570130 2106
1570140 2108
1570150 2109
1570160 2109
1570170 2113
1570180 2118
1570190 2118
1570200 2121
1570210 2123
1570220 2127
1570230 2127
1570240 2132
1570250 2137
1570260 2137
1570270 2142
1570280 2148
1570290 2148
1570300 2155
1570310 2159
1570320 2159
1570330 2163
1570340 2167
1570350 2167
1570360 2171
1570370 2174
1570380 2174
1570390 2177
1570400 2180
1570410 2180
1570420 2184
1570430 2187
1570440 2187
1570450 2190
1570460 2193
1570470 2193
1570480 2196
1570490 2199
1570500 2206
1570510 2206
1570520 2208
1570530 2209
1570540 2209
1570550 2200
1570560 2179
1570570 2179
1570580 2163
1570590 2147
1570600 2147
1570610 2135
1570620 2125
1570630 2125
1570640 2120
1570650 2115
1570660 2115
1570670 2112
1570680 2109
1570690 2109
1570700 2106
1570710 2106
1570720 2106
1570730 2106
1570740 2100
1570750 2093
1570760 2093
1570770 2087
1570780 2083
1570790 2083
1570800 2080
1570810 2080
1570820 2080
1570830 2079
1570840 2071
1570850 2071
1570860 2064
1570870 2057
1570880 2057
1570890 2049
1570900 2042
1570910 2042
1570920 2035
1570930 2028
1570940 2028
1570950 2020
1570960 2015
1570970 2015
1570980 2014
1570990 2013
1571000 2013
1571010 2010
1571020 2006
1571030 2003
1571040 2003
1571050 1999
1571060 1997
1571070 1997
1571080 1994
1571090 1989
1571100 1989
1571110 1984
1571120 1978
1571130 1978
1571140 1970
1571150 1962
1571160 1962
1571170 1955
1571180 1949
1571190 1949
1571200 1945
1571210 1944
1571220 1944
1571230 1944
1571240 1945
1571250 1945
1571260 1943
1571270 1939
1571280 1938
1571290 1938
1571300 1935
1571310 1933
1571320 1933
1571330 1931
1571340 1929
1571350 1929
1571360 1927
1571370 1926
1571380 1926
1571390 1924
1571400 1922
1571410 1922
1571420 1921
1571430 1921
1571440 1921
1571450 1922
1571460 1923
1571470 1923
1571480 1926
1571490 1930
1571500 1930
1571510 1936
1571520 1945
1571530 1945
1571540 1954
1571550 1958
1571560 1964
1571570 1964
1571580 1974
1571590 1969
1571600 1969
1571610 1958
1571620 1949
1571630 1949
1571640 1941
1571650 1933
1571660 1933
1571670 1925
1571680 1916
1571690 1916
1571700 1908
1571710 1899
1571720 1899
1571730 1890
1571740 1880
1571750 1880
1571760 1872
1571770 1864
1571780 1864
1571790 1857
1571800 1849
1571810 1841
1571820 1841
1571830 1833
1571840 1826
1571850 1826
1571860 1819
1571870 1812
1571880 1812
1571890 1804
1571900 1798
1571910 1798
1571920 1793
1571930 1787
1571940 1787
1571950 1782
1571960 1776
1571970 1775
1571980 1771
1571990 1767
1572000 1767
1572010 1763
1572020 1757
1572030 1757
1572040 1750
1572050 1742
1572060 1742
1572070 1734
1572080 1727
1572090 1719
1572100 1719
1572110 1712
1572120 1706
1572130 1706
1572140 1702
1572150 1697
1572160 1697
1572170 1692
1572180 1686
1572190 1686
1572200 1681
1572210 1677
1572220 1677
1572230 1674
1572240 1671
1572250 1671
1572260 1668
1572270 1666
1572280 1666
1572290 1663
1572300 1660
1572310 1660
1572320 1657
1572330 1656
1572340 1659
1572350 1659
1572360 1660
1572370 1661
1572380 1661
1572390 1662
1572400 1662
1572410 1662
1572420 1661
1572430 1661
1572440 1661
1572450 1662
1572460 1663
1572470 1663
1572480 1665
1572490 1667
1572500 1667
1572510 1669
1572520 1671
1572530 1671
1572540 1675
1572550 1681
1572560 1681
1572570 1687
1572580 1693
1572590 1693
1572600 1699
1572610 1706
1572620 1715
1572630 1715
1572640 1722
1572650 1728
1572660 1728
1572670 1734
1572680 1739
1572690 1739
1572700 1744
1572710 1749
1572720 1749
1572730 1755
1572740 1761
1572750 1761
1572760 1766
1572770 1770
1572780 1770
1572790 1775
1572800 1781
1572810 1781
1572820 1787
1572830 1794
1572840 1794
1572850 1799
1572860 1804
1572870 1804
1572880 1809
1572890 1814
1572900 1818
1572910 1818
1572920 1821
1572930 1826
1572940 1826
1572950 1831
1572960 1834
1572970 1834
1572980 1840
1572990 1845
1573000 1845
1573010 1852
1573020 1859
1573030 1859
1573040 1865
1573050 1872
1573060 1872
1573070 1880
1573080 1888
1573090 1888
1573100 1896
1573110 1904
1573120 1904
1573130 1911
1573140 1918
1573150 1925
1573160 1925
1573170 1932
1573180 1939
1573190 1939
1573200 1944
1573210 1950
1573220 1950
1573230 1956
1573240 1963
1573250 1963
1573260 1968
1573270 1974
1573280 1974
1573290 1981
1573300 1988
1573310 1988
1573320 1995
1573330 2002
1573340 2002
1573350 2009
1573360 2016
1573370 2016
1573380 2024
1573390 2032
1573400 2032
1573410 2040
1573420 2048
1573430 2056
1573440 2056
1573450 2063
1573460 2071
1573470 2071
1573480 2079
1573490 2087
1573500 2087
1573510 2096
1573520 2104
1573530 2104
1573540 2113
1573550 2121
1573560 2121
1573570 2130
1573580 2139
1573590 2139
1573600 2147
1573610 2150
1573620 2150
1573630 2145
1573640 2138
1573650 2138
1573660 2131
1573670 2125
1573680 2119
1573690 2119
1573700 2113
1573710 2108
1573720 2108
1573730 2103
1573740 2097
1573750 2097
1573760 2091
1573770 2086
1573780 2086
1573790 2082
1573800 2077
1573810 2077
1573820 2074
1573830 2070
1573840 2070
1573850 2067
1573860 2065
1573870 2065
1573880 2064
1573890 2063
1573900 2063
1573910 2062
1573920 2062
1573930 2062
1573940 2063
1573950 2064
1573960 2063
1573970 2063
1573980 2062
1573990 2062
1574000 2062
1574010 2064
1574020 2067
1574030 2067
1574040 2069
1574050 2071
1574060 2071
1574070 2073
1574080 2074
1574090 2074
1574100 2076
1574110 2078
1574120 2078
1574130 2080
1574140 2081
1574150 2081
1574160 2081
1574170 2080
1574180 2080
1574190 2078
1574200 2076
1574210 2069
1574220 2069
1574230 2063
1574240 2060
1574250 2060
1574260 2058
1574270 2056
1574280 2056
1574290 2055
1574300 2053
1574310 2053
1574320 2051
1574330 2048
1574340 2048
1574350 2046
1574360 2044
1574370 2044
1574380 2044
1574390 2044
1574400 2044
1574410 2045
1574420 2046
1574430 2046
1574440 2046
1574450 2047
1574460 2047
1574470 2050
1574480 2054
1574490 2059
1574500 2059
1574510 2063
1574520 2067
1574530 2067
1574540 2071
1574550 2074
1574560 2074
1574570 2075
1574580 2073
1574590 2073
1574600 2071
1574610 2068
1574620 2068
1574630 2059
1574640 2052
1574650 2052
1574660 2048
1574670 2046
1574680 2046
1574690 2048
1574700 2050
1574710 2050
1574720 2049
1574730 2051
1574740 2054
1574750 2054
1574760 2058
1574770 2063
1574780 2063
1574790 2068
1574800 2073
1574810 2073
1574820 2081
1574830 2092
1574840 2091
1574850 2099
1574860 2106
1574870 2106
1574880 2113
1574890 2119
1574900 2119
1574910 2124
1574920 2130
1574930 2130
1574940 2134
1574950 2139
1574960 2139
1574970 2143
1574980 2149
1574990 2149
1575000 2154
1575010 2156
1575020 2158
1575030 2158
1575040 2161
1575050 2163
1575060 2163
1575070 2165
1575080 2166
1575090 2166
1575100 2164
1575110 2163
1575120 2163
1575130 2163
1575140 2164
1575150 2164
1575160 2166
1575170 2168
1575180 2168
1575190 2173
1575200 2175
1575210 2175
1575220 2178
1575230 2179
1575240 2179
1575250 2181
1575260 2182
1575270 2181
1575280 2181
1575290 2182
1575300 2181
1575310 2181
1575320 2181
1575330 2183
1575340 2183
1575350 2184
1575360 2186
1575370 2186
1575380 2188
1575390 2190
1575400 2190
1575410 2193
1575420 2194
1575430 2194
1575440 2190
1575450 2189
1575460 2189
1575470 2187
1575480 2185
1575490 2185
1575500 2184
1575510 2183
1575520 2183
1575530 2185
1575540 2182
1575550 2178
1575560 2178
1575570 2174
1575580 2175
1575590 2175
1575600 2174
1575610 2178
1575620 2178
1575630 2185
1575640 2188
1575650 2188
1575660 2190
1575670 2191
1575680 2191
1575690 2193
1575700 2197
1575710 2197
1575720 2194
1575730 2195
1575740 2195
1575750 2205
1575760 2209
1575770 2209
1575780 2209
1575790 2212
1575800 2214
1575810 2214
1575820 2217
1575830 2223
1575840 2223
1575850 2229
1575860 2230
1575870 2230
1575880 2234
1575890 2237
1575900 2237
1575910 2239
1575920 2243
1575930 2243
1575940 2244
1575950 2242
1575960 2242
1575970 2244
1575980 2249
1575990 2249
1576000 2256
1576010 2260
1576020 2260
1576030 2257
1576040 2253
1576050 2253
1576060 2250
1576070 2247
1576080 2243
1576090 2243
1576100 2236
1576110 2230
1576120 2230
1576130 2225
1576140 2221
1576150 2221
1576160 2220
1576170 2216
1576180 2216
1576190 2213
1576200 2206
1576210 2206
1576220 2201
1576230 2198
1576240 2194
1576250 2192
1576260 2190
1576270 2190
1576280 2185
1576290 2179
1576300 2179
1576310 2172
1576320 2167
1576330 2165
1576340 2165
1576350 2163
1576360 2161
1576370 2161
1576380 2161
1576390 2158
1576400 2158
1576410 2156
1576420 2155
1576430 2155
1576440 2154
1576450 2149
1576460 2149
1576470 2143
1576480 2135
1576490 2135
1576500 2128
1576510 2122
1576520 2122
1576530 2115
1576540 2109
1576550 2109
1576560 2105
1576570 2101
1576580 2101
1576590 2097
1576600 2090
1576610 2085
1576620 2085
1576630 2081
1576640 2077
1576650 2077
1576660 2072
1576670 2068
1576680 2068
1576690 2063
1576700 2061
1576710 2061
1576720 2060
1576730 2059
1576740 2059
1576750 2055
1576760 2053
1576770 2053
1576780 2057
1576790 2059
1576800 2059
1576810 2058
1576820 2054
1576830 2054
1576840 2052
1576850 2049
1576860 2049
1576870 2051
1576880 2052
1576890 2054
1576900 2054
1576910 2055
1576920 2058
1576930 2058
1576940 2059
1576950 2060
1576960 2060
1576970 2061
1576980 2063
1576990 2063
1577000 2065
1577010 2068
1577020 2068
1577030 2070
1577040 2071
1577050 2071
1577060 2068
1577070 2063
1577080 2063
1577090 2056
1577100 2051
1577110 2051
1577120 2051
1577130 2049
1577140 2047
1577150 2047
1577160 2047
1577170 2047
1577180 2047
1577190 2047
1577200 2047
1577210 2047
1577220 2046
1577230 2044
1577240 2044
1577250 2043
1577260 2040
1577270 2040
1577280 2039
1577290 2036
1577300 2036
1577310 2033
1577320 2032
1577330 2032
1577340 2034
1577350 2034
1577360 2034
1577370 2031
1577380 2029
1577390 2029
1577400 2025
1577410 2024
1577420 2023
1577430 2023
1577440 2022
1577450 2021
1577460 2021
1577470 2019
1577480 2018
1577490 2018
1577500 2018
1577510 2019
1577520 2019
1577530 2016
1577540 2010
1577550 2010
1577560 2004
1577570 1997
1577580 1997
1577590 1991
1577600 1986
1577610 1986
1577620 1982
1577630 1981
1577640 1981
1577650 1979
1577660 1976
1577670 1972
1577680 1972
1577690 1967
1577700 1963
1577710 1963
1577720 1961
1577730 1959
1577740 1959
1577750 1957
1577760 1956
1577770 1956
1577780 1955
1577790 1956
1577800 1956
1577810 1959
1577820 1963
1577830 1963
1577840 1969
1577850 1975
1577860 1975
1577870 1982
1577880 1988
1577890 1988
1577900 1991
1577910 1996
1577920 1996
1577930 2004
1577940 2008
1577950 2008
1577960 2008
1577970 2007
1577980 2006
1577990 2006
1578000 2002
1578010 1996
1578020 1996
1578030 1989
1578040 1981
1578050 1981
1578060 1972
1578070 1965
1578080 1965
1578090 1957
1578100 1946
1578110 1946
1578120 1935
1578130 1926
1578140 1926
1578150 1919
1578160 1914
1578170 1914
1578180 1910
1578190 1906
1578200 1902
1578210 1902
1578220 1894
1578230 1883
1578240 1883
1578250 1871
1578260 1865
1578270 1865
1578280 1861
1578290 1857
1578300 1857
1578310 1854
1578320 1849
1578330 1849
1578340 1844
1578350 1840
1578360 1840
1578370 1838
1578380 1836
1578390 1836
1578400 1833
1578410 1831
1578420 1831
1578430 1827
1578440 1823
1578450 1823
1578460 1822
1578470 1821
1578480 1820
1578490 1820
1578500 1819
1578510 1818
1578520 1818
1578530 1816
1578540 1815
1578550 1815
1578560 1815
1578570 1816
1578580 1816
1578590 1818
1578600 1817
1578610 1817
1578620 1812
1578630 1806
1578640 1806
1578650 1799
1578660 1792
1578670 1792
1578680 1783
1578690 1769
1578700 1769
1578710 1753
1578720 1731
1578730 1715
1578740 1715
1578750 1693
1578760 1683
1578770 1683
1578780 1675
1578790 1665
1578800 1665
1578810 1656
1578820 1648
1578830 1648
1578840 1640
1578850 1632
1578860 1632
1578870 1624
1578880 1617
1578890 1617
1578900 1609
1578910 1601
1578920 1601
1578930 1593
1578940 1586
1578950 1586
1578960 1579
1578970 1573
1578980 1573
1578990 1567
1579000 1562
1579010 1558
1579020 1558
1579030 1554
1579040 1549
1579050 1549
1579060 1546
1579070 1544
1579080 1544
1579090 1543
1579100 1543
1579110 1543
1579120 1542
1579130 1542
1579140 1542
1579150 1542
1579160 1541
1579170 1541
1579180 1541
1579190 1541
1579200 1541
1579210 1541
1579220 1541
1579230 1541
1579240 1542
1579250 1544
1579260 1547
1579270 1547
1579280 1550
1579290 1554
1579300 1554
1579310 1559
1579320 1566
1579330 1566
1579340 1570
1579350 1576
1579360 1576
1579370 1580
1579380 1583
1579390 1583
1579400 1587
1579410 1590
1579420 1590
1579430 1594
1579440 1598
1579450 1598
1579460 1601
1579470 1605
1579480 1605
1579490 1608
1579500 1609
1579510 1609
1579520 1610
1579530 1614
1579540 1618
1579550 1618
1579560 1624
1579570 1629
1579580 1629
1579590 1630
1579600 1632
1579610 1632
1579620 1633
1579630 1634
1579640 1634
1579650 1635
1579660 1637
1579670 1637
1579680 1640
1579690 1641
1579700 1641
1579710 1644
1579720 1647
1579730 1647
1579740 1650
1579750 1654
1579760 1654
1579770 1658
1579780 1661
1579790 1664
1579800 1664
1579810 1665
1579820 1667
1579830 1667
1579840 1670
1579850 1672
1579860 1672
1579870 1675
1579880 1677
1579890 1677
1579900 1680
1579910 1684
1579920 1684
1579930 1688
1579940 1693
1579950 1693
1579960 1696
1579970 1699
1579980 1699
1579990 1703
