1560000 1777
1560010 1771
1560020 1771
1560030 1768
1560040 1771
1560050 1771
1560060 1772
1560070 1770
1560080 1770
1560090 1766
1560100 1762
1560110 1762
1560120 1759
1560130 1751
1560140 1745
1560150 1745
1560160 1743
1560170 1735
1560180 1735
1560190 1729
1560200 1721
1560210 1721
1560220 1714
1560230 1705
1560240 1705
1560250 1700
1560260 1696
1560270 1696
1560280 1688
1560290 1679
1560300 1679
1560310 1673
1560320 1668
1560330 1668
1560340 1664
1560350 1663
1560360 1663
1560370 1661
1560380 1659
1560390 1659
1560400 1658
1560410 1654
1560420 1645
1560430 1645
1560440 1632
1560450 1627
1560460 1627
1560470 1626
1560480 1629
1560490 1629
1560500 1630
1560510 1628
1560520 1628
1560530 1621
1560540 1611
1560550 1611
1560560 1602
1560570 1591
1560580 1591
1560590 1581
1560600 1572
1560610 1572
1560620 1563
1560630 1554
1560640 1554
1560650 1545
1560660 1537
1560670 1528
1560680 1528
1560690 1516
1560700 1504
1560710 1504
1560720 1492
1560730 1482
1560740 1482
1560750 1473
1560760 1464
1560770 1464
1560780 1456
1560790 1448
1560800 1448
1560810 1440
1560820 1433
1560830 1433
1560840 1425
1560850 1419
1560860 1419
1560870 1413
1560880 1405
1560890 1405
1560900 1398
1560910 1392
1560920 1392
1560930 1386
1560940 1380
1560950 1377
1560960 1377
1560970 1372
1560980 1367
1560990 1367
1561000 1363
1561010 1355
1561020 1355
1561030 1329
1561040 1302
1561050 1302
1561060 1283
1561070 1271
1561080 1271
1561090 1263
1561100 1255
1561110 1255
1561120 1247
1561130 1239
1561140 1239
1561150 1230
1561160 1222
1561170 1223
1561180 1214
1561190 1206
1561200 1198
1561210 1198
1561220 1191
1561230 1185
1561240 1185
1561250 1182
1561260 1181
1561270 1181
1561280 1180
1561290 1178
1561300 1178
1561310 1178
1561320 1176
1561330 1176
1561340 1176
1561350 1176
1561360 1176
1561370 1175
1561380 1175
1561390 1175
1561400 1175
1561410 1175
1561420 1175
1561430 1175
1561440 1175
1561450 1175
1561460 1176
1561470 1176
1561480 1176
1561490 1176
1561500 1176
1561510 1177
1561520 1177
1561530 1178
1561540 1179
1561550 1179
1561560 1179
1561570 1180
1561580 1180
1561590 1182
1561600 1184
1561610 1184
1561620 1185
1561630 1186
1561640 1186
1561650 1188
1561660 1190
1561670 1190
1561680 1191
1561690 1192
1561700 1192
1561710 1194
1561720 1195
1561730 1196
1561740 1196
1561750 1198
1561760 1199
1561770 1199
1561780 1203
1561790 1209
1561800 1209
1561810 1215
1561820 1221
1561830 1221
1561840 1227
1561850 1232
1561860 1232
1561870 1237
1561880 1243
1561890 1243
1561900 1248
1561910 1255
1561920 1255
1561930 1261
1561940 1267
1561950 1267
1561960 1272
1561970 1276
1561980 1276
1561990 1285
1562000 1293
1562010 1301
1562020 1301
1562030 1310
1562040 1318
1562050 1318
1562060 1328
1562070 1336
1562080 1336
1562090 1345
1562100 1353
1562110 1353
1562120 1360
1562130 1368
1562140 1368
1562150 1378
1562160 1386
1562170 1386
1562180 1392
1562190 1399
1562200 1399
1562210 1407
1562220 1414
1562230 1414
1562240 1420
1562250 1425
1562260 1432
1562270 1432
1562280 1440
1562290 1447
1562300 1447
1562310 1453
1562320 1461
1562330 1461
1562340 1469
1562350 1477
1562360 1477
1562370 1486
1562380 1495
1562390 1495
1562400 1503
1562410 1511
1562420 1511
1562430 1520
1562440 1529
1562450 1529
1562460 1537
1562470 1546
1562480 1546
1562490 1555
1562500 1563
1562510 1563
1562520 1572
1562530 1580
1562540 1588
1562550 1588
1562560 1596
1562570 1604
1562580 1604
1562590 1613
1562600 1621
1562610 1621
1562620 1629
1562630 1636
1562640 1636
1562650 1643
1562660 1650
1562670 1650
1562680 1654
1562690 1659
1562700 1659
1562710 1661
1562720 1664
1562730 1664
1562740 1666
1562750 1669
1562760 1669
1562770 1675
1562780 1686
1562790 1686
1562800 1697
1562810 1706
1562820 1708
1562830 1708
1562840 1715
1562850 1722
1562860 1722
1562870 1732
1562880 1744
1562890 1744
1562900 1757
1562910 1768
1562920 1768
1562930 1778
1562940 1789
1562950 1789
1562960 1797
1562970 1803
1562980 1803
1562990 1809
1563000 1815
1563010 1815
1563020 1820
1563030 1825
1563040 1825
1563050 1831
1563060 1840
1563070 1846
1563080 1846
1563090 1851
1563100 1858
1563110 1858
1563120 1865
1563130 1869
1563140 1869
1563150 1878
1563160 1882
1563170 1882
1563180 1887
1563190 1890
1563200 1890
1563210 1895
1563220 1901
1563230 1901
1563240 1908
1563250 1914
1563260 1914
1563270 1921
1563280 1934
1563290 1934
1563300 1950
1563310 1959
1563320 1959
1563330 1967
1563340 1975
1563350 1985
1563360 1985
1563370 1995
1563380 2003
1563390 2003
1563400 2012
1563410 2020
1563420 2020
1563430 2029
1563440 2038
1563450 2038
1563460 2046
1563470 2053
1563480 2053
1563490 2059
1563500 2068
1563510 2068
1563520 2079
1563530 2089
1563540 2089
1563550 2096
1563560 2101
1563570 2101
1563580 2108
1563590 2116
1563600 2123
1563610 2123
1563620 2131
1563630 2147
1563640 2147
1563650 2159
1563660 2170
1563670 2170
1563680 2177
1563690 2183
1563700 2183
1563710 2181
1563720 2179
1563730 2179
1563740 2178
1563750 2175
1563760 2175
1563770 2173
1563780 2170
1563790 2170
1563800 2168
1563810 2163
1563820 2163
1563830 2154
1563840 2143
1563850 2143
1563860 2136
1563870 2127
1563880 2116
1563890 2116
1563900 2103
1563910 2093
1563920 2093
1563930 2081
1563940 2071
1563950 2071
1563960 2063
1563970 2053
1563980 2053
1563990 2049
1564000 2046
1564010 2046
1564020 2041
1564030 2037
1564040 2037
1564050 2037
1564060 2040
1564070 2040
1564080 2041
1564090 2033
1564100 2033
1564110 2027
1564120 2022
1564130 2016
1564140 2016
1564150 2006
1564160 1997
1564170 1997
1564180 1988
1564190 1979
1564200 1979
1564210 1972
1564220 1968
1564230 1968
1564240 1967
1564250 1970
1564260 1970
1564270 1974
1564280 1979
1564290 1979
1564300 1977
1564310 1971
1564320 1971
1564330 1970
1564340 1969
1564350 1969
1564360 1966
1564370 1961
1564380 1961
1564390 1957
1564400 1961
1564410 1967
1564420 1967
1564430 1962
1564440 1961
1564450 1961
1564460 1960
1564470 1961
1564480 1961
1564490 1965
1564500 1961
1564510 1961
1564520 1949
1564530 1938
1564540 1938
1564550 1925
1564560 1917
1564570 1917
1564580 1911
1564590 1906
1564600 1906
1564610 1904
1564620 1900
1564630 1900
1564640 1894
1564650 1888
1564660 1879
1564670 1879
1564680 1868
1564690 1858
1564700 1858
1564710 1851
1564720 1844
1564730 1844
1564740 1835
1564750 1824
1564760 1824
1564770 1817
1564780 1808
1564790 1808
1564800 1800
1564810 1794
1564820 1794
1564830 1783
1564840 1769
1564850 1769
1564860 1758
1564870 1742
1564880 1742
1564890 1724
1564900 1707
1564910 1707
1564920 1697
1564930 1688
1564940 1678
1564950 1678
1564960 1670
1564970 1661
1564980 1661
1564990 1653
1565000 1645
1565010 1645
1565020 1638
1565030 1631
1565040 1631
1565050 1624
1565060 1617
1565070 1617
1565080 1608
1565090 1600
1565100 1600
1565110 1593
1565120 1586
1565130 1586
1565140 1580
1565150 1575
1565160 1575
1565170 1571
1565180 1568
1565190 1568
1565200 1567
1565210 1568
1565220 1569
1565230 1569
1565240 1568
1565250 1567
1565260 1567
1565270 1565
1565280 1563
1565290 1563
1565300 1557
1565310 1555
1565320 1555
1565330 1554
1565340 1550
1565350 1550
1565360 1547
1565370 1543
1565380 1543
1565390 1541
1565400 1537
1565410 1537
1565420 1534
1565430 1529
1565440 1529
1565450 1525
1565460 1520
1565470 1515
1565480 1515
1565490 1509
1565500 1504
1565510 1504
1565520 1500
1565530 1494
1565540 1494
1565550 1490
1565560 1487
1565570 1487
1565580 1481
1565590 1476
1565600 1476
1565610 1471
1565620 1465
1565630 1465
1565640 1459
1565650 1454
1565660 1454
1565670 1448
1565680 1442
1565690 1442
1565700 1437
1565710 1431
1565720 1431
1565730 1426
1565740 1422
1565750 1420
1565760 1420
1565770 1417
1565780 1413
1565790 1413
1565800 1409
1565810 1406
1565820 1406
1565830 1401
1565840 1394
1565850 1394
1565860 1386
1565870 1384
1565880 1384
1565890 1386
1565900 1384
1565910 1384
1565920 1377
1565930 1369
1565940 1369
1565950 1364
1565960 1366
1565970 1366
1565980 1369
1565990 1367
1566000 1363
1566010 1359
1566020 1355
1566030 1354
1566040 1354
1566050 1354
1566060 1353
1566070 1353
1566080 1351
1566090 1350
1566100 1350
1566110 1349
1566120 1347
1566130 1347
1566140 1346
1566150 1342
1566160 1342
1566170 1339
1566180 1340
1566190 1340
1566200 1339
1566210 1336
1566220 1336
1566230 1334
1566240 1332
1566250 1332
1566260 1330
1566270 1324
1566280 1326
1566290 1326
1566300 1327
1566310 1327
1566320 1327
1566330 1326
1566340 1325
1566350 1325
1566360 1324
1566370 1322
1566380 1322
1566390 1323
1566400 1322
1566410 1322
1566420 1323
1566430 1324
1566440 1324
1566450 1327
1566460 1330
1566470 1330
1566480 1333
1566490 1337
1566500 1337
1566510 1341
1566520 1345
1566530 1349
1566540 1349
1566550 1350
1566560 1346
1566570 1346
1566580 1341
1566590 1337
1566600 1337
1566610 1331
1566620 1326
1566630 1326
1566640 1321
1566650 1312
1566660 1312
1566670 1308
1566680 1306
1566690 1306
1566700 1308
1566710 1309
1566720 1309
1566730 1310
1566740 1313
1566750 1313
1566760 1315
1566770 1317
1566780 1317
1566790 1319
1566800 1321
1566810 1323
1566820 1323
1566830 1325
1566840 1327
1566850 1327
1566860 1329
1566870 1332
1566880 1332
1566890 1334
1566900 1336
1566910 1336
1566920 1339
1566930 1341
1566940 1341
1566950 1344
1566960 1347
1566970 1347
1566980 1349
1566990 1352
1567000 1352
1567010 1354
1567020 1357
1567030 1357
1567040 1360
1567050 1363
1567060 1367
1567070 1367
1567080 1370
1567090 1374
1567100 1374
1567110 1378
1567120 1383
1567130 1383
1567140 1389
1567150 1395
1567160 1395
1567170 1402
1567180 1408
1567190 1408
1567200 1414
1567210 1421
1567220 1421
1567230 1428
1567240 1434
1567250 1434
1567260 1440
1567270 1450
1567280 1450
1567290 1459
1567300 1466
1567310 1466
1567320 1473
1567330 1480
1567340 1488
1567350 1488
1567360 1498
1567370 1508
1567380 1508
1567390 1518
1567400 1532
1567410 1532
1567420 1545
1567430 1555
1567440 1555
1567450 1564
1567460 1573
1567470 1573
1567480 1582
1567490 1591
1567500 1591
1567510 1600
1567520 1610
1567530 1610
1567540 1619
1567550 1627
1567560 1627
1567570 1635
1567580 1644
1567590 1644
1567600 1652
1567610 1660
1567620 1669
1567630 1669
1567640 1677
1567650 1686
1567660 1686
1567670 1696
1567680 1706
1567690 1706
1567700 1715
1567710 1723
1567720 1723
1567730 1729
1567740 1734
1567750 1734
1567760 1739
1567770 1745
1567780 1745
1567790 1750
1567800 1756
1567810 1756
1567820 1762
1567830 1769
1567840 1769
1567850 1776
1567860 1784
1567870 1791
1567880 1791
1567890 1799
1567900 1807
1567910 1807
1567920 1813
1567930 1817
1567940 1817
1567950 1823
1567960 1828
1567970 1828
1567980 1834
1567990 1841
1568000 1841
1568010 1849
1568020 1857
1568030 1857
1568040 1864
1568050 1873
1568060 1873
1568070 1883
1568080 1892
1568090 1892
1568100 1902
1568110 1909
1568120 1909
1568130 1915
1568140 1923
1568150 1930
1568160 1930
1568170 1937
1568180 1942
1568190 1942
1568200 1946
1568210 1950
1568220 1950
1568230 1955
1568240 1962
1568250 1962
1568260 1968
1568270 1975
1568280 1975
1568290 1981
1568300 1986
1568310 1986
1568320 1991
1568330 1999
1568340 1999
1568350 2005
1568360 2008
1568370 2008
1568380 2011
1568390 2013
1568400 2018
1568410 2018
1568420 2023
1568430 2027
1568440 2027
1568450 2030
1568460 2035
1568470 2035
1568480 2042
1568490 2049
1568500 2049
1568510 2056
1568520 2064
1568530 2064
1568540 2069
1568550 2071
1568560 2071
1568570 2072
1568580 2073
1568590 2073
1568600 2074
1568610 2075
1568620 2075
1568630 2076
1568640 2077
1568650 2077
1568660 2078
1568670 2079
1568680 2080
1568690 2080
1568700 2083
1568710 2086
1568720 2086
1568730 2089
1568740 2092
1568750 2092
1568760 2093
1568770 2094
1568780 2094
1568790 2096
1568800 2097
1568810 2097
1568820 2098
1568830 2100
1568840 2100
1568850 2102
1568860 2104
1568870 2104
1568880 2106
1568890 2108
1568900 2108
1568910 2111
1568920 2113
1568930 2116
1568940 2116
1568950 2119
1568960 2122
1568970 2122
1568980 2125
1568990 2129
1569000 2129
1569010 2133
1569020 2136
1569030 2136
1569040 2139
1569050 2143
1569060 2143
1569070 2146
1569080 2152
1569090 2152
1569100 2156
1569110 2160
1569120 2160
1569130 2164
1569140 2169
1569150 2169
1569160 2174
1569170 2178
1569180 2178
1569190 2183
1569200 2187
1569210 2191
1569220 2191
1569230 2195
1569240 2200
1569250 2200
1569260 2205
1569270 2210
1569280 2210
1569290 2214
1569300 2218
1569310 2218
1569320 2223
1569330 2225
1569340 2225
1569350 2228
1569360 2230
1569370 2230
1569380 2230
1569390 2230
1569400 2230
1569410 2230
1569420 2231
1569430 2231
1569440 2232
1569450 2234
1569460 2234
1569470 2235
1569480 2234
1569490 2228
1569500 2228
1569510 2216
1569520 2201
1569530 2201
1569540 2192
1569550 2181
1569560 2181
1569570 2171
1569580 2165
1569590 2165
1569600 2153
1569610 2146
1569620 2146
1569630 2140
1569640 2133
1569650 2133
1569660 2127
1569670 2121
1569680 2121
1569690 2117
1569700 2115
1569710 2115
1569720 2113
1569730 2111
1569740 2107
1569750 2107
1569760 2103
1569770 2099
1569780 2099
1569790 2096
1569800 2094
1569810 2094
1569820 2092
1569830 2090
1569840 2090
1569850 2088
1569860 2085
1569870 2085
1569880 2082
1569890 2079
1569900 2079
1569910 2077
1569920 2073
1569930 2073
1569940 2070
1569950 2067
1569960 2067
1569970 2066
1569980 2064
1569990 2064
1570000 2061
1570010 2058
1570020 2055
1570030 2055
1570040 2052
1570050 2049
1570060 2049
1570070 2046
1570080 2044
1570090 2044
1570100 2043
1570110 2043
1570120 2043
1570130 2042
1570140 2041
1570150 2041
1570160 2040
1570170 2040
1570180 2040
1570190 2043
1570200 2048
1570210 2048
1570220 2051
1570230 2052
1570240 2052
1570250 2055
1570260 2058
1570270 2059
1570280 2059
1570290 2061
1570300 2063
1570310 2063
1570320 2065
1570330 2068
1570340 2068
1570350 2070
1570360 2073
1570370 2073
1570380 2077
1570390 2082
1570400 2082
1570410 2090
1570420 2101
1570430 2101
1570440 2113
1570450 2126
1570460 2126
1570470 2134
1570480 2135
1570490 2135
1570500 2135
1570510 2134
1570520 2134
1570530 2134
1570540 2136
1570550 2138
1570560 2138
1570570 2132
1570580 2140
1570590 2140
1570600 2144
1570610 2140
1570620 2140
1570630 2138
1570640 2138
1570650 2138
1570660 2136
1570670 2134
1570680 2134
1570690 2132
1570700 2125
1570710 2125
1570720 2113
1570730 2101
1570740 2101
1570750 2090
1570760 2080
1570770 2080
1570780 2073
1570790 2067
1570800 2065
1570810 2065
1570820 2062
1570830 2054
1570840 2054
1570850 2048
1570860 2045
1570870 2045
1570880 2039
1570890 2031
1570900 2031
1570910 2023
1570920 2017
1570930 2017
1570940 2011
1570950 2006
1570960 2006
1570970 1993
1570980 1984
1570990 1984
1571000 1976
1571010 1969
1571020 1969
1571030 1963
1571040 1957
1571050 1957
1571060 1950
1571070 1943
1571080 1937
1571090 1937
1571100 1931
1571110 1925
1571120 1925
1571130 1918
1571140 1911
1571150 1911
1571160 1904
1571170 1898
1571180 1898
1571190 1891
1571200 1883
1571210 1883
1571220 1876
1571230 1869
1571240 1869
1571250 1862
1571260 1859
1571270 1859
1571280 1855
1571290 1854
1571300 1854
1571310 1854
1571320 1856
1571330 1857
1571340 1857
1571350 1859
1571360 1861
1571370 1861
1571380 1863
1571390 1864
1571400 1864
1571410 1862
1571420 1860
1571430 1860
1571440 1859
1571450 1859
1571460 1859
1571470 1854
1571480 1845
1571490 1845
1571500 1836
1571510 1827
1571520 1827
1571530 1820
1571540 1812
1571550 1812
1571560 1804
1571570 1799
1571580 1799
1571590 1794
1571600 1792
1571610 1790
1571620 1790
1571630 1790
1571640 1787
1571650 1787
1571660 1783
1571670 1779
1571680 1779
1571690 1774
1571700 1769
1571710 1769
1571720 1763
1571730 1757
1571740 1757
1571750 1748
1571760 1739
1571770 1739
1571780 1732
1571790 1728
1571800 1728
1571810 1724
1571820 1720
1571830 1720
1571840 1717
1571850 1714
1571860 1714
1571870 1713
1571880 1711
1571890 1707
1571900 1707
1571910 1703
1571920 1698
1571930 1698
1571940 1693
1571950 1684
1571960 1684
1571970 1677
1571980 1670
1571990 1670
1572000 1664
1572010 1658
1572020 1658
1572030 1651
1572040 1641
1572050 1641
1572060 1635
1572070 1628
1572080 1628
1572090 1622
1572100 1617
1572110 1617
1572120 1612
1572130 1608
1572140 1604
1572150 1604
1572160 1600
1572170 1596
1572180 1596
1572190 1594
1572200 1593
1572210 1593
1572220 1592
1572230 1594
1572240 1594
1572250 1595
1572260 1595
1572270 1595
1572280 1595
1572290 1595
1572300 1595
1572310 1596
1572320 1598
1572330 1598
1572340 1600
1572350 1602
1572360 1602
1572370 1605
1572380 1610
1572390 1610
1572400 1615
1572410 1621
1572420 1626
1572430 1626
1572440 1630
1572450 1635
1572460 1635
1572470 1640
1572480 1645
1572490 1645
1572500 1650
1572510 1655
1572520 1655
1572530 1660
1572540 1666
1572550 1666
1572560 1671
1572570 1676
1572580 1676
1572590 1681
1572600 1686
1572610 1686
1572620 1691
1572630 1697
1572640 1697
1572650 1702
1572660 1707
1572670 1711
1572680 1711
1572690 1716
1572700 1721
1572710 1721
1572720 1727
1572730 1732
1572740 1732
1572750 1737
1572760 1743
1572770 1743
1572780 1748
1572790 1753
1572800 1753
1572810 1758
1572820 1763
1572830 1763
1572840 1769
1572850 1774
1572860 1774
1572870 1781
1572880 1789
1572890 1789
1572900 1796
1572910 1801
1572920 1801
1572930 1804
1572940 1809
1572950 1814
1572960 1814
1572970 1820
1572980 1829
1572990 1829
1573000 1838
1573010 1844
1573020 1844
1573030 1851
1573040 1857
1573050 1857
1573060 1864
1573070 1873
1573080 1873
1573090 1885
1573100 1895
1573110 1895
1573120 1901
1573130 1906
1573140 1906
1573150 1910
1573160 1915
1573170 1915
1573180 1920
1573190 1926
1573200 1933
1573210 1933
1573220 1940
1573230 1948
1573240 1948
1573250 1955
1573260 1962
1573270 1962
1573280 1969
1573290 1975
1573300 1975
1573310 1983
1573320 1989
1573330 1989
1573340 1995
1573350 2002
1573360 2002
1573370 2009
1573380 2016
1573390 2016
1573400 2022
1573410 2027
1573420 2027
1573430 2031
1573440 2035
1573450 2035
1573460 2040
1573470 2045
1573480 2050
1573490 2050
1573500 2056
1573510 2061
1573520 2061
1573530 2066
1573540 2072
1573550 2072
1573560 2077
1573570 2083
1573580 2083
1573590 2088
1573600 2093
1573610 2093
1573620 2098
1573630 2102
1573640 2102
1573650 2106
1573660 2111
1573670 2111
1573680 2115
1573690 2119
1573700 2119
1573710 2123
1573720 2127
1573730 2127
1573740 2131
1573750 2134
1573760 2136
1573770 2136
1573780 2138
1573790 2140
1573800 2140
1573810 2140
1573820 2139
1573830 2139
1573840 2137
1573850 2138
1573860 2138
1573870 2139
1573880 2141
1573890 2141
1573900 2142
1573910 2143
1573920 2143
1573930 2143
1573940 2143
1573950 2143
1573960 2144
1573970 2144
1573980 2144
1573990 2144
1574000 2143
1574010 2140
1574020 2140
1574030 2138
1574040 2138
1574050 2138
1574060 2137
1574070 2135
1574080 2135
1574090 2132
1574100 2129
1574110 2129
1574120 2126
1574130 2124
1574140 2124
1574150 2121
1574160 2112
1574170 2112
1574180 2100
1574190 2095
1574200 2095
1574210 2092
1574220 2090
1574230 2090
1574240 2091
1574250 2091
1574260 2091
1574270 2090
1574280 2089
1574290 2088
1574300 2088
1574310 2088
1574320 2090
1574330 2090
1574340 2093
1574350 2097
1574360 2097
1574370 2100
1574380 2103
1574390 2103
1574400 2103
1574410 2104
1574420 2104
1574430 2106
1574440 2109
1574450 2109
1574460 2111
1574470 2114
1574480 2114
1574490 2117
1574500 2119
1574510 2119
1574520 2122
1574530 2124
1574540 2124
1574550 2124
1574560 2124
1574570 2121
1574580 2121
1574590 2117
1574600 2115
1574610 2115
1574620 2114
1574630 2112
1574640 2112
1574650 2107
1574660 2104
1574670 2104
1574680 2100
1574690 2098
1574700 2098
1574710 2097
1574720 2096
1574730 2096
1574740 2093
1574750 2090
1574760 2090
1574770 2086
1574780 2083
1574790 2083
1574800 2081
1574810 2081
1574820 2081
1574830 2081
1574840 2081
1574850 2079
1574860 2079
1574870 2079
1574880 2079
1574890 2079
1574900 2081
1574910 2077
1574920 2077
1574930 2078
1574940 2080
1574950 2080
1574960 2081
1574970 2082
1574980 2082
1574990 2083
1575000 2083
1575010 2083
1575020 2082
1575030 2082
1575040 2082
1575050 2083
1575060 2085
1575070 2087
1575080 2087
1575090 2089
1575100 2090
1575110 2090
1575120 2092
1575130 2092
1575140 2092
1575150 2091
1575160 2091
1575170 2091
1575180 2092
1575190 2094
1575200 2094
1575210 2096
1575220 2098
1575230 2098
1575240 2100
1575250 2102
1575260 2102
1575270 2105
1575280 2109
1575290 2109
1575300 2113
1575310 2118
1575320 2118
1575330 2124
1575340 2130
1575350 2138
1575360 2138
1575370 2146
1575380 2157
1575390 2157
1575400 2167
1575410 2169
1575420 2169
1575430 2167
1575440 2165
1575450 2165
1575460 2166
1575470 2167
1575480 2167
1575490 2167
1575500 2167
1575510 2167
1575520 2168
1575530 2171
1575540 2171
1575550 2173
1575560 2174
1575570 2174
1575580 2175
1575590 2176
1575600 2176
1575610 2180
1575620 2185
1575630 2190
1575640 2190
1575650 2194
1575660 2199
1575670 2199
1575680 2208
1575690 2219
1575700 2219
1575710 2230
1575720 2239
1575730 2239
1575740 2251
1575750 2264
1575760 2264
1575770 2274
1575780 2271
1575790 2271
1575800 2257
1575810 2243
1575820 2243
1575830 2223
1575840 2214
1575850 2214
1575860 2209
1575870 2205
1575880 2202
1575890 2202
1575900 2200
1575910 2201
1575920 2201
1575930 2203
1575940 2203
1575950 2203
1575960 2202
1575970 2205
1575980 2205
1575990 2206
1576000 2206
1576010 2206
1576020 2207
1576030 2208
1576040 2208
1576050 2207
1576060 2203
1576070 2203
1576080 2189
1576090 2184
1576100 2184
1576110 2181
1576120 2179
1576130 2179
1576140 2178
1576150 2178
1576160 2178
1576170 2178
1576180 2178
1576190 2178
1576200 2178
1576210 2178
1576220 2178
1576230 2178
1576240 2177
1576250 2175
1576260 2175
1576270 2171
1576280 2167
1576290 2167
1576300 2163
1576310 2160
1576320 2160
1576330 2153
1576340 2143
1576350 2143
1576360 2132
1576370 2124
1576380 2124
1576390 2116
1576400 2103
1576410 2090
1576420 2090
1576430 2082
1576440 2075
1576450 2075
1576460 2069
1576470 2062
1576480 2062
1576490 2055
1576500 2047
1576510 2047
1576520 2037
1576530 2029
1576540 2029
1576550 2023
1576560 2020
1576570 2020
1576580 2017
1576590 2014
1576600 2014
1576610 2011
1576620 2009
1576630 2009
1576640 2008
1576650 2008
1576660 2008
1576670 2010
1576680 2010
1576690 2008
1576700 2008
1576710 2006
1576720 2004
1576730 2004
1576740 2004
1576750 2004
1576760 2004
1576770 2004
1576780 2004
1576790 2004
1576800 2004
1576810 2004
1576820 2004
1576830 2004
1576840 2004
1576850 2004
1576860 2004
1576870 2004
1576880 2004
1576890 2004
1576900 2004
1576910 2004
1576920 2004
1576930 2004
1576940 2004
1576950 2004
1576960 2004
1576970 2004
1576980 2004
1576990 2004
1577000 2004
1577010 2004
1577020 2004
1577030 2004
1577040 2004
1577050 2004
1577060 2004
1577070 2004
1577080 2003
1577090 2004
1577100 2004
1577110 2005
1577120 2006
1577130 2006
1577140 2009
1577150 2010
1577160 2010
1577170 2010
1577180 2009
1577190 2009
1577200 2009
1577210 2009
1577220 2010
1577230 2010
1577240 2008
1577250 1997
1577260 1997
1577270 1987
1577280 1981
1577290 1981
1577300 1976
1577310 1970
1577320 1970
1577330 1963
1577340 1956
1577350 1956
1577360 1947
1577370 1936
1577380 1936
1577390 1927
1577400 1920
1577410 1920
1577420 1915
1577430 1912
1577440 1912
1577450 1909
1577460 1905
1577470 1900
1577480 1900
1577490 1890
1577500 1884
1577510 1884
1577520 1883
1577530 1881
1577540 1881
1577550 1878
1577560 1877
1577570 1877
1577580 1876
1577590 1876
1577600 1876
1577610 1875
1577620 1872
1577630 1872
1577640 1871
1577650 1870
1577660 1870
1577670 1869
1577680 1867
1577690 1870
1577700 1868
1577710 1866
1577720 1866
1577730 1865
1577740 1862
1577750 1860
1577760 1860
1577770 1858
1577780 1854
1577790 1854
1577800 1852
1577810 1849
1577820 1849
1577830 1847
1577840 1844
1577850 1844
1577860 1841
1577870 1838
1577880 1838
1577890 1836
1577900 1835
1577910 1835
1577920 1833
1577930 1830
1577940 1830
1577950 1827
1577960 1827
1577970 1827
1577980 1827
1577990 1827
1578000 1827
1578010 1825
1578020 1823
1578030 1822
1578040 1822
1578050 1821
1578060 1823
1578070 1823
1578080 1824
1578090 1825
1578100 1825
1578110 1827
1578120 1828
1578130 1828
1578140 1829
1578150 1831
1578160 1831
1578170 1831
1578180 1829
1578190 1829
1578200 1826
1578210 1825
1578220 1825
1578230 1825
1578240 1825
1578250 1825
1578260 1825
1578270 1823
1578280 1823
1578290 1823
1578300 1823
1578310 1823
1578320 1823
1578330 1823
1578340 1823
1578350 1823
1578360 1821
1578370 1817
1578380 1817
1578390 1815
1578400 1812
1578410 1812
1578420 1810
1578430 1807
1578440 1807
1578450 1806
1578460 1807
1578470 1807
1578480 1807
1578490 1808
1578500 1808
1578510 1800
1578520 1780
1578530 1780
1578540 1763
1578550 1745
1578560 1738
1578570 1738
1578580 1732
1578590 1726
1578600 1726
1578610 1722
1578620 1720
1578630 1720
1578640 1718
1578650 1715
1578660 1715
1578670 1711
1578680 1707
1578690 1707
1578700 1701
1578710 1698
1578720 1698
1578730 1695
1578740 1693
1578750 1693
1578760 1688
1578770 1680
1578780 1680
1578790 1669
1578800 1661
1578810 1655
1578820 1655
1578830 1652
1578840 1644
1578850 1644
1578860 1636
1578870 1630
1578880 1630
1578890 1624
1578900 1619
1578910 1619
1578920 1614
1578930 1609
1578940 1609
1578950 1604
1578960 1598
1578970 1598
1578980 1594
1578990 1591
1579000 1591
1579010 1588
1579020 1580
1579030 1580
1579040 1577
1579050 1580
1579060 1580
1579070 1581
1579080 1582
1579090 1582
1579100 1582
1579110 1581
1579120 1581
1579130 1581
1579140 1581
1579150 1583
1579160 1583
1579170 1587
1579180 1591
1579190 1591
1579200 1594
1579210 1597
1579220 1597
1579230 1598
1579240 1600
1579250 1600
1579260 1607
1579270 1613
1579280 1613
1579290 1619
1579300 1625
1579310 1625
1579320 1629
1579330 1633
1579340 1638
1579350 1638
1579360 1641
1579370 1645
1579380 1645
1579390 1649
1579400 1654
1579410 1654
1579420 1657
1579430 1662
1579440 1662
1579450 1666
1579460 1670
1579470 1670
1579480 1675
1579490 1680
1579500 1680
1579510 1687
1579520 1693
1579530 1693
1579540 1699
1579550 1706
1579560 1706
1579570 1711
1579580 1715
1579590 1715
1579600 1718
1579610 1721
1579620 1724
1579630 1724
1579640 1726
1579650 1728
1579660 1728
1579670 1732
1579680 1735
1579690 1735
1579700 1738
1579710 1742
1579720 1742
1579730 1744
1579740 1745
1579750 1745
1579760 1744
1579770 1743
1579780 1743
1579790 1740
1579800 1739
1579810 1739
1579820 1739
1579830 1738
1579840 1738
1579850 1737
1579860 1736
1579870 1735
1579880 1735
1579890 1735
1579900 1735
1579910 1735
1579920 1735
1579930 1733
1579940 1733
1579950 1731
1579960 1727
1579970 1727
1579980 1724
1579990 1721
