1560000 1453
1560010 1450
1560020 1450
1560030 1449
1560040 1447
1560050 1444
1560060 1444
1560070 1442
1560080 1438
1560090 1438
1560100 1437
1560110 1433
1560120 1433
1560130 1430
1560140 1425
1560150 1425
1560160 1422
1560170 1420
1560180 1420
1560190 1415
1560200 1409
1560210 1409
1560220 1402
1560230 1395
1560240 1395
1560250 1389
1560260 1382
1560270 1382
1560280 1378
1560290 1372
1560300 1366
1560310 1366
1560320 1362
1560330 1359
1560340 1359
1560350 1355
1560360 1351
1560370 1351
1560380 1346
1560390 1341
1560400 1341
1560410 1338
1560420 1337
1560430 1337
1560440 1336
1560450 1336
1560460 1336
1560470 1335
1560480 1335
1560490 1335
1560500 1333
1560510 1327
1560520 1327
1560530 1325
1560540 1322
1560550 1322
1560560 1319
1560570 1315
1560580 1312
1560590 1312
1560600 1310
1560610 1309
1560620 1309
1560630 1308
1560640 1306
1560650 1306
1560660 1304
1560670 1302
1560680 1302
1560690 1298
1560700 1295
1560710 1295
1560720 1293
1560730 1294
1560740 1294
1560750 1293
1560760 1291
1560770 1291
1560780 1287
1560790 1285
1560800 1285
1560810 1282
1560820 1280
1560830 1280
1560840 1278
1560850 1274
1560860 1270
1560870 1270
1560880 1267
1560890 1264
1560900 1264
1560910 1260
1560920 1257
1560930 1257
1560940 1253
1560950 1248
1560960 1248
1560970 1245
1560980 1242
1560990 1242
1561000 1240
1561010 1238
1561020 1238
1561030 1236
1561040 1234
1561050 1234
1561060 1232
1561070 1231
1561080 1231
1561090 1229
1561100 1228
1561110 1226
1561120 1226
1561130 1224
1561140 1223
1561150 1223
1561160 1221
1561170 1221
1561180 1221
1561190 1220
1561200 1219
1561210 1219
1561220 1217
1561230 1215
1561240 1215
1561250 1214
1561260 1213
1561270 1213
1561280 1212
1561290 1211
1561300 1211
1561310 1210
1561320 1209
1561330 1209
1561340 1208
1561350 1206
1561360 1206
1561370 1203
1561380 1203
1561390 1200
1561400 1200
1561410 1199
1561420 1197
1561430 1197
1561440 1195
1561450 1194
1561460 1194
1561470 1191
1561480 1189
1561490 1189
1561500 1188
1561510 1186
1561520 1186
1561530 1185
1561540 1184
1561550 1184
1561560 1183
1561570 1182
1561580 1182
1561590 1181
1561600 1179
1561610 1179
1561620 1176
1561630 1174
1561640 1174
1561650 1173
1561660 1172
1561670 1172
1561680 1172
1561690 1172
1561700 1171
1561710 1171
1561720 1169
1561730 1168
1561740 1168
1561750 1167
1561760 1166
1561770 1166
1561780 1166
1561790 1165
1561800 1165
1561810 1165
1561820 1164
1561830 1164
1561840 1163
1561850 1162
1561860 1162
1561870 1162
1561880 1161
1561890 1161
1561900 1160
1561910 1159
1561920 1158
1561930 1158
1561940 1157
1561950 1156
1561960 1156
1561970 1156
1561980 1158
1561990 1158
1562000 1158
1562010 1157
1562020 1157
1562030 1156
1562040 1154
1562050 1154
1562060 1156
1562070 1160
1562080 1160
1562090 1162
1562100 1164
1562110 1164
1562120 1165
1562130 1166
1562140 1166
1562150 1168
1562160 1169
1562170 1169
1562180 1170
1562190 1172
1562200 1173
1562210 1173
1562220 1176
1562230 1179
1562240 1179
1562250 1182
1562260 1185
1562270 1185
1562280 1189
1562290 1192
1562300 1192
1562310 1195
1562320 1199
1562330 1199
1562340 1202
1562350 1206
1562360 1206
1562370 1210
1562380 1214
1562390 1214
1562400 1218
1562410 1221
1562420 1221
1562430 1225
1562440 1230
1562450 1230
1562460 1235
1562470 1240
1562480 1246
1562490 1246
1562500 1254
1562510 1262
1562520 1262
1562530 1271
1562540 1279
1562550 1279
1562560 1287
1562570 1296
1562580 1296
1562590 1304
1562600 1310
1562610 1310
1562620 1316
1562630 1321
1562640 1321
1562650 1324
1562660 1327
1562670 1327
1562680 1331
1562690 1335
1562700 1335
1562710 1341
1562720 1347
1562730 1353
1562740 1353
1562750 1358
1562760 1364
1562770 1364
1562780 1369
1562790 1374
1562800 1374
1562810 1378
1562820 1383
1562830 1383
1562840 1390
1562850 1399
1562860 1399
1562870 1407
1562880 1416
1562890 1416
1562900 1424
1562910 1433
1562920 1433
1562930 1439
1562940 1445
1562950 1445
1562960 1452
1562970 1459
1562980 1459
1562990 1467
1563000 1474
1563010 1482
1563020 1479
1563030 1487
1563040 1495
1563050 1495
1563060 1503
1563070 1511
1563080 1511
1563090 1521
1563100 1530
1563110 1530
1563120 1537
1563130 1545
1563140 1545
1563150 1553
1563160 1561
1563170 1561
1563180 1570
1563190 1578
1563200 1578
1563210 1588
1563220 1596
1563230 1596
1563240 1605
1563250 1614
1563260 1624
1563270 1624
1563280 1634
1563290 1643
1563300 1643
1563310 1653
1563320 1662
1563330 1662
1563340 1667
1563350 1674
1563360 1674
1563370 1682
1563380 1689
1563390 1689
1563400 1695
1563410 1702
1563420 1702
1563430 1710
1563440 1716
1563450 1716
1563460 1723
1563470 1731
1563480 1731
1563490 1738
1563500 1743
1563510 1743
1563520 1749
1563530 1754
1563540 1760
1563550 1760
1563560 1766
1563570 1772
1563580 1772
1563590 1779
1563600 1786
1563610 1786
1563620 1798
1563630 1809
1563640 1809
1563650 1819
1563660 1827
1563670 1827
1563680 1829
1563690 1828
1563700 1828
1563710 1827
1563720 1824
1563730 1824
1563740 1819
1563750 1816
1563760 1816
1563770 1815
1563780 1816
1563790 1816
1563800 1815
1563810 1812
1563820 1808
1563830 1808
1563840 1805
1563850 1802
1563860 1802
1563870 1800
1563880 1796
1563890 1796
1563900 1791
1563910 1785
1563920 1785
1563930 1781
1563940 1775
1563950 1775
1563960 1768
1563970 1766
1563980 1766
1563990 1763
1564000 1760
1564010 1760
1564020 1755
1564030 1754
1564040 1754
1564050 1749
1564060 1740
1564070 1731
1564080 1731
1564090 1725
1564100 1717
1564110 1717
1564120 1708
1564130 1698
1564140 1698
1564150 1688
1564160 1680
1564170 1680
1564180 1672
1564190 1665
1564200 1665
1564210 1657
1564220 1647
1564230 1647
1564240 1638
1564250 1632
1564260 1632
1564270 1625
1564280 1618
1564290 1618
1564300 1610
1564310 1603
1564320 1603
1564330 1596
1564340 1588
1564350 1579
1564360 1579
1564370 1570
1564380 1562
1564390 1562
1564400 1552
1564410 1543
1564420 1543
1564430 1534
1564440 1526
1564450 1526
1564460 1518
1564470 1509
1564480 1509
1564490 1501
1564500 1491
1564510 1491
1564520 1482
1564530 1475
1564540 1475
1564550 1470
1564560 1465
1564570 1465
1564580 1458
1564590 1454
1564600 1454
1564610 1448
1564620 1443
1564630 1433
1564640 1433
1564650 1428
1564660 1422
1564670 1422
1564680 1416
1564690 1410
1564700 1410
1564710 1403
1564720 1396
1564730 1396
1564740 1393
1564750 1389
1564760 1389
1564770 1383
1564780 1377
1564790 1377
1564800 1371
1564810 1366
1564820 1366
1564830 1361
1564840 1354
1564850 1354
1564860 1346
1564870 1339
1564880 1330
1564890 1330
1564900 1322
1564910 1319
1564920 1319
1564930 1320
1564940 1320
1564950 1320
1564960 1317
1564970 1313
1564980 1313
1564990 1308
1565000 1304
1565010 1304
1565020 1299
1565030 1294
1565040 1294
1565050 1289
1565060 1283
1565070 1283
1565080 1278
1565090 1273
1565100 1273
1565110 1269
1565120 1267
1565130 1267
1565140 1266
1565150 1264
1565160 1263
1565170 1263
1565180 1263
1565190 1263
1565200 1263
1565210 1261
1565220 1259
1565230 1259
1565240 1257
1565250 1256
1565260 1256
1565270 1255
1565280 1253
1565290 1253
1565300 1251
1565310 1249
1565320 1249
1565330 1247
1565340 1245
1565350 1245
1565360 1244
1565370 1242
1565380 1242
1565390 1242
1565400 1242
1565410 1242
1565420 1242
1565430 1243
1565440 1243
1565450 1243
1565460 1244
1565470 1244
1565480 1244
1565490 1243
1565500 1244
1565510 1244
1565520 1252
1565530 1256
1565540 1256
1565550 1259
1565560 1262
1565570 1262
1565580 1265
1565590 1269
1565600 1269
1565610 1271
1565620 1273
1565630 1273
1565640 1274
1565650 1275
1565660 1275
1565670 1278
1565680 1281
1565690 1286
1565700 1286
1565710 1292
1565720 1296
1565730 1296
1565740 1301
1565750 1307
1565760 1307
1565770 1314
1565780 1320
1565790 1320
1565800 1324
1565810 1330
1565820 1330
1565830 1335
1565840 1343
1565850 1343
1565860 1350
1565870 1357
1565880 1357
1565890 1365
1565900 1373
1565910 1373
1565920 1382
1565930 1392
1565940 1392
1565950 1402
1565960 1410
1565970 1417
1565980 1417
1565990 1424
1566000 1429
1566010 1429
1566020 1435
1566030 1442
1566040 1442
1566050 1450
1566060 1452
1566070 1452
1566080 1454
1566090 1464
1566100 1464
1566110 1478
1566120 1485
1566130 1485
1566140 1489
1566150 1488
1566160 1488
1566170 1489
1566180 1487
1566190 1487
1566200 1487
1566210 1501
1566220 1501
1566230 1503
1566240 1504
1566250 1508
1566260 1508
1566270 1517
1566280 1526
1566290 1526
1566300 1536
1566310 1545
1566320 1545
1566330 1552
1566340 1560
1566350 1560
1566360 1570
1566370 1579
1566380 1579
1566390 1587
1566400 1596
1566410 1596
1566420 1603
1566430 1611
1566440 1611
1566450 1618
1566460 1625
1566470 1625
1566480 1632
1566490 1640
1566500 1648
1566510 1648
1566520 1656
1566530 1663
1566540 1663
1566550 1670
1566560 1676
1566570 1676
1566580 1682
1566590 1688
1566600 1688
1566610 1695
1566620 1702
1566630 1702
1566640 1708
1566650 1715
1566660 1715
1566670 1722
1566680 1729
1566690 1729
1566700 1735
1566710 1742
1566720 1742
1566730 1747
1566740 1753
1566750 1753
1566760 1758
1566770 1763
1566780 1769
1566790 1769
1566800 1775
1566810 1782
1566820 1782
1566830 1788
1566840 1794
1566850 1794
1566860 1799
1566870 1804
1566880 1804
1566890 1808
1566900 1811
1566910 1811
1566920 1814
1566930 1815
1566940 1815
1566950 1816
1566960 1816
1566970 1816
1566980 1817
1566990 1819
1567000 1819
1567010 1822
1567020 1829
1567030 1836
1567040 1836
1567050 1842
1567060 1845
1567070 1845
1567080 1849
1567090 1853
1567100 1853
1567110 1857
1567120 1856
1567130 1856
1567140 1854
1567150 1854
1567160 1854
1567170 1856
1567180 1860
1567190 1860
1567200 1863
1567210 1865
1567220 1865
1567230 1868
1567240 1868
1567250 1868
1567260 1869
1567270 1870
1567280 1870
1567290 1873
1567300 1877
1567310 1880
1567320 1880
1567330 1881
1567340 1884
1567350 1884
1567360 1888
1567370 1889
1567380 1889
1567390 1888
1567400 1887
1567410 1887
1567420 1884
1567430 1881
1567440 1881
1567450 1880
1567460 1882
1567470 1882
1567480 1881
1567490 1881
1567500 1881
1567510 1880
1567520 1879
1567530 1879
1567540 1876
1567550 1873
1567560 1873
1567570 1870
1567580 1869
1567590 1869
1567600 1869
1567610 1870
1567620 1872
1567630 1872
1567640 1874
1567650 1880
1567660 1880
1567670 1885
1567680 1893
1567690 1893
1567700 1901
1567710 1905
1567720 1905
1567730 1910
1567740 1916
1567750 1921
1567760 1928
1567770 1933
1567780 1933
1567790 1938
1567800 1944
1567810 1944
1567820 1950
1567830 1957
1567840 1964
1567850 1964
1567860 1965
1567870 1968
1567880 1968
1567890 1978
1567900 1984
1567910 1984
1567920 1989
1567930 1994
1567940 1994
1567950 2000
1567960 2006
1567970 2006
1567980 2009
1567990 2014
1568000 2014
1568010 2023
1568020 2030
1568030 2030
1568040 2036
1568050 2041
1568060 2041
1568070 2042
1568080 2045
1568090 2045
1568100 2052
1568110 2058
1568120 2063
1568130 2063
1568140 2069
1568150 2075
1568160 2075
1568170 2079
1568180 2078
1568190 2078
1568200 2082
1568210 2090
1568220 2090
1568230 2095
1568240 2100
1568250 2100
1568260 2108
1568270 2117
1568280 2117
1568290 2124
1568300 2129
1568310 2129
1568320 2135
1568330 2141
1568340 2141
1568350 2148
1568360 2156
1568370 2156
1568380 2163
1568390 2171
1568400 2178
1568410 2178
1568420 2184
1568430 2191
1568440 2191
1568450 2184
1568460 2172
1568470 2172
1568480 2161
1568490 2154
1568500 2154
1568510 2144
1568520 2135
1568530 2135
1568540 2127
1568550 2113
1568560 2113
1568570 2096
1568580 2083
1568590 2083
1568600 2075
1568610 2071
1568620 2071
1568630 2066
1568640 2062
1568650 2058
1568660 2058
1568670 2054
1568680 2051
1568690 2051
1568700 2048
1568710 2045
1568720 2045
1568730 2043
1568740 2042
1568750 2042
1568760 2041
1568770 2039
1568780 2039
1568790 2037
1568800 2036
1568810 2036
1568820 2035
1568830 2034
1568840 2034
1568850 2033
1568860 2031
1568870 2031
1568880 2031
1568890 2031
1568900 2031
1568910 2031
1568920 2031
1568930 2031
1568940 2031
1568950 2031
1568960 2031
1568970 2031
1568980 2031
1568990 2031
1569000 2031
1569010 2033
1569020 2036
1569030 2036
1569040 2040
1569050 2042
1569060 2042
1569070 2044
1569080 2042
1569090 2042
1569100 2039
1569110 2038
1569120 2038
1569130 2038
1569140 2040
1569150 2040
1569160 2042
1569170 2042
1569180 2042
1569190 2040
1569200 2038
1569210 2036
1569220 2036
1569230 2032
1569240 2019
1569250 2019
1569260 2009
1569270 1998
1569280 1998
1569290 1992
1569300 1987
1569310 1987
1569320 1982
1569330 1978
1569340 1978
1569350 1976
1569360 1973
1569370 1973
1569380 1969
1569390 1961
1569400 1961
1569410 1954
1569420 1947
1569430 1947
1569440 1940
1569450 1933
1569460 1925
1569470 1925
1569480 1917
1569490 1910
1569500 1910
1569510 1902
1569520 1895
1569530 1895
1569540 1889
1569550 1885
1569560 1885
1569570 1883
1569580 1882
1569590 1882
1569600 1880
1569610 1877
1569620 1877
1569630 1876
1569640 1873
1569650 1873
1569660 1869
1569670 1863
1569680 1863
1569690 1853
1569700 1840
1569710 1840
1569720 1835
1569730 1839
1569740 1835
1569750 1835
1569760 1828
1569770 1821
1569780 1821
1569790 1811
1569800 1803
1569810 1803
1569820 1802
1569830 1798
1569840 1798
1569850 1794
1569860 1787
1569870 1787
1569880 1789
1569890 1793
1569900 1793
1569910 1799
1569920 1805
1569930 1805
1569940 1810
1569950 1816
1569960 1816
1569970 1823
1569980 1829
1569990 1829
1570000 1834
1570010 1835
1570020 1835
1570030 1835
1570040 1834
1570050 1833
1570060 1833
1570070 1831
1570080 1830
1570090 1830
1570100 1829
1570110 1829
1570120 1829
1570130 1829
1570140 1832
1570150 1832
1570160 1833
1570170 1834
1570180 1834
1570190 1832
1570200 1832
1570210 1832
1570220 1834
1570230 1834
1570240 1834
1570250 1836
1570260 1838
1570270 1840
1570280 1840
1570290 1843
1570300 1849
1570310 1849
1570320 1853
1570330 1856
1570340 1856
1570350 1861
1570360 1866
1570370 1866
1570380 1862
1570390 1853
1570400 1853
1570410 1842
1570420 1829
1570430 1829
1570440 1815
1570450 1802
1570460 1802
1570470 1795
1570480 1788
1570490 1788
1570500 1781
1570510 1775
1570520 1775
1570530 1769
1570540 1764
1570550 1762
1570560 1762
1570570 1760
1570580 1758
1570590 1758
1570600 1755
1570610 1753
1570620 1753
1570630 1752
1570640 1749
1570650 1749
1570660 1749
1570670 1750
1570680 1750
1570690 1752
1570700 1753
1570710 1753
1570720 1756
1570730 1758
1570740 1758
1570750 1757
1570760 1750
1570770 1750
1570780 1745
1570790 1741
1570800 1741
1570810 1734
1570820 1729
1570830 1723
1570840 1723
1570850 1717
1570860 1713
1570870 1713
1570880 1708
1570890 1704
1570900 1704
1570910 1701
1570920 1697
1570930 1697
1570940 1693
1570950 1688
1570960 1688
1570970 1684
1570980 1679
1570990 1679
1571000 1674
1571010 1671
1571020 1671
1571030 1668
1571040 1666
1571050 1666
1571060 1664
1571070 1661
1571080 1658
1571090 1658
1571100 1654
1571110 1650
1571120 1650
1571130 1645
1571140 1640
1571150 1640
1571160 1635
1571170 1630
1571180 1630
1571190 1626
1571200 1621
1571210 1621
1571220 1615
1571230 1608
1571240 1608
1571250 1603
1571260 1595
1571270 1595
1571280 1587
1571290 1580
1571300 1580
1571310 1577
1571320 1573
1571330 1573
1571340 1572
1571350 1572
1571360 1569
1571370 1569
1571380 1564
1571390 1558
1571400 1558
1571410 1552
1571420 1547
1571430 1547
1571440 1543
1571450 1539
1571460 1539
1571470 1535
1571480 1531
1571490 1531
1571500 1527
1571510 1523
1571520 1523
1571530 1519
1571540 1515
1571550 1515
1571560 1511
1571570 1510
1571580 1510
1571590 1510
1571600 1509
1571610 1509
1571620 1509
1571630 1509
1571640 1509
1571650 1509
1571660 1509
1571670 1508
1571680 1508
1571690 1510
1571700 1512
1571710 1512
1571720 1514
1571730 1515
1571740 1515
1571750 1517
1571760 1520
1571770 1520
1571780 1522
1571790 1524
1571800 1524
1571810 1528
1571820 1532
1571830 1532
1571840 1537
1571850 1541
1571860 1541
1571870 1547
1571880 1553
1571890 1560
1571900 1560
1571910 1566
1571920 1572
1571930 1572
1571940 1577
1571950 1582
1571960 1582
1571970 1588
1571980 1596
1571990 1596
1572000 1603
1572010 1610
1572020 1610
1572030 1618
1572040 1625
1572050 1625
1572060 1633
1572070 1640
1572080 1640
1572090 1646
1572100 1652
1572110 1652
1572120 1660
1572130 1668
1572140 1668
1572150 1675
1572160 1683
1572170 1692
1572180 1692
1572190 1699
1572200 1706
1572210 1706
1572220 1715
1572230 1730
1572240 1730
1572250 1739
1572260 1746
1572270 1746
1572280 1752
1572290 1757
1572300 1757
1572310 1763
1572320 1771
1572330 1771
1572340 1779
1572350 1787
1572360 1787
1572370 1796
1572380 1804
1572390 1804
1572400 1812
1572410 1819
1572420 1827
1572430 1827
1572440 1836
1572450 1846
1572460 1846
1572470 1856
1572480 1866
1572490 1866
1572500 1873
1572510 1881
1572520 1881
1572530 1886
1572540 1891
1572550 1891
1572560 1895
1572570 1898
1572580 1898
1572590 1903
1572600 1908
1572610 1908
1572620 1912
1572630 1916
1572640 1916
1572650 1920
1572660 1927
1572670 1927
1572680 1935
1572690 1944
1572700 1952
1572710 1952
1572720 1959
1572730 1966
1572740 1966
1572750 1973
1572760 1979
1572770 1979
1572780 1986
1572790 1991
1572800 1991
1572810 1995
1572820 2001
1572830 2001
1572840 2007
1572850 2013
1572860 2013
1572870 2019
1572880 2025
1572890 2025
1572900 2031
1572910 2036
1572920 2036
1572930 2042
1572940 2049
1572950 2049
1572960 2055
1572970 2061
1572980 2067
1572990 2067
1573000 2073
1573010 2077
1573020 2077
1573030 2082
1573040 2088
1573050 2088
1573060 2093
1573070 2098
1573080 2098
1573090 2104
1573100 2109
1573110 2109
1573120 2115
1573130 2120
1573140 2120
1573150 2125
1573160 2131
1573170 2131
1573180 2136
1573190 2141
1573200 2141
1573210 2147
1573220 2152
1573230 2142
1573240 2142
1573250 2130
1573260 2120
1573270 2120
1573280 2108
1573290 2092
1573300 2092
1573310 2074
1573320 2066
1573330 2066
1573340 2059
1573350 2053
1573360 2053
1573370 2046
1573380 2040
1573390 2040
1573400 2033
1573410 2027
1573420 2027
1573430 2022
1573440 2017
1573450 2017
1573460 2012
1573470 2009
1573480 2009
1573490 2007
1573500 2008
1573510 2008
1573520 2008
1573530 2008
1573540 2006
1573550 2006
1573560 2005
1573570 2003
1573580 2003
1573590 2001
1573600 2000
1573610 2000
1573620 1999
1573630 2000
1573640 2000
1573650 2000
1573660 2001
1573670 1999
1573680 2000
1573690 2000
1573700 2000
1573710 2001
1573720 2002
1573730 2002
1573740 2002
1573750 2003
1573760 2003
1573770 2004
1573780 2002
1573790 2000
1573800 2000
1573810 2001
1573820 2000
1573830 2000
1573840 2000
1573850 1999
1573860 1999
1573870 1995
1573880 1995
1573890 1995
1573900 1996
1573910 1996
1573920 1996
1573930 1998
1573940 1999
1573950 1999
1573960 1999
1573970 1996
1573980 1996
1573990 1990
1574000 1988
1574010 1988
1574020 1983
1574030 1978
1574040 1971
1574050 1971
1574060 1964
1574070 1962
1574080 1962
1574090 1965
1574100 1962
1574110 1962
1574120 1959
1574130 1955
1574140 1955
1574150 1951
1574160 1944
1574170 1944
1574180 1942
1574190 1938
1574200 1938
1574210 1930
1574220 1920
1574230 1920
1574240 1912
1574250 1907
1574260 1907
1574270 1905
1574280 1902
1574290 1902
1574300 1900
1574310 1898
1574320 1896
1574330 1896
1574340 1901
1574350 1905
1574360 1905
1574370 1906
1574380 1904
1574390 1904
1574400 1898
1574410 1888
1574420 1888
1574430 1882
1574440 1881
1574450 1881
1574460 1885
1574470 1892
1574480 1892
1574490 1899
1574500 1901
1574510 1901
1574520 1899
1574530 1900
1574540 1900
1574550 1900
1574560 1891
1574570 1891
1574580 1886
1574590 1887
1574600 1883
1574610 1883
1574620 1881
1574630 1880
1574640 1880
1574650 1877
1574660 1877
1574670 1877
1574680 1878
1574690 1878
1574700 1878
1574710 1877
1574720 1876
1574730 1876
1574740 1875
1574750 1873
1574760 1873
1574770 1874
1574780 1872
1574790 1872
1574800 1872
1574810 1874
1574820 1874
1574830 1876
1574840 1878
1574850 1879
1574860 1879
1574870 1883
1574880 1882
1574890 1882
1574900 1879
1574910 1872
1574920 1872
1574930 1868
1574940 1863
1574950 1863
1574960 1859
1574970 1855
1574980 1855
1574990 1849
1575000 1845
1575010 1845
1575020 1844
1575030 1844
1575040 1844
1575050 1848
1575060 1851
1575070 1851
1575080 1854
1575090 1850
1575100 1850
1575110 1850
1575120 1848
1575130 1843
1575140 1843
1575150 1839
1575160 1836
1575170 1836
1575180 1836
1575190 1834
1575200 1834
1575210 1832
1575220 1833
1575230 1833
1575240 1829
1575250 1828
1575260 1828
1575270 1825
1575280 1811
1575290 1811
1575300 1804
1575310 1801
1575320 1801
1575330 1800
1575340 1800
1575350 1800
1575360 1801
1575370 1800
1575380 1800
1575390 1799
1575400 1799
1575410 1801
1575420 1801
1575430 1802
1575440 1804
1575450 1804
1575460 1807
1575470 1808
1575480 1808
1575490 1808
1575500 1808
1575510 1808
1575520 1808
1575530 1809
1575540 1809
1575550 1816
1575560 1820
1575570 1820
1575580 1823
1575590 1828
1575600 1828
1575610 1833
1575620 1838
1575630 1838
1575640 1845
1575650 1856
1575660 1865
1575670 1865
1575680 1872
1575690 1878
1575700 1878
1575710 1884
1575720 1888
1575730 1888
1575740 1893
1575750 1902
1575760 1902
1575770 1907
1575780 1908
1575790 1908
1575800 1908
1575810 1910
1575820 1910
1575830 1917
1575840 1926
1575850 1926
1575860 1933
1575870 1934
1575880 1934
1575890 1934
1575900 1940
1575910 1940
1575920 1947
1575930 1954
1575940 1962
1575950 1962
1575960 1974
1575970 1986
1575980 1986
1575990 1983
1576000 1981
1576010 1981
1576020 1977
1576030 1972
1576040 1972
1576050 1970
1576060 1968
1576070 1968
1576080 1964
1576090 1961
1576100 1961
1576110 1960
1576120 1959
1576130 1959
1576140 1960
1576150 1962
1576160 1962
1576170 1956
1576180 1946
1576190 1933
1576200 1933
1576210 1922
1576220 1911
1576230 1911
1576240 1904
1576250 1894
1576260 1894
1576270 1889
1576280 1892
1576290 1892
1576300 1893
1576310 1885
1576320 1885
1576330 1880
1576340 1879
1576350 1879
1576360 1875
1576370 1872
1576380 1872
1576390 1868
1576400 1866
1576410 1866
1576420 1866
1576430 1866
1576440 1866
1576450 1866
1576460 1867
1576470 1864
1576480 1864
1576490 1848
1576500 1844
1576510 1844
1576520 1844
1576530 1844
1576540 1844
1576550 1844
1576560 1847
1576570 1847
1576580 1850
1576590 1852
1576600 1852
1576610 1855
1576620 1861
1576630 1861
1576640 1867
1576650 1872
1576660 1872
1576670 1878
1576680 1886
1576690 1886
1576700 1892
1576710 1897
1576720 1897
1576730 1903
1576740 1909
1576750 1916
1576760 1916
1576770 1920
1576780 1926
1576790 1926
1576800 1933
1576810 1940
1576820 1940
1576830 1948
1576840 1958
1576850 1958
1576860 1967
1576870 1977
1576880 1977
1576890 1988
1576900 1999
1576910 1999
1576920 2009
1576930 2020
1576940 2020
1576950 2028
1576960 2038
1576970 2038
1576980 2049
1576990 2057
1577000 2063
1577010 2063
1577020 2069
1577030 2074
1577040 2074
1577050 2078
1577060 2079
1577070 2079
1577080 2080
1577090 2080
1577100 2080
1577110 2081
1577120 2082
1577130 2082
1577140 2082
1577150 2082
1577160 2082
1577170 2083
1577180 2087
1577190 2087
1577200 2091
1577210 2095
1577220 2095
1577230 2100
1577240 2105
1577250 2105
1577260 2112
1577270 2120
1577280 2126
1577290 2126
1577300 2130
1577310 2131
1577320 2131
1577330 2132
1577340 2133
1577350 2133
1577360 2134
1577370 2135
1577380 2135
1577390 2137
1577400 2139
1577410 2139
1577420 2141
1577430 2143
1577440 2143
1577450 2144
1577460 2147
1577470 2147
1577480 2149
1577490 2153
1577500 2153
1577510 2157
1577520 2162
1577530 2162
1577540 2168
1577550 2172
1577560 2176
1577570 2176
1577580 2180
1577590 2182
1577600 2182
1577610 2185
1577620 2188
1577630 2188
1577640 2189
1577650 2190
1577660 2190
1577670 2192
1577680 2194
1577690 2194
1577700 2195
1577710 2196
1577720 2196
1577730 2198
1577740 2199
1577750 2199
1577760 2200
1577770 2201
1577780 2201
1577790 2203
1577800 2205
1577810 2206
1577820 2206
1577830 2207
1577840 2208
1577850 2208
1577860 2209
1577870 2213
1577880 2213
1577890 2202
1577900 2193
1577910 2193
1577920 2185
1577930 2183
1577940 2183
1577950 2177
1577960 2173
1577970 2173
1577980 2165
1577990 2150
1578000 2150
1578010 2128
1578020 2116
1578030 2116
1578040 2109
1578050 2105
1578060 2105
1578070 2101
1578080 2095
1578090 2090
1578100 2090
1578110 2086
1578120 2083
1578130 2083
1578140 2080
1578150 2077
1578160 2077
1578170 2074
1578180 2071
1578190 2071
1578200 2070
1578210 2070
1578220 2070
1578230 2068
1578240 2064
1578250 2064
1578260 2059
1578270 2055
1578280 2055
1578290 2051
1578300 2049
1578310 2049
1578320 2050
1578330 2052
1578340 2052
1578350 2051
1578360 2046
1578370 2044
1578380 2044
1578390 2045
1578400 2046
1578410 2046
1578420 2048
1578430 2049
1578440 2049
1578450 2049
1578460 2049
1578470 2049
1578480 2049
1578490 2049
1578500 2049
1578510 2050
1578520 2050
1578530 2050
1578540 2051
1578550 2050
1578560 2050
1578570 2051
1578580 2053
1578590 2053
1578600 2053
1578610 2052
1578620 2050
1578630 2050
1578640 2048
1578650 2050
1578660 2050
1578670 2051
1578680 2051
1578690 2051
1578700 2051
1578710 2053
1578720 2053
1578730 2055
1578740 2056
1578750 2056
1578760 2056
1578770 2057
1578780 2057
1578790 2060
1578800 2065
1578810 2065
1578820 2069
1578830 2072
1578840 2072
1578850 2076
1578860 2082
1578870 2082
1578880 2091
1578890 2101
1578900 2108
1578910 2108
1578920 2112
1578930 2114
1578940 2114
1578950 2118
1578960 2120
1578970 2120
1578980 2125
1578990 2129
1579000 2129
1579010 2134
1579020 2140
1579030 2140
1579040 2143
1579050 2147
1579060 2147
1579070 2150
1579080 2153
1579090 2153
1579100 2156
1579110 2160
1579120 2160
1579130 2165
1579140 2167
1579150 2167
1579160 2174
1579170 2172
1579180 2159
1579190 2159
1579200 2146
1579210 2139
1579220 2137
1579230 2131
1579240 2129
1579250 2129
1579260 2127
1579270 2125
1579280 2125
1579290 2124
1579300 2126
1579310 2126
1579320 2125
1579330 2122
1579340 2122
1579350 2121
1579360 2113
1579370 2113
1579380 2102
1579390 2092
1579400 2092
1579410 2086
1579420 2082
1579430 2078
1579440 2078
1579450 2074
1579460 2070
1579470 2070
1579480 2069
1579490 2067
1579500 2067
1579510 2061
1579520 2054
1579530 2054
1579540 2051
1579550 2049
1579560 2049
1579570 2048
1579580 2048
1579590 2048
1579600 2047
1579610 2047
1579620 2047
1579630 2047
1579640 2045
1579650 2045
1579660 2043
1579670 2040
1579680 2040
1579690 2037
1579700 2031
1579710 2029
1579720 2029
1579730 2030
1579740 2029
1579750 2029
1579760 2027
1579770 2025
1579780 2025
1579790 2025
1579800 2026
1579810 2026
1579820 2026
1579830 2026
1579840 2026
1579850 2028
1579860 2033
1579870 2033
1579880 2037
1579890 2042
1579900 2042
1579910 2047
1579920 2052
1579930 2052
1579940 2055
1579950 2060
1579960 2064
1579970 2064
1579980 2068
1579990 2071
