1560000 1867
1560010 1873
1560020 1873
1560030 1880
1560040 1886
1560050 1886
1560060 1892
1560070 1898
1560080 1898
1560090 1902
1560100 1902
1560110 1902
1560120 1900
1560130 1898
1560140 1898
1560150 1895
1560160 1892
1560170 1888
1560180 1888
1560190 1886
1560200 1884
1560210 1884
1560220 1882
1560230 1881
1560240 1881
1560250 1880
1560260 1881
1560270 1881
1560280 1880
1560290 1881
1560300 1881
1560310 1884
1560320 1883
1560330 1883
1560340 1881
1560350 1882
1560360 1882
1560370 1885
1560380 1882
1560390 1882
1560400 1878
1560410 1874
1560420 1874
1560430 1871
1560440 1869
1560450 1869
1560460 1869
1560470 1870
1560480 1870
1560490 1870
1560500 1869
1560510 1869
1560520 1869
1560530 1870
1560540 1872
1560550 1872
1560560 1876
1560570 1878
1560580 1878
1560590 1877
1560600 1875
1560610 1875
1560620 1876
1560630 1875
1560640 1875
1560650 1875
1560660 1878
1560670 1878
1560680 1880
1560690 1882
1560700 1883
1560710 1883
1560720 1886
1560730 1888
1560740 1888
1560750 1889
1560760 1890
1560770 1890
1560780 1893
1560790 1896
1560800 1896
1560810 1899
1560820 1901
1560830 1901
1560840 1903
1560850 1908
1560860 1912
1560870 1916
1560880 1919
1560890 1919
1560900 1921
1560910 1922
1560920 1922
1560930 1924
1560940 1927
1560950 1927
1560960 1929
1560970 1930
1560980 1932
1560990 1932
1561000 1932
1561010 1931
1561020 1931
1561030 1927
1561040 1920
1561050 1920
1561060 1911
1561070 1904
1561080 1904
1561090 1896
1561100 1889
1561110 1889
1561120 1883
1561130 1878
1561140 1878
1561150 1871
1561160 1863
1561170 1863
1561180 1858
1561190 1852
1561200 1852
1561210 1847
1561220 1840
1561230 1840
1561240 1832
1561250 1823
1561260 1816
1561270 1816
1561280 1811
1561290 1804
1561300 1804
1561310 1796
1561320 1788
1561330 1788
1561340 1781
1561350 1775
1561360 1775
1561370 1769
1561380 1763
1561390 1763
1561400 1758
1561410 1752
1561420 1752
1561430 1746
1561440 1740
1561450 1740
1561460 1734
1561470 1727
1561480 1727
1561490 1722
1561500 1717
1561510 1717
1561520 1712
1561530 1705
1561540 1698
1561550 1698
1561560 1692
1561570 1685
1561580 1685
1561590 1678
1561600 1673
1561610 1673
1561620 1667
1561630 1662
1561640 1662
1561650 1656
1561660 1652
1561670 1652
1561680 1648
1561690 1644
1561700 1644
1561710 1639
1561720 1633
1561730 1633
1561740 1627
1561750 1621
1561760 1621
1561770 1617
1561780 1613
1561790 1608
1561800 1608
1561810 1603
1561820 1598
1561830 1598
1561840 1594
1561850 1590
1561860 1590
1561870 1585
1561880 1580
1561890 1580
1561900 1576
1561910 1572
1561920 1572
1561930 1568
1561940 1564
1561950 1564
1561960 1560
1561970 1555
1561980 1555
1561990 1550
1562000 1547
1562010 1547
1562020 1544
1562030 1539
1562040 1539
1562050 1536
1562060 1532
1562070 1528
1562080 1528
1562090 1525
1562100 1521
1562110 1521
1562120 1517
1562130 1514
1562140 1514
1562150 1511
1562160 1508
1562170 1508
1562180 1504
1562190 1501
1562200 1501
1562210 1497
1562220 1493
1562230 1493
1562240 1490
1562250 1487
1562260 1487
1562270 1483
1562280 1479
1562290 1479
1562300 1474
1562310 1469
1562320 1469
1562330 1463
1562340 1457
1562350 1452
1562360 1452
1562370 1447
1562380 1442
1562390 1442
1562400 1438
1562410 1434
1562420 1434
1562430 1429
1562440 1425
1562450 1425
1562460 1422
1562470 1418
1562480 1418
1562490 1415
1562500 1411
1562510 1417
1562520 1414
1562530 1411
1562540 1411
1562550 1408
1562560 1406
1562570 1406
1562580 1405
1562590 1402
1562600 1402
1562610 1400
1562620 1397
1562630 1394
1562640 1394
1562650 1389
1562660 1382
1562670 1382
1562680 1375
1562690 1368
1562700 1368
1562710 1360
1562720 1351
1562730 1351
1562740 1343
1562750 1335
1562760 1335
1562770 1327
1562780 1317
1562790 1317
1562800 1310
1562810 1304
1562820 1304
1562830 1297
1562840 1290
1562850 1290
1562860 1283
1562870 1275
1562880 1268
1562890 1268
1562900 1260
1562910 1252
1562920 1252
1562930 1245
1562940 1240
1562950 1240
1562960 1236
1562970 1230
1562980 1230
1562990 1224
1563000 1220
1563010 1220
1563020 1215
1563030 1210
1563040 1210
1563050 1205
1563060 1200
1563070 1200
1563080 1195
1563090 1190
1563100 1190
1563110 1185
1563120 1180
1563130 1180
1563140 1176
1563150 1173
1563160 1168
1563170 1168
1563180 1164
1563190 1161
1563200 1161
1563210 1156
1563220 1154
1563230 1154
1563240 1153
1563250 1150
1563260 1150
1563270 1148
1563280 1147
1563290 1147
1563300 1145
1563310 1144
1563320 1144
1563330 1143
1563340 1142
1563350 1142
1563360 1141
1563370 1138
1563380 1138
1563390 1132
1563400 1125
1563410 1125
1563420 1122
1563430 1122
1563440 1121
1563450 1121
1563460 1121
1563470 1121
1563480 1121
1563490 1121
1563500 1121
1563510 1121
1563520 1121
1563530 1121
1563540 1121
1563550 1122
1563560 1123
1563570 1123
1563580 1123
1563590 1124
1563600 1124
1563610 1124
1563620 1125
1563630 1125
1563640 1125
1563650 1126
1563660 1126
1563670 1127
1563680 1127
1563690 1127
1563700 1127
1563710 1128
1563720 1129
1563730 1129
1563740 1130
1563750 1130
1563760 1130
1563770 1131
1563780 1131
1563790 1131
1563800 1131
1563810 1131
1563820 1131
1563830 1132
1563840 1136
1563850 1136
1563860 1140
1563870 1143
1563880 1143
1563890 1145
1563900 1141
1563910 1141
1563920 1139
1563930 1139
1563940 1139
1563950 1140
1563960 1139
1563970 1139
1563980 1139
1563990 1141
1564000 1141
1564010 1141
1564020 1141
1564030 1141
1564040 1141
1564050 1140
1564060 1142
1564070 1142
1564080 1143
1564090 1143
1564100 1143
1564110 1143
1564120 1143
1564130 1144
1564140 1146
1564150 1148
1564160 1148
1564170 1151
1564180 1155
1564190 1155
1564200 1161
1564210 1166
1564220 1166
1564230 1170
1564240 1172
1564250 1174
1564260 1174
1564270 1176
1564280 1177
1564290 1177
1564300 1177
1564310 1175
1564320 1175
1564330 1178
1564340 1182
1564350 1182
1564360 1187
1564370 1191
1564380 1191
1564390 1194
1564400 1197
1564410 1197
1564420 1199
1564430 1202
1564440 1202
1564450 1204
1564460 1207
1564470 1207
1564480 1209
1564490 1211
1564500 1211
1564510 1212
1564520 1214
1564530 1215
1564540 1215
1564550 1217
1564560 1219
1564570 1219
1564580 1222
1564590 1227
1564600 1227
1564610 1231
1564620 1235
1564630 1235
1564640 1240
1564650 1245
1564660 1245
1564670 1250
1564680 1255
1564690 1255
1564700 1260
1564710 1265
1564720 1265
1564730 1270
1564740 1274
1564750 1274
1564760 1278
1564770 1283
1564780 1283
1564790 1287
1564800 1291
1564810 1295
1564820 1295
1564830 1299
1564840 1303
1564850 1303
1564860 1307
1564870 1311
1564880 1311
1564890 1314
1564900 1318
1564910 1318
1564920 1323
1564930 1328
1564940 1328
1564950 1333
1564960 1336
1564970 1336
1564980 1340
1564990 1345
1565000 1345
1565010 1350
1565020 1354
1565030 1354
1565040 1358
1565050 1363
1565060 1369
1565070 1369
1565080 1375
1565090 1380
1565100 1380
1565110 1385
1565120 1391
1565130 1391
1565140 1398
1565150 1405
1565160 1405
1565170 1411
1565180 1418
1565190 1418
1565200 1423
1565210 1429
1565220 1429
1565230 1435
1565240 1441
1565250 1441
1565260 1448
1565270 1455
1565280 1455
1565290 1463
1565300 1472
1565310 1472
1565320 1479
1565330 1487
1565340 1495
1565350 1495
1565360 1502
1565370 1510
1565380 1510
1565390 1518
1565400 1524
1565410 1524
1565420 1531
1565430 1539
1565440 1539
1565450 1545
1565460 1552
1565470 1552
1565480 1559
1565490 1566
1565500 1566
1565510 1574
1565520 1581
1565530 1581
1565540 1588
1565550 1595
1565560 1595
1565570 1602
1565580 1609
1565590 1609
1565600 1617
1565610 1624
1565620 1631
1565630 1631
1565640 1637
1565650 1642
1565660 1642
1565670 1646
1565680 1650
1565690 1650
1565700 1653
1565710 1664
1565720 1664
1565730 1668
1565740 1672
1565750 1672
1565760 1677
1565770 1681
1565780 1681
1565790 1686
1565800 1691
1565810 1691
1565820 1695
1565830 1698
1565840 1698
1565850 1700
1565860 1700
1565870 1700
1565880 1700
1565890 1699
1565900 1698
1565910 1698
1565920 1699
1565930 1701
1565940 1701
1565950 1702
1565960 1704
1565970 1704
1565980 1706
1565990 1709
1566000 1709
1566010 1712
1566020 1716
1566030 1716
1566040 1718
1566050 1720
1566060 1720
1566070 1724
1566080 1726
1566090 1726
1566100 1727
1566110 1728
1566120 1728
1566130 1731
1566140 1734
1566150 1737
1566160 1737
1566170 1741
1566180 1744
1566190 1744
1566200 1747
1566210 1749
1566220 1749
1566230 1750
1566240 1752
1566250 1752
1566260 1756
1566270 1759
1566280 1759
1566290 1761
1566300 1763
1566310 1763
1566320 1764
1566330 1767
1566340 1767
1566350 1773
1566360 1781
1566370 1781
1566380 1788
1566390 1794
1566400 1794
1566410 1799
1566420 1804
1566430 1810
1566440 1810
1566450 1817
1566460 1823
1566470 1823
1566480 1830
1566490 1837
1566500 1837
1566510 1845
1566520 1853
1566530 1853
1566540 1861
1566550 1870
1566560 1870
1566570 1878
1566580 1886
1566590 1886
1566600 1891
1566610 1895
1566620 1895
1566630 1895
1566640 1896
1566650 1896
1566660 1900
1566670 1906
1566680 1906
1566690 1913
1566700 1921
1566710 1928
1566720 1928
1566730 1933
1566740 1936
1566750 1936
1566760 1939
1566770 1944
1566780 1944
1566790 1951
1566800 1960
1566810 1960
1566820 1965
1566830 1967
1566840 1967
1566850 1968
1566860 1969
1566870 1969
1566880 1970
1566890 1971
1566900 1971
1566910 1971
1566920 1971
1566930 1971
1566940 1971
1566950 1972
1566960 1972
1566970 1973
1566980 1975
1566990 1977
1567000 1977
1567010 1979
1567020 1981
1567030 1981
1567040 1982
1567050 1984
1567060 1984
1567070 1986
1567080 1988
1567090 1988
1567100 1990
1567110 1991
1567120 1991
1567130 1992
1567140 1994
1567150 1994
1567160 1994
1567170 1995
1567180 1995
1567190 1995
1567200 1997
1567210 1997
1567220 1997
1567230 1995
1567240 1993
1567250 1993
1567260 1991
1567270 1994
1567280 1994
1567290 1992
1567300 1992
1567310 1992
1567320 1991
1567330 1991
1567340 1991
1567350 1991
1567360 1993
1567370 1993
1567380 1995
1567390 1998
1567400 1998
1567410 2001
1567420 2004
1567430 2004
1567440 2007
1567450 2011
1567460 2011
1567470 2014
1567480 2018
1567490 2018
1567500 2022
1567510 2026
1567520 2030
1567530 2030
1567540 2034
1567550 2038
1567560 2038
1567570 2041
1567580 2045
1567590 2045
1567600 2050
1567610 2054
1567620 2054
1567630 2058
1567640 2062
1567650 2062
1567660 2066
1567670 2069
1567680 2069
1567690 2072
1567700 2076
1567710 2076
1567720 2081
1567730 2086
1567740 2086
1567750 2088
1567760 2085
1567770 2085
1567780 2080
1567790 2074
1567800 2067
1567810 2067
1567820 2060
1567830 2053
1567840 2053
1567850 2045
1567860 2036
1567870 2036
1567880 2025
1567890 2015
1567900 2015
1567910 2009
1567920 2004
1567930 2004
1567940 2001
1567950 1999
1567960 1999
1567970 1998
1567980 1996
1567990 1996
1568000 1995
1568010 1994
1568020 1994
1568030 1990
1568040 1984
1568050 1984
1568060 1975
1568070 1964
1568080 1957
1568090 1957
1568100 1947
1568110 1936
1568120 1936
1568130 1926
1568140 1919
1568150 1919
1568160 1912
1568170 1907
1568180 1907
1568190 1901
1568200 1895
1568210 1895
1568220 1889
1568230 1883
1568240 1883
1568250 1878
1568260 1874
1568270 1874
1568280 1869
1568290 1865
1568300 1865
1568310 1862
1568320 1859
1568330 1858
1568340 1858
1568350 1858
1568360 1857
1568370 1857
1568380 1857
1568390 1856
1568400 1856
1568410 1854
1568420 1854
1568430 1854
1568440 1855
1568450 1855
1568460 1855
1568470 1856
1568480 1856
1568490 1856
1568500 1856
1568510 1856
1568520 1856
1568530 1855
1568540 1854
1568550 1854
1568560 1852
1568570 1848
1568580 1848
1568590 1844
1568600 1839
1568610 1836
1568620 1836
1568630 1832
1568640 1829
1568650 1829
1568660 1828
1568670 1827
1568680 1827
1568690 1825
1568700 1822
1568710 1822
1568720 1818
1568730 1814
1568740 1814
1568750 1810
1568760 1805
1568770 1805
1568780 1799
1568790 1793
1568800 1795
1568810 1789
1568820 1782
1568830 1782
1568840 1776
1568850 1769
1568860 1769
1568870 1762
1568880 1756
1568890 1750
1568900 1750
1568910 1744
1568920 1738
1568930 1738
1568940 1732
1568950 1727
1568960 1727
1568970 1724
1568980 1723
1568990 1723
1569000 1722
1569010 1720
1569020 1720
1569030 1719
1569040 1718
1569050 1718
1569060 1718
1569070 1717
1569080 1717
1569090 1718
1569100 1720
1569110 1720
1569120 1722
1569130 1722
1569140 1722
1569150 1722
1569160 1723
1569170 1723
1569180 1723
1569190 1721
1569200 1721
1569210 1721
1569220 1720
1569230 1718
1569240 1718
1569250 1716
1569260 1716
1569270 1716
1569280 1716
1569290 1716
1569300 1716
1569310 1716
1569320 1715
1569330 1715
1569340 1714
1569350 1713
1569360 1713
1569370 1712
1569380 1711
1569390 1711
1569400 1711
1569410 1710
1569420 1710
1569430 1710
1569440 1710
1569450 1709
1569460 1709
1569470 1708
1569480 1707
1569490 1707
1569500 1708
1569510 1709
1569520 1709
1569530 1711
1569540 1711
1569550 1711
1569560 1713
1569570 1714
1569580 1714
1569590 1717
1569600 1720
1569610 1720
1569620 1725
1569630 1729
1569640 1729
1569650 1734
1569660 1741
1569670 1741
1569680 1750
1569690 1756
1569700 1760
1569710 1760
1569720 1767
1569730 1775
1569740 1775
1569750 1782
1569760 1786
1569770 1786
1569780 1789
1569790 1791
1569800 1791
1569810 1792
1569820 1791
1569830 1791
1569840 1788
1569850 1785
1569860 1785
1569870 1781
1569880 1776
1569890 1776
1569900 1770
1569910 1765
1569920 1765
1569930 1759
1569940 1752
1569950 1752
1569960 1745
1569970 1737
1569980 1728
1569990 1728
1570000 1714
1570010 1701
1570020 1701
1570030 1691
1570040 1684
1570050 1684
1570060 1681
1570070 1682
1570080 1682
1570090 1682
1570100 1679
1570110 1679
1570120 1675
1570130 1669
1570140 1669
1570150 1663
1570160 1656
1570170 1656
1570180 1650
1570190 1646
1570200 1646
1570210 1641
1570220 1635
1570230 1635
1570240 1628
1570250 1622
1570260 1619
1570270 1619
1570280 1615
1570290 1612
1570300 1604
1570310 1601
1570320 1596
1570330 1596
1570340 1593
1570350 1588
1570360 1588
1570370 1583
1570380 1578
1570390 1578
1570400 1573
1570410 1568
1570420 1568
1570430 1566
1570440 1562
1570450 1562
1570460 1557
1570470 1553
1570480 1553
1570490 1547
1570500 1541
1570510 1536
1570520 1536
1570530 1529
1570540 1522
1570550 1522
1570560 1513
1570570 1507
1570580 1507
1570590 1502
1570600 1497
1570610 1497
1570620 1494
1570630 1491
1570640 1491
1570650 1485
1570660 1480
1570670 1480
1570680 1476
1570690 1471
1570700 1471
1570710 1466
1570720 1463
1570730 1463
1570740 1459
1570750 1454
1570760 1454
1570770 1450
1570780 1447
1570790 1444
1570800 1444
1570810 1441
1570820 1437
1570830 1437
1570840 1433
1570850 1429
1570860 1429
1570870 1422
1570880 1418
1570890 1418
1570900 1419
1570910 1419
1570920 1419
1570930 1419
1570940 1420
1570950 1420
1570960 1424
1570970 1427
1570980 1427
1570990 1429
1571000 1431
1571010 1431
1571020 1433
1571030 1436
1571040 1436
1571050 1438
1571060 1441
1571070 1443
1571080 1443
1571090 1445
1571100 1448
1571110 1448
1571120 1450
1571130 1453
1571140 1453
1571150 1456
1571160 1459
1571170 1459
1571180 1462
1571190 1466
1571200 1466
1571210 1470
1571220 1473
1571230 1473
1571240 1477
1571250 1480
1571260 1480
1571270 1484
1571280 1488
1571290 1488
1571300 1493
1571310 1497
1571320 1497
1571330 1503
1571340 1507
1571350 1510
1571360 1510
1571370 1513
1571380 1518
1571390 1518
1571400 1523
1571410 1529
1571420 1529
1571430 1535
1571440 1537
1571450 1537
1571460 1542
1571470 1549
1571480 1549
1571490 1556
1571500 1564
1571510 1564
1571520 1572
1571530 1580
1571540 1580
1571550 1588
1571560 1594
1571570 1594
1571580 1602
1571590 1609
1571600 1621
1571610 1621
1571620 1632
1571630 1642
1571640 1642
1571650 1655
1571660 1668
1571670 1668
1571680 1680
1571690 1691
1571700 1691
1571710 1700
1571720 1710
1571730 1710
1571740 1718
1571750 1724
1571760 1724
1571770 1752
1571780 1762
1571790 1762
1571800 1772
1571810 1780
1571820 1780
1571830 1784
1571840 1788
1571850 1788
1571860 1800
1571870 1806
1571880 1815
1571890 1815
1571900 1826
1571910 1836
1571920 1836
1571930 1845
1571940 1853
1571950 1853
1571960 1861
1571970 1869
1571980 1869
1571990 1876
1572000 1883
1572010 1883
1572020 1888
1572030 1893
1572040 1893
1572050 1899
1572060 1903
1572070 1903
1572080 1909
1572090 1915
1572100 1915
1572110 1921
1572120 1926
1572130 1926
1572140 1933
1572150 1943
1572160 1951
1572170 1951
1572180 1958
1572190 1964
1572200 1964
1572210 1973
1572220 1981
1572230 1981
1572240 1987
1572250 1994
1572260 1994
1572270 2001
1572280 2007
1572290 2007
1572300 2010
1572310 2013
1572320 2013
1572330 2016
1572340 2019
1572350 2019
1572360 2023
1572370 2027
1572380 2027
1572390 2031
1572400 2036
1572410 2036
1572420 2040
1572430 2045
1572440 2049
1572450 2049
1572460 2053
1572470 2058
1572480 2058
1572490 2064
1572500 2069
1572510 2069
1572520 2075
1572530 2081
1572540 2081
1572550 2087
1572560 2093
1572570 2093
1572580 2100
1572590 2106
1572600 2106
1572610 2113
1572620 2111
1572630 2111
1572640 2093
1572650 2084
1572660 2084
1572670 2077
1572680 2068
1572690 2058
1572700 2058
1572710 2051
1572720 2045
1572730 2045
1572740 2039
1572750 2035
1572760 2035
1572770 2031
1572780 2030
1572790 2030
1572800 2030
1572810 2029
1572820 2029
1572830 2026
1572840 2022
1572850 2022
1572860 2019
1572870 2018
1572880 2018
1572890 2017
1572900 2017
1572910 2017
1572920 2017
1572930 2015
1572940 2015
1572950 2013
1572960 2011
1572970 2009
1572980 2009
1572990 2008
1573000 2008
1573010 2008
1573020 2007
1573030 2005
1573040 2005
1573050 2004
1573060 2008
1573070 2008
1573080 2004
1573090 2003
1573100 2003
1573110 2002
1573120 2003
1573130 2003
1573140 1997
1573150 1988
1573160 1988
1573170 1986
1573180 1990
1573190 1990
1573200 1991
1573210 1989
1573220 1974
1573230 1973
1573240 1975
1573250 1975
1573260 1975
1573270 1970
1573280 1961
1573290 1961
1573300 1953
1573310 1950
1573320 1950
1573330 1942
1573340 1938
1573350 1938
1573360 1938
1573370 1940
1573380 1940
1573390 1941
1573400 1938
1573410 1938
1573420 1935
1573430 1921
1573440 1921
1573450 1912
1573460 1903
1573470 1903
1573480 1890
1573490 1887
1573500 1887
1573510 1885
1573520 1883
1573530 1879
1573540 1879
1573550 1876
1573560 1871
1573570 1871
1573580 1867
1573590 1864
1573600 1864
1573610 1862
1573620 1861
1573630 1861
1573640 1861
1573650 1861
1573660 1861
1573670 1861
1573680 1863
1573690 1863
1573700 1866
1573710 1873
1573720 1873
1573730 1878
1573740 1880
1573750 1880
1573760 1881
1573770 1880
1573780 1880
1573790 1879
1573800 1876
1573810 1874
1573820 1874
1573830 1873
1573840 1871
1573850 1871
1573860 1865
1573870 1860
1573880 1860
1573890 1858
1573900 1858
1573910 1858
1573920 1861
1573930 1858
1573940 1858
1573950 1857
1573960 1859
1573970 1859
1573980 1863
1573990 1864
1574000 1864
1574010 1865
1574020 1866
1574030 1866
1574040 1868
1574050 1871
1574060 1875
1574070 1875
1574080 1880
1574090 1885
1574100 1885
1574110 1890
1574120 1900
1574130 1900
1574140 1910
1574150 1921
1574160 1921
1574170 1933
1574180 1944
1574190 1944
1574200 1956
1574210 1969
1574220 1969
1574230 1980
1574240 1992
1574250 1992
1574260 2001
1574270 2005
1574280 2005
1574290 2007
1574300 2009
1574310 2009
1574320 2005
1574330 1998
1574340 1993
1574350 1993
1574360 1991
1574370 1978
1574380 1978
1574390 1970
1574400 1962
1574410 1962
1574420 1952
1574430 1942
1574440 1942
1574450 1929
1574460 1913
1574470 1913
1574480 1907
1574490 1900
1574500 1900
1574510 1888
1574520 1874
1574530 1874
1574540 1856
1574550 1830
1574560 1830
1574570 1812
1574580 1801
1574590 1801
1574600 1790
1574610 1779
1574620 1767
1574630 1767
1574640 1759
1574650 1749
1574660 1749
1574670 1740
1574680 1732
1574690 1732
1574700 1724
1574710 1716
1574720 1716
1574730 1711
1574740 1704
1574750 1704
1574760 1698
1574770 1692
1574780 1692
1574790 1686
1574800 1682
1574810 1682
1574820 1678
1574830 1674
1574840 1674
1574850 1673
1574860 1669
1574870 1669
1574880 1663
1574890 1657
1574900 1651
1574910 1651
1574920 1644
1574930 1639
1574940 1639
1574950 1632
1574960 1622
1574970 1622
1574980 1615
1574990 1610
1575000 1610
1575010 1604
1575020 1598
1575030 1598
1575040 1588
1575050 1579
1575060 1579
1575070 1570
1575080 1566
1575090 1566
1575100 1562
1575110 1555
1575120 1555
1575130 1545
1575140 1537
1575150 1532
1575160 1532
1575170 1526
1575180 1520
1575190 1520
1575200 1514
1575210 1508
1575220 1508
1575230 1502
1575240 1496
1575250 1496
1575260 1489
1575270 1482
1575280 1482
1575290 1475
1575300 1468
1575310 1468
1575320 1461
1575330 1457
1575340 1457
1575350 1449
1575360 1442
1575370 1442
1575380 1436
1575390 1431
1575400 1431
1575410 1427
1575420 1422
1575430 1418
1575440 1418
1575450 1413
1575460 1408
1575470 1408
1575480 1402
1575490 1397
1575500 1397
1575510 1393
1575520 1389
1575530 1389
1575540 1385
1575550 1383
1575560 1383
1575570 1381
1575580 1380
1575590 1380
1575600 1380
1575610 1380
1575620 1380
1575630 1379
1575640 1381
1575650 1381
1575660 1383
1575670 1387
1575680 1387
1575690 1392
1575700 1396
1575710 1401
1575720 1401
1575730 1405
1575740 1410
1575750 1410
1575760 1415
1575770 1419
1575780 1419
1575790 1422
1575800 1424
1575810 1424
1575820 1427
1575830 1431
1575840 1431
1575850 1435
1575860 1440
1575870 1440
1575880 1445
1575890 1451
1575900 1451
1575910 1454
1575920 1459
1575930 1459
1575940 1463
1575950 1467
1575960 1467
1575970 1471
1575980 1475
1575990 1479
1576000 1479
1576010 1484
1576020 1489
1576030 1489
1576040 1493
1576050 1495
1576060 1495
1576070 1499
1576080 1504
1576090 1504
1576100 1508
1576110 1512
1576120 1512
1576130 1515
1576140 1519
1576150 1519
1576160 1524
1576170 1529
1576180 1529
1576190 1533
1576200 1536
1576210 1536
1576220 1539
1576230 1541
1576240 1542
1576250 1542
1576260 1541
1576270 1543
1576280 1543
1576290 1544
1576300 1546
1576310 1546
1576320 1548
1576330 1549
1576340 1549
1576350 1551
1576360 1552
1576370 1552
1576380 1554
1576390 1557
1576400 1557
1576410 1559
1576420 1561
1576430 1561
1576440 1563
1576450 1567
1576460 1567
1576470 1572
1576480 1579
1576490 1579
1576500 1585
1576510 1590
1576520 1593
1576530 1593
1576540 1596
1576550 1599
1576560 1599
1576570 1601
1576580 1603
1576590 1603
1576600 1604
1576610 1606
1576620 1606
1576630 1607
1576640 1608
1576650 1608
1576660 1608
1576670 1609
1576680 1609
1576690 1609
1576700 1611
1576710 1611
1576720 1611
1576730 1612
1576740 1612
1576750 1612
1576760 1612
1576770 1612
1576780 1613
1576790 1613
1576800 1613
1576810 1613
1576820 1614
1576830 1614
1576840 1614
1576850 1613
1576860 1611
1576870 1611
1576880 1609
1576890 1608
1576900 1608
1576910 1608
1576920 1608
1576930 1608
1576940 1608
1576950 1607
1576960 1607
1576970 1608
1576980 1609
1576990 1609
1577000 1611
1577010 1612
1577020 1612
1577030 1613
1577040 1612
1577050 1612
1577060 1611
1577070 1610
1577080 1609
1577090 1609
1577100 1609
1577110 1610
1577120 1610
1577130 1612
1577140 1612
1577150 1612
1577160 1613
1577170 1614
1577180 1614
1577190 1618
1577200 1621
1577210 1621
1577220 1624
1577230 1626
1577240 1626
1577250 1629
1577260 1632
1577270 1632
1577280 1635
1577290 1637
1577300 1637
1577310 1640
1577320 1642
1577330 1645
1577340 1645
1577350 1646
1577360 1649
1577370 1649
1577380 1651
1577390 1654
1577400 1654
1577410 1656
1577420 1658
1577430 1657
1577440 1659
1577450 1661
1577460 1661
1577470 1661
1577480 1662
1577490 1662
1577500 1662
1577510 1662
1577520 1662
1577530 1663
1577540 1664
1577550 1664
1577560 1664
1577570 1665
1577580 1665
1577590 1666
1577600 1667
1577610 1667
1577620 1667
1577630 1667
1577640 1667
1577650 1667
1577660 1668
1577670 1671
1577680 1671
1577690 1673
1577700 1675
1577710 1675
1577720 1677
1577730 1681
1577740 1681
1577750 1684
1577760 1687
1577770 1687
1577780 1690
1577790 1693
1577800 1693
1577810 1698
1577820 1702
1577830 1702
1577840 1707
1577850 1711
1577860 1711
1577870 1714
1577880 1712
1577890 1711
1577900 1711
1577910 1713
1577920 1718
1577930 1718
1577940 1724
1577950 1732
1577960 1732
1577970 1740
1577980 1748
1577990 1748
1578000 1755
1578010 1761
1578020 1761
1578030 1767
1578040 1772
1578050 1772
1578060 1776
1578070 1779
1578080 1779
1578090 1782
1578100 1784
1578110 1784
1578120 1787
1578130 1790
1578140 1790
1578150 1793
1578160 1795
1578170 1797
1578180 1797
1578190 1801
1578200 1805
1578210 1805
1578220 1809
1578230 1813
1578240 1813
1578250 1817
1578260 1821
1578270 1821
1578280 1824
1578290 1827
1578300 1827
1578310 1831
1578320 1835
1578330 1835
1578340 1840
1578350 1845
1578360 1845
1578370 1850
1578380 1856
1578390 1856
1578400 1863
1578410 1870
1578420 1877
1578430 1877
1578440 1882
1578450 1889
1578460 1889
1578470 1896
1578480 1903
1578490 1903
1578500 1911
1578510 1917
1578520 1917
1578530 1924
1578540 1930
1578550 1930
1578560 1937
1578570 1944
1578580 1944
1578590 1951
1578600 1957
1578610 1957
1578620 1961
1578630 1956
1578640 1956
1578650 1949
1578660 1947
1578670 1947
1578680 1945
1578690 1943
1578700 1942
1578710 1942
1578720 1943
1578730 1943
1578740 1943
1578750 1938
1578760 1931
1578770 1931
1578780 1924
1578790 1915
1578800 1915
1578810 1909
1578820 1901
1578830 1901
1578840 1894
1578850 1889
1578860 1889
1578870 1884
1578880 1875
1578890 1875
1578900 1865
1578910 1857
1578920 1857
1578930 1851
1578940 1845
1578950 1845
1578960 1841
1578970 1836
1578980 1831
1578990 1831
1579000 1826
1579010 1821
1579020 1821
1579030 1815
1579040 1808
1579050 1808
1579060 1802
1579070 1799
1579080 1799
1579090 1794
1579100 1787
1579110 1787
1579120 1783
1579130 1782
1579140 1782
1579150 1782
1579160 1783
1579170 1783
1579180 1779
1579190 1771
1579200 1771
1579210 1769
1579220 1765
1579230 1765
1579240 1763
1579250 1760
1579260 1758
1579270 1758
1579280 1755
1579290 1752
1579300 1752
1579310 1749
1579320 1746
1579330 1746
1579340 1746
1579350 1749
1579360 1749
1579370 1750
1579380 1752
1579390 1752
1579400 1755
1579410 1759
1579420 1759
1579430 1765
1579440 1769
1579450 1769
1579460 1774
1579470 1780
1579480 1780
1579490 1787
1579500 1794
1579510 1798
1579520 1798
1579530 1801
1579540 1803
1579550 1803
1579560 1804
1579570 1806
1579580 1806
1579590 1806
1579600 1806
1579610 1806
1579620 1807
1579630 1808
1579640 1808
1579650 1809
1579660 1808
1579670 1808
1579680 1806
1579690 1807
1579700 1807
1579710 1810
1579720 1812
1579730 1812
1579740 1815
1579750 1815
1579760 1815
1579770 1813
1579780 1812
1579790 1813
1579800 1813
1579810 1813
1579820 1814
1579830 1814
1579840 1813
1579850 1813
1579860 1813
1579870 1812
1579880 1811
1579890 1811
1579900 1813
1579910 1813
1579920 1813
1579930 1814
1579940 1816
1579950 1816
1579960 1817
1579970 1819
1579980 1819
1579990 1823
