1560000 2007
1560010 2007
1560020 2002
1560030 1997
1560040 1997
1560050 1992
1560060 1987
1560070 1987
1560080 1984
1560090 1981
1560100 1981
1560110 1978
1560120 1976
1560130 1976
1560140 1974
1560150 1971
1560160 1971
1560170 1970
1560180 1968
1560190 1968
1560200 1965
1560210 1962
1560220 1958
1560230 1958
1560240 1954
1560250 1950
1560260 1950
1560270 1947
1560280 1944
1560290 1944
1560300 1942
1560310 1940
1560320 1940
1560330 1939
1560340 1938
1560350 1938
1560360 1937
1560370 1936
1560380 1936
1560390 1934
1560400 1932
1560410 1932
1560420 1930
1560430 1928
1560440 1928
1560450 1927
1560460 1927
1560470 1927
1560480 1925
1560490 1924
1560500 1923
1560510 1923
1560520 1921
1560530 1923
1560540 1923
1560550 1922
1560560 1923
1560570 1923
1560580 1925
1560590 1925
1560600 1925
1560610 1921
1560620 1913
1560630 1913
1560640 1905
1560650 1897
1560660 1897
1560670 1889
1560680 1882
1560690 1882
1560700 1878
1560710 1874
1560720 1874
1560730 1869
1560740 1863
1560750 1863
1560760 1857
1560770 1850
1560780 1844
1560790 1844
1560800 1840
1560810 1836
1560820 1836
1560830 1832
1560840 1828
1560850 1828
1560860 1823
1560870 1818
1560880 1818
1560890 1814
1560900 1812
1560910 1812
1560920 1809
1560930 1807
1560940 1807
1560950 1804
1560960 1803
1560970 1803
1560980 1803
1560990 1801
1561000 1801
1561010 1800
1561020 1799
1561030 1799
1561040 1798
1561050 1799
1561060 1799
1561070 1799
1561080 1801
1561090 1802
1561100 1802
1561110 1803
1561120 1805
1561130 1805
1561140 1808
1561150 1811
1561160 1811
1561170 1815
1561180 1819
1561190 1819
1561200 1822
1561210 1826
1561220 1826
1561230 1831
1561240 1836
1561250 1836
1561260 1841
1561270 1846
1561280 1846
1561290 1850
1561300 1855
1561310 1859
1561320 1859
1561330 1863
1561340 1867
1561350 1867
1561360 1867
1561370 1872
1561380 1872
1561390 1875
1561400 1876
1561410 1876
1561420 1878
1561430 1879
1561440 1879
1561450 1878
1561460 1877
1561470 1877
1561480 1874
1561490 1871
1561500 1871
1561510 1867
1561520 1862
1561530 1862
1561540 1857
1561550 1851
1561560 1851
1561570 1846
1561580 1841
1561590 1835
1561600 1835
1561610 1829
1561620 1824
1561630 1824
1561640 1820
1561650 1818
1561660 1818
1561670 1816
1561680 1814
1561690 1814
1561700 1811
1561710 1807
1561720 1807
1561730 1802
1561740 1797
1561750 1797
1561760 1791
1561770 1786
1561780 1786
1561790 1781
1561800 1777
1561810 1777
1561820 1772
1561830 1769
1561840 1769
1561850 1767
1561860 1766
1561870 1764
1561880 1764
1561890 1762
1561900 1760
1561910 1760
1561920 1758
1561930 1756
1561940 1756
1561950 1753
1561960 1749
1561970 1749
1561980 1743
1561990 1738
1562000 1738
1562010 1733
1562020 1727
1562030 1727
1562040 1720
1562050 1713
1562060 1713
1562070 1705
1562080 1700
1562090 1700
1562100 1696
1562110 1692
1562120 1692
1562130 1688
1562140 1682
1562150 1677
1562160 1677
1562170 1674
1562180 1671
1562190 1671
1562200 1667
1562210 1664
1562220 1664
1562230 1662
1562240 1660
1562250 1660
1562260 1658
1562270 1655
1562280 1655
1562290 1651
1562300 1646
1562310 1646
1562320 1640
1562330 1631
1562340 1631
1562350 1624
1562360 1617
1562370 1617
1562380 1613
1562390 1608
1562400 1608
1562410 1602
1562420 1597
1562430 1591
1562440 1591
1562450 1585
1562460 1579
1562470 1579
1562480 1573
1562490 1567
1562500 1567
1562510 1561
1562520 1555
1562530 1555
1562540 1548
1562550 1542
1562560 1542
1562570 1536
1562580 1531
1562590 1531
1562600 1525
1562610 1518
1562620 1518
1562630 1512
1562640 1506
1562650 1506
1562660 1500
1562670 1495
1562680 1489
1562690 1489
1562700 1484
1562710 1480
1562720 1480
1562730 1476
1562740 1472
1562750 1472
1562760 1468
1562770 1465
1562780 1465
1562790 1460
1562800 1454
1562810 1454
1562820 1448
1562830 1441
1562840 1441
1562850 1434
1562860 1426
1562870 1426
1562880 1417
1562890 1409
1562900 1409
1562910 1402
1562920 1396
1562930 1396
1562940 1390
1562950 1384
1562960 1377
1562970 1377
1562980 1371
1562990 1364
1563000 1366
1563010 1360
1563020 1353
1563030 1353
1563040 1346
1563050 1339
1563060 1339
1563070 1333
1563080 1327
1563090 1327
1563100 1321
1563110 1315
1563120 1315
1563130 1309
1563140 1303
1563150 1303
1563160 1297
1563170 1291
1563180 1291
1563190 1286
1563200 1281
1563210 1281
1563220 1274
1563230 1268
1563240 1261
1563250 1261
1563260 1253
1563270 1241
1563280 1241
1563290 1233
1563300 1226
1563310 1226
1563320 1218
1563330 1211
1563340 1211
1563350 1204
1563360 1199
1563370 1199
1563380 1193
1563390 1186
1563400 1186
1563410 1176
1563420 1169
1563430 1169
1563440 1162
1563450 1157
1563460 1157
1563470 1152
1563480 1147
1563490 1147
1563500 1141
1563510 1136
1563520 1131
1563530 1131
1563540 1127
1563550 1123
1563560 1123
1563570 1120
1563580 1117
1563590 1117
1563600 1115
1563610 1113
1563620 1113
1563630 1110
1563640 1108
1563650 1108
1563660 1108
1563670 1110
1563680 1110
1563690 1109
1563700 1110
1563710 1110
1563720 1111
1563730 1115
1563740 1115
1563750 1118
1563760 1121
1563770 1126
1563780 1126
1563790 1132
1563800 1135
1563810 1135
1563820 1135
1563830 1136
1563840 1136
1563850 1137
1563860 1138
1563870 1138
1563880 1140
1563890 1141
1563900 1141
1563910 1142
1563920 1143
1563930 1143
1563940 1145
1563950 1146
1563960 1146
1563970 1148
1563980 1150
1563990 1150
1564000 1151
1564010 1152
1564020 1152
1564030 1154
1564040 1155
1564050 1156
1564060 1156
1564070 1157
1564080 1159
1564090 1159
1564100 1161
1564110 1163
1564120 1163
1564130 1166
1564140 1170
1564150 1170
1564160 1173
1564170 1176
1564180 1176
1564190 1179
1564200 1182
1564210 1182
1564220 1184
1564230 1187
1564240 1187
1564250 1190
1564260 1194
1564270 1194
1564280 1197
1564290 1201
1564300 1201
1564310 1204
1564320 1208
1564330 1213
1564340 1213
1564350 1217
1564360 1221
1564370 1221
1564380 1224
1564390 1228
1564400 1228
1564410 1232
1564420 1237
1564430 1237
1564440 1241
1564450 1246
1564460 1246
1564470 1250
1564480 1257
1564490 1257
1564500 1264
1564510 1270
1564520 1270
1564530 1276
1564540 1281
1564550 1281
1564560 1288
1564570 1296
1564580 1296
1564590 1299
1564600 1304
1564610 1312
1564620 1312
1564630 1318
1564640 1325
1564650 1325
1564660 1331
1564670 1338
1564680 1338
1564690 1344
1564700 1349
1564710 1349
1564720 1354
1564730 1359
1564740 1359
1564750 1365
1564760 1372
1564770 1372
1564780 1378
1564790 1383
1564800 1383
1564810 1387
1564820 1392
1564830 1392
1564840 1397
1564850 1404
1564860 1404
1564870 1408
1564880 1410
1564890 1413
1564900 1413
1564910 1416
1564920 1420
1564930 1420
1564940 1424
1564950 1429
1564960 1429
1564970 1436
1564980 1444
1564990 1444
1565000 1451
1565010 1457
1565020 1457
1565030 1463
1565040 1468
1565050 1468
1565060 1471
1565070 1475
1565080 1475
1565090 1479
1565100 1482
1565110 1482
1565120 1484
1565130 1485
1565140 1484
1565150 1484
1565160 1484
1565170 1488
1565180 1488
1565190 1492
1565200 1496
1565210 1496
1565220 1501
1565230 1507
1565240 1507
1565250 1513
1565260 1518
1565270 1518
1565280 1524
1565290 1531
1565300 1531
1565310 1537
1565320 1544
1565330 1544
1565340 1550
1565350 1556
1565360 1556
1565370 1561
1565380 1567
1565390 1567
1565400 1573
1565410 1579
1565420 1585
1565430 1585
1565440 1590
1565450 1594
1565460 1594
1565470 1597
1565480 1600
1565490 1600
1565500 1604
1565510 1608
1565520 1608
1565530 1612
1565540 1617
1565550 1617
1565560 1622
1565570 1626
1565580 1626
1565590 1630
1565600 1634
1565610 1634
1565620 1639
1565630 1644
1565640 1644
1565650 1650
1565660 1656
1565670 1656
1565680 1662
1565690 1668
1565700 1675
1565710 1675
1565720 1681
1565730 1688
1565740 1688
1565750 1695
1565760 1702
1565770 1702
1565780 1709
1565790 1716
1565800 1716
1565810 1722
1565820 1729
1565830 1729
1565840 1736
1565850 1742
1565860 1742
1565870 1749
1565880 1755
1565890 1755
1565900 1761
1565910 1767
1565920 1767
1565930 1773
1565940 1779
1565950 1779
1565960 1785
1565970 1792
1565980 1798
1565990 1798
1566000 1804
1566010 1810
1566020 1810
1566030 1816
1566040 1823
1566050 1823
1566060 1829
1566070 1835
1566080 1835
1566090 1841
1566100 1847
1566110 1847
1566120 1853
1566130 1858
1566140 1858
1566150 1864
1566160 1869
1566170 1869
1566180 1874
1566190 1882
1566200 1882
1566210 1886
1566220 1890
1566230 1890
1566240 1895
1566250 1899
1566260 1902
1566270 1902
1566280 1906
1566290 1910
1566300 1910
1566310 1914
1566320 1917
1566330 1917
1566340 1920
1566350 1923
1566360 1923
1566370 1926
1566380 1930
1566390 1930
1566400 1932
1566410 1935
1566420 1935
1566430 1938
1566440 1941
1566450 1941
1566460 1943
1566470 1946
1566480 1946
1566490 1948
1566500 1951
1566510 1953
1566520 1953
1566530 1955
1566540 1957
1566550 1957
1566560 1959
1566570 1960
1566580 1960
1566590 1962
1566600 1962
1566610 1962
1566620 1964
1566630 1965
1566640 1965
1566650 1965
1566660 1966
1566670 1966
1566680 1967
1566690 1968
1566700 1968
1566710 1969
1566720 1969
1566730 1969
1566740 1969
1566750 1964
1566760 1964
1566770 1956
1566780 1950
1566790 1943
1566800 1943
1566810 1932
1566820 1921
1566830 1921
1566840 1912
1566850 1905
1566860 1905
1566870 1898
1566880 1890
1566890 1890
1566900 1884
1566910 1881
1566920 1881
1566930 1880
1566940 1882
1566950 1882
1566960 1882
1566970 1880
1566980 1880
1566990 1878
1567000 1874
1567010 1874
1567020 1869
1567030 1864
1567040 1864
1567050 1863
1567060 1863
1567070 1863
1567080 1863
1567090 1863
1567100 1864
1567110 1864
1567120 1866
1567130 1866
1567140 1866
1567150 1864
1567160 1863
1567170 1863
1567180 1861
1567190 1858
1567200 1858
1567210 1853
1567220 1850
1567230 1850
1567240 1848
1567250 1847
1567260 1847
1567270 1845
1567280 1843
1567290 1843
1567300 1842
1567310 1842
1567320 1842
1567330 1842
1567340 1843
1567350 1846
1567360 1846
1567370 1846
1567380 1846
1567390 1846
1567400 1844
1567410 1843
1567420 1843
1567430 1843
1567440 1844
1567450 1844
1567460 1845
1567470 1846
1567480 1846
1567490 1847
1567500 1847
1567510 1847
1567520 1847
1567530 1847
1567540 1847
1567550 1847
1567560 1847
1567570 1847
1567580 1849
1567590 1850
1567600 1850
1567610 1852
1567620 1853
1567630 1854
1567640 1854
1567650 1853
1567660 1852
1567670 1852
1567680 1849
1567690 1845
1567700 1845
1567710 1843
1567720 1841
1567730 1841
1567740 1836
1567750 1836
1567760 1836
1567770 1839
1567780 1843
1567790 1843
1567800 1848
1567810 1852
1567820 1852
1567830 1857
1567840 1864
1567850 1864
1567860 1873
1567870 1882
1567880 1892
1567890 1892
1567900 1903
1567910 1911
1567920 1911
1567930 1917
1567940 1923
1567950 1923
1567960 1928
1567970 1929
1567980 1929
1567990 1925
1568000 1921
1568010 1921
1568020 1916
1568030 1910
1568040 1910
1568050 1905
1568060 1899
1568070 1899
1568080 1894
1568090 1889
1568100 1889
1568110 1883
1568120 1878
1568130 1878
1568140 1873
1568150 1868
1568160 1864
1568170 1864
1568180 1861
1568190 1859
1568200 1859
1568210 1856
1568220 1852
1568230 1852
1568240 1849
1568250 1848
1568260 1848
1568270 1847
1568280 1848
1568290 1848
1568300 1850
1568310 1851
1568320 1851
1568330 1853
1568340 1855
1568350 1855
1568360 1856
1568370 1856
1568380 1856
1568390 1855
1568400 1852
1568410 1852
1568420 1849
1568430 1846
1568440 1843
1568450 1843
1568460 1839
1568470 1836
1568480 1836
1568490 1835
1568500 1835
1568510 1835
1568520 1835
1568530 1836
1568540 1836
1568550 1836
1568560 1834
1568570 1834
1568580 1831
1568590 1827
1568600 1827
1568610 1823
1568620 1818
1568630 1818
1568640 1812
1568650 1806
1568660 1806
1568670 1800
1568680 1794
1568690 1794
1568700 1789
1568710 1783
1568720 1778
1568730 1778
1568740 1774
1568750 1770
1568760 1770
1568770 1765
1568780 1760
1568790 1760
1568800 1756
1568810 1752
1568820 1752
1568830 1748
1568840 1745
1568850 1745
1568860 1742
1568870 1741
1568880 1741
1568890 1739
1568900 1736
1568910 1736
1568920 1734
1568930 1731
1568940 1731
1568950 1729
1568960 1726
1568970 1726
1568980 1724
1568990 1721
1569000 1719
1569010 1719
1569020 1717
1569030 1715
1569040 1715
1569050 1712
1569060 1710
1569070 1710
1569080 1709
1569090 1708
1569100 1708
1569110 1706
1569120 1704
1569130 1704
1569140 1702
1569150 1700
1569160 1700
1569170 1697
1569180 1694
1569190 1694
1569200 1691
1569210 1687
1569220 1687
1569230 1682
1569240 1678
1569250 1676
1569260 1677
1569270 1675
1569280 1674
1569290 1674
1569300 1671
1569310 1666
1569320 1666
1569330 1661
1569340 1658
1569350 1658
1569360 1656
1569370 1653
1569380 1653
1569390 1649
1569400 1645
1569410 1645
1569420 1642
1569430 1637
1569440 1637
1569450 1633
1569460 1631
1569470 1631
1569480 1626
1569490 1622
1569500 1622
1569510 1617
1569520 1611
1569530 1604
1569540 1604
1569550 1599
1569560 1596
1569570 1596
1569580 1594
1569590 1591
1569600 1591
1569610 1588
1569620 1585
1569630 1585
1569640 1579
1569650 1579
1569660 1579
1569670 1579
1569680 1578
1569690 1578
1569700 1575
1569710 1570
1569720 1570
1569730 1566
1569740 1564
1569750 1564
1569760 1562
1569770 1559
1569780 1559
1569790 1554
1569800 1547
1569810 1544
1569820 1544
1569830 1544
1569840 1545
1569850 1545
1569860 1546
1569870 1545
1569880 1545
1569890 1543
1569900 1541
1569910 1541
1569920 1536
1569930 1531
1569940 1531
1569950 1525
1569960 1520
1569970 1520
1569980 1515
1569990 1510
1570000 1510
1570010 1504
1570020 1497
1570030 1497
1570040 1489
1570050 1481
1570060 1481
1570070 1476
1570080 1475
1570090 1472
1570100 1472
1570110 1471
1570120 1469
1570130 1469
1570140 1466
1570150 1461
1570160 1461
1570170 1457
1570180 1453
1570190 1453
1570200 1449
1570210 1445
1570220 1445
1570230 1442
1570240 1437
1570250 1437
1570260 1433
1570270 1430
1570280 1430
1570290 1427
1570300 1423
1570310 1423
1570320 1418
1570330 1414
1570340 1414
1570350 1409
1570360 1404
1570370 1399
1570380 1399
1570390 1395
1570400 1391
1570410 1391
1570420 1388
1570430 1386
1570440 1386
1570450 1384
1570460 1382
1570470 1382
1570480 1378
1570490 1377
1570500 1377
1570510 1377
1570520 1377
1570530 1377
1570540 1379
1570550 1380
1570560 1380
1570570 1380
1570580 1382
1570590 1382
1570600 1384
1570610 1387
1570620 1389
1570630 1389
1570640 1391
1570650 1394
1570660 1394
1570670 1397
1570680 1399
1570690 1399
1570700 1401
1570710 1403
1570720 1403
1570730 1404
1570740 1406
1570750 1409
1570760 1410
1570770 1414
1570780 1414
1570790 1419
1570800 1426
1570810 1426
1570820 1432
1570830 1438
1570840 1438
1570850 1444
1570860 1449
1570870 1449
1570880 1454
1570890 1460
1570900 1467
1570910 1467
1570920 1473
1570930 1479
1570940 1479
1570950 1485
1570960 1491
1570970 1491
1570980 1496
1570990 1502
1571000 1502
1571010 1508
1571020 1515
1571030 1515
1571040 1521
1571050 1527
1571060 1527
1571070 1531
1571080 1535
1571090 1535
1571100 1538
1571110 1541
1571120 1541
1571130 1543
1571140 1543
1571150 1543
1571160 1546
1571170 1549
1571180 1553
1571190 1553
1571200 1559
1571210 1565
1571220 1565
1571230 1569
1571240 1577
1571250 1577
1571260 1585
1571270 1594
1571280 1594
1571290 1601
1571300 1608
1571310 1608
1571320 1613
1571330 1620
1571340 1620
1571350 1627
1571360 1635
1571370 1635
1571380 1643
1571390 1650
1571400 1650
1571410 1657
1571420 1665
1571430 1665
1571440 1674
1571450 1682
1571460 1691
1571470 1691
1571480 1701
1571490 1709
1571500 1709
1571510 1718
1571520 1727
1571530 1727
1571540 1737
1571550 1746
1571560 1746
1571570 1754
1571580 1757
1571590 1757
1571600 1760
1571610 1769
1571620 1769
1571630 1778
1571640 1783
1571650 1783
1571660 1789
1571670 1800
1571680 1800
1571690 1810
1571700 1822
1571710 1822
1571720 1831
1571730 1837
1571740 1839
1571750 1839
1571760 1841
1571770 1845
1571780 1845
1571790 1849
1571800 1855
1571810 1855
1571820 1861
1571830 1863
1571840 1863
1571850 1867
1571860 1871
1571870 1871
1571880 1877
1571890 1884
1571900 1884
1571910 1892
1571920 1901
1571930 1901
1571940 1910
1571950 1916
1571960 1916
1571970 1920
1571980 1927
1571990 1936
1572000 1936
1572010 1944
1572020 1952
1572030 1952
1572040 1957
1572050 1961
1572060 1961
1572070 1969
1572080 1977
1572090 1977
1572100 1986
1572110 1993
1572120 1993
1572130 2002
1572140 2013
1572150 2013
1572160 2021
1572170 2025
1572180 2025
1572190 2027
1572200 2029
1572210 2038
1572220 2040
1572230 2039
1572240 2039
1572250 2045
1572260 2053
1572270 2061
1572280 2061
1572290 2064
1572300 2071
1572310 2071
1572320 2080
1572330 2086
1572340 2086
1572350 2091
1572360 2097
1572370 2097
1572380 2103
1572390 2110
1572400 2110
1572410 2118
1572420 2125
1572430 2125
1572440 2133
1572450 2141
1572460 2141
1572470 2148
1572480 2151
1572490 2151
1572500 2148
1572510 2146
1572520 2146
1572530 2144
1572540 2139
1572550 2130
1572560 2130
1572570 2123
1572580 2114
1572590 2114
1572600 2103
1572610 2098
1572620 2098
1572630 2089
1572640 2083
1572650 2083
1572660 2074
1572670 2065
1572680 2065
1572690 2057
1572700 2049
1572710 2049
1572720 2038
1572730 2028
1572740 2028
1572750 2019
1572760 2011
1572770 2011
1572780 2004
1572790 1994
1572800 1994
1572810 1985
1572820 1979
1572830 1972
1572840 1972
1572850 1964
1572860 1958
1572870 1958
1572880 1951
1572890 1944
1572900 1944
1572910 1937
1572920 1931
1572930 1931
1572940 1927
1572950 1924
1572960 1924
1572970 1922
1572980 1922
1572990 1922
1573000 1921
1573010 1919
1573020 1919
1573030 1917
1573040 1913
1573050 1913
1573060 1909
1573070 1905
1573080 1905
1573090 1899
1573100 1893
1573110 1886
1573120 1886
1573130 1879
1573140 1871
1573150 1871
1573160 1864
1573170 1857
1573180 1857
1573190 1850
1573200 1842
1573210 1842
1573220 1836
1573230 1831
1573240 1831
1573250 1826
1573260 1820
1573270 1820
1573280 1816
1573290 1815
1573300 1815
1573310 1813
1573320 1808
1573330 1808
1573340 1804
1573350 1798
1573360 1794
1573370 1794
1573380 1790
1573390 1786
1573400 1786
1573410 1783
1573420 1781
1573430 1781
1573440 1778
1573450 1775
1573460 1775
1573470 1772
1573480 1770
1573490 1770
1573500 1769
1573510 1767
1573520 1767
1573530 1762
1573540 1752
1573550 1752
1573560 1746
1573570 1745
1573580 1745
1573590 1742
1573600 1738
1573610 1738
1573620 1736
1573630 1733
1573640 1732
1573650 1732
1573660 1730
1573670 1729
1573680 1729
1573690 1727
1573700 1726
1573710 1726
1573720 1725
1573730 1722
1573740 1722
1573750 1716
1573760 1708
1573770 1708
1573780 1703
1573790 1700
1573800 1700
1573810 1701
1573820 1703
1573830 1703
1573840 1704
1573850 1706
1573860 1706
1573870 1707
1573880 1707
1573890 1707
1573900 1703
1573910 1701
1573920 1701
1573930 1701
1573940 1701
1573950 1701
1573960 1701
1573970 1701
1573980 1704
1573990 1704
1574000 1704
1574010 1702
1574020 1702
1574030 1697
1574040 1692
1574050 1692
1574060 1687
1574070 1682
1574080 1682
1574090 1679
1574100 1678
1574110 1678
1574120 1677
1574130 1678
1574140 1678
1574150 1679
1574160 1681
1574170 1681
1574180 1684
1574190 1688
1574200 1693
1574210 1693
1574220 1697
1574230 1703
1574240 1703
1574250 1708
1574260 1714
1574270 1714
1574280 1720
1574290 1727
1574300 1727
1574310 1734
1574320 1740
1574330 1740
1574340 1747
1574350 1755
1574360 1755
1574370 1771
1574380 1787
1574390 1787
1574400 1797
1574410 1807
1574420 1807
1574430 1818
1574440 1828
1574450 1840
1574460 1840
1574470 1853
1574480 1862
1574490 1862
1574500 1867
1574510 1871
1574520 1871
1574530 1875
1574540 1880
1574550 1880
1574560 1886
1574570 1893
1574580 1893
1574590 1898
1574600 1897
1574610 1897
1574620 1894
1574630 1890
1574640 1890
1574650 1888
1574660 1887
1574670 1887
1574680 1884
1574690 1880
1574700 1880
1574710 1878
1574720 1879
1574730 1882
1574740 1882
1574750 1875
1574760 1865
1574770 1865
1574780 1855
1574790 1850
1574800 1850
1574810 1849
1574820 1847
1574830 1847
1574840 1845
1574850 1842
1574860 1842
1574870 1838
1574880 1835
1574890 1835
1574900 1832
1574910 1827
1574920 1827
1574930 1823
1574940 1820
1574950 1820
1574960 1815
1574970 1809
1574980 1809
1574990 1804
1575000 1799
1575010 1796
1575020 1796
1575030 1789
1575040 1782
1575050 1782
1575060 1774
1575070 1766
1575080 1768
1575090 1761
1575100 1754
1575110 1754
1575120 1747
1575130 1738
1575140 1738
1575150 1729
1575160 1722
1575170 1722
1575180 1716
1575190 1711
1575200 1711
1575210 1700
1575220 1690
1575230 1690
1575240 1681
1575250 1673
1575260 1673
1575270 1666
1575280 1660
1575290 1655
1575300 1655
1575310 1649
1575320 1641
1575330 1641
1575340 1632
1575350 1622
1575360 1622
1575370 1610
1575380 1597
1575390 1597
1575400 1588
1575410 1579
1575420 1579
1575430 1570
1575440 1562
1575450 1562
1575460 1555
1575470 1550
1575480 1550
1575490 1547
1575500 1543
1575510 1543
1575520 1539
1575530 1534
1575540 1534
1575550 1528
1575560 1523
1575570 1518
1575580 1518
1575590 1514
1575600 1511
1575610 1511
1575620 1509
1575630 1508
1575640 1508
1575650 1506
1575660 1503
1575670 1503
1575680 1500
1575690 1496
1575700 1496
1575710 1491
1575720 1486
1575730 1486
1575740 1481
1575750 1476
1575760 1476
1575770 1472
1575780 1468
1575790 1468
1575800 1464
1575810 1460
1575820 1455
1575830 1455
1575840 1451
1575850 1448
1575860 1448
1575870 1445
1575880 1442
1575890 1442
1575900 1439
1575910 1436
1575920 1436
1575930 1433
1575940 1428
1575950 1428
1575960 1424
1575970 1420
1575980 1420
1575990 1416
1576000 1411
1576010 1411
1576020 1406
1576030 1403
1576040 1403
1576050 1399
1576060 1394
1576070 1394
1576080 1389
1576090 1382
1576100 1377
1576110 1377
1576120 1372
1576130 1369
1576140 1369
1576150 1366
1576160 1364
1576170 1364
1576180 1363
1576190 1362
1576200 1362
1576210 1361
1576220 1359
1576230 1359
1576240 1358
1576250 1355
1576260 1355
1576270 1351
1576280 1347
1576290 1347
1576300 1349
1576310 1354
1576320 1354
1576330 1358
1576340 1360
1576350 1360
1576360 1363
1576370 1365
1576380 1368
1576390 1368
1576400 1372
1576410 1375
1576420 1375
1576430 1379
1576440 1383
1576450 1383
1576460 1386
1576470 1384
1576480 1384
1576490 1388
1576500 1391
1576510 1391
1576520 1394
1576530 1397
1576540 1397
1576550 1400
1576560 1401
1576570 1401
1576580 1402
1576590 1403
1576600 1403
1576610 1407
1576620 1412
1576630 1412
1576640 1417
1576650 1421
1576660 1425
1576670 1425
1576680 1429
1576690 1434
1576700 1434
1576710 1438
1576720 1442
1576730 1442
1576740 1445
1576750 1451
1576760 1451
1576770 1456
1576780 1463
1576790 1463
1576800 1470
1576810 1477
1576820 1477
1576830 1483
1576840 1488
1576850 1488
1576860 1494
1576870 1499
1576880 1499
1576890 1504
1576900 1508
1576910 1508
1576920 1510
1576930 1512
1576940 1513
1576950 1513
1576960 1514
1576970 1515
1576980 1515
1576990 1517
1577000 1519
1577010 1519
1577020 1521
1577030 1522
1577040 1522
1577050 1524
1577060 1529
1577070 1529
1577080 1532
1577090 1532
1577100 1532
1577110 1536
1577120 1541
1577130 1541
1577140 1547
1577150 1554
1577160 1554
1577170 1561
1577180 1568
1577190 1575
1577200 1575
1577210 1581
1577220 1588
1577230 1588
1577240 1594
1577250 1600
1577260 1600
1577270 1607
1577280 1611
1577290 1611
1577300 1614
1577310 1617
1577320 1617
1577330 1619
1577340 1622
1577350 1622
1577360 1624
1577370 1628
1577380 1628
1577390 1631
1577400 1634
1577410 1634
1577420 1638
1577430 1641
1577440 1641
1577450 1643
1577460 1646
1577470 1648
1577480 1648
1577490 1652
1577500 1655
1577510 1655
1577520 1659
1577530 1663
1577540 1663
1577550 1668
1577560 1673
1577570 1673
1577580 1677
1577590 1679
1577600 1679
1577610 1682
1577620 1686
1577630 1686
1577640 1689
1577650 1692
1577660 1692
1577670 1694
1577680 1697
1577690 1697
1577700 1699
1577710 1702
1577720 1702
1577730 1704
1577740 1706
1577750 1708
1577760 1708
1577770 1710
1577780 1712
1577790 1712
1577800 1714
1577810 1717
1577820 1717
1577830 1718
1577840 1720
1577850 1718
1577860 1720
1577870 1721
1577880 1721
1577890 1723
1577900 1724
1577910 1724
1577920 1725
1577930 1727
1577940 1727
1577950 1728
1577960 1730
1577970 1730
1577980 1731
1577990 1732
1578000 1732
1578010 1734
1578020 1735
1578030 1737
1578040 1737
1578050 1738
1578060 1740
1578070 1740
1578080 1742
1578090 1744
1578100 1744
1578110 1746
1578120 1748
1578130 1748
1578140 1751
1578150 1752
1578160 1752
1578170 1754
1578180 1757
1578190 1757
1578200 1760
1578210 1764
1578220 1764
1578230 1767
1578240 1772
1578250 1772
1578260 1776
1578270 1781
1578280 1781
1578290 1785
1578300 1790
1578310 1795
1578320 1795
1578330 1800
1578340 1805
1578350 1805
1578360 1810
1578370 1815
1578380 1815
1578390 1820
1578400 1825
1578410 1825
1578420 1829
1578430 1832
1578440 1832
1578450 1836
1578460 1839
1578470 1839
1578480 1842
1578490 1845
1578500 1845
1578510 1849
1578520 1853
1578530 1853
1578540 1851
1578550 1843
1578560 1835
1578570 1835
1578580 1827
1578590 1818
1578600 1818
1578610 1811
1578620 1803
1578630 1803
1578640 1795
1578650 1787
1578660 1787
1578670 1779
1578680 1775
1578690 1775
1578700 1776
1578710 1776
1578720 1776
1578730 1774
1578740 1774
1578750 1774
1578760 1775
1578770 1775
1578780 1775
1578790 1776
1578800 1777
1578810 1777
1578820 1775
1578830 1773
1578840 1770
1578850 1770
1578860 1767
1578870 1762
1578880 1762
1578890 1756
1578900 1749
1578910 1749
1578920 1743
1578930 1737
1578940 1737
1578950 1733
1578960 1729
1578970 1729
1578980 1724
1578990 1719
1579000 1719
1579010 1714
1579020 1713
1579030 1713
1579040 1713
1579050 1711
1579060 1711
1579070 1707
1579080 1705
1579090 1705
1579100 1704
1579110 1703
1579120 1703
1579130 1703
1579140 1704
1579150 1697
1579160 1697
1579170 1695
1579180 1695
1579190 1695
1579200 1686
1579210 1682
1579220 1682
1579230 1674
1579240 1669
1579250 1669
1579260 1670
1579270 1668
1579280 1668
1579290 1665
1579300 1663
1579310 1663
1579320 1653
1579330 1637
1579340 1637
1579350 1627
1579360 1620
1579370 1620
1579380 1611
1579390 1605
1579400 1603
1579410 1603
1579420 1600
1579430 1595
1579440 1595
1579450 1590
1579460 1589
1579470 1589
1579480 1587
1579490 1583
1579500 1583
1579510 1578
1579520 1575
1579530 1575
1579540 1571
1579550 1568
1579560 1568
1579570 1565
1579580 1564
1579590 1564
1579600 1563
1579610 1555
1579620 1555
1579630 1544
1579640 1539
1579650 1539
1579660 1537
1579670 1536
1579680 1536
1579690 1536
1579700 1537
1579710 1539
1579720 1539
1579730 1540
1579740 1539
1579750 1539
1579760 1539
1579770 1541
1579780 1541
1579790 1546
1579800 1552
1579810 1552
1579820 1556
1579830 1561
1579840 1561
1579850 1565
1579860 1569
1579870 1569
1579880 1571
1579890 1569
1579900 1569
1579910 1570
1579920 1572
1579930 1576
1579940 1576
1579950 1580
1579960 1584
1579970 1584
1579980 1587
1579990 1592
