1560000 1737
1560010 1743
1560020 1749
1560030 1754
1560040 1754
1560050 1759
1560060 1763
1560070 1763
1560080 1767
1560090 1771
1560100 1771
1560110 1773
1560120 1776
1560130 1776
1560140 1778
1560150 1779
1560160 1779
1560170 1776
1560180 1772
1560190 1772
1560200 1767
1560210 1762
1560220 1762
1560230 1756
1560240 1749
1560250 1749
1560260 1742
1560270 1736
1560280 1736
1560290 1729
1560300 1722
1560310 1716
1560320 1716
1560330 1709
1560340 1702
1560350 1702
1560360 1694
1560370 1688
1560380 1688
1560390 1681
1560400 1675
1560410 1675
1560420 1669
1560430 1662
1560440 1662
1560450 1656
1560460 1650
1560470 1650
1560480 1644
1560490 1638
1560500 1638
1560510 1632
1560520 1625
1560530 1625
1560540 1621
1560550 1615
1560560 1615
1560570 1609
1560580 1602
1560590 1595
1560600 1595
1560610 1588
1560620 1580
1560630 1580
1560640 1573
1560650 1567
1560660 1567
1560670 1560
1560680 1553
1560690 1553
1560700 1547
1560710 1539
1560720 1539
1560730 1532
1560740 1525
1560750 1525
1560760 1519
1560770 1511
1560780 1511
1560790 1503
1560800 1495
1560810 1495
1560820 1487
1560830 1483
1560840 1483
1560850 1474
1560860 1467
1560870 1461
1560880 1461
1560890 1454
1560900 1447
1560910 1447
1560920 1439
1560930 1435
1560940 1435
1560950 1436
1560960 1435
1560970 1435
1560980 1432
1560990 1430
1561000 1430
1561010 1428
1561020 1426
1561030 1426
1561040 1424
1561050 1421
1561060 1421
1561070 1418
1561080 1416
1561090 1416
1561100 1412
1561110 1404
1561120 1404
1561130 1398
1561140 1390
1561150 1383
1561160 1383
1561170 1382
1561180 1384
1561190 1384
1561200 1385
1561210 1388
1561220 1388
1561230 1389
1561240 1390
1561250 1390
1561260 1390
1561270 1391
1561280 1391
1561290 1390
1561300 1388
1561310 1388
1561320 1387
1561330 1386
1561340 1386
1561350 1384
1561360 1381
1561370 1381
1561380 1379
1561390 1376
1561400 1376
1561410 1373
1561420 1370
1561430 1366
1561440 1366
1561450 1362
1561460 1358
1561470 1358
1561480 1354
1561490 1350
1561500 1350
1561510 1346
1561520 1341
1561530 1341
1561540 1335
1561550 1330
1561560 1330
1561570 1326
1561580 1321
1561590 1316
1561600 1310
1561610 1304
1561620 1304
1561630 1299
1561640 1292
1561650 1292
1561660 1289
1561670 1286
1561680 1286
1561690 1283
1561700 1278
1561710 1271
1561720 1271
1561730 1266
1561740 1260
1561750 1260
1561760 1255
1561770 1249
1561780 1249
1561790 1243
1561800 1237
1561810 1237
1561820 1231
1561830 1226
1561840 1226
1561850 1221
1561860 1215
1561870 1215
1561880 1209
1561890 1203
1561900 1203
1561910 1197
1561920 1192
1561930 1192
1561940 1186
1561950 1180
1561960 1173
1561970 1173
1561980 1167
1561990 1159
1562000 1159
1562010 1153
1562020 1148
1562030 1148
1562040 1142
1562050 1135
1562060 1135
1562070 1130
1562080 1126
1562090 1126
1562100 1122
1562110 1118
1562120 1118
1562130 1113
1562140 1107
1562150 1107
1562160 1101
1562170 1097
1562180 1097
1562190 1093
1562200 1089
1562210 1089
1562220 1086
1562230 1082
1562240 1079
1562250 1079
1562260 1078
1562270 1077
1562280 1077
1562290 1075
1562300 1074
1562310 1074
1562320 1072
1562330 1071
1562340 1071
1562350 1070
1562360 1069
1562370 1069
1562380 1068
1562390 1067
1562400 1067
1562410 1065
1562420 1064
1562430 1064
1562440 1063
1562450 1060
1562460 1060
1562470 1058
1562480 1058
1562490 1058
1562500 1059
1562510 1058
1562520 1057
1562530 1057
1562540 1057
1562550 1057
1562560 1057
1562570 1057
1562580 1056
1562590 1056
1562600 1055
1562610 1054
1562620 1054
1562630 1053
1562640 1053
1562650 1053
1562660 1052
1562670 1051
1562680 1051
1562690 1051
1562700 1047
1562710 1047
1562720 1044
1562730 1043
1562740 1043
1562750 1042
1562760 1043
1562770 1043
1562780 1044
1562790 1045
1562800 1045
1562810 1045
1562820 1046
1562830 1046
1562840 1046
1562850 1046
1562860 1046
1562870 1046
1562880 1047
1562890 1047
1562900 1047
1562910 1049
1562920 1050
1562930 1050
1562940 1050
1562950 1052
1562960 1052
1562970 1054
1562980 1058
1562990 1058
1563000 1060
1563010 1062
1563020 1062
1563030 1066
1563040 1069
1563050 1069
1563060 1071
1563070 1073
1563080 1075
1563090 1075
1563100 1077
1563110 1079
1563120 1079
1563130 1081
1563140 1083
1563150 1083
1563160 1086
1563170 1088
1563180 1088
1563190 1091
1563200 1094
1563210 1094
1563220 1097
1563230 1100
1563240 1100
1563250 1103
1563260 1105
1563270 1105
1563280 1106
1563290 1109
1563300 1109
1563310 1113
1563320 1116
1563330 1116
1563340 1120
1563350 1123
1563360 1128
1563370 1128
1563380 1133
1563390 1139
1563400 1139
1563410 1143
1563420 1148
1563430 1148
1563440 1154
1563450 1159
1563460 1159
1563470 1165
1563480 1170
1563490 1170
1563500 1175
1563510 1180
1563520 1180
1563530 1185
1563540 1190
1563550 1190
1563560 1195
1563570 1200
1563580 1200
1563590 1205
1563600 1210
1563610 1210
1563620 1216
1563630 1221
1563640 1227
1563650 1227
1563660 1233
1563670 1237
1563680 1237
1563690 1241
1563700 1245
1563710 1245
1563720 1250
1563730 1254
1563740 1254
1563750 1258
1563760 1263
1563770 1263
1563780 1268
1563790 1271
1563800 1271
1563810 1274
1563820 1278
1563830 1278
1563840 1283
1563850 1288
1563860 1288
1563870 1290
1563880 1291
1563890 1291
1563900 1293
1563910 1295
1563920 1300
1563930 1300
1563940 1306
1563950 1308
1563960 1308
1563970 1312
1563980 1316
1563990 1316
1564000 1318
1564010 1320
1564020 1320
1564030 1320
1564040 1325
1564050 1325
1564060 1329
1564070 1333
1564080 1333
1564090 1333
1564100 1340
1564110 1340
1564120 1345
1564130 1346
1564140 1346
1564150 1352
1564160 1355
1564170 1355
1564180 1359
1564190 1363
1564200 1368
1564210 1368
1564220 1372
1564230 1378
1564240 1378
1564250 1384
1564260 1389
1564270 1389
1564280 1392
1564290 1397
1564300 1397
1564310 1401
1564320 1406
1564330 1406
1564340 1412
1564350 1419
1564360 1419
1564370 1426
1564380 1433
1564390 1433
1564400 1439
1564410 1446
1564420 1446
1564430 1451
1564440 1457
1564450 1457
1564460 1464
1564470 1470
1564480 1477
1564490 1477
1564500 1482
1564510 1488
1564520 1488
1564530 1495
1564540 1500
1564550 1500
1564560 1506
1564570 1512
1564580 1512
1564590 1519
1564600 1526
1564610 1526
1564620 1533
1564630 1539
1564640 1539
1564650 1546
1564660 1552
1564670 1552
1564680 1559
1564690 1565
1564700 1565
1564710 1571
1564720 1577
1564730 1583
1564740 1583
1564750 1589
1564760 1596
1564770 1596
1564780 1602
1564790 1608
1564800 1608
1564810 1613
1564820 1618
1564830 1620
1564840 1623
1564850 1627
1564860 1627
1564870 1629
1564880 1629
1564890 1629
1564900 1628
1564910 1627
1564920 1627
1564930 1625
1564940 1624
1564950 1624
1564960 1623
1564970 1621
1564980 1621
1564990 1618
1565000 1616
1565010 1614
1565020 1614
1565030 1610
1565040 1606
1565050 1606
1565060 1605
1565070 1600
1565080 1600
1565090 1593
1565100 1589
1565110 1589
1565120 1586
1565130 1582
1565140 1582
1565150 1578
1565160 1575
1565170 1575
1565180 1575
1565190 1575
1565200 1575
1565210 1576
1565220 1576
1565230 1576
1565240 1577
1565250 1578
1565260 1578
1565270 1580
1565280 1581
1565290 1582
1565300 1582
1565310 1584
1565320 1586
1565330 1586
1565340 1587
1565350 1588
1565360 1588
1565370 1590
1565380 1591
1565390 1591
1565400 1591
1565410 1588
1565420 1588
1565430 1587
1565440 1588
1565450 1588
1565460 1589
1565470 1588
1565480 1588
1565490 1586
1565500 1587
1565510 1587
1565520 1587
1565530 1588
1565540 1588
1565550 1588
1565560 1589
1565570 1590
1565580 1590
1565590 1591
1565600 1591
1565610 1591
1565620 1592
1565630 1592
1565640 1592
1565650 1592
1565660 1592
1565670 1592
1565680 1593
1565690 1594
1565700 1594
1565710 1595
1565720 1596
1565730 1596
1565740 1597
1565750 1597
1565760 1597
1565770 1598
1565780 1598
1565790 1598
1565800 1596
1565810 1594
1565820 1594
1565830 1593
1565840 1591
1565850 1589
1565860 1589
1565870 1588
1565880 1586
1565890 1586
1565900 1586
1565910 1584
1565920 1584
1565930 1582
1565940 1580
1565950 1580
1565960 1578
1565970 1576
1565980 1576
1565990 1574
1566000 1571
1566010 1571
1566020 1568
1566030 1566
1566040 1566
1566050 1564
1566060 1562
1566070 1562
1566080 1559
1566090 1553
1566100 1553
1566110 1547
1566120 1546
1566130 1547
1566140 1547
1566150 1549
1566160 1547
1566170 1547
1566180 1542
1566190 1537
1566200 1537
1566210 1532
1566220 1527
1566230 1527
1566240 1522
1566250 1517
1566260 1517
1566270 1513
1566280 1509
1566290 1509
1566300 1504
1566310 1500
1566320 1500
1566330 1494
1566340 1490
1566350 1490
1566360 1483
1566370 1479
1566380 1479
1566390 1475
1566400 1465
1566410 1456
1566420 1456
1566430 1454
1566440 1461
1566450 1461
1566460 1463
1566470 1465
1566480 1465
1566490 1466
1566500 1467
1566510 1467
1566520 1469
1566530 1470
1566540 1470
1566550 1472
1566560 1475
1566570 1475
1566580 1478
1566590 1482
1566600 1482
1566610 1485
1566620 1488
1566630 1488
1566640 1490
1566650 1492
1566660 1492
1566670 1493
1566680 1495
1566690 1498
1566700 1498
1566710 1499
1566720 1500
1566730 1500
1566740 1500
1566750 1500
1566760 1500
1566770 1499
1566780 1497
1566790 1497
1566800 1497
1566810 1496
1566820 1496
1566830 1495
1566840 1494
1566850 1494
1566860 1492
1566870 1489
1566880 1489
1566890 1487
1566900 1483
1566910 1483
1566920 1479
1566930 1474
1566940 1474
1566950 1468
1566960 1462
1566970 1456
1566980 1456
1566990 1450
1567000 1443
1567010 1443
1567020 1437
1567030 1430
1567040 1430
1567050 1424
1567060 1417
1567070 1417
1567080 1407
1567090 1403
1567100 1403
1567110 1398
1567120 1402
1567130 1402
1567140 1407
1567150 1412
1567160 1412
1567170 1418
1567180 1421
1567190 1421
1567200 1423
1567210 1426
1567220 1426
1567230 1428
1567240 1431
1567250 1430
1567260 1430
1567270 1428
1567280 1425
1567290 1425
1567300 1422
1567310 1420
1567320 1420
1567330 1418
1567340 1415
1567350 1415
1567360 1414
1567370 1412
1567380 1412
1567390 1408
1567400 1403
1567410 1403
1567420 1399
1567430 1395
1567440 1395
1567450 1393
1567460 1390
1567470 1390
1567480 1388
1567490 1385
1567500 1383
1567510 1383
1567520 1381
1567530 1379
1567540 1379
1567550 1376
1567560 1373
1567570 1373
1567580 1371
1567590 1369
1567600 1369
1567610 1367
1567620 1366
1567630 1366
1567640 1364
1567650 1363
1567660 1363
1567670 1362
1567680 1361
1567690 1361
1567700 1358
1567710 1354
1567720 1354
1567730 1347
1567740 1338
1567750 1338
1567760 1335
1567770 1336
1567780 1336
1567790 1336
1567800 1336
1567810 1337
1567820 1337
1567830 1336
1567840 1335
1567850 1335
1567860 1334
1567870 1332
1567880 1332
1567890 1330
1567900 1329
1567910 1329
1567920 1328
1567930 1327
1567940 1327
1567950 1322
1567960 1322
1567970 1322
1567980 1321
1567990 1319
1568000 1319
1568010 1318
1568020 1318
1568030 1318
1568040 1317
1568050 1315
1568060 1314
1568070 1314
1568080 1315
1568090 1313
1568100 1313
1568110 1315
1568120 1316
1568130 1316
1568140 1316
1568150 1316
1568160 1316
1568170 1316
1568180 1316
1568190 1316
1568200 1315
1568210 1313
1568220 1313
1568230 1312
1568240 1312
1568250 1312
1568260 1311
1568270 1309
1568280 1309
1568290 1310
1568300 1309
1568310 1309
1568320 1308
1568330 1307
1568340 1305
1568350 1305
1568360 1304
1568370 1303
1568380 1303
1568390 1302
1568400 1302
1568410 1302
1568420 1302
1568430 1301
1568440 1301
1568450 1301
1568460 1301
1568470 1301
1568480 1300
1568490 1298
1568500 1298
1568510 1297
1568520 1296
1568530 1296
1568540 1297
1568550 1296
1568560 1296
1568570 1296
1568580 1295
1568590 1295
1568600 1294
1568610 1294
1568620 1293
1568630 1293
1568640 1291
1568650 1288
1568660 1288
1568670 1286
1568680 1285
1568690 1285
1568700 1285
1568710 1286
1568720 1286
1568730 1286
1568740 1287
1568750 1287
1568760 1287
1568770 1286
1568780 1286
1568790 1286
1568800 1286
1568810 1286
1568820 1287
1568830 1287
1568840 1287
1568850 1286
1568860 1286
1568870 1286
1568880 1287
1568890 1288
1568900 1290
1568910 1290
1568920 1291
1568930 1293
1568940 1293
1568950 1294
1568960 1296
1568970 1296
1568980 1297
1568990 1298
1569000 1298
1569010 1300
1569020 1301
1569030 1301
1569040 1302
1569050 1303
1569060 1303
1569070 1304
1569080 1305
1569090 1305
1569100 1306
1569110 1308
1569120 1308
1569130 1309
1569140 1311
1569150 1311
1569160 1312
1569170 1313
1569180 1314
1569190 1314
1569200 1315
1569210 1316
1569220 1316
1569230 1318
1569240 1320
1569250 1320
1569260 1321
1569270 1324
1569280 1324
1569290 1325
1569300 1327
1569310 1327
1569320 1330
1569330 1330
1569340 1330
1569350 1332
1569360 1335
1569370 1335
1569380 1337
1569390 1339
1569400 1339
1569410 1340
1569420 1345
1569430 1345
1569440 1351
1569450 1357
1569460 1363
1569470 1363
1569480 1368
1569490 1373
1569500 1373
1569510 1378
1569520 1382
1569530 1382
1569540 1387
1569550 1392
1569560 1392
1569570 1397
1569580 1402
1569590 1402
1569600 1407
1569610 1411
1569620 1411
1569630 1415
1569640 1418
1569650 1418
1569660 1420
1569670 1422
1569680 1422
1569690 1424
1569700 1428
1569710 1428
1569720 1431
1569730 1434
1569740 1437
1569750 1437
1569760 1440
1569770 1443
1569780 1443
1569790 1445
1569800 1449
1569810 1449
1569820 1454
1569830 1458
1569840 1458
1569850 1464
1569860 1470
1569870 1470
1569880 1477
1569890 1480
1569900 1480
1569910 1484
1569920 1490
1569930 1490
1569940 1492
1569950 1495
1569960 1495
1569970 1501
1569980 1508
1569990 1508
1570000 1516
1570010 1525
1570020 1530
1570030 1530
1570040 1530
1570050 1534
1570060 1534
1570070 1538
1570080 1544
1570090 1544
1570100 1550
1570110 1557
1570120 1557
1570130 1565
1570140 1570
1570150 1570
1570160 1576
1570170 1580
1570180 1580
1570190 1585
1570200 1590
1570210 1590
1570220 1595
1570230 1602
1570240 1602
1570250 1610
1570260 1619
1570270 1619
1570280 1627
1570290 1634
1570300 1633
1570310 1633
1570320 1625
1570330 1622
1570340 1622
1570350 1620
1570360 1623
1570370 1623
1570380 1628
1570390 1633
1570400 1633
1570410 1639
1570420 1647
1570430 1647
1570440 1656
1570450 1664
1570460 1664
1570470 1669
1570480 1674
1570490 1674
1570500 1681
1570510 1689
1570520 1689
1570530 1696
1570540 1699
1570550 1699
1570560 1699
1570570 1701
1570580 1705
1570590 1705
1570600 1714
1570610 1721
1570620 1721
1570630 1724
1570640 1725
1570650 1725
1570660 1726
1570670 1731
1570680 1731
1570690 1736
1570700 1742
1570710 1742
1570720 1746
1570730 1745
1570740 1745
1570750 1747
1570760 1750
1570770 1750
1570780 1755
1570790 1761
1570800 1761
1570810 1767
1570820 1774
1570830 1777
1570840 1777
1570850 1779
1570860 1780
1570870 1780
1570880 1783
1570890 1787
1570900 1787
1570910 1792
1570920 1798
1570930 1798
1570940 1804
1570950 1815
1570960 1815
1570970 1822
1570980 1828
1570990 1828
1571000 1833
1571010 1841
1571020 1841
1571030 1853
1571040 1866
1571050 1866
1571060 1876
1571070 1885
1571080 1885
1571090 1894
1571100 1907
1571110 1922
1571120 1922
1571130 1933
1571140 1941
1571150 1941
1571160 1947
1571170 1950
1571180 1950
1571190 1953
1571200 1957
1571210 1957
1571220 1960
1571230 1965
1571240 1965
1571250 1967
1571260 1968
1571270 1968
1571280 1970
1571290 1973
1571300 1973
1571310 1977
1571320 1981
1571330 1981
1571340 1982
1571350 1984
1571360 1984
1571370 1987
1571380 1990
1571390 1994
1571400 1994
1571410 1996
1571420 2000
1571430 2000
1571440 2004
1571450 2009
1571460 2009
1571470 2011
1571480 2014
1571490 2014
1571500 2016
1571510 2018
1571520 2018
1571530 2019
1571540 2020
1571550 2020
1571560 2020
1571570 2020
1571580 2020
1571590 2021
1571600 2023
1571610 2023
1571620 2022
1571630 2018
1571640 2018
1571650 2011
1571660 2006
1571670 2003
1571680 2003
1571690 2001
1571700 1997
1571710 1997
1571720 1992
1571730 1989
1571740 1989
1571750 1986
1571760 1982
1571770 1982
1571780 1979
1571790 1975
1571800 1975
1571810 1971
1571820 1968
1571830 1968
1571840 1965
1571850 1962
1571860 1962
1571870 1959
1571880 1957
1571890 1957
1571900 1952
1571910 1947
1571920 1947
1571930 1945
1571940 1944
1571950 1942
1571960 1942
1571970 1938
1571980 1934
1571990 1934
1572000 1932
1572010 1930
1572020 1930
1572030 1928
1572040 1926
1572050 1926
1572060 1926
1572070 1927
1572080 1927
1572090 1923
1572100 1918
1572110 1918
1572120 1913
1572130 1908
1572140 1908
1572150 1905
1572160 1905
1572170 1905
1572180 1905
1572190 1905
1572200 1905
1572210 1904
1572220 1902
1572230 1901
1572240 1901
1572250 1903
1572260 1906
1572270 1906
1572280 1905
1572290 1902
1572300 1902
1572310 1900
1572320 1898
1572330 1898
1572340 1897
1572350 1897
1572360 1897
1572370 1897
1572380 1894
1572390 1894
1572400 1888
1572410 1878
1572420 1875
1572430 1869
1572440 1863
1572450 1863
1572460 1859
1572470 1857
1572480 1857
1572490 1856
1572500 1856
1572510 1855
1572520 1855
1572530 1854
1572540 1853
1572550 1853
1572560 1854
1572570 1855
1572580 1855
1572590 1856
1572600 1857
1572610 1857
1572620 1858
1572630 1857
1572640 1857
1572650 1856
1572660 1855
1572670 1855
1572680 1854
1572690 1855
1572700 1855
1572710 1854
1572720 1852
1572730 1852
1572740 1852
1572750 1852
1572760 1852
1572770 1852
1572780 1851
1572790 1851
1572800 1851
1572810 1851
1572820 1851
1572830 1851
1572840 1851
1572850 1854
1572860 1854
1572870 1857
1572880 1856
1572890 1856
1572900 1855
1572910 1856
1572920 1856
1572930 1857
1572940 1861
1572950 1861
1572960 1866
1572970 1872
1572980 1872
1572990 1880
1573000 1888
1573010 1888
1573020 1896
1573030 1898
1573040 1898
1573050 1889
1573060 1878
1573070 1863
1573080 1863
1573090 1849
1573100 1837
1573110 1837
1573120 1827
1573130 1817
1573140 1817
1573150 1806
1573160 1798
1573170 1798
1573180 1790
1573190 1781
1573200 1781
1573210 1773
1573220 1766
1573230 1766
1573240 1757
1573250 1748
1573260 1748
1573270 1737
1573280 1725
1573290 1725
1573300 1715
1573310 1705
1573320 1694
1573330 1694
1573340 1684
1573350 1675
1573360 1675
1573370 1668
1573380 1663
1573390 1663
1573400 1664
1573410 1663
1573420 1663
1573430 1660
1573440 1650
1573450 1650
1573460 1639
1573470 1624
1573480 1624
1573490 1612
1573500 1602
1573510 1602
1573520 1596
1573530 1592
1573540 1592
1573550 1589
1573560 1584
1573570 1584
1573580 1578
1573590 1571
1573600 1564
1573610 1564
1573620 1556
1573630 1549
1573640 1549
1573650 1543
1573660 1536
1573670 1536
1573680 1530
1573690 1523
1573700 1523
1573710 1516
1573720 1510
1573730 1510
1573740 1503
1573750 1496
1573760 1496
1573770 1490
1573780 1483
1573790 1483
1573800 1477
1573810 1470
1573820 1470
1573830 1464
1573840 1458
1573850 1458
1573860 1453
1573870 1447
1573880 1444
1573890 1444
1573900 1438
1573910 1435
1573920 1435
1573930 1431
1573940 1429
1573950 1429
1573960 1427
1573970 1424
1573980 1424
1573990 1419
1574000 1416
1574010 1416
1574020 1413
1574030 1414
1574040 1414
1574050 1416
1574060 1417
1574070 1417
1574080 1419
1574090 1419
1574100 1419
1574110 1418
1574120 1416
1574130 1416
1574140 1417
1574150 1418
1574160 1420
1574170 1420
1574180 1421
1574190 1423
1574200 1423
1574210 1424
1574220 1428
1574230 1428
1574240 1432
1574250 1438
1574260 1438
1574270 1442
1574280 1448
1574290 1448
1574300 1455
1574310 1461
1574320 1461
1574330 1465
1574340 1469
1574350 1469
1574360 1473
1574370 1477
1574380 1477
1574390 1482
1574400 1487
1574410 1487
1574420 1493
1574430 1497
1574440 1501
1574450 1501
1574460 1505
1574470 1510
1574480 1510
1574490 1517
1574500 1522
1574510 1522
1574520 1527
1574530 1531
1574540 1531
1574550 1534
1574560 1537
1574570 1537
1574580 1541
1574590 1543
1574600 1543
1574610 1547
1574620 1549
1574630 1549
1574640 1551
1574650 1553
1574660 1553
1574670 1555
1574680 1557
1574690 1557
1574700 1558
1574710 1559
1574720 1560
1574730 1560
1574740 1562
1574750 1564
1574760 1564
1574770 1566
1574780 1567
1574790 1567
1574800 1567
1574810 1566
1574820 1566
1574830 1566
1574840 1567
1574850 1567
1574860 1569
1574870 1571
1574880 1571
1574890 1573
1574900 1578
1574910 1578
1574920 1583
1574930 1589
1574940 1589
1574950 1595
1574960 1600
1574970 1600
1574980 1607
1574990 1611
1575000 1620
1575010 1620
1575020 1627
1575030 1633
1575040 1633
1575050 1639
1575060 1646
1575070 1646
1575080 1652
1575090 1660
1575100 1660
1575110 1669
1575120 1679
1575130 1679
1575140 1685
1575150 1690
1575160 1690
1575170 1695
1575180 1700
1575190 1700
1575200 1705
1575210 1710
1575220 1710
1575230 1715
1575240 1718
1575250 1718
1575260 1722
1575270 1721
1575280 1725
1575290 1725
1575300 1730
1575310 1736
1575320 1736
1575330 1741
1575340 1745
1575350 1745
1575360 1750
1575370 1755
1575380 1755
1575390 1758
1575400 1761
1575410 1761
1575420 1765
1575430 1767
1575440 1767
1575450 1770
1575460 1773
1575470 1773
1575480 1776
1575490 1777
1575500 1777
1575510 1780
1575520 1785
1575530 1785
1575540 1794
1575550 1803
1575560 1810
1575570 1810
1575580 1814
1575590 1818
1575600 1818
1575610 1822
1575620 1824
1575630 1824
1575640 1828
1575650 1832
1575660 1832
1575670 1835
1575680 1838
1575690 1838
1575700 1840
1575710 1841
1575720 1841
1575730 1842
1575740 1841
1575750 1841
1575760 1840
1575770 1840
1575780 1840
1575790 1841
1575800 1841
1575810 1841
1575820 1843
1575830 1845
1575840 1848
1575850 1848
1575860 1850
1575870 1852
1575880 1852
1575890 1854
1575900 1856
1575910 1856
1575920 1858
1575930 1859
1575940 1859
1575950 1860
1575960 1862
1575970 1862
1575980 1864
1575990 1865
1576000 1865
1576010 1866
1576020 1867
1576030 1867
1576040 1868
1576050 1868
1576060 1868
1576070 1868
1576080 1867
1576090 1867
1576100 1866
1576110 1863
1576120 1858
1576130 1858
1576140 1853
1576150 1845
1576160 1845
1576170 1836
1576180 1828
1576190 1828
1576200 1820
1576210 1812
1576220 1812
1576230 1804
1576240 1794
1576250 1794
1576260 1785
1576270 1777
1576280 1777
1576290 1762
1576300 1753
1576310 1753
1576320 1744
1576330 1737
1576340 1737
1576350 1731
1576360 1729
1576370 1724
1576380 1724
1576390 1717
1576400 1704
1576410 1704
1576420 1689
1576430 1678
1576440 1678
1576450 1670
1576460 1664
1576470 1664
1576480 1659
1576490 1646
1576500 1646
1576510 1632
1576520 1621
1576530 1621
1576540 1612
1576550 1604
1576560 1604
1576570 1594
1576580 1583
1576590 1583
1576600 1575
1576610 1568
1576620 1568
1576630 1562
1576640 1554
1576650 1547
1576660 1555
1576670 1550
1576680 1542
1576690 1542
1576700 1534
1576710 1527
1576720 1527
1576730 1519
1576740 1507
1576750 1507
1576760 1497
1576770 1485
1576780 1485
1576790 1474
1576800 1465
1576810 1465
1576820 1456
1576830 1446
1576840 1446
1576850 1435
1576860 1428
1576870 1428
1576880 1422
1576890 1417
1576900 1417
1576910 1412
1576920 1409
1576930 1401
1576940 1401
1576950 1388
1576960 1375
1576970 1375
1576980 1368
1576990 1360
1577000 1360
1577010 1353
1577020 1346
1577030 1346
1577040 1339
1577050 1333
1577060 1333
1577070 1328
1577080 1323
1577090 1323
1577100 1318
1577110 1313
1577120 1313
1577130 1308
1577140 1304
1577150 1304
1577160 1300
1577170 1297
1577180 1297
1577190 1294
1577200 1290
1577210 1287
1577220 1287
1577230 1284
1577240 1280
1577250 1280
1577260 1276
1577270 1274
1577280 1274
1577290 1272
1577300 1271
1577310 1271
1577320 1270
1577330 1269
1577340 1269
1577350 1268
1577360 1267
1577370 1267
1577380 1267
1577390 1266
1577400 1266
1577410 1266
1577420 1266
1577430 1266
1577440 1264
1577450 1262
1577460 1262
1577470 1259
1577480 1257
1577490 1254
1577500 1254
1577510 1252
1577520 1253
1577530 1253
1577540 1257
1577550 1263
1577560 1263
1577570 1267
1577580 1269
1577590 1269
1577600 1270
1577610 1271
1577620 1271
1577630 1272
1577640 1273
1577650 1273
1577660 1275
1577670 1278
1577680 1278
1577690 1280
1577700 1283
1577710 1283
1577720 1287
1577730 1290
1577740 1290
1577750 1295
1577760 1299
1577770 1303
1577780 1303
1577790 1306
1577800 1310
1577810 1310
1577820 1315
1577830 1318
1577840 1318
1577850 1321
1577860 1323
1577870 1323
1577880 1322
1577890 1322
1577900 1322
1577910 1323
1577920 1325
1577930 1325
1577940 1326
1577950 1328
1577960 1328
1577970 1330
1577980 1332
1577990 1332
1578000 1332
1578010 1332
1578020 1332
1578030 1332
1578040 1329
1578050 1329
1578060 1329
1578070 1328
1578080 1329
1578090 1329
1578100 1330
1578110 1331
1578120 1331
1578130 1333
1578140 1334
1578150 1334
1578160 1334
1578170 1334
1578180 1334
1578190 1334
1578200 1334
1578210 1334
1578220 1333
1578230 1333
1578240 1333
1578250 1331
1578260 1331
1578270 1331
1578280 1335
1578290 1341
1578300 1341
1578310 1345
1578320 1345
1578330 1346
1578340 1346
1578350 1349
1578360 1353
1578370 1353
1578380 1355
1578390 1357
1578400 1357
1578410 1360
1578420 1363
1578430 1363
1578440 1366
1578450 1370
1578460 1370
1578470 1373
1578480 1376
1578490 1376
1578500 1379
1578510 1381
1578520 1381
1578530 1383
1578540 1384
1578550 1384
1578560 1387
1578570 1391
1578580 1391
1578590 1394
1578600 1396
1578610 1396
1578620 1396
1578630 1396
1578640 1395
1578650 1395
1578660 1394
1578670 1393
1578680 1393
1578690 1395
1578700 1395
1578710 1395
1578720 1395
1578730 1396
1578740 1396
1578750 1397
1578760 1399
1578770 1399
1578780 1398
1578790 1396
1578800 1396
1578810 1397
1578820 1398
1578830 1398
1578840 1399
1578850 1399
1578860 1399
1578870 1398
1578880 1399
1578890 1400
1578900 1400
1578910 1397
1578920 1394
1578930 1394
1578940 1393
1578950 1392
1578960 1392
1578970 1392
1578980 1394
1578990 1394
1579000 1395
1579010 1396
1579020 1396
1579030 1397
1579040 1397
1579050 1397
1579060 1394
1579070 1393
1579080 1393
1579090 1392
1579100 1391
1579110 1391
1579120 1388
1579130 1382
1579140 1382
1579150 1379
1579160 1381
1579170 1380
1579180 1380
1579190 1379
1579200 1378
1579210 1378
1579220 1376
1579230 1374
1579240 1374
1579250 1372
1579260 1371
1579270 1371
1579280 1371
1579290 1369
1579300 1369
1579310 1367
1579320 1366
1579330 1366
1579340 1365
1579350 1363
1579360 1363
1579370 1361
1579380 1359
1579390 1355
1579400 1353
1579410 1353
1579420 1352
1579430 1352
1579440 1350
1579450 1349
1579460 1349
1579470 1347
1579480 1343
1579490 1343
1579500 1341
1579510 1340
1579520 1340
1579530 1339
1579540 1339
1579550 1339
1579560 1337
1579570 1335
1579580 1335
1579590 1334
1579600 1331
1579610 1331
1579620 1329
1579630 1326
1579640 1326
1579650 1323
1579660 1322
1579670 1322
1579680 1319
1579690 1317
1579700 1318
1579710 1318
1579720 1320
1579730 1322
1579740 1322
1579750 1322
1579760 1322
1579770 1322
1579780 1323
1579790 1324
1579800 1324
1579810 1325
1579820 1328
1579830 1328
1579840 1331
1579850 1333
1579860 1333
1579870 1335
1579880 1337
1579890 1337
1579900 1338
1579910 1339
1579920 1339
1579930 1340
1579940 1341
1579950 1341
1579960 1343
1579970 1345
1579980 1347
1579990 1347
