1560000 1500
1560010 1503
1560020 1503
1560030 1505
1560040 1508
1560050 1508
1560060 1510
1560070 1512
1560080 1512
1560090 1514
1560100 1516
1560110 1516
1560120 1517
1560130 1517
1560140 1517
1560150 1518
1560160 1518
1560170 1518
1560180 1518
1560190 1517
1560200 1517
1560210 1516
1560220 1514
1560230 1514
1560240 1510
1560250 1508
1560260 1505
1560270 1505
1560280 1501
1560290 1498
1560300 1498
1560310 1495
1560320 1492
1560330 1492
1560340 1488
1560350 1484
1560360 1484
1560370 1481
1560380 1477
1560390 1477
1560400 1473
1560410 1470
1560420 1470
1560430 1467
1560440 1464
1560450 1464
1560460 1460
1560470 1456
1560480 1456
1560490 1453
1560500 1451
1560510 1451
1560520 1448
1560530 1445
1560540 1443
1560550 1443
1560560 1441
1560570 1438
1560580 1438
1560590 1436
1560600 1434
1560610 1434
1560620 1431
1560630 1430
1560640 1430
1560650 1427
1560660 1425
1560670 1425
1560680 1423
1560690 1420
1560700 1420
1560710 1417
1560720 1414
1560730 1414
1560740 1410
1560750 1407
1560760 1407
1560770 1402
1560780 1398
1560790 1398
1560800 1393
1560810 1388
1560820 1384
1560830 1384
1560840 1382
1560850 1379
1560860 1379
1560870 1376
1560880 1373
1560890 1373
1560900 1370
1560910 1367
1560920 1367
1560930 1364
1560940 1361
1560950 1361
1560960 1358
1560970 1356
1560980 1356
1560990 1353
1561000 1351
1561010 1351
1561020 1349
1561030 1346
1561040 1346
1561050 1342
1561060 1339
1561070 1339
1561080 1336
1561090 1333
1561100 1329
1561110 1329
1561120 1326
1561130 1321
1561140 1321
1561150 1317
1561160 1313
1561170 1313
1561180 1308
1561190 1304
1561200 1304
1561210 1300
1561220 1296
1561230 1296
1561240 1293
1561250 1290
1561260 1290
1561270 1288
1561280 1282
1561290 1282
1561300 1277
1561310 1273
1561320 1273
1561330 1267
1561340 1262
1561350 1262
1561360 1258
1561370 1254
1561380 1250
1561390 1250
1561400 1245
1561410 1240
1561420 1240
1561430 1233
1561440 1226
1561450 1226
1561460 1219
1561470 1212
1561480 1212
1561490 1206
1561500 1199
1561510 1199
1561520 1191
1561530 1185
1561540 1185
1561550 1177
1561560 1170
1561570 1168
1561580 1159
1561590 1153
1561600 1153
1561610 1148
1561620 1140
1561630 1140
1561640 1133
1561650 1127
1561660 1120
1561670 1120
1561680 1114
1561690 1108
1561700 1108
1561710 1102
1561720 1096
1561730 1096
1561740 1090
1561750 1086
1561760 1086
1561770 1080
1561780 1075
1561790 1075
1561800 1070
1561810 1066
1561820 1066
1561830 1062
1561840 1059
1561850 1059
1561860 1057
1561870 1054
1561880 1054
1561890 1051
1561900 1052
1561910 1052
1561920 1054
1561930 1055
1561940 1054
1561950 1054
1561960 1054
1561970 1053
1561980 1053
1561990 1052
1562000 1052
1562010 1052
1562020 1051
1562030 1050
1562040 1050
1562050 1049
1562060 1046
1562070 1046
1562080 1046
1562090 1046
1562100 1046
1562110 1043
1562120 1039
1562130 1039
1562140 1032
1562150 1028
1562160 1028
1562170 1026
1562180 1025
1562190 1025
1562200 1024
1562210 1022
1562220 1022
1562230 1022
1562240 1022
1562250 1022
1562260 1022
1562270 1021
1562280 1021
1562290 1021
1562300 1023
1562310 1023
1562320 1023
1562330 1024
1562340 1023
1562350 1023
1562360 1024
1562370 1024
1562380 1024
1562390 1025
1562400 1025
1562410 1025
1562420 1026
1562430 1026
1562440 1026
1562450 1026
1562460 1026
1562470 1026
1562480 1026
1562490 1027
1562500 1027
1562510 1027
1562520 1028
1562530 1029
1562540 1029
1562550 1031
1562560 1032
1562570 1032
1562580 1034
1562590 1035
1562600 1035
1562610 1037
1562620 1040
1562630 1040
1562640 1043
1562650 1047
1562660 1047
1562670 1050
1562680 1055
1562690 1055
1562700 1059
1562710 1064
1562720 1064
1562730 1068
1562740 1073
1562750 1073
1562760 1077
1562770 1082
1562780 1088
1562790 1088
1562800 1093
1562810 1099
1562820 1099
1562830 1104
1562840 1110
1562850 1110
1562860 1115
1562870 1121
1562880 1121
1562890 1128
1562900 1134
1562910 1134
1562920 1140
1562930 1146
1562940 1146
1562950 1152
1562960 1158
1562970 1158
1562980 1163
1562990 1169
1563000 1169
1563010 1176
1563020 1182
1563030 1182
1563040 1188
1563050 1192
1563060 1197
1563070 1197
1563080 1201
1563090 1207
1563100 1207
1563110 1213
1563120 1217
1563130 1217
1563140 1223
1563150 1230
1563160 1230
1563170 1236
1563180 1241
1563190 1241
1563200 1247
1563210 1253
1563220 1253
1563230 1261
1563240 1271
1563250 1271
1563260 1286
1563270 1297
1563280 1297
1563290 1302
1563300 1310
1563310 1310
1563320 1317
1563330 1322
1563340 1329
1563350 1329
1563360 1335
1563370 1342
1563380 1342
1563390 1348
1563400 1355
1563410 1355
1563420 1362
1563430 1368
1563440 1368
1563450 1371
1563460 1374
1563470 1374
1563480 1376
1563490 1378
1563500 1378
1563510 1380
1563520 1382
1563530 1382
1563540 1383
1563550 1384
1563560 1384
1563570 1386
1563580 1388
1563590 1390
1563600 1390
1563610 1391
1563620 1393
1563630 1393
1563640 1395
1563650 1397
1563660 1397
1563670 1398
1563680 1399
1563690 1399
1563700 1400
1563710 1400
1563720 1400
1563730 1400
1563740 1399
1563750 1399
1563760 1399
1563770 1401
1563780 1401
1563790 1403
1563800 1404
1563810 1404
1563820 1404
1563830 1404
1563840 1404
1563850 1402
1563860 1402
1563870 1401
1563880 1401
1563890 1399
1563900 1397
1563910 1397
1563920 1394
1563930 1393
1563940 1393
1563950 1392
1563960 1391
1563970 1391
1563980 1389
1563990 1388
1564000 1388
1564010 1387
1564020 1386
1564030 1386
1564040 1385
1564050 1384
1564060 1384
1564070 1384
1564080 1384
1564090 1384
1564100 1384
1564110 1382
1564120 1382
1564130 1381
1564140 1379
1564150 1379
1564160 1379
1564170 1378
1564180 1378
1564190 1378
1564200 1378
1564210 1378
1564220 1378
1564230 1377
1564240 1376
1564250 1376
1564260 1375
1564270 1375
1564280 1375
1564290 1374
1564300 1372
1564310 1372
1564320 1370
1564330 1368
1564340 1368
1564350 1365
1564360 1362
1564370 1362
1564380 1359
1564390 1356
1564400 1356
1564410 1354
1564420 1352
1564430 1350
1564440 1350
1564450 1348
1564460 1348
1564470 1348
1564480 1347
1564490 1346
1564500 1346
1564510 1344
1564520 1342
1564530 1342
1564540 1341
1564550 1341
1564560 1341
1564570 1339
1564580 1340
1564590 1340
1564600 1343
1564610 1345
1564620 1345
1564630 1344
1564640 1342
1564650 1342
1564660 1340
1564670 1338
1564680 1338
1564690 1338
1564700 1336
1564710 1335
1564720 1335
1564730 1334
1564740 1332
1564750 1332
1564760 1331
1564770 1330
1564780 1330
1564790 1329
1564800 1328
1564810 1328
1564820 1322
1564830 1319
1564840 1319
1564850 1317
1564860 1315
1564870 1315
1564880 1312
1564890 1311
1564900 1311
1564910 1312
1564920 1314
1564930 1314
1564940 1315
1564950 1317
1564960 1317
1564970 1317
1564980 1315
1564990 1312
1565000 1312
1565010 1313
1565020 1315
1565030 1315
1565040 1317
1565050 1318
1565060 1318
1565070 1318
1565080 1318
1565090 1318
1565100 1317
1565110 1316
1565120 1316
1565130 1316
1565140 1317
1565150 1317
1565160 1317
1565170 1316
1565180 1316
1565190 1315
1565200 1314
1565210 1314
1565220 1312
1565230 1309
1565240 1309
1565250 1304
1565260 1300
1565270 1299
1565280 1299
1565290 1299
1565300 1301
1565310 1301
1565320 1302
1565330 1302
1565340 1302
1565350 1302
1565360 1301
1565370 1301
1565380 1300
1565390 1296
1565400 1296
1565410 1292
1565420 1288
1565430 1288
1565440 1288
1565450 1288
1565460 1288
1565470 1287
1565480 1287
1565490 1287
1565500 1286
1565510 1286
1565520 1286
1565530 1286
1565540 1284
1565550 1282
1565560 1282
1565570 1279
1565580 1277
1565590 1277
1565600 1276
1565610 1275
1565620 1275
1565630 1273
1565640 1270
1565650 1270
1565660 1264
1565670 1255
1565680 1255
1565690 1252
1565700 1254
1565710 1254
1565720 1257
1565730 1260
1565740 1260
1565750 1262
1565760 1263
1565770 1263
1565780 1262
1565790 1259
1565800 1259
1565810 1257
1565820 1256
1565830 1257
1565840 1257
1565850 1257
1565860 1255
1565870 1255
1565880 1253
1565890 1252
1565900 1252
1565910 1249
1565920 1246
1565930 1246
1565940 1244
1565950 1242
1565960 1242
1565970 1240
1565980 1239
1565990 1239
1566000 1239
1566010 1240
1566020 1240
1566030 1240
1566040 1239
1566050 1239
1566060 1239
1566070 1239
1566080 1239
1566090 1237
1566100 1235
1566110 1233
1566120 1233
1566130 1234
1566140 1232
1566150 1232
1566160 1229
1566170 1227
1566180 1227
1566190 1224
1566200 1223
1566210 1223
1566220 1223
1566230 1223
1566240 1223
1566250 1222
1566260 1219
1566270 1219
1566280 1213
1566290 1209
1566300 1209
1566310 1207
1566320 1204
1566330 1204
1566340 1201
1566350 1199
1566360 1199
1566370 1198
1566380 1198
1566390 1195
1566400 1195
1566410 1196
1566420 1197
1566430 1197
1566440 1197
1566450 1197
1566460 1197
1566470 1198
1566480 1202
1566490 1202
1566500 1204
1566510 1207
1566520 1207
1566530 1209
1566540 1210
1566550 1210
1566560 1210
1566570 1210
1566580 1210
1566590 1211
1566600 1212
1566610 1212
1566620 1212
1566630 1211
1566640 1211
1566650 1211
1566660 1211
1566670 1212
1566680 1212
1566690 1212
1566700 1212
1566710 1212
1566720 1210
1566730 1210
1566740 1210
1566750 1210
1566760 1211
1566770 1211
1566780 1212
1566790 1214
1566800 1214
1566810 1217
1566820 1220
1566830 1220
1566840 1224
1566850 1225
1566860 1225
1566870 1227
1566880 1228
1566890 1228
1566900 1229
1566910 1232
1566920 1232
1566930 1234
1566940 1236
1566950 1239
1566960 1239
1566970 1241
1566980 1243
1566990 1243
1567000 1244
1567010 1246
1567020 1246
1567030 1248
1567040 1249
1567050 1249
1567060 1250
1567070 1251
1567080 1251
1567090 1252
1567100 1253
1567110 1253
1567120 1253
1567130 1254
1567140 1254
1567150 1255
1567160 1256
1567170 1256
1567180 1257
1567190 1259
1567200 1259
1567210 1260
1567220 1262
1567230 1264
1567240 1264
1567250 1266
1567260 1268
1567270 1268
1567280 1270
1567290 1272
1567300 1272
1567310 1273
1567320 1274
1567330 1274
1567340 1274
1567350 1273
1567360 1273
1567370 1272
1567380 1272
1567390 1272
1567400 1272
1567410 1272
1567420 1272
1567430 1274
1567440 1276
1567450 1276
1567460 1278
1567470 1279
1567480 1279
1567490 1281
1567500 1283
1567510 1285
1567520 1285
1567530 1288
1567540 1291
1567550 1291
1567560 1293
1567570 1295
1567580 1295
1567590 1298
1567600 1302
1567610 1302
1567620 1305
1567630 1308
1567640 1308
1567650 1311
1567660 1315
1567670 1315
1567680 1316
1567690 1321
1567700 1321
1567710 1323
1567720 1326
1567730 1326
1567740 1329
1567750 1332
1567760 1332
1567770 1335
1567780 1339
1567790 1343
1567800 1343
1567810 1347
1567820 1351
1567830 1351
1567840 1355
1567850 1357
1567860 1357
1567870 1359
1567880 1360
1567890 1360
1567900 1362
1567910 1365
1567920 1365
1567930 1367
1567940 1377
1567950 1377
1567960 1377
1567970 1377
1567980 1377
1567990 1378
1568000 1381
1568010 1381
1568020 1384
1568030 1390
1568040 1390
1568050 1398
1568060 1405
1568070 1409
1568080 1409
1568090 1413
1568100 1417
1568110 1417
1568120 1421
1568130 1424
1568140 1424
1568150 1427
1568160 1430
1568170 1430
1568180 1433
1568190 1437
1568200 1437
1568210 1441
1568220 1445
1568230 1445
1568240 1448
1568250 1451
1568260 1451
1568270 1454
1568280 1456
1568290 1456
1568300 1459
1568310 1463
1568320 1463
1568330 1466
1568340 1469
1568350 1473
1568360 1473
1568370 1475
1568380 1478
1568390 1478
1568400 1480
1568410 1483
1568420 1483
1568430 1486
1568440 1489
1568450 1489
1568460 1491
1568470 1493
1568480 1493
1568490 1495
1568500 1497
1568510 1497
1568520 1498
1568530 1501
1568540 1501
1568550 1505
1568560 1509
1568570 1509
1568580 1512
1568590 1515
1568600 1515
1568610 1518
1568620 1520
1568630 1522
1568640 1522
1568650 1524
1568660 1527
1568670 1527
1568680 1530
1568690 1531
1568700 1531
1568710 1533
1568720 1535
1568730 1535
1568740 1536
1568750 1538
1568760 1538
1568770 1540
1568780 1542
1568790 1542
1568800 1544
1568810 1547
1568820 1547
1568830 1550
1568840 1552
1568850 1552
1568860 1555
1568870 1557
1568880 1557
1568890 1560
1568900 1563
1568910 1566
1568920 1566
1568930 1569
1568940 1572
1568950 1572
1568960 1576
1568970 1578
1568980 1578
1568990 1580
1569000 1584
1569010 1584
1569020 1588
1569030 1592
1569040 1592
1569050 1594
1569060 1599
1569070 1599
1569080 1604
1569090 1608
1569100 1608
1569110 1612
1569120 1617
1569130 1617
1569140 1621
1569150 1626
1569160 1626
1569170 1633
1569180 1639
1569190 1645
1569200 1645
1569210 1651
1569220 1657
1569230 1657
1569240 1661
1569250 1665
1569260 1665
1569270 1669
1569280 1672
1569290 1672
1569300 1674
1569310 1675
1569320 1675
1569330 1676
1569340 1677
1569350 1677
1569360 1677
1569370 1677
1569380 1677
1569390 1678
1569400 1678
1569410 1678
1569420 1677
1569430 1677
1569440 1677
1569450 1684
1569460 1681
1569470 1680
1569480 1680
1569490 1684
1569500 1690
1569510 1690
1569520 1693
1569530 1700
1569540 1700
1569550 1708
1569560 1715
1569570 1715
1569580 1722
1569590 1729
1569600 1729
1569610 1733
1569620 1738
1569630 1738
1569640 1742
1569650 1748
1569660 1748
1569670 1755
1569680 1760
1569690 1760
1569700 1766
1569710 1771
1569720 1771
1569730 1776
1569740 1781
1569750 1785
1569760 1785
1569770 1790
1569780 1795
1569790 1795
1569800 1800
1569810 1803
1569820 1803
1569830 1807
1569840 1809
1569850 1809
1569860 1813
1569870 1818
1569880 1818
1569890 1824
1569900 1830
1569910 1830
1569920 1835
1569930 1839
1569940 1839
1569950 1844
1569960 1850
1569970 1850
1569980 1854
1569990 1856
1570000 1856
1570010 1856
1570020 1856
1570030 1856
1570040 1856
1570050 1858
1570060 1860
1570070 1860
1570080 1863
1570090 1864
1570100 1864
1570110 1864
1570120 1867
1570130 1867
1570140 1870
1570150 1875
1570160 1875
1570170 1878
1570180 1879
1570190 1879
1570200 1882
1570210 1883
1570220 1883
1570230 1885
1570240 1887
1570250 1887
1570260 1889
1570270 1891
1570280 1891
1570290 1893
1570300 1896
1570310 1898
1570320 1898
1570330 1899
1570340 1900
1570350 1900
1570360 1901
1570370 1902
1570380 1902
1570390 1904
1570400 1906
1570410 1906
1570420 1905
1570430 1905
1570440 1905
1570450 1905
1570460 1908
1570470 1908
1570480 1910
1570490 1906
1570500 1906
1570510 1904
1570520 1901
1570530 1901
1570540 1897
1570550 1896
1570560 1896
1570570 1896
1570580 1898
1570590 1896
1570600 1896
1570610 1896
1570620 1897
1570630 1897
1570640 1900
1570650 1902
1570660 1902
1570670 1904
1570680 1905
1570690 1905
1570700 1909
1570710 1915
1570720 1915
1570730 1921
1570740 1926
1570750 1926
1570760 1932
1570770 1940
1570780 1940
1570790 1951
1570800 1960
1570810 1960
1570820 1966
1570830 1970
1570840 1970
1570850 1975
1570860 1982
1570870 1990
1570880 1990
1570890 2000
1570900 2008
1570910 2008
1570920 2015
1570930 2024
1570940 2020
1570950 2025
1570960 2029
1570970 2029
1570980 2031
1570990 2032
1571000 2032
1571010 2024
1571020 2015
1571030 2015
1571040 2008
1571050 2005
1571060 2005
1571070 2000
1571080 1996
1571090 1996
1571100 1986
1571110 1977
1571120 1977
1571130 1971
1571140 1967
1571150 1963
1571160 1963
1571170 1957
1571180 1950
1571190 1950
1571200 1942
1571210 1935
1571220 1935
1571230 1930
1571240 1925
1571250 1925
1571260 1920
1571270 1916
1571280 1916
1571290 1911
1571300 1907
1571310 1907
1571320 1903
1571330 1899
1571340 1899
1571350 1896
1571360 1892
1571370 1892
1571380 1889
1571390 1884
1571400 1884
1571410 1880
1571420 1876
1571430 1871
1571440 1871
1571450 1867
1571460 1865
1571470 1865
1571480 1864
1571490 1861
1571500 1861
1571510 1858
1571520 1855
1571530 1855
1571540 1853
1571550 1851
1571560 1851
1571570 1850
1571580 1847
1571590 1847
1571600 1841
1571610 1835
1571620 1835
1571630 1830
1571640 1826
1571650 1826
1571660 1822
1571670 1821
1571680 1821
1571690 1820
1571700 1818
1571710 1817
1571720 1817
1571730 1817
1571740 1817
1571750 1817
1571760 1817
1571770 1816
1571780 1816
1571790 1815
1571800 1815
1571810 1815
1571820 1815
1571830 1813
1571840 1813
1571850 1811
1571860 1809
1571870 1809
1571880 1806
1571890 1806
1571900 1806
1571910 1806
1571920 1807
1571930 1807
1571940 1806
1571950 1808
1571960 1807
1571970 1807
1571980 1802
1571990 1796
1572000 1796
1572010 1789
1572020 1784
1572030 1784
1572040 1780
1572050 1776
1572060 1776
1572070 1774
1572080 1770
1572090 1770
1572100 1760
1572110 1748
1572120 1748
1572130 1735
1572140 1725
1572150 1725
1572160 1715
1572170 1708
1572180 1708
1572190 1702
1572200 1695
1572210 1695
1572220 1689
1572230 1683
1572240 1676
1572250 1676
1572260 1672
1572270 1669
1572280 1669
1572290 1667
1572300 1666
1572310 1666
1572320 1666
1572330 1664
1572340 1664
1572350 1663
1572360 1663
1572370 1663
1572380 1666
1572390 1669
1572400 1669
1572410 1667
1572420 1669
1572430 1669
1572440 1670
1572450 1674
1572460 1674
1572470 1675
1572480 1673
1572490 1673
1572500 1671
1572510 1669
1572520 1668
1572530 1668
1572540 1668
1572550 1669
1572560 1669
1572570 1670
1572580 1672
1572590 1672
1572600 1673
1572610 1673
1572620 1673
1572630 1671
1572640 1670
1572650 1670
1572660 1668
1572670 1665
1572680 1665
1572690 1662
1572700 1663
1572710 1663
1572720 1664
1572730 1665
1572740 1665
1572750 1665
1572760 1662
1572770 1662
1572780 1658
1572790 1659
1572800 1660
1572810 1660
1572820 1664
1572830 1667
1572840 1667
1572850 1670
1572860 1672
1572870 1672
1572880 1672
1572890 1675
1572900 1675
1572910 1677
1572920 1678
1572930 1678
1572940 1680
1572950 1682
1572960 1682
1572970 1682
1572980 1680
1572990 1680
1573000 1679
1573010 1679
1573020 1679
1573030 1680
1573040 1681
1573050 1681
1573060 1682
1573070 1682
1573080 1682
1573090 1682
1573100 1683
1573110 1686
1573120 1686
1573130 1690
1573140 1696
1573150 1696
1573160 1703
1573170 1711
1573180 1711
1573190 1721
1573200 1732
1573210 1732
1573220 1743
1573230 1755
1573240 1755
1573250 1748
1573260 1739
1573270 1739
1573280 1730
1573290 1721
1573300 1721
1573310 1712
1573320 1704
1573330 1704
1573340 1693
1573350 1682
1573360 1670
1573370 1670
1573380 1654
1573390 1644
1573400 1644
1573410 1635
1573420 1626
1573430 1626
1573440 1615
1573450 1600
1573460 1600
1573470 1587
1573480 1577
1573490 1577
1573500 1569
1573510 1560
1573520 1560
1573530 1545
1573540 1533
1573550 1533
1573560 1522
1573570 1514
1573580 1514
1573590 1507
1573600 1500
1573610 1500
1573620 1492
1573630 1485
1573640 1478
1573650 1478
1573660 1471
1573670 1464
1573680 1464
1573690 1457
1573700 1450
1573710 1450
1573720 1443
1573730 1437
1573740 1437
1573750 1430
1573760 1424
1573770 1424
1573780 1417
1573790 1411
1573800 1411
1573810 1404
1573820 1399
1573830 1399
1573840 1390
1573850 1384
1573860 1384
1573870 1379
1573880 1372
1573890 1372
1573900 1366
1573910 1360
1573920 1354
1573930 1354
1573940 1348
1573950 1343
1573960 1343
1573970 1340
1573980 1337
1573990 1337
1574000 1335
1574010 1333
1574020 1333
1574030 1330
1574040 1327
1574050 1327
1574060 1325
1574070 1322
1574080 1322
1574090 1320
1574100 1320
1574110 1320
1574120 1319
1574130 1319
1574140 1319
1574150 1319
1574160 1316
1574170 1316
1574180 1317
1574190 1321
1574200 1324
1574210 1324
1574220 1326
1574230 1332
1574240 1332
1574250 1337
1574260 1341
1574270 1341
1574280 1347
1574290 1352
1574300 1352
1574310 1355
1574320 1360
1574330 1360
1574340 1366
1574350 1371
1574360 1371
1574370 1375
1574380 1379
1574390 1379
1574400 1384
1574410 1389
1574420 1389
1574430 1394
1574440 1399
1574450 1399
1574460 1404
1574470 1410
1574480 1417
1574490 1417
1574500 1424
1574510 1431
1574520 1431
1574530 1437
1574540 1443
1574550 1443
1574560 1450
1574570 1456
1574580 1456
1574590 1462
1574600 1467
1574610 1467
1574620 1472
1574630 1476
1574640 1476
1574650 1481
1574660 1486
1574670 1486
1574680 1493
1574690 1501
1574700 1501
1574710 1506
1574720 1511
1574730 1511
1574740 1514
1574750 1516
1574760 1517
1574770 1517
1574780 1518
1574790 1519
1574800 1519
1574810 1519
1574820 1520
1574830 1520
1574840 1521
1574850 1522
1574860 1522
1574870 1523
1574880 1523
1574890 1523
1574900 1525
1574910 1525
1574920 1525
1574930 1527
1574940 1528
1574950 1528
1574960 1530
1574970 1530
1574980 1530
1574990 1530
1575000 1534
1575010 1534
1575020 1539
1575030 1544
1575040 1547
1575050 1547
1575060 1551
1575070 1555
1575080 1555
1575090 1559
1575100 1562
1575110 1562
1575120 1566
1575130 1568
1575140 1568
1575150 1571
1575160 1574
1575170 1574
1575180 1578
1575190 1582
1575200 1582
1575210 1586
1575220 1590
1575230 1590
1575240 1595
1575250 1598
1575260 1598
1575270 1600
1575280 1603
1575290 1603
1575300 1604
1575310 1606
1575320 1607
1575330 1607
1575340 1609
1575350 1611
1575360 1611
1575370 1614
1575380 1617
1575390 1617
1575400 1621
1575410 1626
1575420 1626
1575430 1632
1575440 1636
1575450 1636
1575460 1641
1575470 1643
1575480 1643
1575490 1640
1575500 1641
1575510 1641
1575520 1642
1575530 1644
1575540 1644
1575550 1646
1575560 1648
1575570 1648
1575580 1651
1575590 1653
1575600 1654
1575610 1654
1575620 1656
1575630 1657
1575640 1657
1575650 1656
1575660 1655
1575670 1655
1575680 1654
1575690 1653
1575700 1653
1575710 1651
1575720 1650
1575730 1650
1575740 1649
1575750 1646
1575760 1646
1575770 1645
1575780 1643
1575790 1643
1575800 1641
1575810 1638
1575820 1638
1575830 1635
1575840 1632
1575850 1632
1575860 1630
1575870 1628
1575880 1627
1575890 1627
1575900 1624
1575910 1622
1575920 1622
1575930 1622
1575940 1620
1575950 1620
1575960 1619
1575970 1618
1575980 1618
1575990 1615
1576000 1614
1576010 1614
1576020 1613
1576030 1612
1576040 1612
1576050 1611
1576060 1610
1576070 1610
1576080 1609
1576090 1608
1576100 1608
1576110 1607
1576120 1605
1576130 1605
1576140 1602
1576150 1600
1576160 1598
1576170 1598
1576180 1596
1576190 1596
1576200 1596
1576210 1596
1576220 1596
1576230 1596
1576240 1596
1576250 1596
1576260 1596
1576270 1595
1576280 1595
1576290 1595
1576300 1594
1576310 1593
1576320 1593
1576330 1591
1576340 1589
1576350 1589
1576360 1587
1576370 1586
1576380 1586
1576390 1586
1576400 1585
1576410 1585
1576420 1584
1576430 1582
1576440 1581
1576450 1581
1576460 1579
1576470 1577
1576480 1577
1576490 1576
1576500 1575
1576510 1575
1576520 1574
1576530 1571
1576540 1571
1576550 1569
1576560 1567
1576570 1567
1576580 1566
1576590 1564
1576600 1564
1576610 1561
1576620 1558
1576630 1558
1576640 1556
1576650 1555
1576660 1552
1576670 1551
1576680 1550
1576690 1550
1576700 1549
1576710 1548
1576720 1549
1576730 1549
1576740 1549
1576750 1549
1576760 1549
1576770 1549
1576780 1548
1576790 1548
1576800 1548
1576810 1546
1576820 1546
1576830 1545
1576840 1543
1576850 1543
1576860 1541
1576870 1539
1576880 1539
1576890 1536
1576900 1534
1576910 1534
1576920 1532
1576930 1531
1576940 1531
1576950 1530
1576960 1528
1576970 1528
1576980 1527
1576990 1526
1577000 1524
1577010 1524
1577020 1522
1577030 1520
1577040 1520
1577050 1517
1577060 1513
1577070 1513
1577080 1509
1577090 1504
1577100 1504
1577110 1499
1577120 1494
1577130 1494
1577140 1490
1577150 1486
1577160 1486
1577170 1481
1577180 1475
1577190 1475
1577200 1470
1577210 1467
1577220 1467
1577230 1462
1577240 1458
1577250 1458
1577260 1453
1577270 1449
1577280 1446
1577290 1446
1577300 1444
1577310 1440
1577320 1440
1577330 1433
1577340 1426
1577350 1426
1577360 1420
1577370 1416
1577380 1416
1577390 1412
1577400 1406
1577410 1406
1577420 1400
1577430 1394
1577440 1394
1577450 1392
1577460 1389
1577470 1389
1577480 1387
1577490 1384
1577500 1384
1577510 1378
1577520 1371
1577530 1371
1577540 1361
1577550 1353
1577560 1347
1577570 1347
1577580 1341
1577590 1336
1577600 1336
1577610 1331
1577620 1327
1577630 1327
1577640 1322
1577650 1317
1577660 1317
1577670 1311
1577680 1305
1577690 1305
1577700 1296
1577710 1285
1577720 1285
1577730 1274
1577740 1267
1577750 1267
1577760 1258
1577770 1251
1577780 1251
1577790 1244
1577800 1237
1577810 1237
1577820 1231
1577830 1225
1577840 1219
1577850 1219
1577860 1213
1577870 1208
1577880 1208
1577890 1202
1577900 1199
1577910 1199
1577920 1196
1577930 1193
1577940 1193
1577950 1191
1577960 1187
1577970 1187
1577980 1186
1577990 1185
1578000 1185
1578010 1183
1578020 1182
1578030 1182
1578040 1180
1578050 1177
1578060 1177
1578070 1174
1578080 1174
1578090 1174
1578100 1173
1578110 1174
1578120 1178
1578130 1178
1578140 1180
1578150 1180
1578160 1180
1578170 1181
1578180 1181
1578190 1181
1578200 1182
1578210 1183
1578220 1183
1578230 1182
1578240 1182
1578250 1182
1578260 1183
1578270 1185
1578280 1185
1578290 1186
1578300 1187
1578310 1187
1578320 1189
1578330 1191
1578340 1191
1578350 1193
1578360 1196
1578370 1196
1578380 1198
1578390 1200
1578400 1198
1578410 1198
1578420 1196
1578430 1198
1578440 1198
1578450 1202
1578460 1205
1578470 1205
1578480 1208
1578490 1215
1578500 1215
1578510 1221
1578520 1225
1578530 1225
1578540 1227
1578550 1228
1578560 1228
1578570 1227
1578580 1230
1578590 1230
1578600 1234
1578610 1238
1578620 1238
1578630 1241
1578640 1243
1578650 1243
1578660 1246
1578670 1249
1578680 1252
1578690 1252
1578700 1255
1578710 1259
1578720 1259
1578730 1263
1578740 1267
1578750 1267
1578760 1272
1578770 1276
1578780 1276
1578790 1282
1578800 1287
1578810 1287
1578820 1292
1578830 1296
1578840 1296
1578850 1301
1578860 1306
1578870 1306
1578880 1312
1578890 1317
1578900 1317
1578910 1322
1578920 1327
1578930 1327
1578940 1331
1578950 1335
1578960 1340
1578970 1340
1578980 1345
1578990 1349
1579000 1349
1579010 1353
1579020 1357
1579030 1357
1579040 1360
1579050 1364
1579060 1364
1579070 1368
1579080 1371
1579090 1371
1579100 1375
1579110 1378
1579120 1378
1579130 1382
1579140 1386
1579150 1386
1579160 1390
1579170 1393
1579180 1393
1579190 1396
1579200 1398
1579210 1398
1579220 1401
1579230 1403
1579240 1405
1579250 1405
1579260 1407
1579270 1409
1579280 1409
1579290 1412
1579300 1415
1579310 1415
1579320 1417
1579330 1420
1579340 1420
1579350 1423
1579360 1427
1579370 1427
1579380 1433
1579390 1438
1579400 1438
1579410 1443
1579420 1447
1579430 1447
1579440 1451
1579450 1453
1579460 1453
1579470 1454
1579480 1456
1579490 1456
1579500 1458
1579510 1461
1579520 1465
1579530 1465
1579540 1468
1579550 1471
1579560 1471
1579570 1474
1579580 1478
1579590 1478
1579600 1482
1579610 1485
1579620 1485
1579630 1489
1579640 1493
1579650 1493
1579660 1495
1579670 1500
1579680 1500
1579690 1504
1579700 1507
1579710 1507
1579720 1510
1579730 1511
1579740 1511
1579750 1516
1579760 1520
1579770 1520
1579780 1526
1579790 1534
1579800 1538
1579810 1538
1579820 1541
1579830 1543
1579840 1543
1579850 1547
1579860 1553
1579870 1553
1579880 1558
1579890 1563
1579900 1563
1579910 1567
1579920 1570
1579930 1570
1579940 1571
1579950 1569
1579960 1569
1579970 1568
1579980 1564
1579990 1564
