1560000 1239
1560010 1235
1560020 1235
1560030 1232
1560040 1227
1560050 1227
1560060 1221
1560070 1216
1560080 1216
1560090 1211
1560100 1206
1560110 1206
1560120 1202
1560130 1198
1560140 1198
1560150 1194
1560160 1191
1560170 1191
1560180 1186
1560190 1182
1560200 1182
1560210 1179
1560220 1174
1560230 1174
1560240 1171
1560250 1167
1560260 1167
1560270 1162
1560280 1157
1560290 1153
1560300 1153
1560310 1147
1560320 1143
1560330 1143
1560340 1136
1560350 1130
1560360 1130
1560370 1123
1560380 1116
1560390 1116
1560400 1109
1560410 1103
1560420 1103
1560430 1096
1560440 1090
1560450 1090
1560460 1084
1560470 1077
1560480 1077
1560490 1070
1560500 1064
1560510 1064
1560520 1058
1560530 1052
1560540 1052
1560550 1047
1560560 1041
1560570 1035
1560580 1035
1560590 1030
1560600 1027
1560610 1027
1560620 1025
1560630 1025
1560640 1025
1560650 1024
1560660 1023
1560670 1023
1560680 1022
1560690 1021
1560700 1021
1560710 1020
1560720 1019
1560730 1019
1560740 1018
1560750 1016
1560760 1016
1560770 1012
1560780 1009
1560790 1009
1560800 1007
1560810 1006
1560820 1006
1560830 1004
1560840 1003
1560850 1001
1560860 1001
1560870 1000
1560880 999
1560890 999
1560900 998
1560910 998
1560920 998
1560930 997
1560940 996
1560950 996
1560960 996
1560970 995
1560980 995
1560990 994
1561000 993
1561010 993
1561020 993
1561030 992
1561040 992
1561050 992
1561060 991
1561070 991
1561080 991
1561090 991
1561100 991
1561110 991
1561120 990
1561130 990
1561140 990
1561150 990
1561160 988
1561170 988
1561180 990
1561190 991
1561200 991
1561210 991
1561220 991
1561230 991
1561240 991
1561250 991
1561260 991
1561270 992
1561280 993
1561290 993
1561300 995
1561310 997
1561320 997
1561330 998
1561340 1000
1561350 1000
1561360 1001
1561370 1002
1561380 1002
1561390 1005
1561400 1009
1561410 1012
1561420 1012
1561430 1015
1561440 1019
1561450 1019
1561460 1022
1561470 1026
1561480 1026
1561490 1030
1561500 1034
1561510 1034
1561520 1037
1561530 1044
1561540 1044
1561550 1047
1561560 1052
1561570 1052
1561580 1055
1561590 1058
1561600 1058
1561610 1062
1561620 1068
1561630 1068
1561640 1074
1561650 1079
1561660 1079
1561670 1084
1561680 1087
1561690 1090
1561700 1090
1561710 1097
1561720 1104
1561730 1104
1561740 1110
1561750 1115
1561760 1115
1561770 1120
1561780 1125
1561790 1125
1561800 1130
1561810 1135
1561820 1135
1561830 1140
1561840 1146
1561850 1146
1561860 1150
1561870 1154
1561880 1154
1561890 1158
1561900 1163
1561910 1163
1561920 1168
1561930 1170
1561940 1170
1561950 1176
1561960 1183
1561970 1189
1561980 1189
1561990 1196
1562000 1200
1562010 1200
1562020 1204
1562030 1211
1562040 1211
1562050 1217
1562060 1220
1562070 1220
1562080 1226
1562090 1232
1562100 1232
1562110 1238
1562120 1243
1562130 1243
1562140 1248
1562150 1253
1562160 1253
1562170 1258
1562180 1265
1562190 1265
1562200 1272
1562210 1276
1562220 1276
1562230 1280
1562240 1284
1562250 1289
1562260 1289
1562270 1293
1562280 1297
1562290 1297
1562300 1301
1562310 1304
1562320 1304
1562330 1307
1562340 1311
1562350 1311
1562360 1311
1562370 1316
1562380 1316
1562390 1317
1562400 1323
1562410 1323
1562420 1331
1562430 1342
1562440 1342
1562450 1349
1562460 1356
1562470 1356
1562480 1359
1562490 1362
1562500 1362
1562510 1366
1562520 1371
1562530 1377
1562540 1377
1562550 1383
1562560 1390
1562570 1390
1562580 1396
1562590 1402
1562600 1402
1562610 1409
1562620 1414
1562630 1414
1562640 1421
1562650 1428
1562660 1428
1562670 1433
1562680 1437
1562690 1437
1562700 1441
1562710 1444
1562720 1444
1562730 1446
1562740 1448
1562750 1448
1562760 1451
1562770 1454
1562780 1454
1562790 1456
1562800 1458
1562810 1460
1562820 1460
1562830 1461
1562840 1462
1562850 1462
1562860 1462
1562870 1463
1562880 1463
1562890 1462
1562900 1461
1562910 1461
1562920 1459
1562930 1458
1562940 1458
1562950 1456
1562960 1456
1562970 1456
1562980 1454
1562990 1453
1563000 1453
1563010 1451
1563020 1450
1563030 1450
1563040 1449
1563050 1448
1563060 1448
1563070 1447
1563080 1446
1563090 1445
1563100 1445
1563110 1443
1563120 1440
1563130 1440
1563140 1438
1563150 1435
1563160 1435
1563170 1437
1563180 1434
1563190 1434
1563200 1431
1563210 1428
1563220 1428
1563230 1425
1563240 1422
1563250 1422
1563260 1420
1563270 1417
1563280 1417
1563290 1415
1563300 1411
1563310 1411
1563320 1407
1563330 1403
1563340 1403
1563350 1400
1563360 1395
1563370 1393
1563380 1393
1563390 1392
1563400 1389
1563410 1389
1563420 1385
1563430 1379
1563440 1379
1563450 1375
1563460 1369
1563470 1369
1563480 1363
1563490 1357
1563500 1357
1563510 1351
1563520 1344
1563530 1344
1563540 1336
1563550 1329
1563560 1329
1563570 1323
1563580 1318
1563590 1318
1563600 1320
1563610 1323
1563620 1323
1563630 1323
1563640 1323
1563650 1321
1563660 1321
1563670 1318
1563680 1316
1563690 1316
1563700 1311
1563710 1308
1563720 1308
1563730 1304
1563740 1298
1563750 1298
1563760 1292
1563770 1286
1563780 1286
1563790 1280
1563800 1273
1563810 1273
1563820 1266
1563830 1258
1563840 1258
1563850 1252
1563860 1249
1563870 1249
1563880 1251
1563890 1258
1563900 1258
1563910 1263
1563920 1269
1563930 1274
1563940 1274
1563950 1279
1563960 1285
1563970 1285
1563980 1288
1563990 1292
1564000 1292
1564010 1296
1564020 1300
1564030 1300
1564040 1304
1564050 1310
1564060 1310
1564070 1315
1564080 1322
1564090 1322
1564100 1327
1564110 1333
1564120 1333
1564130 1338
1564140 1345
1564150 1345
1564160 1350
1564170 1357
1564180 1357
1564190 1362
1564200 1368
1564210 1368
1564220 1374
1564230 1381
1564240 1385
1564250 1385
1564260 1390
1564270 1395
1564280 1395
1564290 1399
1564300 1404
1564310 1404
1564320 1408
1564330 1412
1564340 1412
1564350 1418
1564360 1424
1564370 1424
1564380 1430
1564390 1435
1564400 1435
1564410 1441
1564420 1447
1564430 1447
1564440 1454
1564450 1462
1564460 1462
1564470 1470
1564480 1477
1564490 1477
1564500 1482
1564510 1488
1564520 1492
1564530 1492
1564540 1497
1564550 1503
1564560 1503
1564570 1508
1564580 1514
1564590 1514
1564600 1520
1564610 1525
1564620 1525
1564630 1532
1564640 1538
1564650 1538
1564660 1544
1564670 1551
1564680 1551
1564690 1557
1564700 1563
1564710 1563
1564720 1571
1564730 1578
1564740 1578
1564750 1585
1564760 1592
1564770 1592
1564780 1597
1564790 1605
1564800 1613
1564810 1613
1564820 1620
1564830 1627
1564840 1627
1564850 1633
1564860 1636
1564870 1636
1564880 1638
1564890 1641
1564900 1641
1564910 1646
1564920 1650
1564930 1650
1564940 1656
1564950 1661
1564960 1661
1564970 1668
1564980 1673
1564990 1673
1565000 1675
1565010 1676
1565020 1676
1565030 1677
1565040 1680
1565050 1680
1565060 1684
1565070 1688
1565080 1690
1565090 1690
1565100 1691
1565110 1695
1565120 1695
1565130 1704
1565140 1709
1565150 1709
1565160 1716
1565170 1723
1565180 1723
1565190 1732
1565200 1741
1565210 1741
1565220 1747
1565230 1755
1565240 1755
1565250 1763
1565260 1770
1565270 1770
1565280 1777
1565290 1785
1565300 1785
1565310 1793
1565320 1801
1565330 1801
1565340 1808
1565350 1815
1565360 1820
1565370 1820
1565380 1828
1565390 1834
1565400 1834
1565410 1837
1565420 1837
1565430 1837
1565440 1837
1565450 1835
1565460 1835
1565470 1834
1565480 1832
1565490 1832
1565500 1830
1565510 1827
1565520 1827
1565530 1825
1565540 1824
1565550 1824
1565560 1823
1565570 1824
1565580 1824
1565590 1824
1565600 1824
1565610 1824
1565620 1824
1565630 1824
1565640 1823
1565650 1823
1565660 1823
1565670 1823
1565680 1823
1565690 1823
1565700 1823
1565710 1823
1565720 1823
1565730 1823
1565740 1823
1565750 1824
1565760 1824
1565770 1824
1565780 1826
1565790 1826
1565800 1826
1565810 1827
1565820 1829
1565830 1829
1565840 1830
1565850 1829
1565860 1829
1565870 1828
1565880 1825
1565890 1825
1565900 1823
1565910 1822
1565920 1824
1565930 1824
1565940 1825
1565950 1824
1565960 1824
1565970 1826
1565980 1827
1565990 1827
1566000 1827
1566010 1832
1566020 1832
1566030 1836
1566040 1842
1566050 1842
1566060 1849
1566070 1852
1566080 1852
1566090 1851
1566100 1849
1566110 1849
1566120 1848
1566130 1850
1566140 1850
1566150 1854
1566160 1858
1566170 1858
1566180 1858
1566190 1860
1566200 1862
1566210 1862
1566220 1865
1566230 1867
1566240 1867
1566250 1869
1566260 1871
1566270 1871
1566280 1873
1566290 1876
1566300 1876
1566310 1880
1566320 1881
1566330 1881
1566340 1880
1566350 1885
1566360 1885
1566370 1881
1566380 1878
1566390 1878
1566400 1876
1566410 1875
1566420 1875
1566430 1875
1566440 1874
1566450 1874
1566460 1872
1566470 1869
1566480 1865
1566490 1865
1566500 1861
1566510 1858
1566520 1858
1566530 1855
1566540 1854
1566550 1854
1566560 1853
1566570 1856
1566580 1856
1566590 1856
1566600 1853
1566610 1853
1566620 1851
1566630 1853
1566640 1853
1566650 1854
1566660 1852
1566670 1852
1566680 1852
1566690 1856
1566700 1856
1566710 1859
1566720 1861
1566730 1861
1566740 1859
1566750 1854
1566760 1848
1566770 1848
1566780 1843
1566790 1838
1566800 1838
1566810 1834
1566820 1829
1566830 1829
1566840 1824
1566850 1826
1566860 1826
1566870 1832
1566880 1834
1566890 1834
1566900 1836
1566910 1839
1566920 1839
1566930 1841
1566940 1838
1566950 1838
1566960 1835
1566970 1835
1566980 1835
1566990 1838
1567000 1840
1567010 1840
1567020 1841
1567030 1841
1567040 1842
1567050 1842
1567060 1847
1567070 1854
1567080 1854
1567090 1861
1567100 1866
1567110 1866
1567120 1870
1567130 1876
1567140 1876
1567150 1882
1567160 1889
1567170 1889
1567180 1895
1567190 1901
1567200 1901
1567210 1906
1567220 1912
1567230 1912
1567240 1918
1567250 1924
1567260 1924
1567270 1930
1567280 1934
1567290 1934
1567300 1936
1567310 1935
1567320 1935
1567330 1935
1567340 1936
1567350 1937
1567360 1937
1567370 1940
1567380 1943
1567390 1943
1567400 1946
1567410 1949
1567420 1949
1567430 1952
1567440 1956
1567450 1956
1567460 1959
1567470 1960
1567480 1960
1567490 1962
1567500 1964
1567510 1964
1567520 1967
1567530 1970
1567540 1970
1567550 1973
1567560 1976
1567570 1976
1567580 1979
1567590 1984
1567600 1988
1567610 1988
1567620 1992
1567630 1996
1567640 1996
1567650 2002
1567660 2006
1567670 2006
1567680 2009
1567690 2007
1567700 2007
1567710 1999
1567720 1990
1567730 1990
1567740 1982
1567750 1977
1567760 1977
1567770 1971
1567780 1967
1567790 1967
1567800 1962
1567810 1957
1567820 1957
1567830 1955
1567840 1951
1567850 1951
1567860 1945
1567870 1942
1567880 1939
1567890 1939
1567900 1936
1567910 1934
1567920 1934
1567930 1933
1567940 1932
1567950 1932
1567960 1932
1567970 1931
1567980 1931
1567990 1929
1568000 1926
1568010 1926
1568020 1923
1568030 1922
1568040 1922
1568050 1920
1568060 1918
1568070 1918
1568080 1915
1568090 1913
1568100 1913
1568110 1912
1568120 1911
1568130 1911
1568140 1912
1568150 1915
1568160 1915
1568170 1917
1568180 1920
1568190 1922
1568200 1922
1568210 1923
1568220 1924
1568230 1924
1568240 1924
1568250 1924
1568260 1924
1568270 1922
1568280 1921
1568290 1921
1568300 1919
1568310 1918
1568320 1918
1568330 1915
1568340 1911
1568350 1911
1568360 1910
1568370 1909
1568380 1909
1568390 1908
1568400 1902
1568410 1902
1568420 1894
1568430 1888
1568440 1888
1568450 1880
1568460 1872
1568470 1864
1568480 1864
1568490 1857
1568500 1851
1568510 1851
1568520 1845
1568530 1840
1568540 1840
1568550 1835
1568560 1831
1568570 1831
1568580 1827
1568590 1823
1568600 1823
1568610 1819
1568620 1816
1568630 1816
1568640 1813
1568650 1809
1568660 1809
1568670 1806
1568680 1805
1568690 1805
1568700 1803
1568710 1803
1568720 1803
1568730 1802
1568740 1801
1568750 1801
1568760 1801
1568770 1802
1568780 1801
1568790 1801
1568800 1800
1568810 1800
1568820 1800
1568830 1799
1568840 1798
1568850 1798
1568860 1797
1568870 1796
1568880 1796
1568890 1796
1568900 1795
1568910 1795
1568920 1795
1568930 1796
1568940 1796
1568950 1796
1568960 1796
1568970 1796
1568980 1795
1568990 1794
1569000 1794
1569010 1793
1569020 1792
1569030 1791
1569040 1791
1569050 1790
1569060 1788
1569070 1788
1569080 1786
1569090 1786
1569100 1786
1569110 1786
1569120 1785
1569130 1785
1569140 1780
1569150 1773
1569160 1773
1569170 1765
1569180 1759
1569190 1759
1569200 1756
1569210 1755
1569220 1755
1569230 1755
1569240 1756
1569250 1756
1569260 1756
1569270 1755
1569280 1755
1569290 1755
1569300 1755
1569310 1756
1569320 1756
1569330 1757
1569340 1760
1569350 1760
1569360 1760
1569370 1760
1569380 1760
1569390 1760
1569400 1761
1569410 1759
1569420 1761
1569430 1764
1569440 1764
1569450 1767
1569460 1769
1569470 1769
1569480 1774
1569490 1779
1569500 1779
1569510 1785
1569520 1792
1569530 1792
1569540 1799
1569550 1807
1569560 1807
1569570 1816
1569580 1826
1569590 1837
1569600 1837
1569610 1841
1569620 1833
1569630 1833
1569640 1823
1569650 1812
1569660 1812
1569670 1803
1569680 1794
1569690 1794
1569700 1786
1569710 1777
1569720 1777
1569730 1768
1569740 1760
1569750 1760
1569760 1751
1569770 1742
1569780 1742
1569790 1733
1569800 1723
1569810 1723
1569820 1716
1569830 1710
1569840 1710
1569850 1705
1569860 1700
1569870 1694
1569880 1694
1569890 1689
1569900 1684
1569910 1684
1569920 1681
1569930 1677
1569940 1677
1569950 1673
1569960 1670
1569970 1670
1569980 1666
1569990 1664
1570000 1664
1570010 1664
1570020 1665
1570030 1665
1570040 1665
1570050 1664
1570060 1664
1570070 1665
1570080 1665
1570090 1665
1570100 1662
1570110 1654
1570120 1654
1570130 1643
1570140 1634
1570150 1626
1570160 1626
1570170 1619
1570180 1613
1570190 1613
1570200 1606
1570210 1599
1570220 1599
1570230 1592
1570240 1585
1570250 1585
1570260 1578
1570270 1572
1570280 1572
1570290 1566
1570300 1560
1570310 1560
1570320 1557
1570330 1555
1570340 1555
1570350 1552
1570360 1550
1570370 1550
1570380 1547
1570390 1545
1570400 1545
1570410 1543
1570420 1544
1570430 1545
1570440 1545
1570450 1543
1570460 1542
1570470 1542
1570480 1543
1570490 1543
1570500 1543
1570510 1543
1570520 1543
1570530 1543
1570540 1542
1570550 1541
1570560 1541
1570570 1542
1570580 1542
1570590 1542
1570600 1543
1570610 1545
1570620 1545
1570630 1547
1570640 1550
1570650 1550
1570660 1552
1570670 1554
1570680 1554
1570690 1557
1570700 1560
1570710 1564
1570720 1564
1570730 1567
1570740 1569
1570750 1569
1570760 1569
1570770 1568
1570780 1568
1570790 1570
1570800 1573
1570810 1573
1570820 1577
1570830 1579
1570840 1579
1570850 1584
1570860 1589
1570870 1589
1570880 1597
1570890 1611
1570900 1602
1570910 1615
1570920 1619
1570930 1619
1570940 1624
1570950 1627
1570960 1627
1570970 1624
1570980 1620
1570990 1615
1571000 1615
1571010 1611
1571020 1608
1571030 1608
1571040 1611
1571050 1613
1571060 1613
1571070 1613
1571080 1614
1571090 1614
1571100 1617
1571110 1619
1571120 1619
1571130 1620
1571140 1624
1571150 1624
1571160 1629
1571170 1632
1571180 1632
1571190 1637
1571200 1645
1571210 1645
1571220 1655
1571230 1662
1571240 1662
1571250 1671
1571260 1681
1571270 1691
1571280 1691
1571290 1701
1571300 1711
1571310 1711
1571320 1720
1571330 1728
1571340 1728
1571350 1736
1571360 1744
1571370 1744
1571380 1754
1571390 1766
1571400 1766
1571410 1779
1571420 1778
1571430 1778
1571440 1772
1571450 1765
1571460 1765
1571470 1757
1571480 1751
1571490 1751
1571500 1744
1571510 1738
1571520 1738
1571530 1732
1571540 1725
1571550 1718
1571560 1718
1571570 1714
1571580 1711
1571590 1711
1571600 1708
1571610 1705
1571620 1705
1571630 1701
1571640 1696
1571650 1696
1571660 1689
1571670 1681
1571680 1681
1571690 1674
1571700 1668
1571710 1668
1571720 1666
1571730 1664
1571740 1664
1571750 1663
1571760 1661
1571770 1661
1571780 1660
1571790 1659
1571800 1659
1571810 1656
1571820 1653
1571830 1653
1571840 1652
1571850 1651
1571860 1651
1571870 1651
1571880 1650
1571890 1650
1571900 1650
1571910 1648
1571920 1647
1571930 1647
1571940 1646
1571950 1645
1571960 1645
1571970 1643
1571980 1641
1571990 1641
1572000 1640
1572010 1638
1572020 1638
1572030 1636
1572040 1635
1572050 1635
1572060 1637
1572070 1642
1572080 1642
1572090 1647
1572100 1652
1572110 1652
1572120 1657
1572130 1663
1572140 1669
1572150 1669
1572160 1676
1572170 1680
1572180 1680
1572190 1682
1572200 1684
1572210 1684
1572220 1686
1572230 1687
1572240 1687
1572250 1688
1572260 1688
1572270 1688
1572280 1688
1572290 1689
1572300 1689
1572310 1690
1572320 1690
1572330 1690
1572340 1688
1572350 1686
1572360 1686
1572370 1679
1572380 1677
1572390 1677
1572400 1676
1572410 1674
1572420 1674
1572430 1674
1572440 1673
1572450 1671
1572460 1671
1572470 1668
1572480 1664
1572490 1664
1572500 1660
1572510 1655
1572520 1655
1572530 1649
1572540 1641
1572550 1641
1572560 1634
1572570 1628
1572580 1628
1572590 1623
1572600 1620
1572610 1620
1572620 1618
1572630 1614
1572640 1614
1572650 1609
1572660 1604
1572670 1604
1572680 1597
1572690 1591
1572700 1585
1572710 1585
1572720 1579
1572730 1575
1572740 1575
1572750 1572
1572760 1567
1572770 1567
1572780 1557
1572790 1546
1572800 1546
1572810 1535
1572820 1525
1572830 1525
1572840 1517
1572850 1512
1572860 1512
1572870 1504
1572880 1498
1572890 1498
1572900 1492
1572910 1485
1572920 1485
1572930 1479
1572940 1473
1572950 1473
1572960 1467
1572970 1462
1572980 1457
1572990 1457
1573000 1450
1573010 1443
1573020 1443
1573030 1436
1573040 1430
1573050 1430
1573060 1424
1573070 1421
1573080 1421
1573090 1422
1573100 1425
1573110 1425
1573120 1428
1573130 1429
1573140 1429
1573150 1428
1573160 1425
1573170 1425
1573180 1420
1573190 1415
1573200 1415
1573210 1411
1573220 1406
1573230 1406
1573240 1399
1573250 1392
1573260 1388
1573270 1388
1573280 1384
1573290 1376
1573300 1376
1573310 1370
1573320 1362
1573330 1362
1573340 1355
1573350 1351
1573360 1351
1573370 1346
1573380 1343
1573390 1343
1573400 1342
1573410 1346
1573420 1346
1573430 1353
1573440 1358
1573450 1358
1573460 1360
1573470 1362
1573480 1362
1573490 1364
1573500 1366
1573510 1366
1573520 1368
1573530 1372
1573540 1376
1573550 1376
1573560 1380
1573570 1383
1573580 1383
1573590 1388
1573600 1392
1573610 1392
1573620 1398
1573630 1408
1573640 1408
1573650 1416
1573660 1424
1573670 1424
1573680 1431
1573690 1436
1573700 1436
1573710 1444
1573720 1451
1573730 1451
1573740 1453
1573750 1456
1573760 1456
1573770 1459
1573780 1463
1573790 1463
1573800 1465
1573810 1462
1573820 1462
1573830 1462
1573840 1462
1573850 1462
1573860 1462
1573870 1461
1573880 1461
1573890 1461
1573900 1461
1573910 1462
1573920 1462
1573930 1461
1573940 1462
1573950 1462
1573960 1462
1573970 1462
1573980 1462
1573990 1462
1574000 1460
1574010 1460
1574020 1458
1574030 1456
1574040 1456
1574050 1453
1574060 1450
1574070 1450
1574080 1448
1574090 1445
1574100 1441
1574110 1441
1574120 1438
1574130 1432
1574140 1432
1574150 1426
1574160 1420
1574170 1420
1574180 1415
1574190 1409
1574200 1409
1574210 1404
1574220 1399
1574230 1399
1574240 1393
1574250 1386
1574260 1386
1574270 1379
1574280 1372
1574290 1372
1574300 1364
1574310 1357
1574320 1357
1574330 1351
1574340 1344
1574350 1344
1574360 1334
1574370 1325
1574380 1315
1574390 1315
1574400 1305
1574410 1296
1574420 1296
1574430 1288
1574440 1280
1574450 1280
1574460 1272
1574470 1264
1574480 1264
1574490 1257
1574500 1249
1574510 1249
1574520 1243
1574530 1237
1574540 1237
1574550 1231
1574560 1225
1574570 1225
1574580 1220
1574590 1216
1574600 1216
1574610 1213
1574620 1210
1574630 1210
1574640 1205
1574650 1202
1574660 1198
1574670 1198
1574680 1194
1574690 1192
1574700 1192
1574710 1190
1574720 1190
1574730 1190
1574740 1189
1574750 1188
1574760 1188
1574770 1186
1574780 1178
1574790 1178
1574800 1174
1574810 1174
1574820 1174
1574830 1180
1574840 1186
1574850 1186
1574860 1185
1574870 1183
1574880 1183
1574890 1180
1574900 1179
1574910 1179
1574920 1180
1574930 1183
1574940 1186
1574950 1186
1574960 1188
1574970 1191
1574980 1191
1574990 1193
1575000 1195
1575010 1195
1575020 1198
1575030 1200
1575040 1200
1575050 1203
1575060 1207
1575070 1207
1575080 1211
1575090 1216
1575100 1216
1575110 1220
1575120 1225
1575130 1225
1575140 1231
1575150 1237
1575160 1237
1575170 1241
1575180 1245
1575190 1245
1575200 1248
1575210 1250
1575220 1250
1575230 1250
1575240 1252
1575250 1253
1575260 1253
1575270 1255
1575280 1257
1575290 1257
1575300 1259
1575310 1261
1575320 1261
1575330 1263
1575340 1264
1575350 1264
1575360 1265
1575370 1266
1575380 1266
1575390 1268
1575400 1270
1575410 1270
1575420 1273
1575430 1274
1575440 1274
1575450 1275
1575460 1276
1575470 1276
1575480 1277
1575490 1277
1575500 1277
1575510 1277
1575520 1278
1575530 1278
1575540 1278
1575550 1278
1575560 1278
1575570 1278
1575580 1278
1575590 1279
1575600 1279
1575610 1281
1575620 1283
1575630 1283
1575640 1283
1575650 1284
1575660 1284
1575670 1284
1575680 1284
1575690 1284
1575700 1285
1575710 1287
1575720 1287
1575730 1287
1575740 1288
1575750 1288
1575760 1290
1575770 1292
1575780 1292
1575790 1294
1575800 1295
1575810 1295
1575820 1295
1575830 1294
1575840 1294
1575850 1294
1575860 1294
1575870 1293
1575880 1293
1575890 1293
1575900 1292
1575910 1292
1575920 1291
1575930 1290
1575940 1290
1575950 1289
1575960 1289
1575970 1289
1575980 1289
1575990 1287
1576000 1287
1576010 1286
1576020 1285
1576030 1285
1576040 1284
1576050 1285
1576060 1285
1576070 1285
1576080 1285
1576090 1285
1576100 1285
1576110 1284
1576120 1275
1576130 1275
1576140 1266
1576150 1265
1576160 1265
1576170 1265
1576180 1266
1576190 1266
1576200 1270
1576210 1272
1576220 1272
1576230 1271
1576240 1268
1576250 1268
1576260 1262
1576270 1257
1576280 1257
1576290 1252
1576300 1249
1576310 1249
1576320 1248
1576330 1246
1576340 1246
1576350 1246
1576360 1247
1576370 1246
1576380 1246
1576390 1243
1576400 1241
1576410 1241
1576420 1238
1576430 1234
1576440 1234
1576450 1232
1576460 1230
1576470 1230
1576480 1228
1576490 1225
1576500 1225
1576510 1220
1576520 1216
1576530 1216
1576540 1215
1576550 1214
1576560 1214
1576570 1213
1576580 1211
1576590 1211
1576600 1209
1576610 1207
1576620 1204
1576630 1201
1576640 1198
1576650 1196
1576660 1196
1576670 1192
1576680 1188
1576690 1188
1576700 1185
1576710 1183
1576720 1183
1576730 1182
1576740 1180
1576750 1180
1576760 1179
1576770 1177
1576780 1177
1576790 1175
1576800 1173
1576810 1173
1576820 1171
1576830 1168
1576840 1168
1576850 1167
1576860 1166
1576870 1166
1576880 1164
1576890 1164
1576900 1164
1576910 1164
1576920 1163
1576930 1161
1576940 1161
1576950 1158
1576960 1155
1576970 1155
1576980 1151
1576990 1148
1577000 1148
1577010 1144
1577020 1139
1577030 1139
1577040 1135
1577050 1133
1577060 1133
1577070 1129
1577080 1127
1577090 1127
1577100 1124
1577110 1123
1577120 1123
1577130 1122
1577140 1121
1577150 1121
1577160 1119
1577170 1117
1577180 1117
1577190 1114
1577200 1111
1577210 1109
1577220 1109
1577230 1109
1577240 1110
1577250 1110
1577260 1109
1577270 1109
1577280 1109
1577290 1110
1577300 1110
1577310 1110
1577320 1112
1577330 1114
1577340 1114
1577350 1116
1577360 1118
1577370 1118
1577380 1122
1577390 1125
1577400 1125
1577410 1130
1577420 1132
1577430 1132
1577440 1135
1577450 1138
1577460 1138
1577470 1142
1577480 1145
1577490 1146
1577500 1146
1577510 1147
1577520 1148
1577530 1148
1577540 1151
1577550 1155
1577560 1155
1577570 1158
1577580 1160
1577590 1160
1577600 1161
1577610 1164
1577620 1164
1577630 1169
1577640 1174
1577650 1174
1577660 1177
1577670 1182
1577680 1182
1577690 1188
1577700 1193
1577710 1193
1577720 1197
1577730 1201
1577740 1201
1577750 1206
1577760 1211
1577770 1217
1577780 1217
1577790 1222
1577800 1228
1577810 1228
1577820 1234
1577830 1241
1577840 1241
1577850 1247
1577860 1253
1577870 1253
1577880 1257
1577890 1262
1577900 1262
1577910 1267
1577920 1271
1577930 1271
1577940 1272
1577950 1271
1577960 1271
1577970 1273
1577980 1276
1577990 1283
1578000 1286
1578010 1290
1578020 1290
1578030 1294
1578040 1295
1578050 1292
1578060 1292
1578070 1297
1578080 1307
1578090 1307
1578100 1317
1578110 1324
1578120 1324
1578130 1332
1578140 1349
1578150 1349
1578160 1358
1578170 1371
1578180 1371
1578190 1380
1578200 1383
1578210 1383
1578220 1386
1578230 1392
1578240 1392
1578250 1400
1578260 1402
1578270 1402
1578280 1407
1578290 1411
1578300 1411
1578310 1420
1578320 1429
1578330 1429
1578340 1429
1578350 1425
1578360 1427
1578370 1427
1578380 1432
1578390 1438
1578400 1438
1578410 1444
1578420 1450
1578430 1450
1578440 1456
1578450 1464
1578460 1464
1578470 1473
1578480 1482
1578490 1482
1578500 1489
1578510 1497
1578520 1497
1578530 1505
1578540 1514
1578550 1514
1578560 1522
1578570 1530
1578580 1530
1578590 1538
1578600 1546
1578610 1554
1578620 1554
1578630 1561
1578640 1569
1578650 1569
1578660 1577
1578670 1585
1578680 1585
1578690 1592
1578700 1600
1578710 1600
1578720 1607
1578730 1615
1578740 1615
1578750 1622
1578760 1629
1578770 1629
1578780 1636
1578790 1644
1578800 1644
1578810 1649
1578820 1652
1578830 1652
1578840 1652
1578850 1648
1578860 1648
1578870 1643
1578880 1636
1578890 1630
1578900 1630
1578910 1626
1578920 1620
1578930 1620
1578940 1614
1578950 1612
1578960 1612
1578970 1609
1578980 1606
1578990 1606
1579000 1605
1579010 1609
1579020 1609
1579030 1620
1579040 1628
1579050 1628
1579060 1637
1579070 1643
1579080 1643
1579090 1650
1579100 1657
1579110 1657
1579120 1663
1579130 1666
1579140 1666
1579150 1669
1579160 1673
1579170 1673
1579180 1673
1579190 1681
1579200 1690
1579210 1690
1579220 1700
1579230 1709
1579240 1709
1579250 1718
1579260 1724
1579270 1724
1579280 1727
1579290 1729
1579300 1729
1579310 1735
1579320 1743
1579330 1743
1579340 1752
1579350 1762
1579360 1762
1579370 1769
1579380 1775
1579390 1775
1579400 1780
1579410 1784
1579420 1784
1579430 1788
1579440 1791
1579450 1791
1579460 1794
1579470 1798
1579480 1804
1579490 1804
1579500 1809
1579510 1814
1579520 1814
1579530 1817
1579540 1821
1579550 1821
1579560 1831
1579570 1840
1579580 1840
1579590 1847
1579600 1854
1579610 1854
1579620 1860
1579630 1862
1579640 1862
1579650 1865
1579660 1872
1579670 1872
1579680 1880
1579690 1888
1579700 1888
1579710 1896
1579720 1904
1579730 1904
1579740 1909
1579750 1913
1579760 1915
1579770 1915
1579780 1915
1579790 1916
1579800 1916
1579810 1920
1579820 1927
1579830 1927
1579840 1934
1579850 1940
1579860 1940
1579870 1947
1579880 1956
1579890 1956
1579900 1964
1579910 1972
1579920 1972
1579930 1982
1579940 1991
1579950 1991
1579960 1998
1579970 2003
1579980 2003
1579990 2007
