1560000 1152
1560010 1154
1560020 1156
1560030 1156
1560040 1158
1560050 1159
1560060 1159
1560070 1161
1560080 1163
1560090 1163
1560100 1164
1560110 1165
1560120 1165
1560130 1167
1560140 1167
1560150 1167
1560160 1165
1560170 1161
1560180 1161
1560190 1155
1560200 1149
1560210 1142
1560220 1142
1560230 1135
1560240 1128
1560250 1128
1560260 1121
1560270 1112
1560280 1112
1560290 1107
1560300 1113
1560310 1113
1560320 1122
1560330 1131
1560340 1131
1560350 1140
1560360 1146
1560370 1146
1560380 1150
1560390 1155
1560400 1155
1560410 1159
1560420 1160
1560430 1160
1560440 1162
1560450 1170
1560460 1170
1560470 1177
1560480 1182
1560490 1187
1560500 1187
1560510 1190
1560520 1194
1560530 1194
1560540 1197
1560550 1202
1560560 1202
1560570 1208
1560580 1214
1560590 1214
1560600 1222
1560610 1230
1560620 1230
1560630 1236
1560640 1238
1560650 1238
1560660 1244
1560670 1250
1560680 1250
1560690 1257
1560700 1263
1560710 1263
1560720 1269
1560730 1277
1560740 1277
1560750 1286
1560760 1296
1560770 1296
1560780 1304
1560790 1310
1560800 1316
1560810 1316
1560820 1321
1560830 1328
1560840 1328
1560850 1334
1560860 1339
1560870 1339
1560880 1345
1560890 1351
1560900 1351
1560910 1354
1560920 1359
1560930 1359
1560940 1366
1560950 1370
1560960 1370
1560970 1375
1560980 1379
1560990 1379
1561000 1383
1561010 1388
1561020 1388
1561030 1395
1561040 1403
1561050 1403
1561060 1410
1561070 1418
1561080 1427
1561090 1427
1561100 1432
1561110 1439
1561120 1439
1561130 1445
1561140 1452
1561150 1452
1561160 1460
1561170 1466
1561180 1466
1561190 1474
1561200 1482
1561210 1482
1561220 1496
1561230 1503
1561240 1503
1561250 1508
1561260 1513
1561270 1513
1561280 1520
1561290 1528
1561300 1528
1561310 1535
1561320 1541
1561330 1541
1561340 1548
1561350 1555
1561360 1562
1561370 1562
1561380 1568
1561390 1575
1561400 1575
1561410 1581
1561420 1587
1561430 1587
1561440 1594
1561450 1600
1561460 1600
1561470 1606
1561480 1612
1561490 1612
1561500 1618
1561510 1623
1561520 1623
1561530 1626
1561540 1627
1561550 1627
1561560 1626
1561570 1624
1561580 1624
1561590 1621
1561600 1619
1561610 1619
1561620 1615
1561630 1612
1561640 1612
1561650 1608
1561660 1604
1561670 1599
1561680 1599
1561690 1594
1561700 1588
1561710 1588
1561720 1582
1561730 1576
1561740 1576
1561750 1570
1561760 1564
1561770 1564
1561780 1558
1561790 1553
1561800 1553
1561810 1552
1561820 1555
1561830 1555
1561840 1560
1561850 1561
1561860 1561
1561870 1561
1561880 1560
1561890 1560
1561900 1558
1561910 1555
1561920 1555
1561930 1553
1561940 1550
1561950 1546
1561960 1546
1561970 1540
1561980 1537
1561990 1537
1562000 1545
1562010 1552
1562020 1552
1562030 1558
1562040 1564
1562050 1564
1562060 1571
1562070 1576
1562080 1576
1562090 1582
1562100 1587
1562110 1587
1562120 1594
1562130 1599
1562140 1599
1562150 1604
1562160 1607
1562170 1607
1562180 1610
1562190 1613
1562200 1613
1562210 1615
1562220 1616
1562230 1616
1562240 1616
1562250 1615
1562260 1613
1562270 1613
1562280 1612
1562290 1613
1562300 1613
1562310 1616
1562320 1618
1562330 1618
1562340 1619
1562350 1619
1562360 1619
1562370 1618
1562380 1617
1562390 1617
1562400 1616
1562410 1616
1562420 1616
1562430 1615
1562440 1613
1562450 1613
1562460 1611
1562470 1608
1562480 1608
1562490 1605
1562500 1602
1562510 1602
1562520 1598
1562530 1594
1562540 1590
1562550 1590
1562560 1587
1562570 1583
1562580 1583
1562590 1578
1562600 1574
1562610 1574
1562620 1570
1562630 1567
1562640 1567
1562650 1563
1562660 1560
1562670 1560
1562680 1557
1562690 1553
1562700 1553
1562710 1551
1562720 1548
1562730 1548
1562740 1546
1562750 1543
1562760 1543
1562770 1541
1562780 1540
1562790 1540
1562800 1538
1562810 1538
1562820 1537
1562830 1537
1562840 1536
1562850 1533
1562860 1533
1562870 1536
1562880 1531
1562890 1531
1562900 1525
1562910 1520
1562920 1520
1562930 1516
1562940 1513
1562950 1513
1562960 1511
1562970 1517
1562980 1517
1562990 1525
1563000 1532
1563010 1532
1563020 1539
1563030 1547
1563040 1547
1563050 1554
1563060 1561
1563070 1561
1563080 1566
1563090 1569
1563100 1574
1563110 1574
1563120 1578
1563130 1583
1563140 1583
1563150 1588
1563160 1593
1563170 1593
1563180 1598
1563190 1603
1563200 1603
1563210 1608
1563220 1613
1563230 1613
1563240 1617
1563250 1622
1563260 1622
1563270 1626
1563280 1632
1563290 1632
1563300 1638
1563310 1645
1563320 1645
1563330 1650
1563340 1656
1563350 1656
1563360 1661
1563370 1667
1563380 1667
1563390 1671
1563400 1672
1563410 1672
1563420 1672
1563430 1672
1563440 1673
1563450 1673
1563460 1675
1563470 1678
1563480 1678
1563490 1682
1563500 1684
1563510 1684
1563520 1686
1563530 1690
1563540 1690
1563550 1695
1563560 1699
1563570 1699
1563580 1703
1563590 1708
1563600 1708
1563610 1712
1563620 1715
1563630 1715
1563640 1718
1563650 1721
1563660 1721
1563670 1723
1563680 1727
1563690 1731
1563700 1731
1563710 1734
1563720 1737
1563730 1737
1563740 1739
1563750 1740
1563760 1740
1563770 1743
1563780 1747
1563790 1747
1563800 1752
1563810 1759
1563820 1759
1563830 1766
1563840 1773
1563850 1773
1563860 1776
1563870 1777
1563880 1777
1563890 1776
1563900 1775
1563910 1775
1563920 1775
1563930 1776
1563940 1776
1563950 1778
1563960 1778
1563970 1778
1563980 1778
1563990 1778
1564000 1779
1564010 1779
1564020 1781
1564030 1782
1564040 1782
1564050 1784
1564060 1786
1564070 1786
1564080 1788
1564090 1790
1564100 1790
1564110 1793
1564120 1796
1564130 1796
1564140 1798
1564150 1801
1564160 1801
1564170 1805
1564180 1811
1564190 1811
1564200 1818
1564210 1825
1564220 1825
1564230 1831
1564240 1837
1564250 1837
1564260 1844
1564270 1851
1564280 1860
1564290 1860
1564300 1871
1564310 1876
1564320 1876
1564330 1882
1564340 1891
1564350 1891
1564360 1900
1564370 1909
1564380 1909
1564390 1917
1564400 1926
1564410 1926
1564420 1934
1564430 1947
1564440 1947
1564450 1958
1564460 1968
1564470 1968
1564480 1981
1564490 1988
1564500 1988
1564510 1996
1564520 2004
1564530 2004
1564540 2012
1564550 2021
1564560 2029
1564570 2029
1564580 2033
1564590 2028
1564600 2028
1564610 2024
1564620 2020
1564630 2020
1564640 2015
1564650 2010
1564660 2010
1564670 2004
1564680 1999
1564690 1999
1564700 1995
1564710 1995
1564720 1995
1564730 1995
1564740 1995
1564750 1995
1564760 1990
1564770 1984
1564780 1984
1564790 1977
1564800 1971
1564810 1971
1564820 1965
1564830 1959
1564840 1959
1564850 1954
1564860 1950
1564870 1947
1564880 1947
1564890 1944
1564900 1939
1564910 1939
1564920 1935
1564930 1931
1564940 1931
1564950 1928
1564960 1926
1564970 1926
1564980 1923
1564990 1920
1565000 1920
1565010 1915
1565020 1910
1565030 1910
1565040 1905
1565050 1901
1565060 1901
1565070 1897
1565080 1894
1565090 1894
1565100 1891
1565110 1888
1565120 1888
1565130 1886
1565140 1883
1565150 1881
1565160 1881
1565170 1879
1565180 1877
1565190 1877
1565200 1874
1565210 1872
1565220 1872
1565230 1871
1565240 1868
1565250 1868
1565260 1866
1565270 1863
1565280 1863
1565290 1856
1565300 1850
1565310 1850
1565320 1843
1565330 1837
1565340 1837
1565350 1832
1565360 1829
1565370 1829
1565380 1823
1565390 1816
1565400 1816
1565410 1808
1565420 1802
1565430 1796
1565440 1796
1565450 1790
1565460 1784
1565470 1784
1565480 1780
1565490 1775
1565500 1775
1565510 1769
1565520 1763
1565530 1763
1565540 1756
1565550 1749
1565560 1749
1565570 1743
1565580 1739
1565590 1739
1565600 1734
1565610 1731
1565620 1731
1565630 1728
1565640 1725
1565650 1725
1565660 1722
1565670 1719
1565680 1719
1565690 1718
1565700 1716
1565710 1716
1565720 1714
1565730 1711
1565740 1708
1565750 1708
1565760 1705
1565770 1707
1565780 1707
1565790 1707
1565800 1706
1565810 1706
1565820 1705
1565830 1704
1565840 1704
1565850 1701
1565860 1698
1565870 1698
1565880 1696
1565890 1695
1565900 1695
1565910 1693
1565920 1691
1565930 1691
1565940 1688
1565950 1688
1565960 1688
1565970 1691
1565980 1692
1565990 1692
1566000 1694
1566010 1696
1566020 1697
1566030 1697
1566040 1697
1566050 1694
1566060 1694
1566070 1691
1566080 1688
1566090 1688
1566100 1685
1566110 1683
1566120 1683
1566130 1682
1566140 1680
1566150 1680
1566160 1678
1566170 1673
1566180 1673
1566190 1664
1566200 1651
1566210 1651
1566220 1642
1566230 1635
1566240 1635
1566250 1628
1566260 1621
1566270 1621
1566280 1615
1566290 1611
1566300 1610
1566310 1610
1566320 1611
1566330 1612
1566340 1612
1566350 1609
1566360 1599
1566370 1599
1566380 1591
1566390 1584
1566400 1584
1566410 1578
1566420 1572
1566430 1572
1566440 1567
1566450 1562
1566460 1562
1566470 1558
1566480 1555
1566490 1555
1566500 1553
1566510 1552
1566520 1552
1566530 1551
1566540 1551
1566550 1551
1566560 1552
1566570 1552
1566580 1552
1566590 1551
1566600 1548
1566610 1543
1566620 1543
1566630 1538
1566640 1533
1566650 1533
1566660 1529
1566670 1524
1566680 1524
1566690 1520
1566700 1515
1566710 1515
1566720 1510
1566730 1506
1566740 1506
1566750 1504
1566760 1503
1566770 1503
1566780 1505
1566790 1504
1566800 1504
1566810 1500
1566820 1497
1566830 1497
1566840 1493
1566850 1491
1566860 1491
1566870 1489
1566880 1486
1566890 1483
1566900 1483
1566910 1483
1566920 1483
1566930 1483
1566940 1482
1566950 1481
1566960 1481
1566970 1480
1566980 1478
1566990 1478
1567000 1478
1567010 1477
1567020 1477
1567030 1477
1567040 1476
1567050 1476
1567060 1474
1567070 1472
1567080 1472
1567090 1470
1567100 1467
1567110 1467
1567120 1465
1567130 1462
1567140 1462
1567150 1457
1567160 1452
1567170 1445
1567180 1445
1567190 1438
1567200 1433
1567210 1433
1567220 1426
1567230 1419
1567240 1419
1567250 1410
1567260 1402
1567270 1402
1567280 1395
1567290 1388
1567300 1388
1567310 1381
1567320 1376
1567330 1376
1567340 1371
1567350 1364
1567360 1364
1567370 1358
1567380 1352
1567390 1352
1567400 1347
1567410 1342
1567420 1342
1567430 1339
1567440 1337
1567450 1337
1567460 1334
1567470 1330
1567480 1327
1567490 1327
1567500 1325
1567510 1323
1567520 1323
1567530 1321
1567540 1317
1567550 1317
1567560 1315
1567570 1312
1567580 1312
1567590 1309
1567600 1309
1567610 1309
1567620 1307
1567630 1306
1567640 1306
1567650 1305
1567660 1305
1567670 1305
1567680 1304
1567690 1303
1567700 1303
1567710 1302
1567720 1306
1567730 1306
1567740 1310
1567750 1313
1567760 1315
1567770 1315
1567780 1316
1567790 1318
1567800 1318
1567810 1321
1567820 1323
1567830 1323
1567840 1326
1567850 1327
1567860 1327
1567870 1328
1567880 1329
1567890 1329
1567900 1331
1567910 1333
1567920 1333
1567930 1336
1567940 1341
1567950 1341
1567960 1348
1567970 1356
1567980 1356
1567990 1364
1568000 1371
1568010 1371
1568020 1378
1568030 1386
1568040 1391
1568050 1391
1568060 1395
1568070 1400
1568080 1400
1568090 1405
1568100 1410
1568110 1410
1568120 1414
1568130 1418
1568140 1418
1568150 1421
1568160 1423
1568170 1423
1568180 1426
1568190 1428
1568200 1428
1568210 1432
1568220 1437
1568230 1437
1568240 1442
1568250 1445
1568260 1445
1568270 1448
1568280 1451
1568290 1451
1568300 1453
1568310 1456
1568320 1456
1568330 1457
1568340 1458
1568350 1461
1568360 1461
1568370 1467
1568380 1472
1568390 1472
1568400 1476
1568410 1481
1568420 1481
1568430 1486
1568440 1490
1568450 1490
1568460 1492
1568470 1490
1568480 1490
1568490 1489
1568500 1493
1568510 1493
1568520 1496
1568530 1500
1568540 1500
1568550 1503
1568560 1505
1568570 1505
1568580 1508
1568590 1510
1568600 1510
1568610 1513
1568620 1515
1568630 1518
1568640 1518
1568650 1521
1568660 1524
1568670 1524
1568680 1525
1568690 1527
1568700 1527
1568710 1529
1568720 1531
1568730 1531
1568740 1534
1568750 1537
1568760 1537
1568770 1539
1568780 1541
1568790 1541
1568800 1542
1568810 1543
1568820 1543
1568830 1543
1568840 1544
1568850 1544
1568860 1545
1568870 1547
1568880 1547
1568890 1548
1568900 1550
1568910 1550
1568920 1551
1568930 1554
1568940 1556
1568950 1556
1568960 1557
1568970 1559
1568980 1559
1568990 1560
1569000 1561
1569010 1561
1569020 1563
1569030 1564
1569040 1564
1569050 1565
1569060 1566
1569070 1566
1569080 1568
1569090 1569
1569100 1569
1569110 1570
1569120 1570
1569130 1570
1569140 1568
1569150 1570
1569160 1570
1569170 1570
1569180 1571
1569190 1571
1569200 1573
1569210 1574
1569220 1574
1569230 1574
1569240 1574
1569250 1573
1569260 1573
1569270 1572
1569280 1571
1569290 1571
1569300 1570
1569310 1570
1569320 1570
1569330 1571
1569340 1576
1569350 1576
1569360 1582
1569370 1586
1569380 1586
1569390 1588
1569400 1590
1569410 1590
1569420 1591
1569430 1592
1569440 1592
1569450 1595
1569460 1596
1569470 1596
1569480 1595
1569490 1592
1569500 1589
1569510 1589
1569520 1585
1569530 1581
1569540 1581
1569550 1576
1569560 1570
1569570 1570
1569580 1565
1569590 1558
1569600 1558
1569610 1552
1569620 1547
1569630 1547
1569640 1540
1569650 1534
1569660 1534
1569670 1529
1569680 1523
1569690 1523
1569700 1517
1569710 1511
1569720 1511
1569730 1506
1569740 1500
1569750 1500
1569760 1495
1569770 1490
1569780 1490
1569790 1484
1569800 1478
1569810 1472
1569820 1472
1569830 1467
1569840 1462
1569850 1462
1569860 1457
1569870 1451
1569880 1451
1569890 1445
1569900 1440
1569910 1440
1569920 1434
1569930 1430
1569940 1430
1569950 1426
1569960 1421
1569970 1421
1569980 1417
1569990 1413
1570000 1413
1570010 1410
1570020 1405
1570030 1405
1570040 1401
1570050 1396
1570060 1396
1570070 1392
1570080 1387
1570090 1383
1570100 1383
1570110 1378
1570120 1373
1570130 1373
1570140 1367
1570150 1360
1570160 1360
1570170 1352
1570180 1344
1570190 1344
1570200 1338
1570210 1332
1570220 1332
1570230 1328
1570240 1325
1570250 1325
1570260 1322
1570270 1317
1570280 1317
1570290 1310
1570300 1305
1570310 1305
1570320 1300
1570330 1296
1570340 1296
1570350 1292
1570360 1289
1570370 1285
1570380 1285
1570390 1282
1570400 1278
1570410 1278
1570420 1275
1570430 1270
1570440 1270
1570450 1264
1570460 1259
1570470 1259
1570480 1254
1570490 1250
1570500 1250
1570510 1246
1570520 1241
1570530 1241
1570540 1236
1570550 1232
1570560 1232
1570570 1227
1570580 1223
1570590 1223
1570600 1220
1570610 1216
1570620 1216
1570630 1212
1570640 1209
1570650 1209
1570660 1205
1570670 1201
1570680 1196
1570690 1196
1570700 1192
1570710 1187
1570720 1187
1570730 1182
1570740 1176
1570750 1176
1570760 1172
1570770 1168
1570780 1168
1570790 1163
1570800 1158
1570810 1158
1570820 1153
1570830 1148
1570840 1148
1570850 1142
1570860 1138
1570870 1138
1570880 1132
1570890 1127
1570900 1127
1570910 1123
1570920 1119
1570930 1119
1570940 1115
1570950 1112
1570960 1107
1570970 1107
1570980 1103
1570990 1098
1571000 1098
1571010 1093
1571020 1087
1571030 1087
1571040 1080
1571050 1074
1571060 1074
1571070 1067
1571080 1060
1571090 1060
1571100 1054
1571110 1049
1571120 1049
1571130 1044
1571140 1040
1571150 1040
1571160 1034
1571170 1026
1571180 1026
1571190 1021
1571200 1018
1571210 1018
1571220 1014
1571230 1013
1571240 1012
1571250 1012
1571260 1011
1571270 1010
1571280 1010
1571290 1009
1571300 1007
1571310 1007
1571320 1006
1571330 1005
1571340 1005
1571350 1004
1571360 1003
1571370 1003
1571380 1001
1571390 1000
1571400 1000
1571410 998
1571420 996
1571430 996
1571440 994
1571450 994
1571460 994
1571470 994
1571480 993
1571490 993
1571500 991
1571510 990
1571520 990
1571530 989
1571540 987
1571550 986
1571560 986
1571570 985
1571580 984
1571590 984
1571600 983
1571610 982
1571620 982
1571630 980
1571640 979
1571650 979
1571660 978
1571670 977
1571680 977
1571690 976
1571700 975
1571710 975
1571720 974
1571730 972
1571740 972
1571750 971
1571760 970
1571770 970
1571780 970
1571790 969
1571800 969
1571810 968
1571820 969
1571830 969
1571840 969
1571850 969
1571860 970
1571870 970
1571880 969
1571890 969
1571900 969
1571910 969
1571920 969
1571930 969
1571940 970
1571950 971
1571960 971
1571970 972
1571980 974
1571990 974
1572000 978
1572010 981
1572020 981
1572030 984
1572040 989
1572050 989
1572060 993
1572070 999
1572080 999
1572090 1005
1572100 1014
1572110 1016
1572120 1016
1572130 1022
1572140 1028
1572150 1028
1572160 1035
1572170 1041
1572180 1041
1572190 1047
1572200 1054
1572210 1054
1572220 1062
1572230 1068
1572240 1068
1572250 1075
1572260 1082
1572270 1082
1572280 1089
1572290 1094
1572300 1094
1572310 1103
1572320 1111
1572330 1111
1572340 1120
1572350 1129
1572360 1129
1572370 1138
1572380 1146
1572390 1146
1572400 1153
1572410 1160
1572420 1165
1572430 1165
1572440 1167
1572450 1166
1572460 1166
1572470 1157
1572480 1156
1572490 1156
1572500 1166
1572510 1174
1572520 1174
1572530 1179
1572540 1181
1572550 1181
1572560 1185
1572570 1190
1572580 1190
1572590 1194
1572600 1197
1572610 1197
1572620 1201
1572630 1205
1572640 1205
1572650 1212
1572660 1219
1572670 1219
1572680 1224
1572690 1227
1572700 1229
1572710 1229
1572720 1238
1572730 1246
1572740 1246
1572750 1252
1572760 1259
1572770 1259
1572780 1266
1572790 1274
1572800 1274
1572810 1281
1572820 1290
1572830 1290
1572840 1297
1572850 1304
1572860 1304
1572870 1309
1572880 1316
1572890 1316
1572900 1321
1572910 1327
1572920 1327
1572930 1334
1572940 1340
1572950 1340
1572960 1346
1572970 1353
1572980 1353
1572990 1360
1573000 1367
1573010 1375
1573020 1375
1573030 1381
1573040 1390
1573050 1390
1573060 1397
1573070 1405
1573080 1405
1573090 1410
1573100 1420
1573110 1420
1573120 1431
1573130 1445
1573140 1445
1573150 1454
1573160 1461
1573170 1461
1573180 1467
1573190 1472
1573200 1472
1573210 1477
1573220 1483
1573230 1483
1573240 1489
1573250 1496
1573260 1496
1573270 1504
1573280 1511
1573290 1514
1573300 1514
1573310 1519
1573320 1527
1573330 1527
1573340 1533
1573350 1540
1573360 1540
1573370 1547
1573380 1555
1573390 1555
1573400 1563
1573410 1571
1573420 1571
1573430 1578
1573440 1585
1573450 1585
1573460 1592
1573470 1599
1573480 1599
1573490 1606
1573500 1614
1573510 1614
1573520 1622
1573530 1629
1573540 1638
1573550 1640
1573560 1643
1573570 1648
1573580 1648
1573590 1653
1573600 1659
1573610 1659
1573620 1666
1573630 1670
1573640 1670
1573650 1675
1573660 1678
1573670 1678
1573680 1681
1573690 1683
1573700 1683
1573710 1684
1573720 1686
1573730 1686
1573740 1688
1573750 1689
1573760 1689
1573770 1691
1573780 1694
1573790 1694
1573800 1698
1573810 1702
1573820 1702
1573830 1703
1573840 1704
1573850 1704
1573860 1706
1573870 1707
1573880 1710
1573890 1710
1573900 1711
1573910 1712
1573920 1712
1573930 1714
1573940 1717
1573950 1717
1573960 1720
1573970 1725
1573980 1725
1573990 1729
1574000 1732
1574010 1732
1574020 1737
1574030 1742
1574040 1742
1574050 1747
1574060 1751
1574070 1751
1574080 1756
1574090 1761
1574100 1761
1574110 1765
1574120 1770
1574130 1770
1574140 1774
1574150 1779
1574160 1783
1574170 1783
1574180 1787
1574190 1791
1574200 1791
1574210 1795
1574220 1799
1574230 1799
1574240 1803
1574250 1808
1574260 1808
1574270 1812
1574280 1817
1574290 1817
1574300 1822
1574310 1827
1574320 1827
1574330 1831
1574340 1835
1574350 1835
1574360 1838
1574370 1840
1574380 1840
1574390 1843
1574400 1846
1574410 1846
1574420 1848
1574430 1851
1574440 1853
1574450 1853
1574460 1856
1574470 1858
1574480 1858
1574490 1862
1574500 1866
1574510 1866
1574520 1870
1574530 1874
1574540 1874
1574550 1879
1574560 1883
1574570 1883
1574580 1886
1574590 1890
1574600 1890
1574610 1892
1574620 1896
1574630 1896
1574640 1899
1574650 1902
1574660 1902
1574670 1906
1574680 1908
1574690 1908
1574700 1910
1574710 1914
1574720 1914
1574730 1916
1574740 1918
1574750 1919
1574760 1919
1574770 1920
1574780 1922
1574790 1922
1574800 1923
1574810 1922
1574820 1922
1574830 1920
1574840 1917
1574850 1917
1574860 1915
1574870 1912
1574880 1912
1574890 1909
1574900 1906
1574910 1906
1574920 1904
1574930 1901
1574940 1901
1574950 1898
1574960 1895
1574970 1900
1574980 1897
1574990 1894
1575000 1894
1575010 1891
1575020 1887
1575030 1885
1575040 1885
1575050 1883
1575060 1881
1575070 1881
1575080 1880
1575090 1880
1575100 1880
1575110 1881
1575120 1882
1575130 1882
1575140 1882
1575150 1881
1575160 1881
1575170 1878
1575180 1873
1575190 1873
1575200 1868
1575210 1862
1575220 1862
1575230 1857
1575240 1851
1575250 1851
1575260 1846
1575270 1842
1575280 1842
1575290 1840
1575300 1839
1575310 1835
1575320 1835
1575330 1831
1575340 1827
1575350 1827
1575360 1823
1575370 1819
1575380 1819
1575390 1816
1575400 1814
1575410 1814
1575420 1811
1575430 1808
1575440 1808
1575450 1806
1575460 1804
1575470 1804
1575480 1801
1575490 1801
1575500 1801
1575510 1801
1575520 1798
1575530 1798
1575540 1799
1575550 1802
1575560 1802
1575570 1804
1575580 1807
1575590 1807
1575600 1809
1575610 1811
1575620 1813
1575630 1813
1575640 1816
1575650 1819
1575660 1819
1575670 1823
1575680 1827
1575690 1827
1575700 1831
1575710 1835
1575720 1835
1575730 1839
1575740 1843
1575750 1843
1575760 1848
1575770 1852
1575780 1852
1575790 1857
1575800 1862
1575810 1862
1575820 1867
1575830 1871
1575840 1871
1575850 1875
1575860 1880
1575870 1880
1575880 1884
1575890 1887
1575900 1888
1575910 1888
1575920 1883
1575930 1876
1575940 1876
1575950 1868
1575960 1861
1575970 1861
1575980 1856
1575990 1851
1576000 1851
1576010 1846
1576020 1841
1576030 1841
1576040 1837
1576050 1834
1576060 1834
1576070 1829
1576080 1824
1576090 1824
1576100 1819
1576110 1816
1576120 1816
1576130 1813
1576140 1814
1576150 1814
1576160 1814
1576170 1815
1576180 1819
1576190 1819
1576200 1824
1576210 1830
1576220 1830
1576230 1835
1576240 1839
1576250 1839
1576260 1843
1576270 1848
1576280 1848
1576290 1854
1576300 1860
1576310 1860
1576320 1865
1576330 1872
1576340 1872
1576350 1881
1576360 1888
1576370 1890
1576380 1896
1576390 1901
1576400 1901
1576410 1904
1576420 1910
1576430 1910
1576440 1917
1576450 1925
1576460 1925
1576470 1932
1576480 1938
1576490 1945
1576500 1945
1576510 1951
1576520 1958
1576530 1958
1576540 1964
1576550 1971
1576560 1971
1576570 1977
1576580 1982
1576590 1982
1576600 1988
1576610 1994
1576620 1994
1576630 2001
1576640 2007
1576650 2007
1576660 2013
1576670 2019
1576680 2019
1576690 2024
1576700 2029
1576710 2029
1576720 2034
1576730 2038
1576740 2038
1576750 2043
1576760 2046
1576770 2049
1576780 2049
1576790 2052
1576800 2055
1576810 2055
1576820 2058
1576830 2060
1576840 2060
1576850 2057
1576860 2051
1576870 2051
1576880 2046
1576890 2040
1576900 2040
1576910 2036
1576920 2032
1576930 2032
1576940 2028
1576950 2023
1576960 2023
1576970 2019
1576980 2014
1576990 2014
1577000 2008
1577010 2003
1577020 2003
1577030 1997
1577040 1991
1577050 1991
1577060 1983
1577070 1976
1577080 1969
1577090 1969
1577100 1962
1577110 1957
1577120 1957
1577130 1953
1577140 1947
1577150 1947
1577160 1941
1577170 1935
1577180 1935
1577190 1929
1577200 1922
1577210 1922
1577220 1914
1577230 1907
1577240 1907
1577250 1906
1577260 1905
1577270 1905
1577280 1903
1577290 1897
1577300 1897
1577310 1891
1577320 1882
1577330 1882
1577340 1872
1577350 1865
1577360 1859
1577370 1859
1577380 1859
1577390 1857
1577400 1857
1577410 1847
1577420 1835
1577430 1835
1577440 1832
1577450 1831
1577460 1831
1577470 1830
1577480 1825
1577490 1825
1577500 1821
1577510 1816
1577520 1816
1577530 1813
1577540 1813
1577550 1813
1577560 1811
1577570 1811
1577580 1811
1577590 1810
1577600 1810
1577610 1810
1577620 1807
1577630 1806
1577640 1806
1577650 1806
1577660 1806
1577670 1806
1577680 1806
1577690 1809
1577700 1810
1577710 1810
1577720 1812
1577730 1813
1577740 1813
1577750 1820
1577760 1823
1577770 1823
1577780 1826
1577790 1830
1577800 1830
1577810 1833
1577820 1839
1577830 1839
1577840 1845
1577850 1850
1577860 1850
1577870 1854
1577880 1857
1577890 1857
1577900 1860
1577910 1860
1577920 1860
1577930 1854
1577940 1852
1577950 1851
1577960 1851
1577970 1851
1577980 1848
1577990 1848
1578000 1838
1578010 1837
1578020 1837
1578030 1842
1578040 1841
1578050 1841
1578060 1837
1578070 1844
1578080 1844
1578090 1846
1578100 1843
1578110 1843
1578120 1842
1578130 1847
1578140 1847
1578150 1853
1578160 1860
1578170 1860
1578180 1865
1578190 1869
1578200 1869
1578210 1872
1578220 1873
1578230 1875
1578240 1875
1578250 1878
1578260 1881
1578270 1881
1578280 1885
1578290 1890
1578300 1890
1578310 1896
1578320 1901
1578330 1901
1578340 1905
1578350 1910
1578360 1910
1578370 1914
1578380 1918
1578390 1918
1578400 1923
1578410 1928
1578420 1928
1578430 1933
1578440 1938
1578450 1938
1578460 1943
1578470 1948
1578480 1948
1578490 1954
1578500 1959
1578510 1963
1578520 1963
1578530 1968
1578540 1972
1578550 1972
1578560 1976
1578570 1979
1578580 1979
1578590 1982
1578600 1984
1578610 1984
1578620 1986
1578630 1986
1578640 1986
1578650 1984
1578660 1975
1578670 1975
1578680 1965
1578690 1957
1578700 1957
1578710 1949
1578720 1941
1578730 1941
1578740 1932
1578750 1921
1578760 1921
1578770 1913
1578780 1906
1578790 1906
1578800 1899
1578810 1892
1578820 1884
1578830 1884
1578840 1874
1578850 1862
1578860 1862
1578870 1852
1578880 1843
1578890 1843
1578900 1835
1578910 1828
1578920 1828
1578930 1821
1578940 1814
1578950 1814
1578960 1807
1578970 1800
1578980 1800
1578990 1791
1579000 1780
1579010 1780
1579020 1770
1579030 1763
1579040 1763
1579050 1757
1579060 1751
1579070 1751
1579080 1747
1579090 1743
1579100 1740
1579110 1740
1579120 1736
1579130 1733
1579140 1733
1579150 1729
1579160 1725
1579170 1725
1579180 1722
1579190 1719
1579200 1719
1579210 1715
1579220 1710
1579230 1710
1579240 1705
1579250 1700
1579260 1700
1579270 1694
1579280 1689
1579290 1689
1579300 1684
1579310 1678
1579320 1678
1579330 1673
1579340 1668
1579350 1668
1579360 1663
1579370 1659
1579380 1655
1579390 1655
1579400 1651
1579410 1647
1579420 1647
1579430 1642
1579440 1638
1579450 1638
1579460 1636
1579470 1631
1579480 1631
1579490 1627
1579500 1623
1579510 1623
1579520 1620
1579530 1617
1579540 1617
1579550 1615
1579560 1612
1579570 1612
1579580 1610
1579590 1608
1579600 1608
1579610 1606
1579620 1603
1579630 1603
1579640 1600
1579650 1592
1579660 1592
1579670 1583
1579680 1574
1579690 1566
1579700 1566
1579710 1558
1579720 1551
1579730 1551
1579740 1544
1579750 1536
1579760 1536
1579770 1528
1579780 1521
1579790 1521
1579800 1513
1579810 1505
1579820 1505
1579830 1498
1579840 1491
1579850 1491
1579860 1485
1579870 1479
1579880 1479
1579890 1472
1579900 1466
1579910 1466
1579920 1460
1579930 1454
1579940 1454
1579950 1450
1579960 1446
1579970 1441
1579980 1441
1579990 1437
