1560000 1394
1560010 1393
1560020 1393
1560030 1391
1560040 1388
1560050 1388
1560060 1385
1560070 1382
1560080 1382
1560090 1377
1560100 1373
1560110 1373
1560120 1368
1560130 1363
1560140 1363
1560150 1358
1560160 1353
1560170 1353
1560180 1349
1560190 1346
1560200 1346
1560210 1342
1560220 1339
1560230 1335
1560240 1335
1560250 1331
1560260 1326
1560270 1326
1560280 1321
1560290 1316
1560300 1316
1560310 1310
1560320 1305
1560330 1305
1560340 1299
1560350 1294
1560360 1294
1560370 1289
1560380 1283
1560390 1283
1560400 1278
1560410 1272
1560420 1272
1560430 1266
1560440 1260
1560450 1260
1560460 1252
1560470 1246
1560480 1246
1560490 1240
1560500 1237
1560510 1240
1560520 1240
1560530 1248
1560540 1251
1560550 1251
1560560 1254
1560570 1256
1560580 1256
1560590 1256
1560600 1262
1560610 1262
1560620 1279
1560630 1292
1560640 1292
1560650 1298
1560660 1303
1560670 1303
1560680 1309
1560690 1314
1560700 1314
1560710 1316
1560720 1320
1560730 1320
1560740 1327
1560750 1333
1560760 1333
1560770 1337
1560780 1340
1560790 1340
1560800 1343
1560810 1345
1560820 1347
1560830 1347
1560840 1349
1560850 1354
1560860 1354
1560870 1359
1560880 1362
1560890 1362
1560900 1363
1560910 1366
1560920 1366
1560930 1371
1560940 1375
1560950 1375
1560960 1380
1560970 1384
1560980 1384
1560990 1389
1561000 1394
1561010 1394
1561020 1399
1561030 1403
1561040 1403
1561050 1407
1561060 1412
1561070 1412
1561080 1418
1561090 1426
1561100 1433
1561110 1433
1561120 1440
1561130 1445
1561140 1445
1561150 1451
1561160 1458
1561170 1458
1561180 1463
1561190 1468
1561200 1468
1561210 1476
1561220 1482
1561230 1482
1561240 1488
1561250 1493
1561260 1493
1561270 1498
1561280 1502
1561290 1502
1561300 1507
1561310 1512
1561320 1512
1561330 1516
1561340 1519
1561350 1519
1561360 1524
1561370 1529
1561380 1535
1561390 1535
1561400 1542
1561410 1548
1561420 1548
1561430 1554
1561440 1562
1561450 1562
1561460 1570
1561470 1576
1561480 1576
1561490 1583
1561500 1592
1561510 1592
1561520 1600
1561530 1607
1561540 1607
1561550 1614
1561560 1620
1561570 1620
1561580 1627
1561590 1636
1561600 1636
1561610 1643
1561620 1650
1561630 1650
1561640 1657
1561650 1666
1561660 1666
1561670 1674
1561680 1682
1561690 1690
1561700 1690
1561710 1698
1561720 1704
1561730 1704
1561740 1710
1561750 1716
1561760 1716
1561770 1722
1561780 1728
1561790 1728
1561800 1734
1561810 1740
1561820 1740
1561830 1747
1561840 1753
1561850 1753
1561860 1760
1561870 1766
1561880 1766
1561890 1772
1561900 1779
1561910 1779
1561920 1785
1561930 1791
1561940 1791
1561950 1797
1561960 1802
1561970 1808
1561980 1808
1561990 1813
1562000 1816
1562010 1816
1562020 1819
1562030 1821
1562040 1821
1562050 1824
1562060 1826
1562070 1826
1562080 1828
1562090 1830
1562100 1830
1562110 1831
1562120 1832
1562130 1832
1562140 1833
1562150 1834
1562160 1834
1562170 1835
1562180 1836
1562190 1836
1562200 1837
1562210 1839
1562220 1839
1562230 1840
1562240 1841
1562250 1843
1562260 1843
1562270 1843
1562280 1844
1562290 1844
1562300 1844
1562310 1844
1562320 1844
1562330 1844
1562340 1844
1562350 1844
1562360 1843
1562370 1843
1562380 1843
1562390 1843
1562400 1841
1562410 1841
1562420 1839
1562430 1836
1562440 1836
1562450 1831
1562460 1826
1562470 1826
1562480 1821
1562490 1816
1562500 1816
1562510 1811
1562520 1805
1562530 1805
1562540 1800
1562550 1795
1562560 1791
1562570 1791
1562580 1786
1562590 1781
1562600 1781
1562610 1776
1562620 1770
1562630 1770
1562640 1765
1562650 1760
1562660 1760
1562670 1755
1562680 1749
1562690 1749
1562700 1743
1562710 1736
1562720 1736
1562730 1730
1562740 1723
1562750 1723
1562760 1716
1562770 1709
1562780 1709
1562790 1703
1562800 1698
1562810 1698
1562820 1693
1562830 1689
1562840 1684
1562850 1684
1562860 1678
1562870 1674
1562880 1674
1562890 1669
1562900 1664
1562910 1664
1562920 1660
1562930 1656
1562940 1656
1562950 1652
1562960 1648
1562970 1648
1562980 1646
1562990 1644
1563000 1644
1563010 1642
1563020 1640
1563030 1640
1563040 1638
1563050 1636
1563060 1640
1563070 1637
1563080 1633
1563090 1633
1563100 1631
1563110 1630
1563120 1630
1563130 1628
1563140 1621
1563150 1615
1563160 1615
1563170 1616
1563180 1620
1563190 1620
1563200 1626
1563210 1633
1563220 1633
1563230 1635
1563240 1636
1563250 1636
1563260 1638
1563270 1640
1563280 1640
1563290 1642
1563300 1644
1563310 1644
1563320 1646
1563330 1650
1563340 1650
1563350 1653
1563360 1656
1563370 1656
1563380 1659
1563390 1660
1563400 1660
1563410 1665
1563420 1668
1563430 1669
1563440 1669
1563450 1671
1563460 1673
1563470 1673
1563480 1676
1563490 1678
1563500 1678
1563510 1681
1563520 1684
1563530 1684
1563540 1687
1563550 1690
1563560 1690
1563570 1693
1563580 1696
1563590 1696
1563600 1699
1563610 1702
1563620 1702
1563630 1704
1563640 1706
1563650 1706
1563660 1709
1563670 1713
1563680 1713
1563690 1716
1563700 1719
1563710 1721
1563720 1721
1563730 1721
1563740 1725
1563750 1725
1563760 1730
1563770 1734
1563780 1734
1563790 1737
1563800 1741
1563810 1741
1563820 1746
1563830 1752
1563840 1752
1563850 1757
1563860 1763
1563870 1763
1563880 1768
1563890 1774
1563900 1774
1563910 1779
1563920 1784
1563930 1784
1563940 1788
1563950 1793
1563960 1793
1563970 1797
1563980 1802
1563990 1802
1564000 1806
1564010 1811
1564020 1816
1564030 1816
1564040 1820
1564050 1824
1564060 1824
1564070 1829
1564080 1834
1564090 1834
1564100 1840
1564110 1845
1564120 1845
1564130 1850
1564140 1855
1564150 1855
1564160 1860
1564170 1865
1564180 1865
1564190 1871
1564200 1876
1564210 1876
1564220 1881
1564230 1886
1564240 1886
1564250 1891
1564260 1895
1564270 1895
1564280 1899
1564290 1900
1564300 1896
1564310 1896
1564320 1893
1564330 1892
1564340 1892
1564350 1890
1564360 1885
1564370 1885
1564380 1881
1564390 1878
1564400 1878
1564410 1875
1564420 1872
1564430 1872
1564440 1870
1564450 1867
1564460 1867
1564470 1866
1564480 1863
1564490 1863
1564500 1861
1564510 1858
1564520 1858
1564530 1856
1564540 1855
1564550 1855
1564560 1852
1564570 1848
1564580 1848
1564590 1844
1564600 1839
1564610 1833
1564620 1833
1564630 1827
1564640 1823
1564650 1823
1564660 1818
1564670 1808
1564680 1808
1564690 1803
1564700 1799
1564710 1799
1564720 1797
1564730 1795
1564740 1795
1564750 1795
1564760 1796
1564770 1796
1564780 1798
1564790 1803
1564800 1803
1564810 1807
1564820 1810
1564830 1810
1564840 1812
1564850 1814
1564860 1814
1564870 1816
1564880 1818
1564890 1820
1564900 1820
1564910 1820
1564920 1819
1564930 1819
1564940 1818
1564950 1817
1564960 1817
1564970 1818
1564980 1818
1564990 1818
1565000 1819
1565010 1819
1565020 1819
1565030 1819
1565040 1818
1565050 1818
1565060 1818
1565070 1818
1565080 1818
1565090 1818
1565100 1819
1565110 1819
1565120 1818
1565130 1818
1565140 1818
1565150 1820
1565160 1821
1565170 1823
1565180 1823
1565190 1825
1565200 1827
1565210 1827
1565220 1831
1565230 1834
1565240 1834
1565250 1840
1565260 1845
1565270 1845
1565280 1851
1565290 1858
1565300 1858
1565310 1867
1565320 1879
1565330 1879
1565340 1883
1565350 1887
1565360 1887
1565370 1893
1565380 1890
1565390 1890
1565400 1883
1565410 1875
1565420 1875
1565430 1867
1565440 1860
1565450 1860
1565460 1852
1565470 1842
1565480 1836
1565490 1836
1565500 1832
1565510 1828
1565520 1828
1565530 1825
1565540 1822
1565550 1822
1565560 1818
1565570 1815
1565580 1815
1565590 1813
1565600 1810
1565610 1810
1565620 1806
1565630 1803
1565640 1803
1565650 1800
1565660 1797
1565670 1797
1565680 1795
1565690 1792
1565700 1792
1565710 1788
1565720 1783
1565730 1783
1565740 1777
1565750 1771
1565760 1765
1565770 1765
1565780 1758
1565790 1751
1565800 1751
1565810 1744
1565820 1739
1565830 1739
1565840 1737
1565850 1736
1565860 1736
1565870 1735
1565880 1729
1565890 1729
1565900 1723
1565910 1717
1565920 1717
1565930 1711
1565940 1705
1565950 1705
1565960 1699
1565970 1694
1565980 1694
1565990 1688
1566000 1683
1566010 1683
1566020 1676
1566030 1670
1566040 1670
1566050 1664
1566060 1661
1566070 1659
1566080 1659
1566090 1657
1566100 1656
1566110 1656
1566120 1654
1566130 1652
1566140 1652
1566150 1651
1566160 1649
1566170 1649
1566180 1647
1566190 1646
1566200 1646
1566210 1644
1566220 1644
1566230 1644
1566240 1643
1566250 1642
1566260 1642
1566270 1641
1566280 1641
1566290 1641
1566300 1639
1566310 1637
1566320 1637
1566330 1633
1566340 1629
1566350 1624
1566360 1624
1566370 1619
1566380 1614
1566390 1614
1566400 1610
1566410 1605
1566420 1605
1566430 1600
1566440 1592
1566450 1592
1566460 1584
1566470 1575
1566480 1575
1566490 1567
1566500 1563
1566510 1563
1566520 1559
1566530 1556
1566540 1556
1566550 1553
1566560 1552
1566570 1552
1566580 1550
1566590 1548
1566600 1548
1566610 1547
1566620 1546
1566630 1541
1566640 1541
1566650 1536
1566660 1529
1566670 1529
1566680 1522
1566690 1515
1566700 1515
1566710 1509
1566720 1503
1566730 1503
1566740 1497
1566750 1491
1566760 1491
1566770 1486
1566780 1481
1566790 1481
1566800 1477
1566810 1474
1566820 1474
1566830 1470
1566840 1467
1566850 1467
1566860 1463
1566870 1457
1566880 1457
1566890 1450
1566900 1443
1566910 1443
1566920 1434
1566930 1429
1566940 1428
1566950 1428
1566960 1432
1566970 1432
1566980 1432
1566990 1431
1567000 1429
1567010 1429
1567020 1426
1567030 1422
1567040 1422
1567050 1417
1567060 1414
1567070 1414
1567080 1411
1567090 1408
1567100 1408
1567110 1405
1567120 1403
1567130 1403
1567140 1402
1567150 1401
1567160 1401
1567170 1398
1567180 1391
1567190 1391
1567200 1386
1567210 1387
1567220 1389
1567230 1389
1567240 1388
1567250 1385
1567260 1385
1567270 1384
1567280 1383
1567290 1383
1567300 1382
1567310 1381
1567320 1381
1567330 1379
1567340 1378
1567350 1378
1567360 1376
1567370 1373
1567380 1373
1567390 1370
1567400 1367
1567410 1367
1567420 1364
1567430 1360
1567440 1360
1567450 1356
1567460 1352
1567470 1352
1567480 1347
1567490 1343
1567500 1343
1567510 1338
1567520 1331
1567530 1324
1567540 1324
1567550 1318
1567560 1313
1567570 1313
1567580 1308
1567590 1305
1567600 1305
1567610 1303
1567620 1302
1567630 1302
1567640 1301
1567650 1302
1567660 1302
1567670 1302
1567680 1301
1567690 1301
1567700 1301
1567710 1300
1567720 1300
1567730 1298
1567740 1297
1567750 1297
1567760 1294
1567770 1291
1567780 1291
1567790 1291
1567800 1288
1567810 1286
1567820 1286
1567830 1286
1567840 1285
1567850 1285
1567860 1280
1567870 1276
1567880 1276
1567890 1273
1567900 1271
1567910 1271
1567920 1266
1567930 1264
1567940 1264
1567950 1262
1567960 1262
1567970 1262
1567980 1270
1567990 1273
1568000 1273
1568010 1274
1568020 1275
1568030 1275
1568040 1277
1568050 1279
1568060 1279
1568070 1279
1568080 1279
1568090 1282
1568100 1282
1568110 1283
1568120 1281
1568130 1281
1568140 1278
1568150 1277
1568160 1277
1568170 1277
1568180 1278
1568190 1278
1568200 1281
1568210 1286
1568220 1286
1568230 1288
1568240 1290
1568250 1290
1568260 1295
1568270 1302
1568280 1302
1568290 1307
1568300 1312
1568310 1312
1568320 1316
1568330 1320
1568340 1320
1568350 1327
1568360 1333
1568370 1333
1568380 1340
1568390 1346
1568400 1351
1568410 1351
1568420 1357
1568430 1361
1568440 1361
1568450 1364
1568460 1367
1568470 1367
1568480 1371
1568490 1375
1568500 1375
1568510 1380
1568520 1385
1568530 1385
1568540 1389
1568550 1392
1568560 1392
1568570 1392
1568580 1393
1568590 1393
1568600 1398
1568610 1402
1568620 1402
1568630 1404
1568640 1404
1568650 1404
1568660 1403
1568670 1402
1568680 1402
1568690 1402
1568700 1403
1568710 1407
1568720 1407
1568730 1409
1568740 1411
1568750 1411
1568760 1412
1568770 1413
1568780 1413
1568790 1414
1568800 1413
1568810 1413
1568820 1414
1568830 1417
1568840 1417
1568850 1418
1568860 1419
1568870 1419
1568880 1420
1568890 1421
1568900 1421
1568910 1423
1568920 1425
1568930 1425
1568940 1426
1568950 1427
1568960 1427
1568970 1428
1568980 1430
1568990 1432
1569000 1432
1569010 1433
1569020 1432
1569030 1432
1569040 1430
1569050 1429
1569060 1429
1569070 1429
1569080 1430
1569090 1430
1569100 1430
1569110 1430
1569120 1430
1569130 1430
1569140 1431
1569150 1431
1569160 1432
1569170 1432
1569180 1432
1569190 1431
1569200 1431
1569210 1431
1569220 1431
1569230 1433
1569240 1433
1569250 1435
1569260 1438
1569270 1440
1569280 1440
1569290 1442
1569300 1444
1569310 1439
1569320 1443
1569330 1443
1569340 1443
1569350 1441
1569360 1438
1569370 1438
1569380 1435
1569390 1432
1569400 1432
1569410 1428
1569420 1423
1569430 1423
1569440 1419
1569450 1418
1569460 1418
1569470 1417
1569480 1414
1569490 1414
1569500 1413
1569510 1413
1569520 1413
1569530 1410
1569540 1405
1569550 1402
1569560 1402
1569570 1403
1569580 1404
1569590 1404
1569600 1406
1569610 1410
1569620 1410
1569630 1412
1569640 1413
1569650 1413
1569660 1415
1569670 1416
1569680 1416
1569690 1416
1569700 1417
1569710 1417
1569720 1417
1569730 1417
1569740 1417
1569750 1416
1569760 1415
1569770 1415
1569780 1414
1569790 1413
1569800 1413
1569810 1412
1569820 1411
1569830 1411
1569840 1411
1569850 1410
1569860 1410
1569870 1410
1569880 1410
1569890 1409
1569900 1409
1569910 1408
1569920 1406
1569930 1406
1569940 1405
1569950 1403
1569960 1403
1569970 1401
1569980 1398
1569990 1398
1570000 1396
1570010 1393
1570020 1393
1570030 1392
1570040 1390
1570050 1390
1570060 1386
1570070 1384
1570080 1384
1570090 1381
1570100 1378
1570110 1378
1570120 1375
1570130 1371
1570140 1368
1570150 1368
1570160 1364
1570170 1361
1570180 1361
1570190 1358
1570200 1354
1570210 1354
1570220 1350
1570230 1345
1570240 1345
1570250 1338
1570260 1330
1570270 1330
1570280 1322
1570290 1315
1570300 1315
1570310 1307
1570320 1299
1570330 1299
1570340 1294
1570350 1289
1570360 1289
1570370 1284
1570380 1280
1570390 1280
1570400 1275
1570410 1269
1570420 1269
1570430 1263
1570440 1258
1570450 1252
1570460 1252
1570470 1246
1570480 1241
1570490 1241
1570500 1235
1570510 1230
1570520 1230
1570530 1225
1570540 1220
1570550 1220
1570560 1215
1570570 1211
1570580 1211
1570590 1208
1570600 1204
1570610 1204
1570620 1201
1570630 1196
1570640 1196
1570650 1190
1570660 1184
1570670 1184
1570680 1180
1570690 1175
1570700 1175
1570710 1171
1570720 1168
1570730 1165
1570740 1165
1570750 1162
1570760 1157
1570770 1157
1570780 1153
1570790 1149
1570800 1149
1570810 1144
1570820 1140
1570830 1140
1570840 1136
1570850 1132
1570860 1132
1570870 1127
1570880 1123
1570890 1123
1570900 1119
1570910 1114
1570920 1114
1570930 1110
1570940 1107
1570950 1107
1570960 1103
1570970 1100
1570980 1100
1570990 1097
1571000 1093
1571010 1090
1571020 1090
1571030 1088
1571040 1087
1571050 1087
1571060 1084
1571070 1080
1571080 1080
1571090 1076
1571100 1073
1571110 1073
1571120 1070
1571130 1064
1571140 1064
1571150 1056
1571160 1049
1571170 1049
1571180 1042
1571190 1034
1571200 1034
1571210 1030
1571220 1027
1571230 1027
1571240 1021
1571250 1015
1571260 1015
1571270 1010
1571280 1004
1571290 1004
1571300 997
1571310 991
1571320 987
1571330 987
1571340 986
1571350 985
1571360 985
1571370 984
1571380 983
1571390 983
1571400 982
1571410 982
1571420 982
1571430 982
1571440 982
1571450 982
1571460 981
1571470 979
1571480 979
1571490 978
1571500 976
1571510 976
1571520 973
1571530 973
1571540 973
1571550 971
1571560 966
1571570 966
1571580 965
1571590 965
1571600 965
1571610 965
1571620 963
1571630 963
1571640 963
1571650 964
1571660 964
1571670 964
1571680 963
1571690 963
1571700 963
1571710 964
1571720 964
1571730 964
1571740 964
1571750 964
1571760 964
1571770 965
1571780 965
1571790 965
1571800 966
1571810 967
1571820 967
1571830 969
1571840 971
1571850 971
1571860 974
1571870 979
1571880 983
1571890 983
1571900 987
1571910 992
1571920 992
1571930 997
1571940 1002
1571950 1002
1571960 1009
1571970 1016
1571980 1016
1571990 1022
1572000 1029
1572010 1029
1572020 1036
1572030 1043
1572040 1043
1572050 1050
1572060 1057
1572070 1057
1572080 1061
1572090 1065
1572100 1065
1572110 1071
1572120 1077
1572130 1077
1572140 1084
1572150 1091
1572160 1091
1572170 1098
1572180 1105
1572190 1110
1572200 1110
1572210 1114
1572220 1119
1572230 1119
1572240 1123
1572250 1127
1572260 1127
1572270 1132
1572280 1138
1572290 1138
1572300 1145
1572310 1151
1572320 1151
1572330 1157
1572340 1162
1572350 1162
1572360 1166
1572370 1171
1572380 1171
1572390 1176
1572400 1179
1572410 1179
1572420 1181
1572430 1184
1572440 1184
1572450 1187
1572460 1190
1572470 1195
1572480 1195
1572490 1198
1572500 1203
1572510 1203
1572520 1206
1572530 1210
1572540 1210
1572550 1213
1572560 1217
1572570 1217
1572580 1221
1572590 1226
1572600 1226
1572610 1231
1572620 1236
1572630 1236
1572640 1239
1572650 1245
1572660 1245
1572670 1250
1572680 1255
1572690 1255
1572700 1260
1572710 1265
1572720 1265
1572730 1270
1572740 1275
1572750 1275
1572760 1279
1572770 1284
1572780 1289
1572790 1289
1572800 1294
1572810 1299
1572820 1299
1572830 1303
1572840 1309
1572850 1309
1572860 1314
1572870 1320
1572880 1320
1572890 1325
1572900 1330
1572910 1330
1572920 1335
1572930 1337
1572940 1337
1572950 1341
1572960 1349
1572970 1349
1572980 1354
1572990 1360
1573000 1360
1573010 1365
1573020 1370
1573030 1370
1573040 1374
1573050 1379
1573060 1383
1573070 1383
1573080 1387
1573090 1392
1573100 1392
1573110 1396
1573120 1399
1573130 1399
1573140 1402
1573150 1405
1573160 1405
1573170 1408
1573180 1412
1573190 1412
1573200 1416
1573210 1419
1573220 1419
1573230 1421
1573240 1425
1573250 1425
1573260 1428
1573270 1430
1573280 1430
1573290 1433
1573300 1436
1573310 1436
1573320 1438
1573330 1440
1573340 1442
1573350 1442
1573360 1445
1573370 1448
1573380 1448
1573390 1450
1573400 1453
1573410 1453
1573420 1457
1573430 1461
1573440 1461
1573450 1464
1573460 1466
1573470 1466
1573480 1469
1573490 1472
1573500 1472
1573510 1475
1573520 1478
1573530 1478
1573540 1481
1573550 1482
1573560 1482
1573570 1483
1573580 1485
1573590 1485
1573600 1487
1573610 1491
1573620 1491
1573630 1493
1573640 1494
1573650 1500
1573660 1500
1573670 1505
1573680 1510
1573690 1510
1573700 1514
1573710 1511
1573720 1511
1573730 1514
1573740 1519
1573750 1519
1573760 1523
1573770 1523
1573780 1523
1573790 1524
1573800 1528
1573810 1528
1573820 1531
1573830 1537
1573840 1537
1573850 1542
1573860 1546
1573870 1546
1573880 1549
1573890 1552
1573900 1552
1573910 1557
1573920 1558
1573930 1560
1573940 1560
1573950 1566
1573960 1572
1573970 1572
1573980 1577
1573990 1585
1574000 1585
1574010 1591
1574020 1597
1574030 1597
1574040 1605
1574050 1616
1574060 1616
1574070 1625
1574080 1630
1574090 1630
1574100 1634
1574110 1640
1574120 1640
1574130 1646
1574140 1651
1574150 1651
1574160 1657
1574170 1664
1574180 1664
1574190 1672
1574200 1678
1574210 1678
1574220 1684
1574230 1689
1574240 1695
1574250 1695
1574260 1699
1574270 1702
1574280 1702
1574290 1706
1574300 1711
1574310 1711
1574320 1717
1574330 1724
1574340 1724
1574350 1731
1574360 1736
1574370 1736
1574380 1742
1574390 1749
1574400 1749
1574410 1754
1574420 1759
1574430 1759
1574440 1763
1574450 1767
1574460 1767
1574470 1771
1574480 1774
1574490 1774
1574500 1778
1574510 1782
1574520 1788
1574530 1788
1574540 1795
1574550 1802
1574560 1802
1574570 1808
1574580 1814
1574590 1814
1574600 1819
1574610 1825
1574620 1825
1574630 1830
1574640 1835
1574650 1835
1574660 1840
1574670 1845
1574680 1845
1574690 1849
1574700 1855
1574710 1855
1574720 1861
1574730 1864
1574740 1864
1574750 1865
1574760 1868
1574770 1868
1574780 1872
1574790 1876
1574800 1880
1574810 1880
1574820 1884
1574830 1887
1574840 1887
1574850 1889
1574860 1894
1574870 1894
1574880 1899
1574890 1903
1574900 1903
1574910 1906
1574920 1909
1574930 1909
1574940 1913
1574950 1917
1574960 1917
1574970 1921
1574980 1924
1574990 1924
1575000 1927
1575010 1930
1575020 1930
1575030 1934
1575040 1937
1575050 1937
1575060 1940
1575070 1944
1575080 1944
1575090 1949
1575100 1953
1575110 1956
1575120 1956
1575130 1960
1575140 1963
1575150 1963
1575160 1967
1575170 1974
1575180 1974
1575190 1980
1575200 1984
1575210 1984
1575220 1988
1575230 1993
1575240 1993
1575250 1998
1575260 2002
1575270 2002
1575280 2006
1575290 2008
1575300 2008
1575310 2009
1575320 2009
1575330 2009
1575340 2009
1575350 2008
1575360 2008
1575370 2009
1575380 2012
1575390 2013
1575400 2013
1575410 2014
1575420 2016
1575430 2016
1575440 2015
1575450 2015
1575460 2015
1575470 2013
1575480 2012
1575490 2012
1575500 2011
1575510 2010
1575520 2010
1575530 2009
1575540 2009
1575550 2009
1575560 2010
1575570 2012
1575580 2012
1575590 2011
1575600 2010
1575610 2010
1575620 2010
1575630 2011
1575640 2011
1575650 2012
1575660 2013
1575670 2013
1575680 2015
1575690 2016
1575700 2016
1575710 2016
1575720 2017
1575730 2019
1575740 2019
1575750 2022
1575760 2025
1575770 2025
1575780 2028
1575790 2029
1575800 2029
1575810 2023
1575820 2017
1575830 2017
1575840 2013
1575850 2009
1575860 2009
1575870 2004
1575880 1997
1575890 1997
1575900 1990
1575910 1984
1575920 1984
1575930 1978
1575940 1972
1575950 1972
1575960 1965
1575970 1955
1575980 1946
1575990 1946
1576000 1937
1576010 1930
1576020 1930
1576030 1926
1576040 1922
1576050 1922
1576060 1918
1576070 1913
1576080 1913
1576090 1910
1576100 1907
1576110 1907
1576120 1904
1576130 1900
1576140 1900
1576150 1896
1576160 1894
1576170 1894
1576180 1893
1576190 1892
1576200 1892
1576210 1891
1576220 1891
1576230 1891
1576240 1890
1576250 1891
1576260 1892
1576270 1892
1576280 1892
1576290 1893
1576300 1893
1576310 1895
1576320 1898
1576330 1898
1576340 1902
1576350 1908
1576360 1908
1576370 1913
1576380 1920
1576390 1920
1576400 1927
1576410 1936
1576420 1936
1576430 1944
1576440 1952
1576450 1952
1576460 1959
1576470 1966
1576480 1966
1576490 1971
1576500 1977
1576510 1977
1576520 1983
1576530 1990
1576540 1990
1576550 1992
1576560 1994
1576570 1995
1576580 1995
1576590 1996
1576600 1996
1576610 1996
1576620 1996
1576630 1997
1576640 1997
1576650 1997
1576660 1999
1576670 1999
1576680 2001
1576690 2003
1576700 2003
1576710 2006
1576720 2009
1576730 2009
1576740 2013
1576750 2017
1576760 2017
1576770 2022
1576780 2027
1576790 2027
1576800 2030
1576810 2033
1576820 2033
1576830 2035
1576840 2039
1576850 2041
1576860 2041
1576870 2043
1576880 2047
1576890 2047
1576900 2053
1576910 2055
1576920 2055
1576930 2058
1576940 2060
1576950 2060
1576960 2062
1576970 2063
1576980 2063
1576990 2065
1577000 2067
1577010 2067
1577020 2070
1577030 2071
1577040 2071
1577050 2074
1577060 2078
1577070 2078
1577080 2083
1577090 2088
1577100 2088
1577110 2091
1577120 2093
1577130 2093
1577140 2097
1577150 2102
1577160 2107
1577170 2107
1577180 2111
1577190 2114
1577200 2114
1577210 2118
1577220 2122
1577230 2122
1577240 2127
1577250 2132
1577260 2132
1577270 2136
1577280 2137
1577290 2137
1577300 2135
1577310 2132
1577320 2132
1577330 2129
1577340 2126
1577350 2126
1577360 2123
1577370 2120
1577380 2120
1577390 2117
1577400 2113
1577410 2113
1577420 2108
1577430 2105
1577440 2102
1577450 2102
1577460 2098
1577470 2096
1577480 2096
1577490 2093
1577500 2090
1577510 2090
1577520 2086
1577530 2083
1577540 2083
1577550 2081
1577560 2078
1577570 2078
1577580 2074
1577590 2069
1577600 2069
1577610 2066
1577620 2062
1577630 2062
1577640 2057
1577650 2054
1577660 2054
1577670 2052
1577680 2047
1577690 2047
1577700 2042
1577710 2039
1577720 2034
1577730 2034
1577740 2030
1577750 2027
1577760 2027
1577770 2018
1577780 2010
1577790 2010
1577800 2005
1577810 2001
1577820 2001
1577830 2000
1577840 1998
1577850 1998
1577860 1998
1577870 1997
1577880 1997
1577890 1997
1577900 1997
1577910 1997
1577920 1996
1577930 1996
1577940 1996
1577950 1995
1577960 1995
1577970 1995
1577980 1996
1577990 1996
1578000 1996
1578010 1998
1578020 2001
1578030 2005
1578040 2005
1578050 2009
1578060 2013
1578070 2013
1578080 2019
1578090 2025
1578100 2025
1578110 2031
1578120 2036
1578130 2036
1578140 2042
1578150 2046
1578160 2046
1578170 2050
1578180 2054
1578190 2054
1578200 2058
1578210 2062
1578220 2062
1578230 2065
1578240 2069
1578250 2069
1578260 2072
1578270 2076
1578280 2076
1578290 2079
1578300 2082
1578310 2084
1578320 2084
1578330 2087
1578340 2089
1578350 2089
1578360 2090
1578370 2092
1578380 2092
1578390 2093
1578400 2094
1578410 2094
1578420 2095
1578430 2095
1578440 2095
1578450 2091
1578460 2086
1578470 2086
1578480 2083
1578490 2080
1578500 2080
1578510 2073
1578520 2062
1578530 2062
1578540 2050
1578550 2042
1578560 2042
1578570 2035
1578580 2026
1578590 2026
1578600 2016
1578610 2008
1578620 2000
1578630 2000
1578640 1992
1578650 1984
1578660 1984
1578670 1978
1578680 1972
1578690 1972
1578700 1966
1578710 1961
1578720 1961
1578730 1956
1578740 1950
1578750 1950
1578760 1945
1578770 1940
1578780 1940
1578790 1934
1578800 1929
1578810 1929
1578820 1925
1578830 1922
1578840 1922
1578850 1917
1578860 1908
1578870 1908
1578880 1900
1578890 1896
1578900 1893
1578910 1893
1578920 1885
1578930 1877
1578940 1877
1578950 1867
1578960 1854
1578970 1854
1578980 1844
1578990 1836
1579000 1836
1579010 1828
1579020 1821
1579030 1821
1579040 1814
1579050 1809
1579060 1809
1579070 1803
1579080 1796
1579090 1796
1579100 1791
1579110 1786
1579120 1786
1579130 1781
1579140 1777
1579150 1777
1579160 1773
1579170 1770
1579180 1767
1579190 1767
1579200 1764
1579210 1760
1579220 1760
1579230 1758
1579240 1758
1579250 1758
1579260 1756
1579270 1756
1579280 1756
1579290 1755
1579300 1754
1579310 1754
1579320 1754
1579330 1754
1579340 1754
1579350 1753
1579360 1753
1579370 1753
1579380 1753
1579390 1754
1579400 1754
1579410 1753
1579420 1748
1579430 1748
1579440 1743
1579450 1737
1579460 1737
1579470 1731
1579480 1725
1579490 1720
1579500 1720
1579510 1715
1579520 1710
1579530 1710
1579540 1705
1579550 1699
1579560 1699
1579570 1694
1579580 1688
1579590 1688
1579600 1683
1579610 1678
1579620 1678
1579630 1674
1579640 1670
1579650 1670
1579660 1666
1579670 1661
1579680 1661
1579690 1656
1579700 1651
1579710 1651
1579720 1647
1579730 1642
1579740 1642
1579750 1637
1579760 1632
1579770 1627
1579780 1627
1579790 1622
1579800 1618
1579810 1618
1579820 1614
1579830 1611
1579840 1611
1579850 1608
1579860 1604
1579870 1604
1579880 1600
1579890 1594
1579900 1594
1579910 1592
1579920 1590
1579930 1590
1579940 1586
1579950 1581
1579960 1581
1579970 1576
1579980 1571
1579990 1571
