1560000 1577
1560010 1577
1560020 1572
1560030 1567
1560040 1567
1560050 1562
1560060 1558
1560070 1558
1560080 1555
1560090 1553
1560100 1553
1560110 1550
1560120 1548
1560130 1548
1560140 1545
1560150 1542
1560160 1542
1560170 1538
1560180 1535
1560190 1535
1560200 1531
1560210 1526
1560220 1526
1560230 1522
1560240 1518
1560250 1513
1560260 1513
1560270 1509
1560280 1504
1560290 1504
1560300 1500
1560310 1495
1560320 1495
1560330 1490
1560340 1485
1560350 1485
1560360 1481
1560370 1476
1560380 1476
1560390 1471
1560400 1467
1560410 1467
1560420 1464
1560430 1458
1560440 1458
1560450 1450
1560460 1440
1560470 1440
1560480 1440
1560490 1442
1560500 1442
1560510 1452
1560520 1461
1560530 1461
1560540 1463
1560550 1463
1560560 1464
1560570 1464
1560580 1465
1560590 1463
1560600 1463
1560610 1461
1560620 1461
1560630 1461
1560640 1455
1560650 1446
1560660 1446
1560670 1439
1560680 1442
1560690 1442
1560700 1450
1560710 1458
1560720 1458
1560730 1466
1560740 1469
1560750 1469
1560760 1473
1560770 1477
1560780 1477
1560790 1481
1560800 1486
1560810 1486
1560820 1492
1560830 1497
1560840 1503
1560850 1503
1560860 1509
1560870 1514
1560880 1514
1560890 1519
1560900 1520
1560910 1520
1560920 1520
1560930 1522
1560940 1522
1560950 1523
1560960 1524
1560970 1524
1560980 1532
1560990 1536
1561000 1536
1561010 1539
1561020 1541
1561030 1541
1561040 1542
1561050 1545
1561060 1545
1561070 1548
1561080 1551
1561090 1551
1561100 1557
1561110 1562
1561120 1562
1561130 1567
1561140 1571
1561150 1577
1561160 1577
1561170 1581
1561180 1584
1561190 1584
1561200 1586
1561210 1588
1561220 1588
1561230 1589
1561240 1589
1561250 1589
1561260 1593
1561270 1596
1561280 1596
1561290 1598
1561300 1599
1561310 1599
1561320 1605
1561330 1613
1561340 1613
1561350 1619
1561360 1623
1561370 1623
1561380 1628
1561390 1635
1561400 1635
1561410 1643
1561420 1652
1561430 1658
1561440 1658
1561450 1664
1561460 1668
1561470 1668
1561480 1671
1561490 1674
1561500 1674
1561510 1677
1561520 1683
1561530 1683
1561540 1691
1561550 1700
1561560 1700
1561570 1707
1561580 1709
1561590 1709
1561600 1711
1561610 1711
1561620 1711
1561630 1707
1561640 1714
1561650 1714
1561660 1724
1561670 1731
1561680 1731
1561690 1738
1561700 1745
1561710 1745
1561720 1754
1561730 1767
1561740 1779
1561750 1779
1561760 1787
1561770 1795
1561780 1795
1561790 1804
1561800 1813
1561810 1813
1561820 1817
1561830 1823
1561840 1823
1561850 1827
1561860 1836
1561870 1836
1561880 1845
1561890 1851
1561900 1851
1561910 1852
1561920 1854
1561930 1854
1561940 1858
1561950 1864
1561960 1864
1561970 1870
1561980 1874
1561990 1874
1562000 1881
1562010 1888
1562020 1894
1562030 1894
1562040 1901
1562050 1906
1562060 1906
1562070 1911
1562080 1918
1562090 1918
1562100 1925
1562110 1932
1562120 1932
1562130 1940
1562140 1947
1562150 1947
1562160 1953
1562170 1959
1562180 1959
1562190 1967
1562200 1973
1562210 1973
1562220 1979
1562230 1984
1562240 1984
1562250 1989
1562260 1994
1562270 1994
1562280 1998
1562290 2003
1562300 2007
1562310 2007
1562320 2011
1562330 2014
1562340 2014
1562350 2015
1562360 2010
1562370 2010
1562380 2004
1562390 1999
1562400 1999
1562410 1993
1562420 1988
1562430 1988
1562440 1981
1562450 1974
1562460 1974
1562470 1968
1562480 1960
1562490 1960
1562500 1953
1562510 1946
1562520 1946
1562530 1939
1562540 1932
1562550 1932
1562560 1925
1562570 1918
1562580 1918
1562590 1911
1562600 1904
1562610 1896
1562620 1896
1562630 1890
1562640 1883
1562650 1883
1562660 1876
1562670 1872
1562680 1872
1562690 1867
1562700 1861
1562710 1861
1562720 1857
1562730 1852
1562740 1852
1562750 1846
1562760 1840
1562770 1840
1562780 1835
1562790 1830
1562800 1830
1562810 1826
1562820 1822
1562830 1822
1562840 1816
1562850 1811
1562860 1811
1562870 1807
1562880 1802
1562890 1799
1562900 1799
1562910 1795
1562920 1794
1562930 1794
1562940 1796
1562950 1795
1562960 1795
1562970 1795
1562980 1795
1562990 1795
1563000 1796
1563010 1796
1563020 1796
1563030 1795
1563040 1794
1563050 1794
1563060 1794
1563070 1792
1563080 1792
1563090 1793
1563100 1794
1563110 1794
1563120 1795
1563130 1795
1563140 1795
1563150 1795
1563160 1796
1563170 1796
1563180 1794
1563190 1791
1563200 1790
1563210 1790
1563220 1793
1563230 1794
1563240 1794
1563250 1796
1563260 1801
1563270 1801
1563280 1806
1563290 1812
1563300 1812
1563310 1817
1563320 1821
1563330 1821
1563340 1826
1563350 1831
1563360 1831
1563370 1836
1563380 1842
1563390 1842
1563400 1848
1563410 1854
1563420 1854
1563430 1860
1563440 1866
1563450 1866
1563460 1872
1563470 1878
1563480 1884
1563490 1884
1563500 1890
1563510 1896
1563520 1896
1563530 1902
1563540 1908
1563550 1908
1563560 1914
1563570 1919
1563580 1919
1563590 1925
1563600 1930
1563610 1930
1563620 1934
1563630 1937
1563640 1937
1563650 1942
1563660 1946
1563670 1946
1563680 1945
1563690 1939
1563700 1939
1563710 1933
1563720 1929
1563730 1929
1563740 1925
1563750 1919
1563760 1919
1563770 1914
1563780 1908
1563790 1901
1563800 1901
1563810 1893
1563820 1886
1563830 1886
1563840 1881
1563850 1877
1563860 1877
1563870 1874
1563880 1872
1563890 1872
1563900 1869
1563910 1866
1563920 1866
1563930 1864
1563940 1861
1563950 1861
1563960 1860
1563970 1856
1563980 1856
1563990 1854
1564000 1855
1564010 1855
1564020 1853
1564030 1850
1564040 1850
1564050 1850
1564060 1847
1564070 1839
1564080 1839
1564090 1832
1564100 1827
1564110 1827
1564120 1824
1564130 1826
1564140 1826
1564150 1825
1564160 1814
1564170 1814
1564180 1802
1564190 1788
1564200 1788
1564210 1779
1564220 1772
1564230 1772
1564240 1767
1564250 1758
1564260 1758
1564270 1754
1564280 1751
1564290 1751
1564300 1749
1564310 1745
1564320 1745
1564330 1734
1564340 1722
1564350 1712
1564360 1712
1564370 1703
1564380 1696
1564390 1696
1564400 1691
1564410 1687
1564420 1687
1564430 1683
1564440 1679
1564450 1679
1564460 1675
1564470 1670
1564480 1670
1564490 1665
1564500 1661
1564510 1661
1564520 1657
1564530 1654
1564540 1654
1564550 1650
1564560 1648
1564570 1648
1564580 1646
1564590 1644
1564600 1644
1564610 1643
1564620 1642
1564630 1642
1564640 1641
1564650 1639
1564660 1638
1564670 1638
1564680 1635
1564690 1632
1564700 1632
1564710 1634
1564720 1633
1564730 1633
1564740 1633
1564750 1632
1564760 1632
1564770 1630
1564780 1628
1564790 1628
1564800 1630
1564810 1630
1564820 1630
1564830 1631
1564840 1632
1564850 1632
1564860 1634
1564870 1636
1564880 1636
1564890 1637
1564900 1638
1564910 1638
1564920 1640
1564930 1644
1564940 1648
1564950 1648
1564960 1652
1564970 1656
1564980 1656
1564990 1661
1565000 1666
1565010 1666
1565020 1667
1565030 1673
1565040 1673
1565050 1678
1565060 1683
1565070 1683
1565080 1684
1565090 1686
1565100 1686
1565110 1692
1565120 1700
1565130 1700
1565140 1709
1565150 1716
1565160 1716
1565170 1717
1565180 1720
1565190 1720
1565200 1725
1565210 1733
1565220 1733
1565230 1740
1565240 1746
1565250 1751
1565260 1751
1565270 1755
1565280 1759
1565290 1759
1565300 1763
1565310 1768
1565320 1768
1565330 1772
1565340 1777
1565350 1777
1565360 1784
1565370 1789
1565380 1789
1565390 1794
1565400 1797
1565410 1797
1565420 1800
1565430 1802
1565440 1802
1565450 1800
1565460 1799
1565470 1799
1565480 1797
1565490 1797
1565500 1797
1565510 1798
1565520 1799
1565530 1801
1565540 1801
1565550 1803
1565560 1807
1565570 1807
1565580 1810
1565590 1814
1565600 1814
1565610 1817
1565620 1818
1565630 1818
1565640 1820
1565650 1824
1565660 1824
1565670 1829
1565680 1833
1565690 1833
1565700 1834
1565710 1835
1565720 1835
1565730 1836
1565740 1837
1565750 1837
1565760 1839
1565770 1843
1565780 1843
1565790 1849
1565800 1855
1565810 1855
1565820 1863
1565830 1870
1565840 1878
1565850 1878
1565860 1885
1565870 1892
1565880 1892
1565890 1900
1565900 1908
1565910 1908
1565920 1912
1565930 1912
1565940 1912
1565950 1911
1565960 1905
1565970 1905
1565980 1900
1565990 1895
1566000 1895
1566010 1888
1566020 1881
1566030 1881
1566040 1874
1566050 1868
1566060 1868
1566070 1861
1566080 1858
1566090 1858
1566100 1856
1566110 1854
1566120 1854
1566130 1854
1566140 1851
1566150 1847
1566160 1847
1566170 1843
1566180 1840
1566190 1840
1566200 1841
1566210 1838
1566220 1838
1566230 1832
1566240 1824
1566250 1824
1566260 1816
1566270 1809
1566280 1809
1566290 1802
1566300 1798
1566310 1798
1566320 1798
1566330 1800
1566340 1800
1566350 1799
1566360 1794
1566370 1794
1566380 1789
1566390 1787
1566400 1787
1566410 1788
1566420 1788
1566430 1787
1566440 1787
1566450 1785
1566460 1783
1566470 1783
1566480 1781
1566490 1778
1566500 1778
1566510 1775
1566520 1771
1566530 1771
1566540 1766
1566550 1760
1566560 1760
1566570 1754
1566580 1750
1566590 1750
1566600 1747
1566610 1743
1566620 1743
1566630 1738
1566640 1732
1566650 1732
1566660 1725
1566670 1719
1566680 1719
1566690 1713
1566700 1710
1566710 1705
1566720 1705
1566730 1703
1566740 1700
1566750 1700
1566760 1696
1566770 1691
1566780 1691
1566790 1687
1566800 1683
1566810 1683
1566820 1680
1566830 1678
1566840 1678
1566850 1677
1566860 1677
1566870 1677
1566880 1677
1566890 1675
1566900 1675
1566910 1671
1566920 1667
1566930 1667
1566940 1664
1566950 1664
1566960 1664
1566970 1662
1566980 1660
1566990 1657
1567000 1657
1567010 1656
1567020 1655
1567030 1655
1567040 1653
1567050 1651
1567060 1651
1567070 1648
1567080 1648
1567090 1648
1567100 1646
1567110 1645
1567120 1645
1567130 1643
1567140 1643
1567150 1643
1567160 1645
1567170 1647
1567180 1647
1567190 1648
1567200 1648
1567210 1648
1567220 1648
1567230 1648
1567240 1648
1567250 1647
1567260 1645
1567270 1645
1567280 1642
1567290 1636
1567300 1628
1567310 1628
1567320 1619
1567330 1610
1567340 1610
1567350 1602
1567360 1593
1567370 1593
1567380 1585
1567390 1584
1567400 1584
1567410 1580
1567420 1575
1567430 1575
1567440 1570
1567450 1564
1567460 1564
1567470 1558
1567480 1552
1567490 1552
1567500 1548
1567510 1542
1567520 1542
1567530 1536
1567540 1528
1567550 1528
1567560 1521
1567570 1514
1567580 1508
1567590 1508
1567600 1505
1567610 1502
1567620 1502
1567630 1500
1567640 1496
1567650 1496
1567660 1492
1567670 1486
1567680 1486
1567690 1480
1567700 1473
1567710 1473
1567720 1466
1567730 1460
1567740 1460
1567750 1454
1567760 1449
1567770 1449
1567780 1443
1567790 1438
1567800 1438
1567810 1432
1567820 1425
1567830 1425
1567840 1416
1567850 1409
1567860 1409
1567870 1402
1567880 1395
1567890 1388
1567900 1388
1567910 1381
1567920 1373
1567930 1373
1567940 1367
1567950 1361
1567960 1361
1567970 1356
1567980 1350
1567990 1350
1568000 1345
1568010 1338
1568020 1338
1568030 1331
1568040 1325
1568050 1325
1568060 1319
1568070 1314
1568080 1314
1568090 1307
1568100 1300
1568110 1300
1568120 1294
1568130 1288
1568140 1288
1568150 1283
1568160 1277
1568170 1273
1568180 1273
1568190 1268
1568200 1264
1568210 1264
1568220 1261
1568230 1258
1568240 1258
1568250 1255
1568260 1252
1568270 1252
1568280 1248
1568290 1244
1568300 1244
1568310 1239
1568320 1234
1568330 1234
1568340 1229
1568350 1226
1568360 1226
1568370 1226
1568380 1226
1568390 1226
1568400 1225
1568410 1221
1568420 1221
1568430 1217
1568440 1215
1568450 1215
1568460 1213
1568470 1211
1568480 1209
1568490 1209
1568500 1206
1568510 1204
1568520 1204
1568530 1202
1568540 1199
1568550 1199
1568560 1195
1568570 1193
1568580 1193
1568590 1191
1568600 1191
1568610 1191
1568620 1190
1568630 1191
1568640 1191
1568650 1191
1568660 1192
1568670 1192
1568680 1196
1568690 1199
1568700 1199
1568710 1203
1568720 1208
1568730 1208
1568740 1213
1568750 1217
1568760 1222
1568770 1222
1568780 1229
1568790 1235
1568800 1235
1568810 1238
1568820 1240
1568830 1240
1568840 1244
1568850 1248
1568860 1248
1568870 1250
1568880 1253
1568890 1253
1568900 1258
1568910 1257
1568920 1257
1568930 1260
1568940 1263
1568950 1263
1568960 1266
1568970 1268
1568980 1268
1568990 1271
1569000 1272
1569010 1272
1569020 1273
1569030 1273
1569040 1274
1569050 1274
1569060 1276
1569070 1276
1569080 1276
1569090 1276
1569100 1275
1569110 1275
1569120 1276
1569130 1276
1569140 1276
1569150 1275
1569160 1274
1569170 1274
1569180 1274
1569190 1275
1569200 1275
1569210 1277
1569220 1278
1569230 1278
1569240 1277
1569250 1277
1569260 1277
1569270 1276
1569280 1275
1569290 1275
1569300 1275
1569310 1275
1569320 1275
1569330 1276
1569340 1276
1569350 1276
1569360 1276
1569370 1275
1569380 1274
1569390 1274
1569400 1269
1569410 1265
1569420 1265
1569430 1265
1569440 1267
1569450 1267
1569460 1267
1569470 1263
1569480 1263
1569490 1260
1569500 1258
1569510 1258
1569520 1257
1569530 1253
1569540 1253
1569550 1246
1569560 1241
1569570 1241
1569580 1239
1569590 1237
1569600 1237
1569610 1235
1569620 1234
1569630 1232
1569640 1232
1569650 1229
1569660 1226
1569670 1226
1569680 1224
1569690 1222
1569700 1222
1569710 1220
1569720 1225
1569730 1225
1569740 1226
1569750 1226
1569760 1226
1569770 1226
1569780 1226
1569790 1226
1569800 1226
1569810 1227
1569820 1227
1569830 1226
1569840 1226
1569850 1226
1569860 1227
1569870 1228
1569880 1228
1569890 1229
1569900 1229
1569910 1229
1569920 1229
1569930 1228
1569940 1227
1569950 1227
1569960 1225
1569970 1223
1569980 1223
1569990 1220
1570000 1217
1570010 1217
1570020 1214
1570030 1212
1570040 1212
1570050 1211
1570060 1210
1570070 1210
1570080 1209
1570090 1208
1570100 1208
1570110 1206
1570120 1204
1570130 1204
1570140 1202
1570150 1199
1570160 1199
1570170 1196
1570180 1193
1570190 1193
1570200 1190
1570210 1190
1570220 1190
1570230 1190
1570240 1191
1570250 1191
1570260 1191
1570270 1190
1570280 1188
1570290 1188
1570300 1184
1570310 1181
1570320 1181
1570330 1177
1570340 1172
1570350 1172
1570360 1168
1570370 1164
1570380 1164
1570390 1160
1570400 1159
1570410 1157
1570420 1154
1570430 1152
1570440 1152
1570450 1149
1570460 1146
1570470 1146
1570480 1143
1570490 1141
1570500 1141
1570510 1140
1570520 1140
1570530 1139
1570540 1139
1570550 1138
1570560 1136
1570570 1136
1570580 1133
1570590 1128
1570600 1128
1570610 1121
1570620 1116
1570630 1116
1570640 1110
1570650 1105
1570660 1105
1570670 1101
1570680 1098
1570690 1098
1570700 1097
1570710 1095
1570720 1095
1570730 1090
1570740 1086
1570750 1086
1570760 1082
1570770 1079
1570780 1079
1570790 1076
1570800 1071
1570810 1067
1570820 1067
1570830 1062
1570840 1059
1570850 1059
1570860 1055
1570870 1052
1570880 1052
1570890 1048
1570900 1045
1570910 1045
1570920 1043
1570930 1041
1570940 1041
1570950 1038
1570960 1035
1570970 1035
1570980 1030
1570990 1026
1571000 1026
1571010 1022
1571020 1018
1571030 1018
1571040 1014
1571050 1009
1571060 1009
1571070 1006
1571080 1002
1571090 1002
1571100 996
1571110 991
1571120 987
1571130 987
1571140 984
1571150 981
1571160 981
1571170 978
1571180 976
1571190 976
1571200 975
1571210 974
1571220 974
1571230 973
1571240 972
1571250 972
1571260 972
1571270 971
1571280 971
1571290 970
1571300 970
1571310 970
1571320 969
1571330 968
1571340 968
1571350 968
1571360 967
1571370 967
1571380 967
1571390 966
1571400 966
1571410 966
1571420 966
1571430 965
1571440 965
1571450 964
1571460 964
1571470 964
1571480 963
1571490 963
1571500 963
1571510 962
1571520 962
1571530 962
1571540 961
1571550 961
1571560 961
1571570 961
1571580 960
1571590 960
1571600 960
1571610 959
1571620 959
1571630 959
1571640 959
1571650 959
1571660 958
1571670 957
1571680 960
1571690 960
1571700 962
1571710 966
1571720 966
1571730 968
1571740 968
1571750 968
1571760 969
1571770 972
1571780 972
1571790 975
1571800 977
1571810 977
1571820 979
1571830 983
1571840 983
1571850 987
1571860 991
1571870 991
1571880 993
1571890 996
1571900 996
1571910 1002
1571920 1005
1571930 1005
1571940 1007
1571950 1010
1571960 1010
1571970 1011
1571980 1012
1571990 1013
1572000 1013
1572010 1014
1572020 1015
1572030 1015
1572040 1017
1572050 1021
1572060 1021
1572070 1023
1572080 1028
1572090 1028
1572100 1034
1572110 1038
1572120 1038
1572130 1044
1572140 1048
1572150 1048
1572160 1053
1572170 1059
1572180 1059
1572190 1065
1572200 1071
1572210 1071
1572220 1078
1572230 1085
1572240 1085
1572250 1092
1572260 1098
1572270 1104
1572280 1104
1572290 1110
1572300 1117
1572310 1117
1572320 1124
1572330 1131
1572340 1131
1572350 1137
1572360 1140
1572370 1140
1572380 1141
1572390 1143
1572400 1143
1572410 1146
1572420 1149
1572430 1149
1572440 1152
1572450 1155
1572460 1155
1572470 1159
1572480 1163
1572490 1163
1572500 1168
1572510 1173
1572520 1173
1572530 1178
1572540 1182
1572550 1182
1572560 1186
1572570 1191
1572580 1196
1572590 1196
1572600 1203
1572610 1209
1572620 1209
1572630 1214
1572640 1219
1572650 1219
1572660 1224
1572670 1228
1572680 1228
1572690 1232
1572700 1236
1572710 1236
1572720 1240
1572730 1244
1572740 1244
1572750 1248
1572760 1252
1572770 1252
1572780 1257
1572790 1261
1572800 1261
1572810 1266
1572820 1270
1572830 1270
1572840 1275
1572850 1279
1572860 1284
1572870 1284
1572880 1289
1572890 1292
1572900 1292
1572910 1296
1572920 1299
1572930 1299
1572940 1303
1572950 1306
1572960 1306
1572970 1310
1572980 1314
1572990 1314
1573000 1319
1573010 1324
1573020 1324
1573030 1328
1573040 1332
1573050 1332
1573060 1336
1573070 1340
1573080 1340
1573090 1344
1573100 1347
1573110 1347
1573120 1351
1573130 1354
1573140 1354
1573150 1359
1573160 1363
1573170 1367
1573180 1367
1573190 1372
1573200 1376
1573210 1376
1573220 1382
1573230 1387
1573240 1387
1573250 1392
1573260 1398
1573270 1398
1573280 1402
1573290 1407
1573300 1407
1573310 1411
1573320 1417
1573330 1416
1573340 1420
1573350 1425
1573360 1425
1573370 1431
1573380 1435
1573390 1435
1573400 1438
1573410 1442
1573420 1442
1573430 1446
1573440 1451
1573450 1457
1573460 1457
1573470 1462
1573480 1467
1573490 1467
1573500 1471
1573510 1474
1573520 1474
1573530 1478
1573540 1481
1573550 1481
1573560 1485
1573570 1489
1573580 1489
1573590 1492
1573600 1496
1573610 1496
1573620 1501
1573630 1504
1573640 1504
1573650 1507
1573660 1509
1573670 1509
1573680 1512
1573690 1515
1573700 1515
1573710 1518
1573720 1523
1573730 1528
1573740 1528
1573750 1533
1573760 1537
1573770 1537
1573780 1542
1573790 1547
1573800 1547
1573810 1553
1573820 1558
1573830 1558
1573840 1563
1573850 1569
1573860 1569
1573870 1575
1573880 1582
1573890 1582
1573900 1590
1573910 1597
1573920 1597
1573930 1601
1573940 1604
1573950 1604
1573960 1606
1573970 1608
1573980 1608
1573990 1610
1574000 1613
1574010 1613
1574020 1615
1574030 1618
1574040 1621
1574050 1621
1574060 1623
1574070 1627
1574080 1627
1574090 1631
1574100 1636
1574110 1636
1574120 1641
1574130 1646
1574140 1646
1574150 1651
1574160 1656
1574170 1656
1574180 1661
1574190 1665
1574200 1665
1574210 1669
1574220 1673
1574230 1673
1574240 1677
1574250 1681
1574260 1681
1574270 1684
1574280 1687
1574290 1687
1574300 1689
1574310 1691
1574320 1694
1574330 1694
1574340 1697
1574350 1701
1574360 1701
1574370 1705
1574380 1709
1574390 1709
1574400 1713
1574410 1715
1574420 1715
1574430 1718
1574440 1721
1574450 1721
1574460 1724
1574470 1728
1574480 1728
1574490 1731
1574500 1734
1574510 1734
1574520 1737
1574530 1740
1574540 1740
1574550 1742
1574560 1744
1574570 1744
1574580 1746
1574590 1747
1574600 1747
1574610 1748
1574620 1750
1574630 1752
1574640 1752
1574650 1752
1574660 1753
1574670 1753
1574680 1753
1574690 1754
1574700 1754
1574710 1755
1574720 1757
1574730 1757
1574740 1759
1574750 1760
1574760 1751
1574770 1751
1574780 1752
1574790 1752
1574800 1753
1574810 1754
1574820 1754
1574830 1755
1574840 1755
1574850 1755
1574860 1757
1574870 1760
1574880 1760
1574890 1762
1574900 1763
1574910 1764
1574920 1764
1574930 1765
1574940 1767
1574950 1767
1574960 1769
1574970 1773
1574980 1773
1574990 1777
1575000 1781
1575010 1781
1575020 1784
1575030 1789
1575040 1789
1575050 1792
1575060 1793
1575070 1793
1575080 1795
1575090 1796
1575100 1796
1575110 1799
1575120 1802
1575130 1802
1575140 1807
1575150 1811
1575160 1811
1575170 1815
1575180 1819
1575190 1819
1575200 1823
1575210 1825
1575220 1829
1575230 1829
1575240 1835
1575250 1842
1575260 1842
1575270 1849
1575280 1856
1575290 1856
1575300 1864
1575310 1874
1575320 1874
1575330 1883
1575340 1890
1575350 1890
1575360 1897
1575370 1902
1575380 1902
1575390 1908
1575400 1912
1575410 1912
1575420 1916
1575430 1919
1575440 1919
1575450 1918
1575460 1914
1575470 1914
1575480 1908
1575490 1901
1575500 1894
1575510 1894
1575520 1887
1575530 1880
1575540 1880
1575550 1874
1575560 1869
1575570 1869
1575580 1865
1575590 1861
1575600 1861
1575610 1855
1575620 1849
1575630 1849
1575640 1847
1575650 1847
1575660 1847
1575670 1847
1575680 1848
1575690 1848
1575700 1849
1575710 1850
1575720 1850
1575730 1850
1575740 1849
1575750 1849
1575760 1849
1575770 1847
1575780 1847
1575790 1844
1575800 1842
1575810 1841
1575820 1841
1575830 1840
1575840 1838
1575850 1838
1575860 1838
1575870 1840
1575880 1840
1575890 1840
1575900 1839
1575910 1839
1575920 1841
1575930 1842
1575940 1842
1575950 1843
1575960 1842
1575970 1842
1575980 1841
1575990 1839
1576000 1839
1576010 1837
1576020 1837
1576030 1837
1576040 1836
1576050 1834
1576060 1834
1576070 1831
1576080 1828
1576090 1825
1576100 1825
1576110 1822
1576120 1821
1576130 1821
1576140 1818
1576150 1814
1576160 1813
1576170 1807
1576180 1802
1576190 1802
1576200 1796
1576210 1791
1576220 1791
1576230 1787
1576240 1784
1576250 1784
1576260 1781
1576270 1780
1576280 1780
1576290 1781
1576300 1784
1576310 1784
1576320 1787
1576330 1788
1576340 1788
1576350 1789
1576360 1791
1576370 1794
1576380 1794
1576390 1797
1576400 1799
1576410 1799
1576420 1804
1576430 1808
1576440 1808
1576450 1810
1576460 1812
1576470 1812
1576480 1814
1576490 1816
1576500 1816
1576510 1819
1576520 1822
1576530 1822
1576540 1825
1576550 1826
1576560 1826
1576570 1825
1576580 1824
1576590 1824
1576600 1825
1576610 1826
1576620 1826
1576630 1827
1576640 1828
1576650 1828
1576660 1829
1576670 1830
1576680 1831
1576690 1831
1576700 1831
1576710 1830
1576720 1830
1576730 1828
1576740 1829
1576750 1829
1576760 1832
1576770 1836
1576780 1836
1576790 1840
1576800 1843
1576810 1843
1576820 1845
1576830 1847
1576840 1847
1576850 1849
1576860 1851
1576870 1851
1576880 1855
1576890 1857
1576900 1857
1576910 1860
1576920 1863
1576930 1863
1576940 1867
1576950 1872
1576960 1878
1576970 1878
1576980 1883
1576990 1888
1577000 1888
1577010 1894
1577020 1901
1577030 1901
1577040 1907
1577050 1914
1577060 1914
1577070 1918
1577080 1921
1577090 1921
1577100 1923
1577110 1927
1577120 1927
1577130 1931
1577140 1936
1577150 1936
1577160 1939
1577170 1943
1577180 1943
1577190 1946
1577200 1949
1577210 1949
1577220 1954
1577230 1959
1577240 1959
1577250 1965
1577260 1971
1577270 1977
1577280 1977
1577290 1983
1577300 1990
1577310 1990
1577320 1997
1577330 2003
1577340 2003
1577350 2010
1577360 2018
1577370 2018
1577380 2024
1577390 2033
1577400 2033
1577410 2036
1577420 2030
1577430 2030
1577440 2023
1577450 2017
1577460 2017
1577470 2010
1577480 2004
1577490 2004
1577500 1998
1577510 1994
1577520 1994
1577530 1993
1577540 1990
1577550 1989
1577560 1989
1577570 1988
1577580 1986
1577590 1986
1577600 1983
1577610 1981
1577620 1981
1577630 1978
1577640 1974
1577650 1974
1577660 1968
1577670 1962
1577680 1962
1577690 1958
1577700 1956
1577710 1956
1577720 1954
1577730 1952
1577740 1952
1577750 1952
1577760 1951
1577770 1951
1577780 1949
1577790 1946
1577800 1946
1577810 1946
1577820 1948
1577830 1948
1577840 1951
1577850 1952
1577860 1951
1577870 1951
1577880 1949
1577890 1948
1577900 1948
1577910 1947
1577920 1945
1577930 1945
1577940 1943
1577950 1943
1577960 1943
1577970 1940
1577980 1937
1577990 1937
1578000 1935
1578010 1933
1578020 1933
1578030 1930
1578040 1926
1578050 1926
1578060 1923
1578070 1923
1578080 1923
1578090 1925
1578100 1924
1578110 1924
1578120 1924
1578130 1924
1578140 1923
1578150 1923
1578160 1923
1578170 1922
1578180 1922
1578190 1924
1578200 1926
1578210 1926
1578220 1929
1578230 1933
1578240 1933
1578250 1938
1578260 1941
1578270 1941
1578280 1942
1578290 1943
1578300 1943
1578310 1944
1578320 1943
1578330 1943
1578340 1940
1578350 1940
1578360 1940
1578370 1941
1578380 1938
1578390 1938
1578400 1934
1578410 1930
1578420 1925
1578430 1925
1578440 1925
1578450 1923
1578460 1923
1578470 1918
1578480 1917
1578490 1917
1578500 1915
1578510 1916
1578520 1916
1578530 1918
1578540 1920
1578550 1920
1578560 1921
1578570 1922
1578580 1922
1578590 1922
1578600 1923
1578610 1923
1578620 1922
1578630 1921
1578640 1921
1578650 1919
1578660 1916
1578670 1916
1578680 1913
1578690 1908
1578700 1908
1578710 1896
1578720 1887
1578730 1882
1578740 1882
1578750 1869
1578760 1854
1578770 1854
1578780 1847
1578790 1839
1578800 1839
1578810 1830
1578820 1823
1578830 1823
1578840 1817
1578850 1812
1578860 1812
1578870 1809
1578880 1802
1578890 1802
1578900 1792
1578910 1787
1578920 1787
1578930 1782
1578940 1777
1578950 1777
1578960 1774
1578970 1772
1578980 1772
1578990 1771
1579000 1770
1579010 1770
1579020 1770
1579030 1769
1579040 1768
1579050 1768
1579060 1768
1579070 1767
1579080 1767
1579090 1766
1579100 1767
1579110 1767
1579120 1766
1579130 1766
1579140 1766
1579150 1766
1579160 1766
1579170 1766
1579180 1766
1579190 1766
1579200 1766
1579210 1766
1579220 1766
1579230 1766
1579240 1766
1579250 1765
1579260 1765
1579270 1765
1579280 1765
1579290 1765
1579300 1765
1579310 1765
1579320 1764
1579330 1764
1579340 1764
1579350 1763
1579360 1763
1579370 1764
1579380 1765
1579390 1765
1579400 1766
1579410 1767
1579420 1767
1579430 1768
1579440 1769
1579450 1769
1579460 1769
1579470 1769
1579480 1769
1579490 1770
1579500 1768
1579510 1768
1579520 1768
1579530 1766
1579540 1766
1579550 1764
1579560 1761
1579570 1761
1579580 1756
1579590 1752
1579600 1748
1579610 1748
1579620 1745
1579630 1743
1579640 1743
1579650 1740
1579660 1738
1579670 1738
1579680 1735
1579690 1731
1579700 1731
1579710 1726
1579720 1720
1579730 1720
1579740 1715
1579750 1710
1579760 1710
1579770 1704
1579780 1700
1579790 1700
1579800 1696
1579810 1692
1579820 1692
1579830 1688
1579840 1684
1579850 1684
1579860 1680
1579870 1675
1579880 1675
1579890 1670
1579900 1664
1579910 1657
1579920 1657
1579930 1650
1579940 1643
1579950 1643
1579960 1636
1579970 1630
1579980 1630
1579990 1626
