1560000 1858
1560010 1851
1560020 1851
1560030 1844
1560040 1836
1560050 1836
1560060 1828
1560070 1821
1560080 1821
1560090 1813
1560100 1806
1560110 1806
1560120 1800
1560130 1796
1560140 1792
1560150 1792
1560160 1790
1560170 1790
1560180 1790
1560190 1790
1560200 1791
1560210 1791
1560220 1791
1560230 1788
1560240 1788
1560250 1782
1560260 1776
1560270 1776
1560280 1770
1560290 1770
1560300 1770
1560310 1771
1560320 1774
1560330 1774
1560340 1775
1560350 1777
1560360 1777
1560370 1780
1560380 1782
1560390 1782
1560400 1784
1560410 1786
1560420 1786
1560430 1787
1560440 1788
1560450 1788
1560460 1788
1560470 1783
1560480 1776
1560490 1776
1560500 1768
1560510 1763
1560520 1763
1560530 1757
1560540 1754
1560550 1754
1560560 1752
1560570 1752
1560580 1752
1560590 1752
1560600 1752
1560610 1752
1560620 1751
1560630 1750
1560640 1750
1560650 1748
1560660 1746
1560670 1750
1560680 1747
1560690 1745
1560700 1745
1560710 1747
1560720 1746
1560730 1748
1560740 1748
1560750 1750
1560760 1753
1560770 1753
1560780 1758
1560790 1763
1560800 1763
1560810 1774
1560820 1785
1560830 1785
1560840 1792
1560850 1808
1560860 1808
1560870 1812
1560880 1812
1560890 1812
1560900 1811
1560910 1812
1560920 1812
1560930 1818
1560940 1822
1560950 1822
1560960 1827
1560970 1831
1560980 1831
1560990 1835
1561000 1839
1561010 1839
1561020 1842
1561030 1845
1561040 1849
1561050 1849
1561060 1854
1561070 1857
1561080 1857
1561090 1859
1561100 1862
1561110 1862
1561120 1864
1561130 1867
1561140 1867
1561150 1866
1561160 1865
1561170 1865
1561180 1863
1561190 1869
1561200 1869
1561210 1871
1561220 1872
1561230 1872
1561240 1877
1561250 1884
1561260 1884
1561270 1890
1561280 1896
1561290 1896
1561300 1903
1561310 1911
1561320 1919
1561330 1919
1561340 1927
1561350 1934
1561360 1934
1561370 1941
1561380 1949
1561390 1949
1561400 1958
1561410 1966
1561420 1966
1561430 1975
1561440 1984
1561450 1984
1561460 1991
1561470 1995
1561480 1995
1561490 1999
1561500 2004
1561510 2004
1561520 2010
1561530 2015
1561540 2015
1561550 2021
1561560 2028
1561570 2028
1561580 2035
1561590 2042
1561600 2042
1561610 2049
1561620 2055
1561630 2063
1561640 2063
1561650 2071
1561660 2079
1561670 2079
1561680 2086
1561690 2093
1561700 2093
1561710 2097
1561720 2095
1561730 2095
1561740 2092
1561750 2085
1561760 2085
1561770 2077
1561780 2070
1561790 2070
1561800 2065
1561810 2057
1561820 2057
1561830 2049
1561840 2042
1561850 2042
1561860 2034
1561870 2027
1561880 2027
1561890 2019
1561900 2011
1561910 2003
1561920 2003
1561930 1997
1561940 1992
1561950 1992
1561960 1988
1561970 1983
1561980 1983
1561990 1978
1562000 1973
1562010 1973
1562020 1968
1562030 1962
1562040 1962
1562050 1960
1562060 1958
1562070 1958
1562080 1960
1562090 1964
1562100 1964
1562110 1965
1562120 1965
1562130 1965
1562140 1966
1562150 1968
1562160 1968
1562170 1968
1562180 1968
1562190 1968
1562200 1968
1562210 1970
1562220 1971
1562230 1971
1562240 1971
1562250 1969
1562260 1969
1562270 1970
1562280 1970
1562290 1970
1562300 1970
1562310 1970
1562320 1970
1562330 1969
1562340 1970
1562350 1970
1562360 1970
1562370 1969
1562380 1969
1562390 1967
1562400 1965
1562410 1965
1562420 1961
1562430 1955
1562440 1955
1562450 1952
1562460 1950
1562470 1950
1562480 1949
1562490 1948
1562500 1946
1562510 1946
1562520 1943
1562530 1940
1562540 1940
1562550 1940
1562560 1937
1562570 1937
1562580 1936
1562590 1936
1562600 1936
1562610 1934
1562620 1932
1562630 1932
1562640 1931
1562650 1927
1562660 1927
1562670 1922
1562680 1920
1562690 1920
1562700 1919
1562710 1917
1562720 1917
1562730 1914
1562740 1910
1562750 1910
1562760 1907
1562770 1905
1562780 1905
1562790 1904
1562800 1902
1562810 1900
1562820 1900
1562830 1899
1562840 1899
1562850 1899
1562860 1899
1562870 1897
1562880 1897
1562890 1895
1562900 1893
1562910 1893
1562920 1891
1562930 1889
1562940 1889
1562950 1888
1562960 1887
1562970 1887
1562980 1887
1562990 1886
1563000 1886
1563010 1884
1563020 1880
1563030 1880
1563040 1875
1563050 1872
1563060 1872
1563070 1869
1563080 1865
1563090 1862
1563100 1862
1563110 1858
1563120 1855
1563130 1855
1563140 1853
1563150 1852
1563160 1852
1563170 1850
1563180 1846
1563190 1846
1563200 1843
1563210 1840
1563220 1840
1563230 1836
1563240 1833
1563250 1833
1563260 1830
1563270 1827
1563280 1827
1563290 1822
1563300 1818
1563310 1818
1563320 1813
1563330 1809
1563340 1809
1563350 1806
1563360 1802
1563370 1802
1563380 1798
1563390 1796
1563400 1794
1563410 1794
1563420 1796
1563430 1794
1563440 1794
1563450 1791
1563460 1788
1563470 1788
1563480 1784
1563490 1782
1563500 1782
1563510 1778
1563520 1775
1563530 1775
1563540 1770
1563550 1764
1563560 1764
1563570 1759
1563580 1757
1563590 1757
1563600 1756
1563610 1755
1563620 1755
1563630 1754
1563640 1751
1563650 1751
1563660 1744
1563670 1742
1563680 1736
1563690 1736
1563700 1729
1563710 1724
1563720 1724
1563730 1726
1563740 1725
1563750 1725
1563760 1728
1563770 1729
1563780 1729
1563790 1730
1563800 1732
1563810 1732
1563820 1735
1563830 1731
1563840 1731
1563850 1733
1563860 1731
1563870 1731
1563880 1730
1563890 1729
1563900 1729
1563910 1730
1563920 1730
1563930 1730
1563940 1731
1563950 1729
1563960 1729
1563970 1730
1563980 1731
1563990 1732
1564000 1732
1564010 1734
1564020 1738
1564030 1738
1564040 1742
1564050 1747
1564060 1747
1564070 1749
1564080 1750
1564090 1750
1564100 1750
1564110 1749
1564120 1749
1564130 1750
1564140 1749
1564150 1749
1564160 1748
1564170 1747
1564180 1747
1564190 1746
1564200 1747
1564210 1747
1564220 1747
1564230 1744
1564240 1744
1564250 1740
1564260 1737
1564270 1740
1564280 1740
1564290 1745
1564300 1745
1564310 1745
1564320 1740
1564330 1735
1564340 1735
1564350 1728
1564360 1722
1564370 1722
1564380 1717
1564390 1711
1564400 1711
1564410 1705
1564420 1698
1564430 1698
1564440 1691
1564450 1683
1564460 1683
1564470 1676
1564480 1669
1564490 1669
1564500 1662
1564510 1654
1564520 1654
1564530 1644
1564540 1636
1564550 1636
1564560 1629
1564570 1623
1564580 1617
1564590 1617
1564600 1612
1564610 1606
1564620 1606
1564630 1600
1564640 1595
1564650 1595
1564660 1589
1564670 1583
1564680 1583
1564690 1578
1564700 1572
1564710 1572
1564720 1567
1564730 1562
1564740 1562
1564750 1557
1564760 1553
1564770 1553
1564780 1549
1564790 1545
1564800 1545
1564810 1541
1564820 1537
1564830 1537
1564840 1532
1564850 1527
1564860 1522
1564870 1522
1564880 1517
1564890 1511
1564900 1511
1564910 1507
1564920 1503
1564930 1503
1564940 1499
1564950 1495
1564960 1495
1564970 1490
1564980 1483
1564990 1483
1565000 1484
1565010 1489
1565020 1489
1565030 1489
1565040 1490
1565050 1490
1565060 1492
1565070 1493
1565080 1493
1565090 1495
1565100 1495
1565110 1495
1565120 1497
1565130 1499
1565140 1499
1565150 1500
1565160 1501
1565170 1503
1565180 1503
1565190 1505
1565200 1507
1565210 1507
1565220 1510
1565230 1512
1565240 1512
1565250 1517
1565260 1521
1565270 1521
1565280 1526
1565290 1532
1565300 1532
1565310 1538
1565320 1544
1565330 1544
1565340 1550
1565350 1556
1565360 1556
1565370 1562
1565380 1567
1565390 1567
1565400 1573
1565410 1579
1565420 1579
1565430 1586
1565440 1595
1565450 1606
1565460 1606
1565470 1620
1565480 1630
1565490 1630
1565500 1639
1565510 1647
1565520 1647
1565530 1653
1565540 1647
1565550 1647
1565560 1649
1565570 1657
1565580 1657
1565590 1666
1565600 1676
1565610 1676
1565620 1686
1565630 1695
1565640 1695
1565650 1703
1565660 1711
1565670 1711
1565680 1719
1565690 1728
1565700 1728
1565710 1737
1565720 1750
1565730 1750
1565740 1762
1565750 1771
1565760 1779
1565770 1779
1565780 1785
1565790 1790
1565800 1790
1565810 1795
1565820 1800
1565830 1800
1565840 1808
1565850 1815
1565860 1815
1565870 1822
1565880 1830
1565890 1830
1565900 1836
1565910 1843
1565920 1843
1565930 1850
1565940 1858
1565950 1858
1565960 1866
1565970 1872
1565980 1872
1565990 1879
1566000 1886
1566010 1886
1566020 1893
1566030 1899
1566040 1905
1566050 1905
1566060 1913
1566070 1920
1566080 1920
1566090 1927
1566100 1934
1566110 1934
1566120 1941
1566130 1948
1566140 1948
1566150 1955
1566160 1961
1566170 1961
1566180 1967
1566190 1973
1566200 1973
1566210 1978
1566220 1982
1566230 1982
1566240 1986
1566250 1989
1566260 1989
1566270 1988
1566280 1984
1566290 1984
1566300 1979
1566310 1973
1566320 1973
1566330 1964
1566340 1954
1566350 1944
1566360 1944
1566370 1936
1566380 1929
1566390 1929
1566400 1923
1566410 1917
1566420 1917
1566430 1912
1566440 1907
1566450 1907
1566460 1902
1566470 1897
1566480 1897
1566490 1893
1566500 1889
1566510 1889
1566520 1883
1566530 1879
1566540 1879
1566550 1877
1566560 1876
1566570 1876
1566580 1875
1566590 1874
1566600 1874
1566610 1873
1566620 1873
1566630 1872
1566640 1872
1566650 1870
1566660 1867
1566670 1867
1566680 1864
1566690 1860
1566700 1860
1566710 1856
1566720 1850
1566730 1850
1566740 1846
1566750 1842
1566760 1842
1566770 1838
1566780 1835
1566790 1835
1566800 1831
1566810 1827
1566820 1827
1566830 1825
1566840 1822
1566850 1822
1566860 1820
1566870 1819
1566880 1819
1566890 1819
1566900 1818
1566910 1818
1566920 1818
1566930 1818
1566940 1819
1566950 1819
1566960 1819
1566970 1820
1566980 1820
1566990 1820
1567000 1820
1567010 1820
1567020 1819
1567030 1817
1567040 1817
1567050 1814
1567060 1812
1567070 1812
1567080 1812
1567090 1814
1567100 1810
1567110 1812
1567120 1813
1567130 1813
1567140 1813
1567150 1812
1567160 1812
1567170 1809
1567180 1808
1567190 1808
1567200 1809
1567210 1809
1567220 1806
1567230 1806
1567240 1803
1567250 1799
1567260 1799
1567270 1795
1567280 1790
1567290 1790
1567300 1784
1567310 1778
1567320 1778
1567330 1772
1567340 1766
1567350 1766
1567360 1761
1567370 1755
1567380 1755
1567390 1749
1567400 1742
1567410 1742
1567420 1736
1567430 1729
1567440 1729
1567450 1722
1567460 1716
1567470 1716
1567480 1708
1567490 1702
1567500 1702
1567510 1695
1567520 1689
1567530 1682
1567540 1682
1567550 1675
1567560 1670
1567570 1670
1567580 1665
1567590 1659
1567600 1659
1567610 1653
1567620 1646
1567630 1646
1567640 1639
1567650 1632
1567660 1632
1567670 1626
1567680 1619
1567690 1619
1567700 1612
1567710 1606
1567720 1606
1567730 1599
1567740 1592
1567750 1592
1567760 1585
1567770 1577
1567780 1577
1567790 1571
1567800 1565
1567810 1564
1567820 1564
1567830 1561
1567840 1557
1567850 1557
1567860 1553
1567870 1549
1567880 1549
1567890 1543
1567900 1537
1567910 1537
1567920 1531
1567930 1526
1567940 1526
1567950 1523
1567960 1520
1567970 1520
1567980 1515
1567990 1510
1568000 1510
1568010 1505
1568020 1500
1568030 1500
1568040 1496
1568050 1491
1568060 1491
1568070 1487
1568080 1482
1568090 1482
1568100 1477
1568110 1473
1568120 1469
1568130 1469
1568140 1465
1568150 1460
1568160 1460
1568170 1452
1568180 1441
1568190 1441
1568200 1431
1568210 1422
1568220 1422
1568230 1416
1568240 1412
1568250 1412
1568260 1406
1568270 1403
1568280 1403
1568290 1401
1568300 1396
1568310 1396
1568320 1397
1568330 1399
1568340 1399
1568350 1400
1568360 1400
1568370 1400
1568380 1401
1568390 1400
1568400 1399
1568410 1399
1568420 1397
1568430 1396
1568440 1396
1568450 1396
1568460 1394
1568470 1394
1568480 1391
1568490 1389
1568500 1389
1568510 1388
1568520 1387
1568530 1387
1568540 1385
1568550 1384
1568560 1384
1568570 1384
1568580 1383
1568590 1383
1568600 1381
1568610 1377
1568620 1377
1568630 1378
1568640 1374
1568650 1374
1568660 1366
1568670 1356
1568680 1356
1568690 1359
1568700 1366
1568710 1373
1568720 1373
1568730 1378
1568740 1377
1568750 1377
1568760 1373
1568770 1367
1568780 1367
1568790 1360
1568800 1354
1568810 1354
1568820 1353
1568830 1350
1568840 1350
1568850 1349
1568860 1348
1568870 1348
1568880 1346
1568890 1344
1568900 1344
1568910 1342
1568920 1340
1568930 1340
1568940 1338
1568950 1336
1568960 1336
1568970 1335
1568980 1334
1568990 1333
1569000 1333
1569010 1331
1569020 1328
1569030 1328
1569040 1326
1569050 1323
1569060 1323
1569070 1318
1569080 1315
1569090 1315
1569100 1313
1569110 1310
1569120 1310
1569130 1308
1569140 1306
1569150 1306
1569160 1304
1569170 1302
1569180 1302
1569190 1300
1569200 1296
1569210 1296
1569220 1288
1569230 1282
1569240 1282
1569250 1287
1569260 1289
1569270 1289
1569280 1292
1569290 1294
1569300 1293
1569310 1293
1569320 1292
1569330 1292
1569340 1292
1569350 1292
1569360 1290
1569370 1290
1569380 1288
1569390 1285
1569400 1285
1569410 1282
1569420 1280
1569430 1280
1569440 1278
1569450 1276
1569460 1276
1569470 1273
1569480 1268
1569490 1268
1569500 1261
1569510 1252
1569520 1252
1569530 1250
1569540 1257
1569550 1257
1569560 1261
1569570 1264
1569580 1265
1569590 1265
1569600 1265
1569610 1263
1569620 1263
1569630 1263
1569640 1262
1569650 1262
1569660 1261
1569670 1259
1569680 1259
1569690 1256
1569700 1253
1569710 1253
1569720 1249
1569730 1246
1569740 1246
1569750 1244
1569760 1241
1569770 1241
1569780 1237
1569790 1233
1569800 1233
1569810 1228
1569820 1229
1569830 1229
1569840 1241
1569850 1252
1569860 1252
1569870 1262
1569880 1269
1569890 1274
1569900 1274
1569910 1279
1569920 1280
1569930 1280
1569940 1278
1569950 1272
1569960 1272
1569970 1268
1569980 1271
1569990 1271
1570000 1276
1570010 1280
1570020 1280
1570030 1281
1570040 1280
1570050 1280
1570060 1280
1570070 1278
1570080 1278
1570090 1276
1570100 1276
1570110 1276
1570120 1273
1570130 1282
1570140 1282
1570150 1283
1570160 1281
1570170 1281
1570180 1281
1570190 1286
1570200 1292
1570210 1292
1570220 1291
1570230 1293
1570240 1293
1570250 1301
1570260 1313
1570270 1313
1570280 1327
1570290 1323
1570300 1323
1570310 1313
1570320 1304
1570330 1304
1570340 1294
1570350 1291
1570360 1291
1570370 1295
1570380 1299
1570390 1299
1570400 1306
1570410 1317
1570420 1317
1570430 1328
1570440 1340
1570450 1340
1570460 1349
1570470 1360
1570480 1367
1570490 1367
1570500 1368
1570510 1366
1570520 1366
1570530 1362
1570540 1356
1570550 1356
1570560 1348
1570570 1340
1570580 1340
1570590 1332
1570600 1323
1570610 1323
1570620 1313
1570630 1306
1570640 1306
1570650 1299
1570660 1295
1570670 1295
1570680 1293
1570690 1292
1570700 1292
1570710 1289
1570720 1288
1570730 1288
1570740 1287
1570750 1286
1570760 1286
1570770 1286
1570780 1285
1570790 1281
1570800 1281
1570810 1276
1570820 1271
1570830 1271
1570840 1267
1570850 1262
1570860 1262
1570870 1257
1570880 1252
1570890 1252
1570900 1247
1570910 1241
1570920 1241
1570930 1235
1570940 1228
1570950 1228
1570960 1220
1570970 1212
1570980 1212
1570990 1204
1571000 1196
1571010 1196
1571020 1188
1571030 1180
1571040 1180
1571050 1172
1571060 1165
1571070 1158
1571080 1158
1571090 1151
1571100 1142
1571110 1142
1571120 1133
1571130 1125
1571140 1125
1571150 1117
1571160 1109
1571170 1109
1571180 1100
1571190 1093
1571200 1093
1571210 1085
1571220 1077
1571230 1077
1571240 1068
1571250 1058
1571260 1058
1571270 1051
1571280 1046
1571290 1046
1571300 1040
1571310 1033
1571320 1033
1571330 1027
1571340 1020
1571350 1015
1571360 1015
1571370 1009
1571380 1004
1571390 1004
1571400 998
1571410 993
1571420 993
1571430 987
1571440 984
1571450 984
1571460 980
1571470 977
1571480 977
1571490 973
1571500 970
1571510 970
1571520 966
1571530 963
1571540 963
1571550 960
1571560 957
1571570 957
1571580 955
1571590 953
1571600 953
1571610 953
1571620 952
1571630 952
1571640 951
1571650 951
1571660 950
1571670 950
1571680 950
1571690 950
1571700 950
1571710 950
1571720 950
1571730 950
1571740 951
1571750 950
1571760 950
1571770 950
1571780 950
1571790 950
1571800 950
1571810 950
1571820 950
1571830 950
1571840 951
1571850 951
1571860 951
1571870 950
1571880 950
1571890 949
1571900 949
1571910 949
1571920 950
1571930 950
1571940 950
1571950 950
1571960 950
1571970 952
1571980 952
1571990 954
1572000 955
1572010 955
1572020 956
1572030 957
1572040 957
1572050 959
1572060 960
1572070 960
1572080 962
1572090 964
1572100 964
1572110 966
1572120 968
1572130 968
1572140 970
1572150 972
1572160 972
1572170 974
1572180 977
1572190 977
1572200 979
1572210 981
1572220 981
1572230 983
1572240 988
1572250 993
1572260 993
1572270 1000
1572280 1005
1572290 1005
1572300 1009
1572310 1013
1572320 1013
1572330 1016
1572340 1019
1572350 1019
1572360 1022
1572370 1025
1572380 1025
1572390 1026
1572400 1029
1572410 1029
1572420 1034
1572430 1039
1572440 1039
1572450 1044
1572460 1048
1572470 1048
1572480 1055
1572490 1059
1572500 1059
1572510 1065
1572520 1070
1572530 1075
1572540 1075
1572550 1080
1572560 1086
1572570 1086
1572580 1091
1572590 1096
1572600 1096
1572610 1102
1572620 1107
1572630 1107
1572640 1113
1572650 1118
1572660 1118
1572670 1123
1572680 1128
1572690 1128
1572700 1134
1572710 1139
1572720 1139
1572730 1144
1572740 1149
1572750 1149
1572760 1153
1572770 1157
1572780 1157
1572790 1162
1572800 1167
1572810 1167
1572820 1171
1572830 1175
1572840 1179
1572850 1179
1572860 1183
1572870 1187
1572880 1187
1572890 1192
1572900 1197
1572910 1197
1572920 1201
1572930 1206
1572940 1206
1572950 1210
1572960 1215
1572970 1215
1572980 1220
1572990 1225
1573000 1225
1573010 1229
1573020 1234
1573030 1234
1573040 1237
1573050 1239
1573060 1239
1573070 1243
1573080 1248
1573090 1248
1573100 1253
1573110 1257
1573120 1263
1573130 1263
1573140 1267
1573150 1271
1573160 1271
1573170 1276
1573180 1282
1573190 1282
1573200 1283
1573210 1284
1573220 1284
1573230 1288
1573240 1295
1573250 1295
1573260 1299
1573270 1304
1573280 1304
1573290 1308
1573300 1312
1573310 1312
1573320 1316
1573330 1320
1573340 1320
1573350 1323
1573360 1327
1573370 1327
1573380 1332
1573390 1334
1573400 1334
1573410 1339
1573420 1343
1573430 1346
1573440 1346
1573450 1348
1573460 1350
1573470 1350
1573480 1354
1573490 1357
1573500 1357
1573510 1360
1573520 1362
1573530 1362
1573540 1363
1573550 1365
1573560 1365
1573570 1366
1573580 1367
1573590 1367
1573600 1368
1573610 1369
1573620 1369
1573630 1369
1573640 1370
1573650 1370
1573660 1372
1573670 1372
1573680 1372
1573690 1374
1573700 1376
1573710 1377
1573720 1377
1573730 1379
1573740 1379
1573750 1379
1573760 1379
1573770 1380
1573780 1380
1573790 1382
1573800 1384
1573810 1384
1573820 1386
1573830 1387
1573840 1387
1573850 1387
1573860 1385
1573870 1385
1573880 1382
1573890 1380
1573900 1380
1573910 1382
1573920 1391
1573930 1391
1573940 1399
1573950 1407
1573960 1407
1573970 1413
1573980 1419
1573990 1419
1574000 1422
1574010 1428
1574020 1431
1574030 1431
1574040 1439
1574050 1448
1574060 1448
1574070 1455
1574080 1463
1574090 1463
1574100 1469
1574110 1474
1574120 1474
1574130 1478
1574140 1482
1574150 1482
1574160 1487
1574170 1491
1574180 1491
1574190 1496
1574200 1501
1574210 1501
1574220 1505
1574230 1510
1574240 1510
1574250 1514
1574260 1518
1574270 1518
1574280 1522
1574290 1525
1574300 1528
1574310 1528
1574320 1530
1574330 1532
1574340 1532
1574350 1535
1574360 1536
1574370 1536
1574380 1538
1574390 1540
1574400 1540
1574410 1543
1574420 1546
1574430 1546
1574440 1549
1574450 1553
1574460 1553
1574470 1556
1574480 1560
1574490 1560
1574500 1559
1574510 1564
1574520 1564
1574530 1569
1574540 1574
1574550 1574
1574560 1579
1574570 1584
1574580 1584
1574590 1589
1574600 1594
1574610 1599
1574620 1599
1574630 1601
1574640 1606
1574650 1606
1574660 1609
1574670 1613
1574680 1613
1574690 1616
1574700 1618
1574710 1618
1574720 1622
1574730 1626
1574740 1626
1574750 1631
1574760 1636
1574770 1636
1574780 1644
1574790 1651
1574800 1651
1574810 1656
1574820 1661
1574830 1661
1574840 1666
1574850 1671
1574860 1671
1574870 1675
1574880 1680
1574890 1684
1574900 1684
1574910 1689
1574920 1693
1574930 1693
1574940 1698
1574950 1702
1574960 1702
1574970 1707
1574980 1712
1574990 1712
1575000 1716
1575010 1720
1575020 1720
1575030 1725
1575040 1731
1575050 1731
1575060 1737
1575070 1742
1575080 1742
1575090 1746
1575100 1751
1575110 1751
1575120 1756
1575130 1762
1575140 1762
1575150 1767
1575160 1772
1575170 1772
1575180 1777
1575190 1782
1575200 1788
1575210 1788
1575220 1794
1575230 1799
1575240 1799
1575250 1805
1575260 1810
1575270 1810
1575280 1816
1575290 1821
1575300 1821
1575310 1827
1575320 1832
1575330 1832
1575340 1837
1575350 1842
1575360 1842
1575370 1846
1575380 1844
1575390 1844
1575400 1837
1575410 1829
1575420 1829
1575430 1821
1575440 1814
1575450 1814
1575460 1806
1575470 1799
1575480 1792
1575490 1792
1575500 1786
1575510 1782
1575520 1782
1575530 1777
1575540 1772
1575550 1772
1575560 1772
1575570 1772
1575580 1772
1575590 1772
1575600 1774
1575610 1774
1575620 1776
1575630 1778
1575640 1778
1575650 1781
1575660 1783
1575670 1783
1575680 1786
1575690 1788
1575700 1788
1575710 1789
1575720 1789
1575730 1789
1575740 1787
1575750 1785
1575760 1785
1575770 1783
1575780 1783
1575790 1782
1575800 1782
1575810 1779
1575820 1773
1575830 1773
1575840 1766
1575850 1758
1575860 1758
1575870 1751
1575880 1744
1575890 1744
1575900 1737
1575910 1732
1575920 1732
1575930 1729
1575940 1726
1575950 1726
1575960 1723
1575970 1722
1575980 1722
1575990 1721
1576000 1719
1576010 1719
1576020 1718
1576030 1718
1576040 1718
1576050 1717
1576060 1718
1576070 1716
1576080 1716
1576090 1715
1576100 1715
1576110 1715
1576120 1714
1576130 1713
1576140 1713
1576150 1713
1576160 1712
1576170 1712
1576180 1710
1576190 1708
1576200 1708
1576210 1708
1576220 1706
1576230 1706
1576240 1703
1576250 1697
1576260 1697
1576270 1692
1576280 1695
1576290 1695
1576300 1697
1576310 1695
1576320 1695
1576330 1693
1576340 1695
1576350 1695
1576360 1696
1576370 1695
1576380 1695
1576390 1695
1576400 1696
1576410 1694
1576420 1694
1576430 1694
1576440 1697
1576450 1697
1576460 1700
1576470 1703
1576480 1703
1576490 1705
1576500 1707
1576510 1707
1576520 1709
1576530 1711
1576540 1711
1576550 1714
1576560 1718
1576570 1718
1576580 1721
1576590 1725
1576600 1725
1576610 1730
1576620 1735
1576630 1735
1576640 1739
1576650 1743
1576660 1748
1576670 1748
1576680 1755
1576690 1762
1576700 1762
1576710 1769
1576720 1775
1576730 1775
1576740 1779
1576750 1784
1576760 1784
1576770 1791
1576780 1799
1576790 1799
1576800 1805
1576810 1813
1576820 1813
1576830 1821
1576840 1829
1576850 1829
1576860 1835
1576870 1842
1576880 1842
1576890 1849
1576900 1856
1576910 1856
1576920 1863
1576930 1870
1576940 1870
1576950 1876
1576960 1881
1576970 1887
1576980 1887
1576990 1892
1577000 1897
1577010 1897
1577020 1903
1577030 1909
1577040 1909
1577050 1916
1577060 1922
1577070 1922
1577080 1927
1577090 1933
1577100 1933
1577110 1939
1577120 1945
1577130 1945
1577140 1949
1577150 1953
1577160 1953
1577170 1957
1577180 1961
1577190 1961
1577200 1965
1577210 1970
1577220 1970
1577230 1975
1577240 1980
1577250 1985
1577260 1985
1577270 1989
1577280 1995
1577290 1995
1577300 2007
1577310 2015
1577320 2015
1577330 2021
1577340 2027
1577350 2027
1577360 2033
1577370 2038
1577380 2038
1577390 2043
1577400 2050
1577410 2050
1577420 2054
1577430 2058
1577440 2058
1577450 2060
1577460 2062
1577470 2062
1577480 2061
1577490 2056
1577500 2056
1577510 2050
1577520 2044
1577530 2044
1577540 2038
1577550 2030
1577560 2021
1577570 2021
1577580 2015
1577590 2009
1577600 2009
1577610 2003
1577620 1997
1577630 1997
1577640 1991
1577650 1986
1577660 1986
1577670 1981
1577680 1977
1577690 1977
1577700 1972
1577710 1969
1577720 1969
1577730 1965
1577740 1962
1577750 1962
1577760 1958
1577770 1955
1577780 1955
1577790 1951
1577800 1948
1577810 1948
1577820 1946
1577830 1947
1577840 1947
1577850 1947
1577860 1947
1577870 1947
1577880 1947
1577890 1949
1577900 1950
1577910 1950
1577920 1952
1577930 1952
1577940 1952
1577950 1952
1577960 1953
1577970 1953
1577980 1955
1577990 1955
1578000 1955
1578010 1956
1578020 1956
1578030 1956
1578040 1956
1578050 1957
1578060 1957
1578070 1958
1578080 1958
1578090 1958
1578100 1958
1578110 1959
1578120 1959
1578130 1958
1578140 1956
1578150 1955
1578160 1955
1578170 1953
1578180 1952
1578190 1952
1578200 1952
1578210 1953
1578220 1953
1578230 1953
1578240 1953
1578250 1953
1578260 1954
1578270 1955
1578280 1955
1578290 1955
1578300 1955
1578310 1955
1578320 1957
1578330 1958
1578340 1958
1578350 1955
1578360 1952
1578370 1952
1578380 1953
1578390 1954
1578400 1954
1578410 1952
1578420 1948
1578430 1942
1578440 1942
1578450 1944
1578460 1945
1578470 1945
1578480 1942
1578490 1935
1578500 1935
1578510 1930
1578520 1925
1578530 1925
1578540 1921
1578550 1917
1578560 1917
1578570 1914
1578580 1914
1578590 1914
1578600 1914
1578610 1912
1578620 1912
1578630 1910
1578640 1909
1578650 1909
1578660 1915
1578670 1917
1578680 1917
1578690 1918
1578700 1915
1578710 1915
1578720 1911
1578730 1909
1578740 1907
1578750 1907
1578760 1910
1578770 1912
1578780 1912
1578790 1913
1578800 1912
1578810 1912
1578820 1910
1578830 1908
1578840 1908
1578850 1906
1578860 1903
1578870 1903
1578880 1901
1578890 1900
1578900 1900
1578910 1900
1578920 1900
1578930 1900
1578940 1902
1578950 1903
1578960 1903
1578970 1904
1578980 1903
1578990 1903
1579000 1902
1579010 1902
1579020 1902
1579030 1902
1579040 1903
1579050 1904
1579060 1904
1579070 1905
1579080 1906
1579090 1906
1579100 1907
1579110 1908
1579120 1908
1579130 1910
1579140 1911
1579150 1911
1579160 1914
1579170 1916
1579180 1916
1579190 1918
1579200 1920
1579210 1920
1579220 1923
1579230 1925
1579240 1925
1579250 1928
1579260 1929
1579270 1929
1579280 1932
1579290 1935
1579300 1935
1579310 1939
1579320 1943
1579330 1945
1579340 1945
1579350 1948
1579360 1950
1579370 1950
1579380 1953
1579390 1956
1579400 1956
1579410 1959
1579420 1962
1579430 1962
1579440 1963
1579450 1963
1579460 1963
1579470 1962
1579480 1962
1579490 1962
1579500 1962
1579510 1963
1579520 1963
1579530 1964
1579540 1966
1579550 1966
1579560 1968
1579570 1970
1579580 1970
1579590 1973
1579600 1976
1579610 1979
1579620 1979
1579630 1982
1579640 1986
1579650 1986
1579660 1990
1579670 1994
1579680 1994
1579690 1999
1579700 2003
1579710 2003
1579720 2007
1579730 2011
1579740 2011
1579750 2016
1579760 2020
1579770 2020
1579780 2023
1579790 2019
1579800 2019
1579810 2011
1579820 2004
1579830 2004
1579840 2001
1579850 1998
1579860 1998
1579870 1996
1579880 1993
1579890 1993
1579900 1987
1579910 1982
1579920 1974
1579930 1974
1579940 1969
1579950 1961
1579960 1961
1579970 1953
1579980 1944
1579990 1944
