1560000 1894
1560010 1886
1560020 1886
1560030 1879
1560040 1873
1560050 1873
1560060 1867
1560070 1861
1560080 1861
1560090 1855
1560100 1851
1560110 1851
1560120 1849
1560130 1847
1560140 1847
1560150 1846
1560160 1845
1560170 1845
1560180 1844
1560190 1844
1560200 1844
1560210 1843
1560220 1839
1560230 1839
1560240 1838
1560250 1839
1560260 1841
1560270 1841
1560280 1843
1560290 1846
1560300 1846
1560310 1849
1560320 1852
1560330 1852
1560340 1856
1560350 1860
1560360 1860
1560370 1863
1560380 1867
1560390 1867
1560400 1870
1560410 1873
1560420 1873
1560430 1876
1560440 1877
1560450 1877
1560460 1872
1560470 1866
1560480 1866
1560490 1860
1560500 1853
1560510 1853
1560520 1847
1560530 1841
1560540 1833
1560550 1833
1560560 1828
1560570 1825
1560580 1825
1560590 1821
1560600 1818
1560610 1818
1560620 1813
1560630 1808
1560640 1808
1560650 1803
1560660 1798
1560670 1798
1560680 1791
1560690 1786
1560700 1786
1560710 1783
1560720 1782
1560730 1782
1560740 1781
1560750 1781
1560760 1781
1560770 1779
1560780 1778
1560790 1778
1560800 1779
1560810 1783
1560820 1783
1560830 1788
1560840 1795
1560850 1805
1560860 1805
1560870 1822
1560880 1833
1560890 1833
1560900 1843
1560910 1857
1560920 1857
1560930 1880
1560940 1892
1560950 1892
1560960 1903
1560970 1914
1560980 1914
1560990 1924
1561000 1933
1561010 1933
1561020 1935
1561030 1938
1561040 1938
1561050 1942
1561060 1946
1561070 1946
1561080 1951
1561090 1957
1561100 1957
1561110 1962
1561120 1969
1561130 1972
1561140 1972
1561150 1970
1561160 1969
1561170 1969
1561180 1968
1561190 1970
1561200 1970
1561210 1968
1561220 1963
1561230 1963
1561240 1966
1561250 1972
1561260 1972
1561270 1982
1561280 1988
1561290 1988
1561300 1991
1561310 1992
1561320 1992
1561330 1993
1561340 1998
1561350 1998
1561360 2002
1561370 2007
1561380 2007
1561390 2012
1561400 2014
1561410 2014
1561420 2017
1561430 2021
1561440 2026
1561450 2026
1561460 2032
1561470 2039
1561480 2039
1561490 2045
1561500 2049
1561510 2049
1561520 2051
1561530 2052
1561540 2052
1561550 2051
1561560 2049
1561570 2049
1561580 2048
1561590 2048
1561600 2048
1561610 2046
1561620 2042
1561630 2042
1561640 2040
1561650 2038
1561660 2038
1561670 2034
1561680 2028
1561690 2028
1561700 2023
1561710 2020
1561720 2014
1561730 2014
1561740 2006
1561750 2003
1561760 2003
1561770 1998
1561780 1993
1561790 1993
1561800 1989
1561810 1987
1561820 1987
1561830 1984
1561840 1981
1561850 1981
1561860 1977
1561870 1974
1561880 1974
1561890 1973
1561900 1972
1561910 1972
1561920 1972
1561930 1973
1561940 1973
1561950 1973
1561960 1973
1561970 1973
1561980 1975
1561990 1975
1562000 1975
1562010 1974
1562020 1974
1562030 1973
1562040 1973
1562050 1970
1562060 1967
1562070 1967
1562080 1965
1562090 1963
1562100 1963
1562110 1961
1562120 1958
1562130 1958
1562140 1955
1562150 1953
1562160 1953
1562170 1951
1562180 1949
1562190 1949
1562200 1947
1562210 1947
1562220 1947
1562230 1945
1562240 1941
1562250 1941
1562260 1939
1562270 1938
1562280 1938
1562290 1937
1562300 1935
1562310 1932
1562320 1932
1562330 1929
1562340 1927
1562350 1927
1562360 1925
1562370 1922
1562380 1922
1562390 1919
1562400 1917
1562410 1917
1562420 1916
1562430 1916
1562440 1916
1562450 1915
1562460 1914
1562470 1914
1562480 1913
1562490 1912
1562500 1912
1562510 1911
1562520 1910
1562530 1910
1562540 1913
1562550 1916
1562560 1916
1562570 1920
1562580 1921
1562590 1918
1562600 1918
1562610 1916
1562620 1915
1562630 1915
1562640 1911
1562650 1907
1562660 1907
1562670 1903
1562680 1901
1562690 1901
1562700 1900
1562710 1899
1562720 1899
1562730 1897
1562740 1894
1562750 1894
1562760 1891
1562770 1883
1562780 1883
1562790 1874
1562800 1869
1562810 1869
1562820 1865
1562830 1862
1562840 1862
1562850 1861
1562860 1861
1562870 1861
1562880 1860
1562890 1861
1562900 1862
1562910 1862
1562920 1861
1562930 1859
1562940 1859
1562950 1857
1562960 1855
1562970 1855
1562980 1857
1562990 1856
1563000 1856
1563010 1855
1563020 1853
1563030 1853
1563040 1851
1563050 1847
1563060 1847
1563070 1845
1563080 1842
1563090 1842
1563100 1839
1563110 1836
1563120 1836
1563130 1834
1563140 1833
1563150 1833
1563160 1830
1563170 1827
1563180 1827
1563190 1824
1563200 1821
1563210 1818
1563220 1818
1563230 1814
1563240 1813
1563250 1813
1563260 1815
1563270 1814
1563280 1814
1563290 1812
1563300 1809
1563310 1809
1563320 1804
1563330 1800
1563340 1800
1563350 1796
1563360 1790
1563370 1790
1563380 1783
1563390 1777
1563400 1777
1563410 1770
1563420 1764
1563430 1764
1563440 1757
1563450 1751
1563460 1751
1563470 1746
1563480 1740
1563490 1734
1563500 1734
1563510 1728
1563520 1723
1563530 1723
1563540 1717
1563550 1712
1563560 1712
1563570 1707
1563580 1703
1563590 1703
1563600 1698
1563610 1693
1563620 1693
1563630 1689
1563640 1686
1563650 1686
1563660 1684
1563670 1682
1563680 1682
1563690 1680
1563700 1681
1563710 1681
1563720 1681
1563730 1681
1563740 1681
1563750 1683
1563760 1685
1563770 1685
1563780 1689
1563790 1693
1563800 1697
1563810 1697
1563820 1698
1563830 1698
1563840 1698
1563850 1699
1563860 1702
1563870 1702
1563880 1704
1563890 1706
1563900 1706
1563910 1707
1563920 1708
1563930 1708
1563940 1708
1563950 1707
1563960 1707
1563970 1705
1563980 1703
1563990 1703
1564000 1701
1564010 1698
1564020 1698
1564030 1696
1564040 1697
1564050 1697
1564060 1698
1564070 1700
1564080 1704
1564090 1704
1564100 1707
1564110 1710
1564120 1710
1564130 1712
1564140 1714
1564150 1714
1564160 1717
1564170 1716
1564180 1716
1564190 1716
1564200 1710
1564210 1710
1564220 1708
1564230 1706
1564240 1706
1564250 1704
1564260 1700
1564270 1700
1564280 1699
1564290 1696
1564300 1696
1564310 1691
1564320 1688
1564330 1688
1564340 1688
1564350 1691
1564360 1691
1564370 1694
1564380 1698
1564390 1708
1564400 1708
1564410 1712
1564420 1711
1564430 1711
1564440 1708
1564450 1702
1564460 1702
1564470 1695
1564480 1689
1564490 1689
1564500 1683
1564510 1676
1564520 1676
1564530 1670
1564540 1664
1564550 1664
1564560 1657
1564570 1651
1564580 1651
1564590 1646
1564600 1642
1564610 1642
1564620 1637
1564630 1634
1564640 1634
1564650 1631
1564660 1626
1564670 1620
1564680 1620
1564690 1611
1564700 1602
1564710 1602
1564720 1594
1564730 1586
1564740 1586
1564750 1579
1564760 1572
1564770 1572
1564780 1564
1564790 1556
1564800 1556
1564810 1548
1564820 1540
1564830 1540
1564840 1533
1564850 1527
1564860 1527
1564870 1521
1564880 1516
1564890 1516
1564900 1511
1564910 1506
1564920 1506
1564930 1502
1564940 1497
1564950 1497
1564960 1493
1564970 1489
1564980 1485
1564990 1485
1565000 1483
1565010 1481
1565020 1481
1565030 1479
1565040 1477
1565050 1477
1565060 1475
1565070 1471
1565080 1471
1565090 1465
1565100 1461
1565110 1461
1565120 1462
1565130 1466
1565140 1466
1565150 1471
1565160 1473
1565170 1473
1565180 1475
1565190 1478
1565200 1478
1565210 1481
1565220 1484
1565230 1484
1565240 1488
1565250 1491
1565260 1494
1565270 1494
1565280 1498
1565290 1500
1565300 1500
1565310 1503
1565320 1507
1565330 1507
1565340 1512
1565350 1518
1565360 1518
1565370 1523
1565380 1528
1565390 1528
1565400 1534
1565410 1541
1565420 1541
1565430 1550
1565440 1559
1565450 1559
1565460 1569
1565470 1577
1565480 1577
1565490 1582
1565500 1588
1565510 1588
1565520 1596
1565530 1608
1565540 1608
1565550 1619
1565560 1626
1565570 1630
1565580 1630
1565590 1634
1565600 1638
1565610 1638
1565620 1647
1565630 1660
1565640 1660
1565650 1669
1565660 1673
1565670 1673
1565680 1681
1565690 1690
1565700 1690
1565710 1699
1565720 1710
1565730 1710
1565740 1717
1565750 1722
1565760 1722
1565770 1728
1565780 1736
1565790 1731
1565800 1737
1565810 1744
1565820 1744
1565830 1751
1565840 1761
1565850 1770
1565860 1770
1565870 1778
1565880 1785
1565890 1785
1565900 1792
1565910 1800
1565920 1800
1565930 1808
1565940 1816
1565950 1816
1565960 1823
1565970 1831
1565980 1831
1565990 1839
1566000 1850
1566010 1850
1566020 1863
1566030 1870
1566040 1870
1566050 1875
1566060 1880
1566070 1880
1566080 1887
1566090 1895
1566100 1895
1566110 1902
1566120 1908
1566130 1908
1566140 1913
1566150 1918
1566160 1923
1566170 1923
1566180 1929
1566190 1935
1566200 1935
1566210 1941
1566220 1947
1566230 1947
1566240 1953
1566250 1960
1566260 1960
1566270 1966
1566280 1973
1566290 1973
1566300 1975
1566310 1972
1566320 1972
1566330 1968
1566340 1964
1566350 1964
1566360 1958
1566370 1951
1566380 1951
1566390 1943
1566400 1936
1566410 1936
1566420 1930
1566430 1923
1566440 1916
1566450 1916
1566460 1908
1566470 1899
1566480 1899
1566490 1893
1566500 1890
1566510 1890
1566520 1887
1566530 1883
1566540 1883
1566550 1881
1566560 1880
1566570 1880
1566580 1878
1566590 1876
1566600 1876
1566610 1874
1566620 1871
1566630 1871
1566640 1863
1566650 1857
1566660 1857
1566670 1852
1566680 1847
1566690 1847
1566700 1842
1566710 1833
1566720 1833
1566730 1822
1566740 1814
1566750 1808
1566760 1808
1566770 1806
1566780 1806
1566790 1806
1566800 1807
1566810 1807
1566820 1807
1566830 1808
1566840 1808
1566850 1808
1566860 1807
1566870 1806
1566880 1806
1566890 1805
1566900 1804
1566910 1804
1566920 1803
1566930 1800
1566940 1800
1566950 1798
1566960 1796
1566970 1796
1566980 1793
1566990 1790
1567000 1790
1567010 1788
1567020 1786
1567030 1784
1567040 1784
1567050 1781
1567060 1778
1567070 1778
1567080 1776
1567090 1773
1567100 1773
1567110 1771
1567120 1770
1567130 1770
1567140 1769
1567150 1769
1567160 1769
1567170 1768
1567180 1768
1567190 1768
1567200 1766
1567210 1765
1567220 1765
1567230 1764
1567240 1763
1567250 1763
1567260 1763
1567270 1763
1567280 1763
1567290 1763
1567300 1761
1567310 1761
1567320 1757
1567330 1756
1567340 1757
1567350 1751
1567360 1751
1567370 1752
1567380 1752
1567390 1753
1567400 1755
1567410 1755
1567420 1757
1567430 1758
1567440 1758
1567450 1758
1567460 1755
1567470 1755
1567480 1751
1567490 1746
1567500 1746
1567510 1740
1567520 1734
1567530 1734
1567540 1728
1567550 1720
1567560 1720
1567570 1711
1567580 1702
1567590 1702
1567600 1695
1567610 1688
1567620 1681
1567630 1681
1567640 1674
1567650 1666
1567660 1666
1567670 1656
1567680 1647
1567690 1647
1567700 1638
1567710 1633
1567720 1633
1567730 1635
1567740 1634
1567750 1634
1567760 1632
1567770 1628
1567780 1628
1567790 1622
1567800 1615
1567810 1615
1567820 1609
1567830 1603
1567840 1603
1567850 1596
1567860 1589
1567870 1589
1567880 1582
1567890 1576
1567900 1576
1567910 1570
1567920 1564
1567930 1558
1567940 1558
1567950 1552
1567960 1546
1567970 1546
1567980 1540
1567990 1534
1568000 1534
1568010 1528
1568020 1521
1568030 1521
1568040 1518
1568050 1519
1568060 1519
1568070 1517
1568080 1512
1568090 1512
1568100 1507
1568110 1502
1568120 1502
1568130 1505
1568140 1506
1568150 1506
1568160 1504
1568170 1501
1568180 1501
1568190 1497
1568200 1489
1568210 1480
1568220 1480
1568230 1470
1568240 1465
1568250 1465
1568260 1467
1568270 1470
1568280 1470
1568290 1474
1568300 1477
1568310 1477
1568320 1478
1568330 1478
1568340 1478
1568350 1480
1568360 1480
1568370 1480
1568380 1478
1568390 1475
1568400 1475
1568410 1473
1568420 1470
1568430 1470
1568440 1469
1568450 1467
1568460 1467
1568470 1464
1568480 1463
1568490 1463
1568500 1462
1568510 1460
1568520 1459
1568530 1459
1568540 1459
1568550 1459
1568560 1459
1568570 1458
1568580 1456
1568590 1456
1568600 1453
1568610 1449
1568620 1449
1568630 1443
1568640 1435
1568650 1435
1568660 1433
1568670 1442
1568680 1442
1568690 1448
1568700 1453
1568710 1453
1568720 1451
1568730 1447
1568740 1447
1568750 1444
1568760 1441
1568770 1441
1568780 1438
1568790 1433
1568800 1433
1568810 1431
1568820 1429
1568830 1429
1568840 1429
1568850 1428
1568860 1424
1568870 1433
1568880 1431
1568890 1430
1568900 1430
1568910 1427
1568920 1425
1568930 1425
1568940 1423
1568950 1421
1568960 1421
1568970 1416
1568980 1414
1568990 1414
1569000 1413
1569010 1411
1569020 1411
1569030 1411
1569040 1409
1569050 1409
1569060 1408
1569070 1406
1569080 1406
1569090 1404
1569100 1401
1569110 1396
1569120 1396
1569130 1389
1569140 1380
1569150 1380
1569160 1370
1569170 1363
1569180 1363
1569190 1366
1569200 1372
1569210 1372
1569220 1377
1569230 1380
1569240 1380
1569250 1381
1569260 1381
1569270 1381
1569280 1380
1569290 1378
1569300 1378
1569310 1377
1569320 1377
1569330 1377
1569340 1378
1569350 1379
1569360 1379
1569370 1382
1569380 1383
1569390 1383
1569400 1380
1569410 1375
1569420 1369
1569430 1369
1569440 1361
1569450 1352
1569460 1352
1569470 1343
1569480 1344
1569490 1344
1569500 1349
1569510 1353
1569520 1353
1569530 1357
1569540 1361
1569550 1361
1569560 1364
1569570 1365
1569580 1365
1569590 1363
1569600 1361
1569610 1361
1569620 1358
1569630 1355
1569640 1355
1569650 1353
1569660 1352
1569670 1352
1569680 1349
1569690 1345
1569700 1340
1569710 1340
1569720 1336
1569730 1336
1569740 1336
1569750 1335
1569760 1333
1569770 1333
1569780 1329
1569790 1331
1569800 1331
1569810 1340
1569820 1349
1569830 1349
1569840 1361
1569850 1368
1569860 1368
1569870 1373
1569880 1378
1569890 1378
1569900 1385
1569910 1390
1569920 1390
1569930 1396
1569940 1399
1569950 1399
1569960 1399
1569970 1400
1569980 1400
1569990 1400
1570000 1403
1570010 1409
1570020 1409
1570030 1414
1570040 1420
1570050 1420
1570060 1427
1570070 1434
1570080 1434
1570090 1436
1570100 1436
1570110 1436
1570120 1435
1570130 1435
1570140 1435
1570150 1436
1570160 1434
1570170 1434
1570180 1432
1570190 1428
1570200 1428
1570210 1422
1570220 1415
1570230 1415
1570240 1408
1570250 1400
1570260 1400
1570270 1402
1570280 1412
1570290 1416
1570300 1416
1570310 1419
1570320 1421
1570330 1421
1570340 1421
1570350 1422
1570360 1422
1570370 1436
1570380 1435
1570390 1435
1570400 1433
1570410 1432
1570420 1432
1570430 1430
1570440 1429
1570450 1429
1570460 1428
1570470 1424
1570480 1424
1570490 1419
1570500 1415
1570510 1415
1570520 1411
1570530 1408
1570540 1408
1570550 1408
1570560 1408
1570570 1408
1570580 1404
1570590 1398
1570600 1393
1570610 1393
1570620 1387
1570630 1381
1570640 1381
1570650 1375
1570660 1369
1570670 1369
1570680 1364
1570690 1359
1570700 1359
1570710 1354
1570720 1349
1570730 1349
1570740 1344
1570750 1339
1570760 1339
1570770 1335
1570780 1330
1570790 1330
1570800 1324
1570810 1318
1570820 1318
1570830 1312
1570840 1305
1570850 1305
1570860 1298
1570870 1290
1570880 1281
1570890 1281
1570900 1273
1570910 1264
1570920 1264
1570930 1256
1570940 1249
1570950 1249
1570960 1242
1570970 1234
1570980 1234
1570990 1227
1571000 1220
1571010 1220
1571020 1213
1571030 1205
1571040 1205
1571050 1197
1571060 1190
1571070 1190
1571080 1182
1571090 1175
1571100 1175
1571110 1168
1571120 1160
1571130 1160
1571140 1153
1571150 1145
1571160 1145
1571170 1137
1571180 1130
1571190 1124
1571200 1124
1571210 1117
1571220 1110
1571230 1110
1571240 1104
1571250 1097
1571260 1097
1571270 1091
1571280 1084
1571290 1084
1571300 1078
1571310 1072
1571320 1072
1571330 1066
1571340 1060
1571350 1060
1571360 1054
1571370 1048
1571380 1048
1571390 1041
1571400 1037
1571410 1037
1571420 1032
1571430 1028
1571440 1028
1571450 1024
1571460 1018
1571470 1013
1571480 1013
1571490 1007
1571500 1002
1571510 1002
1571520 997
1571530 992
1571540 992
1571550 987
1571560 982
1571570 982
1571580 976
1571590 971
1571600 971
1571610 968
1571620 964
1571630 964
1571640 961
1571650 959
1571660 959
1571670 958
1571680 957
1571690 957
1571700 957
1571710 956
1571720 956
1571730 955
1571740 955
1571750 955
1571760 955
1571770 955
1571780 954
1571790 954
1571800 954
1571810 954
1571820 954
1571830 954
1571840 955
1571850 955
1571860 955
1571870 955
1571880 955
1571890 954
1571900 952
1571910 952
1571920 950
1571930 949
1571940 949
1571950 949
1571960 949
1571970 949
1571980 949
1571990 949
1572000 949
1572010 949
1572020 949
1572030 949
1572040 949
1572050 948
1572060 948
1572070 948
1572080 948
1572090 948
1572100 948
1572110 948
1572120 947
1572130 947
1572140 946
1572150 946
1572160 946
1572170 947
1572180 948
1572190 948
1572200 948
1572210 949
1572220 949
1572230 950
1572240 952
1572250 952
1572260 955
1572270 959
1572280 959
1572290 963
1572300 968
1572310 968
1572320 973
1572330 977
1572340 977
1572350 982
1572360 988
1572370 993
1572380 993
1572390 999
1572400 1004
1572410 1004
1572420 1010
1572430 1016
1572440 1016
1572450 1021
1572460 1027
1572470 1027
1572480 1032
1572490 1038
1572500 1038
1572510 1043
1572520 1049
1572530 1049
1572540 1054
1572550 1060
1572560 1060
1572570 1065
1572580 1071
1572590 1071
1572600 1075
1572610 1080
1572620 1080
1572630 1086
1572640 1091
1572650 1094
1572660 1094
1572670 1097
1572680 1101
1572690 1101
1572700 1104
1572710 1108
1572720 1108
1572730 1111
1572740 1114
1572750 1114
1572760 1118
1572770 1122
1572780 1122
1572790 1128
1572800 1134
1572810 1134
1572820 1139
1572830 1144
1572840 1144
1572850 1147
1572860 1152
1572870 1152
1572880 1158
1572890 1162
1572900 1162
1572910 1166
1572920 1170
1572930 1170
1572940 1173
1572950 1177
1572960 1182
1572970 1182
1572980 1186
1572990 1190
1573000 1190
1573010 1194
1573020 1198
1573030 1198
1573040 1201
1573050 1205
1573060 1205
1573070 1210
1573080 1214
1573090 1214
1573100 1216
1573110 1220
1573120 1220
1573130 1222
1573140 1225
1573150 1225
1573160 1229
1573170 1233
1573180 1233
1573190 1236
1573200 1239
1573210 1239
1573220 1244
1573230 1248
1573240 1252
1573250 1252
1573260 1256
1573270 1260
1573280 1260
1573290 1260
1573300 1264
1573310 1264
1573320 1268
1573330 1270
1573340 1270
1573350 1274
1573360 1277
1573370 1277
1573380 1280
1573390 1282
1573400 1282
1573410 1285
1573420 1287
1573430 1287
1573440 1290
1573450 1292
1573460 1292
1573470 1294
1573480 1296
1573490 1296
1573500 1298
1573510 1300
1573520 1300
1573530 1303
1573540 1305
1573550 1306
1573560 1306
1573570 1308
1573580 1309
1573590 1309
1573600 1308
1573610 1306
1573620 1306
1573630 1305
1573640 1304
1573650 1304
1573660 1302
1573670 1299
1573680 1299
1573690 1297
1573700 1294
1573710 1294
1573720 1292
1573730 1295
1573740 1295
1573750 1303
1573760 1312
1573770 1312
1573780 1321
1573790 1331
1573800 1331
1573810 1341
1573820 1349
1573830 1356
1573840 1356
1573850 1362
1573860 1366
1573870 1366
1573880 1370
1573890 1373
1573900 1373
1573910 1376
1573920 1380
1573930 1380
1573940 1384
1573950 1388
1573960 1388
1573970 1391
1573980 1395
1573990 1395
1574000 1402
1574010 1408
1574020 1408
1574030 1411
1574040 1412
1574050 1412
1574060 1415
1574070 1417
1574080 1417
1574090 1419
1574100 1421
1574110 1421
1574120 1423
1574130 1425
1574140 1428
1574150 1428
1574160 1432
1574170 1435
1574180 1435
1574190 1440
1574200 1444
1574210 1444
1574220 1448
1574230 1451
1574240 1451
1574250 1455
1574260 1458
1574270 1458
1574280 1462
1574290 1466
1574300 1466
1574310 1471
1574320 1476
1574330 1476
1574340 1481
1574350 1487
1574360 1487
1574370 1493
1574380 1498
1574390 1498
1574400 1503
1574410 1507
1574420 1511
1574430 1511
1574440 1515
1574450 1520
1574460 1520
1574470 1526
1574480 1534
1574490 1534
1574500 1541
1574510 1548
1574520 1548
1574530 1556
1574540 1563
1574550 1563
1574560 1570
1574570 1577
1574580 1577
1574590 1585
1574600 1589
1574610 1589
1574620 1595
1574630 1602
1574640 1602
1574650 1608
1574660 1613
1574670 1613
1574680 1619
1574690 1624
1574700 1624
1574710 1628
1574720 1632
1574730 1636
1574740 1636
1574750 1641
1574760 1646
1574770 1646
1574780 1650
1574790 1654
1574800 1654
1574810 1658
1574820 1662
1574830 1662
1574840 1665
1574850 1669
1574860 1669
1574870 1673
1574880 1677
1574890 1677
1574900 1681
1574910 1685
1574920 1685
1574930 1688
1574940 1692
1574950 1692
1574960 1696
1574970 1701
1574980 1701
1574990 1705
1575000 1709
1575010 1714
1575020 1714
1575030 1718
1575040 1722
1575050 1722
1575060 1728
1575070 1734
1575080 1734
1575090 1739
1575100 1744
1575110 1744
1575120 1749
1575130 1753
1575140 1753
1575150 1758
1575160 1763
1575170 1763
1575180 1768
1575190 1774
1575200 1774
1575210 1779
1575220 1784
1575230 1784
1575240 1790
1575250 1795
1575260 1795
1575270 1800
1575280 1806
1575290 1806
1575300 1812
1575310 1817
1575320 1823
1575330 1823
1575340 1828
1575350 1832
1575360 1832
1575370 1836
1575380 1832
1575390 1832
1575400 1825
1575410 1817
1575420 1817
1575430 1810
1575440 1802
1575450 1802
1575460 1795
1575470 1789
1575480 1789
1575490 1784
1575500 1779
1575510 1779
1575520 1774
1575530 1770
1575540 1770
1575550 1770
1575560 1773
1575570 1773
1575580 1773
1575590 1773
1575600 1773
1575610 1773
1575620 1773
1575630 1771
1575640 1771
1575650 1768
1575660 1766
1575670 1766
1575680 1762
1575690 1759
1575700 1759
1575710 1757
1575720 1757
1575730 1757
1575740 1757
1575750 1757
1575760 1757
1575770 1758
1575780 1758
1575790 1758
1575800 1756
1575810 1751
1575820 1751
1575830 1747
1575840 1741
1575850 1741
1575860 1734
1575870 1727
1575880 1727
1575890 1721
1575900 1715
1575910 1709
1575920 1709
1575930 1707
1575940 1707
1575950 1707
1575960 1706
1575970 1706
1575980 1706
1575990 1705
1576000 1704
1576010 1704
1576020 1702
1576030 1699
1576040 1699
1576050 1696
1576060 1694
1576070 1694
1576080 1692
1576090 1689
1576100 1689
1576110 1687
1576120 1686
1576130 1681
1576140 1680
1576150 1677
1576160 1677
1576170 1677
1576180 1676
1576190 1676
1576200 1676
1576210 1675
1576220 1675
1576230 1675
1576240 1674
1576250 1673
1576260 1673
1576270 1671
1576280 1669
1576290 1669
1576300 1668
1576310 1666
1576320 1666
1576330 1665
1576340 1661
1576350 1661
1576360 1656
1576370 1656
1576380 1656
1576390 1665
1576400 1673
1576410 1673
1576420 1676
1576430 1678
1576440 1678
1576450 1679
1576460 1681
1576470 1681
1576480 1684
1576490 1687
1576500 1691
1576510 1691
1576520 1696
1576530 1700
1576540 1700
1576550 1703
1576560 1706
1576570 1706
1576580 1708
1576590 1711
1576600 1711
1576610 1715
1576620 1719
1576630 1719
1576640 1723
1576650 1727
1576660 1727
1576670 1732
1576680 1738
1576690 1738
1576700 1744
1576710 1750
1576720 1750
1576730 1756
1576740 1761
1576750 1761
1576760 1767
1576770 1771
1576780 1776
1576790 1776
1576800 1780
1576810 1786
1576820 1786
1576830 1793
1576840 1801
1576850 1801
1576860 1810
1576870 1819
1576880 1819
1576890 1830
1576900 1839
1576910 1839
1576920 1845
1576930 1849
1576940 1849
1576950 1854
1576960 1860
1576970 1860
1576980 1867
1576990 1873
1577000 1873
1577010 1879
1577020 1885
1577030 1885
1577040 1891
1577050 1897
1577060 1897
1577070 1902
1577080 1908
1577090 1915
1577100 1915
1577110 1921
1577120 1927
1577130 1927
1577140 1933
1577150 1939
1577160 1939
1577170 1945
1577180 1951
1577190 1951
1577200 1956
1577210 1962
1577220 1962
1577230 1967
1577240 1972
1577250 1972
1577260 1978
1577270 1984
1577280 1984
1577290 1990
1577300 1995
1577310 1995
1577320 2001
1577330 2005
1577340 2005
1577350 2010
1577360 2015
1577370 2019
1577380 2019
1577390 2024
1577400 2028
1577410 2028
1577420 2034
1577430 2039
1577440 2039
1577450 2043
1577460 2046
1577470 2046
1577480 2050
1577490 2054
1577500 2054
1577510 2056
1577520 2060
1577530 2060
1577540 2064
1577550 2063
1577560 2063
1577570 2059
1577580 2055
1577590 2055
1577600 2050
1577610 2044
1577620 2044
1577630 2040
1577640 2036
1577650 2036
1577660 2032
1577670 2028
1577680 2025
1577690 2025
1577700 2023
1577710 2022
1577720 2022
1577730 2020
1577740 2019
1577750 2019
1577760 2018
1577770 2017
1577780 2017
1577790 2017
1577800 2019
1577810 2019
1577820 2019
1577830 2021
1577840 2021
1577850 2025
1577860 2024
1577870 2024
1577880 2023
1577890 2025
1577900 2025
1577910 2030
1577920 2031
1577930 2031
1577940 2033
1577950 2035
1577960 2034
1577970 2034
1577980 2033
1577990 2034
1578000 2034
1578010 2033
1578020 2033
1578030 2033
1578040 2032
1578050 2032
1578060 2032
1578070 2031
1578080 2030
1578090 2030
1578100 2029
1578110 2028
1578120 2028
1578130 2028
1578140 2028
1578150 2028
1578160 2027
1578170 2027
1578180 2027
1578190 2027
1578200 2026
1578210 2026
1578220 2025
1578230 2024
1578240 2024
1578250 2024
1578260 2023
1578270 2022
1578280 2022
1578290 2021
1578300 2021
1578310 2021
1578320 2020
1578330 2020
1578340 2020
1578350 2019
1578360 2018
1578370 2018
1578380 2017
1578390 2016
1578400 2016
1578410 2015
1578420 2014
1578430 2014
1578440 2014
1578450 2012
1578460 2012
1578470 2011
1578480 2009
1578490 2009
1578500 2008
1578510 2006
1578520 2006
1578530 2003
1578540 2001
1578550 1998
1578560 1998
1578570 1996
1578580 1994
1578590 1994
1578600 1993
1578610 1991
1578620 1991
1578630 1990
1578640 1988
1578650 1988
1578660 1986
1578670 1984
1578680 1984
1578690 1982
1578700 1980
1578710 1980
1578720 1978
1578730 1978
1578740 1978
1578750 1978
1578760 1978
1578770 1978
1578780 1977
1578790 1977
1578800 1977
1578810 1977
1578820 1977
1578830 1977
1578840 1977
1578850 1976
1578860 1975
1578870 1981
1578880 1979
1578890 1979
1578900 1979
1578910 1977
1578920 1976
1578930 1976
1578940 1977
1578950 1978
1578960 1978
1578970 1979
1578980 1980
1578990 1980
1579000 1982
1579010 1983
1579020 1983
1579030 1985
1579040 1988
1579050 1988
1579060 1991
1579070 1993
1579080 1993
1579090 1993
1579100 1991
1579110 1991
1579120 1986
1579130 1984
1579140 1984
1579150 1984
1579160 1986
1579170 1986
1579180 1986
1579190 1985
1579200 1982
1579210 1982
1579220 1979
1579230 1976
1579240 1976
1579250 1974
1579260 1971
1579270 1971
1579280 1969
1579290 1967
1579300 1967
1579310 1963
1579320 1957
1579330 1957
1579340 1953
1579350 1949
1579360 1949
1579370 1944
1579380 1939
1579390 1939
1579400 1936
1579410 1933
1579420 1933
1579430 1930
1579440 1928
1579450 1925
1579460 1925
1579470 1926
1579480 1927
1579490 1927
1579500 1928
1579510 1931
1579520 1931
1579530 1933
1579540 1937
1579550 1937
1579560 1942
1579570 1948
1579580 1948
1579590 1954
1579600 1960
1579610 1960
1579620 1966
1579630 1971
1579640 1971
1579650 1975
1579660 1976
1579670 1976
1579680 1974
1579690 1977
1579700 1977
1579710 1982
1579720 1985
1579730 1989
1579740 1989
1579750 1991
1579760 1993
1579770 1993
1579780 1994
1579790 1991
1579800 1991
1579810 1988
1579820 1985
1579830 1985
1579840 1985
1579850 1984
1579860 1984
1579870 1983
1579880 1982
1579890 1982
1579900 1984
1579910 1985
1579920 1985
1579930 1988
1579940 1990
1579950 1990
1579960 1992
1579970 1996
1579980 1996
1579990 1998
