1560000 1935
1560010 1935
1560020 1936
1560030 1936
1560040 1936
1560050 1935
1560060 1934
1560070 1934
1560080 1934
1560090 1934
1560100 1934
1560110 1935
1560120 1936
1560130 1936
1560140 1937
1560150 1938
1560160 1938
1560170 1938
1560180 1939
1560190 1939
1560200 1941
1560210 1942
1560220 1943
1560230 1943
1560240 1943
1560250 1943
1560260 1943
1560270 1944
1560280 1945
1560290 1945
1560300 1945
1560310 1946
1560320 1946
1560330 1947
1560340 1947
1560350 1947
1560360 1948
1560370 1948
1560380 1948
1560390 1939
1560400 1939
1560410 1939
1560420 1938
1560430 1939
1560440 1939
1560450 1941
1560460 1943
1560470 1943
1560480 1946
1560490 1949
1560500 1952
1560510 1952
1560520 1954
1560530 1955
1560540 1955
1560550 1957
1560560 1960
1560570 1960
1560580 1963
1560590 1967
1560600 1967
1560610 1964
1560620 1954
1560630 1954
1560640 1945
1560650 1938
1560660 1938
1560670 1931
1560680 1923
1560690 1923
1560700 1913
1560710 1906
1560720 1906
1560730 1899
1560740 1893
1560750 1893
1560760 1888
1560770 1883
1560780 1883
1560790 1879
1560800 1878
1560810 1876
1560820 1876
1560830 1873
1560840 1870
1560850 1870
1560860 1865
1560870 1858
1560880 1858
1560890 1853
1560900 1848
1560910 1848
1560920 1844
1560930 1840
1560940 1840
1560950 1838
1560960 1834
1560970 1834
1560980 1832
1560990 1833
1561000 1833
1561010 1836
1561020 1840
1561030 1840
1561040 1841
1561050 1843
1561060 1843
1561070 1844
1561080 1843
1561090 1843
1561100 1842
1561110 1842
1561120 1841
1561130 1841
1561140 1840
1561150 1840
1561160 1840
1561170 1836
1561180 1832
1561190 1832
1561200 1830
1561210 1827
1561220 1827
1561230 1826
1561240 1826
1561250 1826
1561260 1827
1561270 1823
1561280 1823
1561290 1817
1561300 1815
1561310 1815
1561320 1815
1561330 1815
1561340 1815
1561350 1812
1561360 1806
1561370 1806
1561380 1800
1561390 1798
1561400 1795
1561410 1795
1561420 1790
1561430 1788
1561440 1788
1561450 1788
1561460 1774
1561470 1774
1561480 1757
1561490 1751
1561500 1751
1561510 1746
1561520 1741
1561530 1741
1561540 1738
1561550 1732
1561560 1732
1561570 1727
1561580 1726
1561590 1726
1561600 1724
1561610 1722
1561620 1722
1561630 1718
1561640 1712
1561650 1712
1561660 1708
1561670 1706
1561680 1706
1561690 1704
1561700 1700
1561710 1697
1561720 1697
1561730 1696
1561740 1695
1561750 1695
1561760 1695
1561770 1696
1561780 1696
1561790 1697
1561800 1697
1561810 1697
1561820 1697
1561830 1698
1561840 1698
1561850 1699
1561860 1697
1561870 1697
1561880 1694
1561890 1693
1561900 1693
1561910 1691
1561920 1683
1561930 1683
1561940 1675
1561950 1676
1561960 1676
1561970 1676
1561980 1676
1561990 1676
1562000 1671
1562010 1661
1562020 1652
1562030 1652
1562040 1643
1562050 1631
1562060 1631
1562070 1626
1562080 1623
1562090 1623
1562100 1619
1562110 1612
1562120 1612
1562130 1612
1562140 1614
1562150 1614
1562160 1612
1562170 1609
1562180 1609
1562190 1607
1562200 1604
1562210 1604
1562220 1601
1562230 1599
1562240 1599
1562250 1598
1562260 1597
1562270 1597
1562280 1595
1562290 1595
1562300 1596
1562310 1596
1562320 1596
1562330 1596
1562340 1596
1562350 1597
1562360 1599
1562370 1599
1562380 1601
1562390 1603
1562400 1603
1562410 1604
1562420 1604
1562430 1604
1562440 1606
1562450 1608
1562460 1608
1562470 1610
1562480 1611
1562490 1611
1562500 1612
1562510 1613
1562520 1613
1562530 1614
1562540 1615
1562550 1615
1562560 1617
1562570 1618
1562580 1618
1562590 1619
1562600 1621
1562610 1622
1562620 1622
1562630 1622
1562640 1622
1562650 1622
1562660 1620
1562670 1616
1562680 1616
1562690 1613
1562700 1611
1562710 1611
1562720 1610
1562730 1607
1562740 1607
1562750 1606
1562760 1605
1562770 1605
1562780 1604
1562790 1602
1562800 1602
1562810 1599
1562820 1596
1562830 1596
1562840 1595
1562850 1594
1562860 1594
1562870 1594
1562880 1596
1562890 1596
1562900 1600
1562910 1604
1562920 1605
1562930 1605
1562940 1606
1562950 1605
1562960 1605
1562970 1604
1562980 1604
1562990 1604
1563000 1605
1563010 1606
1563020 1606
1563030 1602
1563040 1597
1563050 1597
1563060 1594
1563070 1587
1563080 1587
1563090 1590
1563100 1593
1563110 1593
1563120 1593
1563130 1593
1563140 1593
1563150 1595
1563160 1600
1563170 1600
1563180 1604
1563190 1607
1563200 1612
1563210 1612
1563220 1618
1563230 1624
1563240 1624
1563250 1632
1563260 1640
1563270 1640
1563280 1648
1563290 1655
1563300 1655
1563310 1663
1563320 1671
1563330 1671
1563340 1681
1563350 1691
1563360 1691
1563370 1703
1563380 1715
1563390 1715
1563400 1724
1563410 1732
1563420 1732
1563430 1739
1563440 1745
1563450 1745
1563460 1751
1563470 1754
1563480 1754
1563490 1752
1563500 1747
1563510 1741
1563520 1741
1563530 1735
1563540 1727
1563550 1727
1563560 1720
1563570 1713
1563580 1713
1563590 1705
1563600 1697
1563610 1697
1563620 1689
1563630 1683
1563640 1683
1563650 1677
1563660 1670
1563670 1670
1563680 1662
1563690 1655
1563700 1655
1563710 1649
1563720 1642
1563730 1642
1563740 1635
1563750 1626
1563760 1626
1563770 1618
1563780 1610
1563790 1610
1563800 1602
1563810 1593
1563820 1585
1563830 1585
1563840 1577
1563850 1569
1563860 1569
1563870 1561
1563880 1552
1563890 1552
1563900 1544
1563910 1535
1563920 1535
1563930 1527
1563940 1519
1563950 1519
1563960 1512
1563970 1504
1563980 1504
1563990 1496
1564000 1489
1564010 1489
1564020 1482
1564030 1475
1564040 1475
1564050 1467
1564060 1460
1564070 1460
1564080 1453
1564090 1446
1564100 1440
1564110 1440
1564120 1433
1564130 1426
1564140 1426
1564150 1420
1564160 1414
1564170 1414
1564180 1408
1564190 1404
1564200 1404
1564210 1398
1564220 1393
1564230 1393
1564240 1387
1564250 1382
1564260 1382
1564270 1377
1564280 1371
1564290 1371
1564300 1365
1564310 1359
1564320 1359
1564330 1355
1564340 1352
1564350 1352
1564360 1350
1564370 1348
1564380 1348
1564390 1346
1564400 1345
1564410 1345
1564420 1345
1564430 1344
1564440 1345
1564450 1345
1564460 1348
1564470 1351
1564480 1351
1564490 1353
1564500 1353
1564510 1353
1564520 1355
1564530 1357
1564540 1357
1564550 1360
1564560 1364
1564570 1364
1564580 1368
1564590 1373
1564600 1373
1564610 1376
1564620 1379
1564630 1379
1564640 1383
1564650 1386
1564660 1386
1564670 1390
1564680 1394
1564690 1394
1564700 1398
1564710 1402
1564720 1407
1564730 1407
1564740 1413
1564750 1418
1564760 1418
1564770 1424
1564780 1429
1564790 1429
1564800 1435
1564810 1443
1564820 1443
1564830 1451
1564840 1467
1564850 1467
1564860 1481
1564870 1488
1564880 1488
1564890 1494
1564900 1496
1564910 1496
1564920 1493
1564930 1488
1564940 1488
1564950 1482
1564960 1474
1564970 1474
1564980 1468
1564990 1462
1565000 1456
1565010 1456
1565020 1451
1565030 1444
1565040 1444
1565050 1438
1565060 1432
1565070 1432
1565080 1426
1565090 1421
1565100 1421
1565110 1415
1565120 1410
1565130 1410
1565140 1406
1565150 1402
1565160 1402
1565170 1399
1565180 1395
1565190 1395
1565200 1390
1565210 1386
1565220 1386
1565230 1383
1565240 1380
1565250 1380
1565260 1378
1565270 1376
1565280 1377
1565290 1373
1565300 1369
1565310 1367
1565320 1367
1565330 1367
1565340 1368
1565350 1368
1565360 1369
1565370 1368
1565380 1368
1565390 1367
1565400 1367
1565410 1367
1565420 1366
1565430 1363
1565440 1363
1565450 1358
1565460 1356
1565470 1356
1565480 1357
1565490 1364
1565500 1364
1565510 1368
1565520 1370
1565530 1370
1565540 1372
1565550 1374
1565560 1374
1565570 1377
1565580 1379
1565590 1379
1565600 1381
1565610 1384
1565620 1388
1565630 1388
1565640 1392
1565650 1396
1565660 1396
1565670 1401
1565680 1406
1565690 1406
1565700 1411
1565710 1416
1565720 1416
1565730 1422
1565740 1427
1565750 1427
1565760 1433
1565770 1439
1565780 1439
1565790 1445
1565800 1449
1565810 1449
1565820 1450
1565830 1453
1565840 1453
1565850 1459
1565860 1464
1565870 1464
1565880 1470
1565890 1476
1565900 1484
1565910 1484
1565920 1491
1565930 1499
1565940 1499
1565950 1503
1565960 1512
1565970 1512
1565980 1520
1565990 1527
1566000 1527
1566010 1532
1566020 1536
1566030 1536
1566040 1542
1566050 1547
1566060 1547
1566070 1556
1566080 1563
1566090 1563
1566100 1570
1566110 1578
1566120 1578
1566130 1584
1566140 1589
1566150 1589
1566160 1596
1566170 1606
1566180 1606
1566190 1614
1566200 1621
1566210 1628
1566220 1628
1566230 1635
1566240 1642
1566250 1642
1566260 1649
1566270 1655
1566280 1655
1566290 1661
1566300 1669
1566310 1669
1566320 1677
1566330 1688
1566340 1688
1566350 1699
1566360 1709
1566370 1709
1566380 1718
1566390 1726
1566400 1726
1566410 1736
1566420 1746
1566430 1746
1566440 1755
1566450 1764
1566460 1764
1566470 1773
1566480 1781
1566490 1781
1566500 1789
1566510 1797
1566520 1804
1566530 1804
1566540 1811
1566550 1816
1566560 1816
1566570 1823
1566580 1830
1566590 1830
1566600 1837
1566610 1844
1566620 1844
1566630 1850
1566640 1857
1566650 1857
1566660 1866
1566670 1876
1566680 1876
1566690 1886
1566700 1895
1566710 1895
1566720 1903
1566730 1911
1566740 1911
1566750 1920
1566760 1929
1566770 1929
1566780 1937
1566790 1943
1566800 1949
1566810 1949
1566820 1950
1566830 1951
1566840 1951
1566850 1946
1566860 1946
1566870 1946
1566880 1946
1566890 1946
1566900 1946
1566910 1946
1566920 1946
1566930 1946
1566940 1945
1566950 1945
1566960 1945
1566970 1943
1566980 1937
1566990 1937
1567000 1929
1567010 1921
1567020 1921
1567030 1915
1567040 1910
1567050 1910
1567060 1906
1567070 1903
1567080 1903
1567090 1898
1567100 1894
1567110 1886
1567120 1886
1567130 1878
1567140 1872
1567150 1872
1567160 1865
1567170 1859
1567180 1859
1567190 1852
1567200 1842
1567210 1842
1567220 1833
1567230 1824
1567240 1824
1567250 1815
1567260 1808
1567270 1808
1567280 1802
1567290 1798
1567300 1798
1567310 1795
1567320 1792
1567330 1792
1567340 1788
1567350 1784
1567360 1784
1567370 1780
1567380 1776
1567390 1776
1567400 1771
1567410 1768
1567420 1765
1567430 1765
1567440 1762
1567450 1758
1567460 1758
1567470 1751
1567480 1745
1567490 1745
1567500 1744
1567510 1743
1567520 1743
1567530 1740
1567540 1735
1567550 1735
1567560 1730
1567570 1725
1567580 1725
1567590 1721
1567600 1718
1567610 1718
1567620 1714
1567630 1709
1567640 1709
1567650 1707
1567660 1705
1567670 1705
1567680 1705
1567690 1706
1567700 1706
1567710 1706
1567720 1706
1567730 1705
1567740 1705
1567750 1704
1567760 1703
1567770 1703
1567780 1700
1567790 1697
1567800 1697
1567810 1693
1567820 1690
1567830 1690
1567840 1684
1567850 1676
1567860 1676
1567870 1669
1567880 1664
1567890 1664
1567900 1660
1567910 1654
1567920 1654
1567930 1649
1567940 1644
1567950 1644
1567960 1638
1567970 1633
1567980 1633
1567990 1628
1568000 1623
1568010 1619
1568020 1619
1568030 1611
1568040 1604
1568050 1604
1568060 1599
1568070 1594
1568080 1594
1568090 1587
1568100 1582
1568110 1582
1568120 1578
1568130 1572
1568140 1572
1568150 1567
1568160 1562
1568170 1562
1568180 1557
1568190 1553
1568200 1553
1568210 1548
1568220 1545
1568230 1545
1568240 1542
1568250 1540
1568260 1540
1568270 1537
1568280 1534
1568290 1534
1568300 1531
1568310 1529
1568320 1528
1568330 1528
1568340 1526
1568350 1524
1568360 1524
1568370 1521
1568380 1518
1568390 1518
1568400 1516
1568410 1513
1568420 1513
1568430 1511
1568440 1509
1568450 1509
1568460 1507
1568470 1504
1568480 1504
1568490 1502
1568500 1501
1568510 1501
1568520 1500
1568530 1499
1568540 1499
1568550 1499
1568560 1498
1568570 1498
1568580 1497
1568590 1495
1568600 1494
1568610 1494
1568620 1492
1568630 1491
1568640 1491
1568650 1489
1568660 1488
1568670 1488
1568680 1487
1568690 1485
1568700 1485
1568710 1485
1568720 1484
1568730 1484
1568740 1482
1568750 1481
1568760 1481
1568770 1480
1568780 1480
1568790 1480
1568800 1480
1568810 1479
1568820 1479
1568830 1479
1568840 1478
1568850 1478
1568860 1476
1568870 1473
1568880 1473
1568890 1469
1568900 1466
1568910 1463
1568920 1463
1568930 1463
1568940 1462
1568950 1462
1568960 1461
1568970 1459
1568980 1459
1568990 1457
1569000 1457
1569010 1457
1569020 1457
1569030 1456
1569040 1456
1569050 1454
1569060 1453
1569070 1453
1569080 1452
1569090 1448
1569100 1448
1569110 1446
1569120 1446
1569130 1446
1569140 1446
1569150 1445
1569160 1445
1569170 1445
1569180 1445
1569190 1445
1569200 1446
1569210 1445
1569220 1443
1569230 1443
1569240 1443
1569250 1443
1569260 1443
1569270 1441
1569280 1440
1569290 1440
1569300 1442
1569310 1443
1569320 1443
1569330 1445
1569340 1447
1569350 1447
1569360 1449
1569370 1451
1569380 1451
1569390 1453
1569400 1455
1569410 1455
1569420 1457
1569430 1457
1569440 1457
1569450 1458
1569460 1460
1569470 1460
1569480 1461
1569490 1463
1569500 1466
1569510 1466
1569520 1470
1569530 1474
1569540 1474
1569550 1477
1569560 1478
1569570 1478
1569580 1479
1569590 1481
1569600 1481
1569610 1485
1569620 1491
1569630 1491
1569640 1497
1569650 1501
1569660 1501
1569670 1506
1569680 1509
1569690 1509
1569700 1511
1569710 1512
1569720 1512
1569730 1513
1569740 1516
1569750 1516
1569760 1521
1569770 1528
1569780 1528
1569790 1531
1569800 1534
1569810 1549
1569820 1549
1569830 1558
1569840 1563
1569850 1563
1569860 1565
1569870 1569
1569880 1569
1569890 1571
1569900 1579
1569910 1579
1569920 1581
1569930 1581
1569940 1581
1569950 1581
1569960 1581
1569970 1581
1569980 1581
1569990 1582
1570000 1582
1570010 1583
1570020 1584
1570030 1584
1570040 1585
1570050 1586
1570060 1586
1570070 1589
1570080 1591
1570090 1591
1570100 1594
1570110 1598
1570120 1600
1570130 1600
1570140 1602
1570150 1603
1570160 1603
1570170 1605
1570180 1605
1570190 1605
1570200 1606
1570210 1604
1570220 1604
1570230 1599
1570240 1591
1570250 1591
1570260 1582
1570270 1572
1570280 1572
1570290 1562
1570300 1553
1570310 1553
1570320 1545
1570330 1539
1570340 1539
1570350 1535
1570360 1533
1570370 1533
1570380 1532
1570390 1530
1570400 1528
1570410 1528
1570420 1524
1570430 1520
1570440 1520
1570450 1515
1570460 1511
1570470 1511
1570480 1507
1570490 1502
1570500 1502
1570510 1496
1570520 1491
1570530 1491
1570540 1488
1570550 1485
1570560 1485
1570570 1480
1570580 1477
1570590 1477
1570600 1473
1570610 1469
1570620 1469
1570630 1464
1570640 1458
1570650 1458
1570660 1453
1570670 1449
1570680 1449
1570690 1446
1570700 1442
1570710 1437
1570720 1437
1570730 1434
1570740 1430
1570750 1430
1570760 1426
1570770 1421
1570780 1421
1570790 1415
1570800 1411
1570810 1411
1570820 1408
1570830 1405
1570840 1405
1570850 1402
1570860 1398
1570870 1398
1570880 1396
1570890 1393
1570900 1393
1570910 1390
1570920 1388
1570930 1388
1570940 1386
1570950 1382
1570960 1382
1570970 1378
1570980 1372
1570990 1372
1571000 1365
1571010 1360
1571020 1356
1571030 1356
1571040 1352
1571050 1349
1571060 1349
1571070 1344
1571080 1340
1571090 1340
1571100 1336
1571110 1333
1571120 1333
1571130 1330
1571140 1326
1571150 1326
1571160 1323
1571170 1319
1571180 1319
1571190 1313
1571200 1306
1571210 1306
1571220 1301
1571230 1300
1571240 1300
1571250 1298
1571260 1295
1571270 1295
1571280 1293
1571290 1288
1571300 1284
1571310 1284
1571320 1279
1571330 1268
1571340 1268
1571350 1261
1571360 1255
1571370 1253
1571380 1246
1571390 1241
1571400 1241
1571410 1236
1571420 1232
1571430 1232
1571440 1228
1571450 1222
1571460 1222
1571470 1217
1571480 1214
1571490 1214
1571500 1210
1571510 1205
1571520 1205
1571530 1201
1571540 1195
1571550 1195
1571560 1189
1571570 1185
1571580 1185
1571590 1179
1571600 1173
1571610 1167
1571620 1167
1571630 1162
1571640 1157
1571650 1157
1571660 1153
1571670 1148
1571680 1148
1571690 1144
1571700 1139
1571710 1139
1571720 1135
1571730 1131
1571740 1131
1571750 1125
1571760 1118
1571770 1118
1571780 1112
1571790 1104
1571800 1104
1571810 1098
1571820 1094
1571830 1094
1571840 1090
1571850 1086
1571860 1086
1571870 1081
1571880 1073
1571890 1073
1571900 1067
1571910 1062
1571920 1056
1571930 1056
1571940 1053
1571950 1046
1571960 1046
1571970 1040
1571980 1033
1571990 1033
1572000 1026
1572010 1019
1572020 1019
1572030 1012
1572040 1005
1572050 1005
1572060 999
1572070 989
1572080 989
1572090 983
1572100 977
1572110 977
1572120 972
1572130 965
1572140 965
1572150 958
1572160 951
1572170 951
1572180 946
1572190 942
1572200 941
1572210 941
1572220 940
1572230 940
1572240 940
1572250 942
1572260 942
1572270 942
1572280 940
1572290 935
1572300 935
1572310 933
1572320 930
1572330 930
1572340 928
1572350 931
1572360 931
1572370 935
1572380 936
1572390 936
1572400 937
1572410 938
1572420 938
1572430 938
1572440 939
1572450 939
1572460 939
1572470 938
1572480 938
1572490 938
1572500 938
1572510 939
1572520 939
1572530 941
1572540 942
1572550 942
1572560 942
1572570 942
1572580 942
1572590 944
1572600 945
1572610 945
1572620 948
1572630 950
1572640 950
1572650 951
1572660 953
1572670 953
1572680 954
1572690 955
1572700 955
1572710 956
1572720 956
1572730 956
1572740 958
1572750 960
1572760 960
1572770 962
1572780 963
1572790 963
1572800 965
1572810 967
1572820 969
1572830 970
1572840 973
1572850 976
1572860 976
1572870 980
1572880 983
1572890 983
1572900 986
1572910 990
1572920 990
1572930 994
1572940 999
1572950 999
1572960 1005
1572970 1011
1572980 1011
1572990 1015
1573000 1023
1573010 1023
1573020 1028
1573030 1034
1573040 1034
1573050 1041
1573060 1047
1573070 1047
1573080 1053
1573090 1059
1573100 1066
1573110 1066
1573120 1072
1573130 1077
1573140 1077
1573150 1082
1573160 1089
1573170 1089
1573180 1096
1573190 1103
1573200 1103
1573210 1110
1573220 1117
1573230 1117
1573240 1124
1573250 1129
1573260 1129
1573270 1135
1573280 1141
1573290 1141
1573300 1148
1573310 1155
1573320 1155
1573330 1162
1573340 1169
1573350 1169
1573360 1176
1573370 1183
1573380 1183
1573390 1188
1573400 1190
1573410 1190
1573420 1190
1573430 1191
1573440 1190
1573450 1190
1573460 1186
1573470 1184
1573480 1184
1573490 1188
1573500 1194
1573510 1194
1573520 1200
1573530 1208
1573540 1208
1573550 1215
1573560 1221
1573570 1221
1573580 1225
1573590 1229
1573600 1229
1573610 1232
1573620 1235
1573630 1235
1573640 1235
1573650 1233
1573660 1233
1573670 1229
1573680 1233
1573690 1233
1573700 1236
1573710 1240
1573720 1245
1573730 1245
1573740 1252
1573750 1259
1573760 1259
1573770 1265
1573780 1269
1573790 1269
1573800 1273
1573810 1275
1573820 1275
1573830 1277
1573840 1281
1573850 1281
1573860 1286
1573870 1291
1573880 1291
1573890 1292
1573900 1290
1573910 1290
1573920 1289
1573930 1292
1573940 1292
1573950 1301
1573960 1309
1573970 1309
1573980 1316
1573990 1323
1574000 1332
1574010 1332
1574020 1340
1574030 1346
1574040 1346
1574050 1348
1574060 1353
1574070 1353
1574080 1361
1574090 1361
1574100 1361
1574110 1361
1574120 1364
1574130 1364
1574140 1370
1574150 1375
1574160 1375
1574170 1378
1574180 1380
1574190 1380
1574200 1381
1574210 1381
1574220 1381
1574230 1386
1574240 1392
1574250 1392
1574260 1397
1574270 1409
1574280 1409
1574290 1414
1574300 1417
1574310 1420
1574320 1420
1574330 1422
1574340 1424
1574350 1424
1574360 1424
1574370 1424
1574380 1424
1574390 1429
1574400 1434
1574410 1434
1574420 1441
1574430 1448
1574440 1448
1574450 1451
1574460 1447
1574470 1447
1574480 1444
1574490 1443
1574500 1443
1574510 1442
1574520 1443
1574530 1443
1574540 1443
1574550 1445
1574560 1445
1574570 1447
1574580 1449
1574590 1451
1574600 1451
1574610 1453
1574620 1454
1574630 1454
1574640 1458
1574650 1458
1574660 1458
1574670 1461
1574680 1464
1574690 1464
1574700 1465
1574710 1467
1574720 1467
1574730 1468
1574740 1470
1574750 1470
1574760 1472
1574770 1474
1574780 1474
1574790 1477
1574800 1479
1574810 1479
1574820 1484
1574830 1489
1574840 1489
1574850 1496
1574860 1501
1574870 1501
1574880 1505
1574890 1507
1574900 1510
1574910 1510
1574920 1514
1574930 1516
1574940 1516
1574950 1517
1574960 1519
1574970 1519
1574980 1520
1574990 1519
1575000 1519
1575010 1517
1575020 1511
1575030 1511
1575040 1510
1575050 1518
1575060 1518
1575070 1525
1575080 1531
1575090 1531
1575100 1533
1575110 1532
1575120 1532
1575130 1532
1575140 1534
1575150 1534
1575160 1535
1575170 1537
1575180 1537
1575190 1544
1575200 1552
1575210 1559
1575220 1559
1575230 1567
1575240 1575
1575250 1575
1575260 1582
1575270 1588
1575280 1588
1575290 1595
1575300 1602
1575310 1602
1575320 1609
1575330 1616
1575340 1616
1575350 1623
1575360 1630
1575370 1630
1575380 1637
1575390 1644
1575400 1644
1575410 1650
1575420 1656
1575430 1656
1575440 1661
1575450 1666
1575460 1666
1575470 1671
1575480 1677
1575490 1682
1575500 1682
1575510 1687
1575520 1693
1575530 1693
1575540 1699
1575550 1705
1575560 1705
1575570 1710
1575580 1712
1575590 1712
1575600 1715
1575610 1719
1575620 1719
1575630 1724
1575640 1731
1575650 1731
1575660 1735
1575670 1737
1575680 1744
1575690 1747
1575700 1749
1575710 1749
1575720 1751
1575730 1757
1575740 1757
1575750 1764
1575760 1767
1575770 1767
1575780 1769
1575790 1774
1575800 1779
1575810 1779
1575820 1783
1575830 1786
1575840 1786
1575850 1786
1575860 1785
1575870 1785
1575880 1785
1575890 1784
1575900 1784
1575910 1782
1575920 1781
1575930 1781
1575940 1784
1575950 1787
1575960 1787
1575970 1793
1575980 1801
1575990 1801
1576000 1807
1576010 1812
1576020 1812
1576030 1816
1576040 1819
1576050 1819
1576060 1817
1576070 1814
1576080 1814
1576090 1816
1576100 1815
1576110 1816
1576120 1816
1576130 1822
1576140 1829
1576150 1829
1576160 1834
1576170 1839
1576180 1839
1576190 1844
1576200 1848
1576210 1848
1576220 1852
1576230 1859
1576240 1859
1576250 1866
1576260 1873
1576270 1873
1576280 1878
1576290 1882
1576300 1882
1576310 1884
1576320 1886
1576330 1886
1576340 1889
1576350 1892
1576360 1892
1576370 1895
1576380 1899
1576390 1903
1576400 1903
1576410 1909
1576420 1915
1576430 1915
1576440 1920
1576450 1926
1576460 1926
1576470 1931
1576480 1937
1576490 1937
1576500 1943
1576510 1948
1576520 1948
1576530 1952
1576540 1955
1576550 1955
1576560 1958
1576570 1961
1576580 1961
1576590 1961
1576600 1959
1576610 1959
1576620 1957
1576630 1955
1576640 1955
1576650 1954
1576660 1953
1576670 1953
1576680 1952
1576690 1952
1576700 1951
1576710 1951
1576720 1951
1576730 1949
1576740 1949
1576750 1947
1576760 1943
1576770 1943
1576780 1940
1576790 1939
1576800 1939
1576810 1936
1576820 1938
1576830 1938
1576840 1940
1576850 1942
1576860 1942
1576870 1943
1576880 1945
1576890 1945
1576900 1945
1576910 1943
1576920 1943
1576930 1943
1576940 1944
1576950 1944
1576960 1945
1576970 1947
1576980 1947
1576990 1947
1577000 1947
1577010 1948
1577020 1948
1577030 1949
1577040 1949
1577050 1949
1577060 1950
1577070 1943
1577080 1943
1577090 1943
1577100 1944
1577110 1944
1577120 1946
1577130 1948
1577140 1948
1577150 1948
1577160 1947
1577170 1947
1577180 1946
1577190 1945
1577200 1945
1577210 1944
1577220 1941
1577230 1941
1577240 1937
1577250 1932
1577260 1932
1577270 1927
1577280 1923
1577290 1916
1577300 1916
1577310 1912
1577320 1907
1577330 1907
1577340 1902
1577350 1899
1577360 1899
1577370 1895
1577380 1894
1577390 1894
1577400 1892
1577410 1888
1577420 1888
1577430 1886
1577440 1885
1577450 1885
1577460 1881
1577470 1880
1577480 1880
1577490 1878
1577500 1878
1577510 1878
1577520 1874
1577530 1870
1577540 1870
1577550 1868
1577560 1868
1577570 1868
1577580 1869
1577590 1868
1577600 1868
1577610 1868
1577620 1869
1577630 1873
1577640 1873
1577650 1881
1577660 1897
1577670 1897
1577680 1906
1577690 1911
1577700 1911
1577710 1915
1577720 1919
1577730 1919
1577740 1923
1577750 1928
1577760 1928
1577770 1933
1577780 1931
1577790 1931
1577800 1925
1577810 1916
1577820 1916
1577830 1909
1577840 1900
1577850 1900
1577860 1892
1577870 1885
1577880 1885
1577890 1878
1577900 1871
1577910 1864
1577920 1864
1577930 1857
1577940 1851
1577950 1851
1577960 1847
1577970 1831
1577980 1831
1577990 1822
1578000 1814
1578010 1814
1578020 1806
1578030 1796
1578040 1796
1578050 1786
1578060 1778
1578070 1778
1578080 1769
1578090 1762
1578100 1762
1578110 1755
1578120 1748
1578130 1748
1578140 1741
1578150 1734
1578160 1734
1578170 1727
1578180 1720
1578190 1714
1578200 1714
1578210 1708
1578220 1701
1578230 1701
1578240 1696
1578250 1692
1578260 1692
1578270 1689
1578280 1686
1578290 1686
1578300 1685
1578310 1683
1578320 1683
1578330 1681
1578340 1678
1578350 1678
1578360 1675
1578370 1670
1578380 1670
1578390 1666
1578400 1664
1578410 1664
1578420 1661
1578430 1653
1578440 1653
1578450 1649
1578460 1645
1578470 1645
1578480 1645
1578490 1643
1578500 1642
1578510 1642
1578520 1641
1578530 1639
1578540 1639
1578550 1637
1578560 1634
1578570 1634
1578580 1630
1578590 1625
1578600 1625
1578610 1621
1578620 1620
1578630 1620
1578640 1620
1578650 1620
1578660 1620
1578670 1621
1578680 1621
1578690 1621
1578700 1622
1578710 1622
1578720 1622
1578730 1622
1578740 1621
1578750 1621
1578760 1621
1578770 1621
1578780 1621
1578790 1621
1578800 1624
1578810 1627
1578820 1627
1578830 1633
1578840 1639
1578850 1639
1578860 1647
1578870 1655
1578880 1655
1578890 1663
1578900 1673
1578910 1673
1578920 1688
1578930 1705
1578940 1705
1578950 1719
1578960 1733
1578970 1733
1578980 1744
1578990 1751
1579000 1751
1579010 1759
1579020 1768
1579030 1768
1579040 1777
1579050 1785
1579060 1785
1579070 1792
1579080 1797
1579090 1801
1579100 1801
1579110 1805
1579120 1808
1579130 1808
1579140 1805
1579150 1799
1579160 1799
1579170 1794
1579180 1790
1579190 1790
1579200 1785
1579210 1780
1579220 1780
1579230 1775
1579240 1771
1579250 1771
1579260 1765
1579270 1758
1579280 1758
1579290 1750
1579300 1743
1579310 1743
1579320 1737
1579330 1731
1579340 1731
1579350 1724
1579360 1717
1579370 1717
1579380 1709
1579390 1702
1579400 1695
1579410 1695
1579420 1688
1579430 1682
1579440 1682
1579450 1676
1579460 1672
1579470 1672
1579480 1670
1579490 1667
1579500 1667
1579510 1663
1579520 1659
1579530 1659
1579540 1656
1579550 1653
1579560 1653
1579570 1650
1579580 1649
1579590 1649
1579600 1646
1579610 1643
1579620 1643
1579630 1639
1579640 1637
1579650 1637
1579660 1638
1579670 1639
1579680 1639
1579690 1639
1579700 1642
1579710 1646
1579720 1646
1579730 1650
1579740 1654
1579750 1654
1579760 1658
1579770 1663
1579780 1659
1579790 1663
1579800 1667
1579810 1667
1579820 1671
1579830 1672
1579840 1672
1579850 1671
1579860 1672
1579870 1672
1579880 1672
1579890 1671
1579900 1671
1579910 1670
1579920 1669
1579930 1669
1579940 1667
1579950 1663
1579960 1663
1579970 1659
1579980 1656
1579990 1653
