1560000 1889
1560010 1889
1560020 1889
1560030 1889
1560040 1889
1560050 1887
1560060 1885
1560070 1885
1560080 1882
1560090 1880
1560100 1880
1560110 1880
1560120 1879
1560130 1879
1560140 1878
1560150 1878
1560160 1878
1560170 1880
1560180 1880
1560190 1880
1560200 1881
1560210 1880
1560220 1880
1560230 1880
1560240 1880
1560250 1880
1560260 1880
1560270 1879
1560280 1877
1560290 1877
1560300 1875
1560310 1874
1560320 1874
1560330 1874
1560340 1872
1560350 1872
1560360 1872
1560370 1873
1560380 1873
1560390 1876
1560400 1878
1560410 1878
1560420 1880
1560430 1883
1560440 1883
1560450 1888
1560460 1893
1560470 1893
1560480 1897
1560490 1902
1560500 1902
1560510 1907
1560520 1912
1560530 1912
1560540 1917
1560550 1922
1560560 1922
1560570 1928
1560580 1934
1560590 1941
1560600 1941
1560610 1948
1560620 1952
1560630 1952
1560640 1958
1560650 1963
1560660 1963
1560670 1967
1560680 1962
1560690 1962
1560700 1950
1560710 1941
1560720 1941
1560730 1934
1560740 1926
1560750 1929
1560760 1920
1560770 1913
1560780 1913
1560790 1906
1560800 1898
1560810 1898
1560820 1889
1560830 1880
1560840 1880
1560850 1872
1560860 1864
1560870 1859
1560880 1859
1560890 1855
1560900 1851
1560910 1851
1560920 1848
1560930 1846
1560940 1846
1560950 1841
1560960 1835
1560970 1835
1560980 1828
1560990 1823
1561000 1823
1561010 1827
1561020 1835
1561030 1835
1561040 1838
1561050 1840
1561060 1840
1561070 1840
1561080 1839
1561090 1839
1561100 1837
1561110 1834
1561120 1834
1561130 1831
1561140 1828
1561150 1828
1561160 1824
1561170 1820
1561180 1818
1561190 1818
1561200 1814
1561210 1811
1561220 1811
1561230 1808
1561240 1806
1561250 1806
1561260 1803
1561270 1801
1561280 1801
1561290 1801
1561300 1800
1561310 1800
1561320 1796
1561330 1791
1561340 1791
1561350 1787
1561360 1784
1561370 1784
1561380 1780
1561390 1771
1561400 1771
1561410 1762
1561420 1752
1561430 1752
1561440 1746
1561450 1741
1561460 1741
1561470 1730
1561480 1719
1561490 1711
1561500 1711
1561510 1703
1561520 1695
1561530 1695
1561540 1687
1561550 1682
1561560 1682
1561570 1681
1561580 1680
1561590 1680
1561600 1678
1561610 1677
1561620 1677
1561630 1667
1561640 1656
1561650 1656
1561660 1651
1561670 1645
1561680 1645
1561690 1646
1561700 1651
1561710 1651
1561720 1654
1561730 1657
1561740 1657
1561750 1656
1561760 1654
1561770 1651
1561780 1651
1561790 1650
1561800 1649
1561810 1649
1561820 1648
1561830 1645
1561840 1645
1561850 1644
1561860 1645
1561870 1645
1561880 1645
1561890 1639
1561900 1639
1561910 1632
1561920 1631
1561930 1631
1561940 1625
1561950 1618
1561960 1618
1561970 1611
1561980 1603
1561990 1603
1562000 1597
1562010 1592
1562020 1592
1562030 1589
1562040 1587
1562050 1587
1562060 1586
1562070 1581
1562080 1576
1562090 1576
1562100 1571
1562110 1566
1562120 1566
1562130 1563
1562140 1567
1562150 1567
1562160 1568
1562170 1568
1562180 1568
1562190 1568
1562200 1569
1562210 1569
1562220 1570
1562230 1570
1562240 1570
1562250 1570
1562260 1570
1562270 1570
1562280 1569
1562290 1569
1562300 1569
1562310 1568
1562320 1567
1562330 1567
1562340 1568
1562350 1568
1562360 1568
1562370 1568
1562380 1568
1562390 1569
1562400 1569
1562410 1565
1562420 1567
1562430 1567
1562440 1568
1562450 1568
1562460 1568
1562470 1568
1562480 1568
1562490 1568
1562500 1570
1562510 1572
1562520 1572
1562530 1574
1562540 1575
1562550 1575
1562560 1576
1562570 1577
1562580 1577
1562590 1578
1562600 1580
1562610 1580
1562620 1579
1562630 1576
1562640 1576
1562650 1577
1562660 1578
1562670 1577
1562680 1577
1562690 1575
1562700 1576
1562710 1576
1562720 1579
1562730 1581
1562740 1581
1562750 1585
1562760 1586
1562770 1586
1562780 1586
1562790 1587
1562800 1587
1562810 1588
1562820 1588
1562830 1588
1562840 1587
1562850 1587
1562860 1587
1562870 1586
1562880 1585
1562890 1585
1562900 1583
1562910 1582
1562920 1582
1562930 1581
1562940 1580
1562950 1580
1562960 1579
1562970 1580
1562980 1580
1562990 1580
1563000 1577
1563010 1575
1563020 1575
1563030 1575
1563040 1574
1563050 1574
1563060 1574
1563070 1574
1563080 1574
1563090 1574
1563100 1574
1563110 1574
1563120 1575
1563130 1575
1563140 1575
1563150 1576
1563160 1578
1563170 1578
1563180 1582
1563190 1588
1563200 1588
1563210 1595
1563220 1603
1563230 1603
1563240 1615
1563250 1628
1563260 1628
1563270 1637
1563280 1648
1563290 1657
1563300 1657
1563310 1666
1563320 1677
1563330 1677
1563340 1688
1563350 1696
1563360 1696
1563370 1705
1563380 1714
1563390 1714
1563400 1722
1563410 1731
1563420 1731
1563430 1740
1563440 1745
1563450 1745
1563460 1742
1563470 1734
1563480 1734
1563490 1726
1563500 1718
1563510 1718
1563520 1710
1563530 1701
1563540 1701
1563550 1691
1563560 1683
1563570 1675
1563580 1675
1563590 1667
1563600 1660
1563610 1660
1563620 1653
1563630 1646
1563640 1646
1563650 1639
1563660 1633
1563670 1633
1563680 1629
1563690 1625
1563700 1625
1563710 1621
1563720 1618
1563730 1618
1563740 1616
1563750 1615
1563760 1615
1563770 1610
1563780 1605
1563790 1605
1563800 1598
1563810 1592
1563820 1592
1563830 1584
1563840 1576
1563850 1576
1563860 1568
1563870 1561
1563880 1553
1563890 1553
1563900 1546
1563910 1538
1563920 1538
1563930 1531
1563940 1524
1563950 1524
1563960 1517
1563970 1511
1563980 1511
1563990 1504
1564000 1498
1564010 1498
1564020 1491
1564030 1484
1564040 1484
1564050 1478
1564060 1472
1564070 1472
1564080 1466
1564090 1460
1564100 1460
1564110 1455
1564120 1449
1564130 1449
1564140 1443
1564150 1437
1564160 1437
1564170 1432
1564180 1426
1564190 1420
1564200 1420
1564210 1415
1564220 1409
1564230 1409
1564240 1402
1564250 1395
1564260 1395
1564270 1389
1564280 1383
1564290 1383
1564300 1378
1564310 1372
1564320 1372
1564330 1366
1564340 1361
1564350 1361
1564360 1355
1564370 1350
1564380 1350
1564390 1346
1564400 1345
1564410 1345
1564420 1344
1564430 1343
1564440 1343
1564450 1341
1564460 1339
1564470 1341
1564480 1341
1564490 1340
1564500 1341
1564510 1341
1564520 1343
1564530 1345
1564540 1345
1564550 1347
1564560 1351
1564570 1351
1564580 1356
1564590 1358
1564600 1358
1564610 1359
1564620 1361
1564630 1361
1564640 1363
1564650 1366
1564660 1366
1564670 1367
1564680 1369
1564690 1369
1564700 1373
1564710 1379
1564720 1379
1564730 1384
1564740 1389
1564750 1389
1564760 1396
1564770 1401
1564780 1406
1564790 1406
1564800 1413
1564810 1419
1564820 1419
1564830 1427
1564840 1436
1564850 1436
1564860 1446
1564870 1461
1564880 1461
1564890 1473
1564900 1474
1564910 1474
1564920 1477
1564930 1486
1564940 1486
1564950 1487
1564960 1483
1564970 1483
1564980 1474
1564990 1466
1565000 1466
1565010 1457
1565020 1448
1565030 1448
1565040 1440
1565050 1431
1565060 1431
1565070 1424
1565080 1417
1565090 1412
1565100 1412
1565110 1407
1565120 1403
1565130 1403
1565140 1399
1565150 1394
1565160 1394
1565170 1390
1565180 1385
1565190 1385
1565200 1380
1565210 1376
1565220 1376
1565230 1373
1565240 1370
1565250 1370
1565260 1367
1565270 1362
1565280 1362
1565290 1360
1565300 1360
1565310 1360
1565320 1361
1565330 1361
1565340 1361
1565350 1361
1565360 1361
1565370 1360
1565380 1360
1565390 1357
1565400 1351
1565410 1351
1565420 1350
1565430 1355
1565440 1355
1565450 1359
1565460 1363
1565470 1363
1565480 1366
1565490 1368
1565500 1368
1565510 1370
1565520 1374
1565530 1374
1565540 1377
1565550 1379
1565560 1379
1565570 1383
1565580 1386
1565590 1386
1565600 1388
1565610 1392
1565620 1392
1565630 1394
1565640 1397
1565650 1397
1565660 1400
1565670 1402
1565680 1404
1565690 1404
1565700 1408
1565710 1413
1565720 1413
1565730 1418
1565740 1424
1565750 1424
1565760 1429
1565770 1435
1565780 1435
1565790 1442
1565800 1449
1565810 1449
1565820 1458
1565830 1467
1565840 1467
1565850 1475
1565860 1483
1565870 1483
1565880 1490
1565890 1498
1565900 1498
1565910 1505
1565920 1513
1565930 1513
1565940 1521
1565950 1528
1565960 1528
1565970 1537
1565980 1545
1565990 1553
1566000 1553
1566010 1560
1566020 1569
1566030 1569
1566040 1579
1566050 1589
1566060 1589
1566070 1598
1566080 1606
1566090 1606
1566100 1617
1566110 1630
1566120 1630
1566130 1640
1566140 1650
1566150 1650
1566160 1658
1566170 1668
1566180 1668
1566190 1674
1566200 1681
1566210 1681
1566220 1691
1566230 1699
1566240 1699
1566250 1705
1566260 1711
1566270 1720
1566280 1720
1566290 1727
1566300 1733
1566310 1733
1566320 1742
1566330 1754
1566340 1754
1566350 1767
1566360 1775
1566370 1775
1566380 1786
1566390 1791
1566400 1791
1566410 1800
1566420 1806
1566430 1806
1566440 1812
1566450 1812
1566460 1812
1566470 1811
1566480 1811
1566490 1811
1566500 1812
1566510 1813
1566520 1813
1566530 1815
1566540 1820
1566550 1820
1566560 1830
1566570 1836
1566580 1842
1566590 1842
1566600 1848
1566610 1857
1566620 1857
1566630 1867
1566640 1877
1566650 1877
1566660 1890
1566670 1896
1566680 1896
1566690 1899
1566700 1900
1566710 1900
1566720 1900
1566730 1902
1566740 1902
1566750 1905
1566760 1907
1566770 1907
1566780 1909
1566790 1911
1566800 1911
1566810 1912
1566820 1914
1566830 1914
1566840 1915
1566850 1916
1566860 1916
1566870 1917
1566880 1918
1566890 1919
1566900 1919
1566910 1920
1566920 1920
1566930 1920
1566940 1921
1566950 1922
1566960 1922
1566970 1921
1566980 1920
1566990 1920
1567000 1917
1567010 1912
1567020 1912
1567030 1907
1567040 1903
1567050 1903
1567060 1895
1567070 1888
1567080 1888
1567090 1878
1567100 1870
1567110 1870
1567120 1863
1567130 1857
1567140 1857
1567150 1852
1567160 1850
1567170 1847
1567180 1843
1567190 1839
1567200 1834
1567210 1834
1567220 1828
1567230 1821
1567240 1821
1567250 1815
1567260 1807
1567270 1807
1567280 1802
1567290 1796
1567300 1796
1567310 1789
1567320 1781
1567330 1781
1567340 1772
1567350 1763
1567360 1763
1567370 1754
1567380 1745
1567390 1745
1567400 1740
1567410 1736
1567420 1736
1567430 1734
1567440 1731
1567450 1731
1567460 1730
1567470 1729
1567480 1728
1567490 1728
1567500 1725
1567510 1724
1567520 1724
1567530 1723
1567540 1723
1567550 1723
1567560 1720
1567570 1716
1567580 1716
1567590 1715
1567600 1714
1567610 1714
1567620 1713
1567630 1712
1567640 1712
1567650 1711
1567660 1710
1567670 1710
1567680 1708
1567690 1706
1567700 1706
1567710 1704
1567720 1703
1567730 1703
1567740 1701
1567750 1701
1567760 1701
1567770 1700
1567780 1700
1567790 1701
1567800 1701
1567810 1700
1567820 1699
1567830 1699
1567840 1697
1567850 1695
1567860 1695
1567870 1698
1567880 1697
1567890 1697
1567900 1692
1567910 1686
1567920 1686
1567930 1677
1567940 1674
1567950 1674
1567960 1668
1567970 1659
1567980 1659
1567990 1650
1568000 1639
1568010 1639
1568020 1632
1568030 1624
1568040 1624
1568050 1616
1568060 1606
1568070 1599
1568080 1599
1568090 1594
1568100 1591
1568110 1591
1568120 1587
1568130 1583
1568140 1583
1568150 1579
1568160 1574
1568170 1574
1568180 1570
1568190 1566
1568200 1566
1568210 1562
1568220 1559
1568230 1559
1568240 1556
1568250 1553
1568260 1553
1568270 1551
1568280 1548
1568290 1548
1568300 1546
1568310 1542
1568320 1542
1568330 1540
1568340 1537
1568350 1537
1568360 1535
1568370 1533
1568380 1531
1568390 1531
1568400 1530
1568410 1529
1568420 1529
1568430 1527
1568440 1526
1568450 1526
1568460 1525
1568470 1523
1568480 1523
1568490 1522
1568500 1520
1568510 1520
1568520 1518
1568530 1515
1568540 1515
1568550 1513
1568560 1510
1568570 1510
1568580 1508
1568590 1505
1568600 1505
1568610 1503
1568620 1501
1568630 1501
1568640 1499
1568650 1497
1568660 1497
1568670 1497
1568680 1495
1568690 1493
1568700 1493
1568710 1494
1568720 1491
1568730 1491
1568740 1488
1568750 1486
1568760 1486
1568770 1482
1568780 1478
1568790 1478
1568800 1475
1568810 1472
1568820 1472
1568830 1470
1568840 1469
1568850 1469
1568860 1468
1568870 1466
1568880 1466
1568890 1461
1568900 1459
1568910 1459
1568920 1460
1568930 1458
1568940 1458
1568950 1455
1568960 1452
1568970 1450
1568980 1450
1568990 1447
1569000 1444
1569010 1444
1569020 1441
1569030 1438
1569040 1438
1569050 1436
1569060 1433
1569070 1433
1569080 1431
1569090 1430
1569100 1430
1569110 1429
1569120 1428
1569130 1428
1569140 1427
1569150 1427
1569160 1427
1569170 1427
1569180 1426
1569190 1426
1569200 1425
1569210 1424
1569220 1424
1569230 1422
1569240 1421
1569250 1421
1569260 1419
1569270 1419
1569280 1419
1569290 1419
1569300 1418
1569310 1415
1569320 1415
1569330 1414
1569340 1413
1569350 1413
1569360 1414
1569370 1416
1569380 1416
1569390 1419
1569400 1423
1569410 1423
1569420 1428
1569430 1429
1569440 1429
1569450 1429
1569460 1429
1569470 1429
1569480 1429
1569490 1430
1569500 1430
1569510 1433
1569520 1435
1569530 1435
1569540 1437
1569550 1439
1569560 1439
1569570 1442
1569580 1443
1569590 1444
1569600 1444
1569610 1446
1569620 1447
1569630 1447
1569640 1448
1569650 1449
1569660 1449
1569670 1452
1569680 1454
1569690 1454
1569700 1456
1569710 1458
1569720 1458
1569730 1461
1569740 1464
1569750 1464
1569760 1468
1569770 1472
1569780 1472
1569790 1477
1569800 1481
1569810 1481
1569820 1484
1569830 1487
1569840 1487
1569850 1490
1569860 1494
1569870 1498
1569880 1498
1569890 1503
1569900 1508
1569910 1508
1569920 1513
1569930 1516
1569940 1516
1569950 1518
1569960 1521
1569970 1521
1569980 1523
1569990 1525
1570000 1525
1570010 1526
1570020 1528
1570030 1528
1570040 1529
1570050 1530
1570060 1530
1570070 1531
1570080 1532
1570090 1532
1570100 1535
1570110 1536
1570120 1536
1570130 1538
1570140 1540
1570150 1540
1570160 1541
1570170 1543
1570180 1544
1570190 1544
1570200 1545
1570210 1547
1570220 1539
1570230 1538
1570240 1537
1570250 1537
1570260 1538
1570270 1539
1570280 1539
1570290 1541
1570300 1547
1570310 1547
1570320 1547
1570330 1546
1570340 1546
1570350 1545
1570360 1547
1570370 1547
1570380 1543
1570390 1536
1570400 1536
1570410 1528
1570420 1521
1570430 1521
1570440 1513
1570450 1507
1570460 1507
1570470 1502
1570480 1498
1570490 1494
1570500 1494
1570510 1491
1570520 1488
1570530 1488
1570540 1485
1570550 1481
1570560 1481
1570570 1477
1570580 1474
1570590 1474
1570600 1470
1570610 1464
1570620 1464
1570630 1459
1570640 1454
1570650 1454
1570660 1449
1570670 1443
1570680 1443
1570690 1437
1570700 1430
1570710 1430
1570720 1422
1570730 1415
1570740 1415
1570750 1408
1570760 1402
1570770 1398
1570780 1398
1570790 1395
1570800 1390
1570810 1390
1570820 1386
1570830 1384
1570840 1384
1570850 1383
1570860 1381
1570870 1381
1570880 1377
1570890 1373
1570900 1373
1570910 1370
1570920 1364
1570930 1364
1570940 1356
1570950 1354
1570960 1354
1570970 1354
1570980 1352
1570990 1352
1571000 1348
1571010 1345
1571020 1345
1571030 1341
1571040 1337
1571050 1337
1571060 1332
1571070 1329
1571080 1327
1571090 1327
1571100 1323
1571110 1318
1571120 1318
1571130 1315
1571140 1312
1571150 1312
1571160 1309
1571170 1305
1571180 1305
1571190 1300
1571200 1295
1571210 1295
1571220 1288
1571230 1283
1571240 1283
1571250 1277
1571260 1271
1571270 1271
1571280 1263
1571290 1257
1571300 1257
1571310 1252
1571320 1247
1571330 1247
1571340 1242
1571350 1236
1571360 1236
1571370 1230
1571380 1224
1571390 1219
1571400 1219
1571410 1215
1571420 1215
1571430 1215
1571440 1213
1571450 1211
1571460 1211
1571470 1207
1571480 1203
1571490 1203
1571500 1198
1571510 1192
1571520 1192
1571530 1185
1571540 1179
1571550 1179
1571560 1172
1571570 1166
1571580 1166
1571590 1160
1571600 1153
1571610 1153
1571620 1148
1571630 1145
1571640 1145
1571650 1141
1571660 1137
1571670 1132
1571680 1132
1571690 1125
1571700 1120
1571710 1120
1571720 1115
1571730 1109
1571740 1109
1571750 1103
1571760 1099
1571770 1099
1571780 1093
1571790 1088
1571800 1088
1571810 1081
1571820 1076
1571830 1076
1571840 1070
1571850 1065
1571860 1065
1571870 1061
1571880 1056
1571890 1056
1571900 1050
1571910 1045
1571920 1045
1571930 1041
1571940 1037
1571950 1037
1571960 1032
1571970 1028
1571980 1024
1571990 1024
1572000 1019
1572010 1015
1572020 1015
1572030 1010
1572040 1004
1572050 1004
1572060 999
1572070 994
1572080 994
1572090 988
1572100 985
1572110 985
1572120 980
1572130 977
1572140 977
1572150 970
1572160 966
1572170 966
1572180 961
1572190 957
1572200 957
1572210 953
1572220 949
1572230 949
1572240 943
1572250 937
1572260 937
1572270 936
1572280 936
1572290 937
1572300 937
1572310 939
1572320 939
1572330 939
1572340 939
1572350 939
1572360 939
1572370 936
1572380 930
1572390 930
1572400 925
1572410 926
1572420 926
1572430 930
1572440 933
1572450 933
1572460 933
1572470 934
1572480 934
1572490 935
1572500 935
1572510 935
1572520 935
1572530 936
1572540 936
1572550 939
1572560 941
1572570 941
1572580 946
1572590 948
1572600 949
1572610 949
1572620 951
1572630 953
1572640 953
1572650 954
1572660 955
1572670 955
1572680 956
1572690 957
1572700 957
1572710 958
1572720 959
1572730 959
1572740 961
1572750 963
1572760 963
1572770 964
1572780 967
1572790 967
1572800 970
1572810 974
1572820 974
1572830 976
1572840 981
1572850 981
1572860 985
1572870 990
1572880 996
1572890 996
1572900 1002
1572910 1008
1572920 1008
1572930 1013
1572940 1018
1572950 1018
1572960 1019
1572970 1024
1572980 1024
1572990 1026
1573000 1033
1573010 1033
1573020 1041
1573030 1048
1573040 1048
1573050 1055
1573060 1063
1573070 1063
1573080 1070
1573090 1077
1573100 1077
1573110 1087
1573120 1093
1573130 1093
1573140 1101
1573150 1105
1573160 1105
1573170 1110
1573180 1115
1573190 1121
1573200 1121
1573210 1126
1573220 1132
1573230 1132
1573240 1138
1573250 1143
1573260 1143
1573270 1149
1573280 1156
1573290 1156
1573300 1162
1573310 1168
1573320 1168
1573330 1174
1573340 1181
1573350 1181
1573360 1188
1573370 1196
1573380 1196
1573390 1206
1573400 1213
1573410 1213
1573420 1216
1573430 1221
1573440 1221
1573450 1227
1573460 1233
1573470 1233
1573480 1236
1573490 1239
1573500 1242
1573510 1242
1573520 1246
1573530 1250
1573540 1250
1573550 1254
1573560 1258
1573570 1258
1573580 1263
1573590 1268
1573600 1268
1573610 1272
1573620 1277
1573630 1277
1573640 1282
1573650 1287
1573660 1287
1573670 1291
1573680 1296
1573690 1296
1573700 1301
1573710 1305
1573720 1305
1573730 1310
1573740 1314
1573750 1314
1573760 1318
1573770 1323
1573780 1328
1573790 1328
1573800 1334
1573810 1339
1573820 1339
1573830 1344
1573840 1348
1573850 1348
1573860 1353
1573870 1357
1573880 1357
1573890 1362
1573900 1367
1573910 1367
1573920 1370
1573930 1374
1573940 1374
1573950 1379
1573960 1382
1573970 1382
1573980 1383
1573990 1386
1574000 1386
1574010 1390
1574020 1395
1574030 1395
1574040 1397
1574050 1400
1574060 1400
1574070 1407
1574080 1417
1574090 1427
1574100 1427
1574110 1435
1574120 1443
1574130 1443
1574140 1452
1574150 1462
1574160 1462
1574170 1469
1574180 1472
1574190 1472
1574200 1469
1574210 1465
1574220 1465
1574230 1465
1574240 1467
1574250 1467
1574260 1469
1574270 1474
1574280 1474
1574290 1479
1574300 1482
1574310 1482
1574320 1484
1574330 1484
1574340 1484
1574350 1485
1574360 1486
1574370 1486
1574380 1490
1574390 1498
1574400 1504
1574410 1504
1574420 1508
1574430 1512
1574440 1512
1574450 1519
1574460 1533
1574470 1533
1574480 1540
1574490 1540
1574500 1540
1574510 1529
1574520 1517
1574530 1517
1574540 1509
1574550 1506
1574560 1506
1574570 1517
1574580 1521
1574590 1521
1574600 1527
1574610 1533
1574620 1533
1574630 1536
1574640 1532
1574650 1532
1574660 1527
1574670 1524
1574680 1524
1574690 1524
1574700 1527
1574710 1533
1574720 1533
1574730 1538
1574740 1542
1574750 1542
1574760 1545
1574770 1550
1574780 1550
1574790 1557
1574800 1562
1574810 1562
1574820 1556
1574830 1552
1574840 1552
1574850 1547
1574860 1544
1574870 1544
1574880 1551
1574890 1560
1574900 1560
1574910 1567
1574920 1573
1574930 1573
1574940 1580
1574950 1585
1574960 1585
1574970 1592
1574980 1599
1574990 1599
1575000 1599
1575010 1590
1575020 1581
1575030 1581
1575040 1575
1575050 1567
1575060 1567
1575070 1563
1575080 1570
1575090 1570
1575100 1575
1575110 1582
1575120 1582
1575130 1590
1575140 1597
1575150 1597
1575160 1603
1575170 1607
1575180 1607
1575190 1611
1575200 1613
1575210 1613
1575220 1615
1575230 1617
1575240 1617
1575250 1620
1575260 1624
1575270 1624
1575280 1628
1575290 1631
1575300 1634
1575310 1634
1575320 1638
1575330 1640
1575340 1640
1575350 1641
1575360 1641
1575370 1641
1575380 1650
1575390 1654
1575400 1654
1575410 1657
1575420 1661
1575430 1661
1575440 1665
1575450 1670
1575460 1670
1575470 1676
1575480 1680
1575490 1680
1575500 1684
1575510 1688
1575520 1688
1575530 1692
1575540 1696
1575550 1696
1575560 1698
1575570 1701
1575580 1709
1575590 1709
1575600 1719
1575610 1728
1575620 1728
1575630 1736
1575640 1744
1575650 1744
1575660 1751
1575670 1758
1575680 1758
1575690 1765
1575700 1773
1575710 1773
1575720 1779
1575730 1786
1575740 1786
1575750 1793
1575760 1800
1575770 1800
1575780 1807
1575790 1813
1575800 1813
1575810 1820
1575820 1826
1575830 1826
1575840 1832
1575850 1837
1575860 1837
1575870 1841
1575880 1844
1575890 1846
1575900 1846
1575910 1848
1575920 1848
1575930 1848
1575940 1848
1575950 1850
1575960 1850
1575970 1852
1575980 1863
1575990 1863
1576000 1867
1576010 1871
1576020 1871
1576030 1873
1576040 1875
1576050 1875
1576060 1876
1576070 1880
1576080 1880
1576090 1886
1576100 1891
1576110 1891
1576120 1894
1576130 1897
1576140 1897
1576150 1901
1576160 1906
1576170 1906
1576180 1907
1576190 1910
1576200 1914
1576210 1914
1576220 1919
1576230 1926
1576240 1926
1576250 1931
1576260 1937
1576270 1937
1576280 1943
1576290 1946
1576300 1946
1576310 1950
1576320 1954
1576330 1954
1576340 1957
1576350 1961
1576360 1961
1576370 1963
1576380 1967
1576390 1967
1576400 1970
1576410 1971
1576420 1971
1576430 1971
1576440 1966
1576450 1966
1576460 1959
1576470 1956
1576480 1954
1576490 1954
1576500 1954
1576510 1953
1576520 1953
1576530 1946
1576540 1939
1576550 1939
1576560 1932
1576570 1924
1576580 1924
1576590 1917
1576600 1910
1576610 1910
1576620 1903
1576630 1897
1576640 1897
1576650 1893
1576660 1889
1576670 1889
1576680 1884
1576690 1879
1576700 1879
1576710 1875
1576720 1873
1576730 1873
1576740 1870
1576750 1868
1576760 1868
1576770 1867
1576780 1867
1576790 1866
1576800 1866
1576810 1866
1576820 1866
1576830 1866
1576840 1867
1576850 1869
1576860 1869
1576870 1873
1576880 1875
1576890 1875
1576900 1879
1576910 1880
1576920 1880
1576930 1880
1576940 1880
1576950 1880
1576960 1879
1576970 1878
1576980 1878
1576990 1876
1577000 1874
1577010 1874
1577020 1876
1577030 1875
1577040 1875
1577050 1877
1577060 1876
1577070 1876
1577080 1873
1577090 1871
1577100 1872
1577110 1872
1577120 1877
1577130 1880
1577140 1880
1577150 1882
1577160 1882
1577170 1882
1577180 1881
1577190 1879
1577200 1879
1577210 1880
1577220 1881
1577230 1881
1577240 1879
1577250 1874
1577260 1874
1577270 1871
1577280 1870
1577290 1870
1577300 1871
1577310 1868
1577320 1868
1577330 1865
1577340 1860
1577350 1860
1577360 1847
1577370 1837
1577380 1830
1577390 1830
1577400 1824
1577410 1822
1577420 1822
1577430 1822
1577440 1821
1577450 1821
1577460 1818
1577470 1813
1577480 1813
1577490 1813
1577500 1808
1577510 1808
1577520 1803
1577530 1799
1577540 1799
1577550 1798
1577560 1801
1577570 1801
1577580 1803
1577590 1804
1577600 1804
1577610 1804
1577620 1807
1577630 1807
1577640 1809
1577650 1812
1577660 1812
1577670 1816
1577680 1823
1577690 1830
1577700 1830
1577710 1840
1577720 1846
1577730 1846
1577740 1848
1577750 1848
1577760 1848
1577770 1843
1577780 1839
1577790 1839
1577800 1839
1577810 1832
1577820 1832
1577830 1825
1577840 1819
1577850 1819
1577860 1814
1577870 1810
1577880 1810
1577890 1810
1577900 1808
1577910 1808
1577920 1804
1577930 1801
1577940 1801
1577950 1794
1577960 1786
1577970 1786
1577980 1777
1577990 1769
1578000 1761
1578010 1761
1578020 1754
1578030 1750
1578040 1750
1578050 1750
1578060 1750
1578070 1750
1578080 1749
1578090 1752
1578100 1752
1578110 1754
1578120 1756
1578130 1756
1578140 1751
1578150 1743
1578160 1743
1578170 1744
1578180 1743
1578190 1743
1578200 1737
1578210 1734
1578220 1734
1578230 1731
1578240 1723
1578250 1723
1578260 1717
1578270 1705
1578280 1695
1578290 1695
1578300 1686
1578310 1677
1578320 1677
1578330 1672
1578340 1667
1578350 1667
1578360 1656
1578370 1635
1578380 1635
1578390 1624
1578400 1616
1578410 1616
1578420 1612
1578430 1608
1578440 1608
1578450 1603
1578460 1599
1578470 1599
1578480 1598
1578490 1596
1578500 1596
1578510 1597
1578520 1594
1578530 1594
1578540 1592
1578550 1593
1578560 1593
1578570 1597
1578580 1603
1578590 1608
1578600 1608
1578610 1611
1578620 1615
1578630 1615
1578640 1619
1578650 1621
1578660 1621
1578670 1624
1578680 1625
1578690 1625
1578700 1624
1578710 1623
1578720 1623
1578730 1623
1578740 1623
1578750 1623
1578760 1622
1578770 1623
1578780 1623
1578790 1625
1578800 1629
1578810 1629
1578820 1633
1578830 1637
1578840 1637
1578850 1644
1578860 1652
1578870 1652
1578880 1660
1578890 1668
1578900 1677
1578910 1677
1578920 1686
1578930 1699
1578940 1699
1578950 1710
1578960 1717
1578970 1717
1578980 1723
1578990 1728
1579000 1728
1579010 1734
1579020 1738
1579030 1738
1579040 1742
1579050 1745
1579060 1745
1579070 1748
1579080 1752
1579090 1752
1579100 1754
1579110 1757
1579120 1757
1579130 1762
1579140 1766
1579150 1766
1579160 1769
1579170 1771
1579180 1772
1579190 1772
1579200 1770
1579210 1770
1579220 1770
1579230 1770
1579240 1770
1579250 1770
1579260 1759
1579270 1748
1579280 1748
1579290 1744
1579300 1742
1579310 1742
1579320 1742
1579330 1737
1579340 1737
1579350 1728
1579360 1720
1579370 1720
1579380 1713
1579390 1706
1579400 1706
1579410 1700
1579420 1694
1579430 1694
1579440 1688
1579450 1681
1579460 1681
1579470 1672
1579480 1663
1579490 1655
1579500 1655
1579510 1647
1579520 1640
1579530 1640
1579540 1634
1579550 1630
1579560 1630
1579570 1627
1579580 1623
1579590 1623
1579600 1619
1579610 1615
1579620 1615
1579630 1612
1579640 1608
1579650 1608
1579660 1611
1579670 1615
1579680 1615
1579690 1618
1579700 1620
1579710 1620
1579720 1623
1579730 1626
1579740 1626
1579750 1629
1579760 1628
1579770 1628
1579780 1626
1579790 1625
1579800 1626
1579810 1626
1579820 1626
1579830 1627
1579840 1627
1579850 1630
1579860 1634
1579870 1634
1579880 1640
1579890 1638
1579900 1638
1579910 1630
1579920 1627
1579930 1627
1579940 1626
1579950 1625
1579960 1625
1579970 1623
1579980 1622
1579990 1622
