1560000 1506
1560010 1506
1560020 1503
1560030 1500
1560040 1500
1560050 1497
1560060 1494
1560070 1494
1560080 1488
1560090 1484
1560100 1483
1560110 1483
1560120 1481
1560130 1479
1560140 1479
1560150 1477
1560160 1475
1560170 1475
1560180 1472
1560190 1470
1560200 1470
1560210 1467
1560220 1464
1560230 1464
1560240 1462
1560250 1461
1560260 1461
1560270 1460
1560280 1458
1560290 1458
1560300 1453
1560310 1448
1560320 1448
1560330 1452
1560340 1455
1560350 1448
1560360 1450
1560370 1450
1560380 1450
1560390 1449
1560400 1449
1560410 1450
1560420 1450
1560430 1455
1560440 1459
1560450 1459
1560460 1462
1560470 1466
1560480 1466
1560490 1471
1560500 1476
1560510 1476
1560520 1480
1560530 1487
1560540 1487
1560550 1494
1560560 1502
1560570 1502
1560580 1513
1560590 1523
1560600 1523
1560610 1532
1560620 1539
1560630 1539
1560640 1545
1560650 1555
1560660 1555
1560670 1568
1560680 1568
1560690 1568
1560700 1579
1560710 1587
1560720 1594
1560730 1594
1560740 1598
1560750 1602
1560760 1602
1560770 1606
1560780 1612
1560790 1612
1560800 1618
1560810 1625
1560820 1625
1560830 1630
1560840 1632
1560850 1632
1560860 1633
1560870 1633
1560880 1633
1560890 1633
1560900 1633
1560910 1633
1560920 1633
1560930 1634
1560940 1634
1560950 1633
1560960 1633
1560970 1633
1560980 1632
1560990 1632
1561000 1632
1561010 1631
1561020 1630
1561030 1628
1561040 1628
1561050 1625
1561060 1620
1561070 1620
1561080 1614
1561090 1608
1561100 1608
1561110 1602
1561120 1598
1561130 1598
1561140 1593
1561150 1588
1561160 1588
1561170 1582
1561180 1575
1561190 1575
1561200 1570
1561210 1569
1561220 1569
1561230 1566
1561240 1561
1561250 1561
1561260 1558
1561270 1556
1561280 1556
1561290 1554
1561300 1552
1561310 1552
1561320 1550
1561330 1548
1561340 1547
1561350 1547
1561360 1548
1561370 1547
1561380 1547
1561390 1546
1561400 1546
1561410 1546
1561420 1546
1561430 1545
1561440 1545
1561450 1538
1561460 1528
1561470 1528
1561480 1517
1561490 1508
1561500 1508
1561510 1498
1561520 1488
1561530 1488
1561540 1478
1561550 1467
1561560 1467
1561570 1460
1561580 1453
1561590 1453
1561600 1443
1561610 1434
1561620 1426
1561630 1426
1561640 1419
1561650 1410
1561660 1410
1561670 1402
1561680 1394
1561690 1394
1561700 1387
1561710 1380
1561720 1380
1561730 1373
1561740 1365
1561750 1365
1561760 1358
1561770 1351
1561780 1351
1561790 1342
1561800 1335
1561810 1335
1561820 1327
1561830 1319
1561840 1319
1561850 1313
1561860 1310
1561870 1310
1561880 1305
1561890 1298
1561900 1298
1561910 1290
1561920 1283
1561930 1277
1561940 1277
1561950 1271
1561960 1264
1561970 1264
1561980 1257
1561990 1250
1562000 1250
1562010 1241
1562020 1235
1562030 1235
1562040 1230
1562050 1223
1562060 1223
1562070 1218
1562080 1213
1562090 1213
1562100 1208
1562110 1204
1562120 1204
1562130 1200
1562140 1196
1562150 1196
1562160 1194
1562170 1192
1562180 1192
1562190 1189
1562200 1190
1562210 1190
1562220 1188
1562230 1184
1562240 1183
1562250 1183
1562260 1190
1562270 1198
1562280 1198
1562290 1203
1562300 1207
1562310 1207
1562320 1209
1562330 1212
1562340 1212
1562350 1215
1562360 1218
1562370 1218
1562380 1221
1562390 1225
1562400 1225
1562410 1230
1562420 1235
1562430 1235
1562440 1241
1562450 1246
1562460 1246
1562470 1251
1562480 1255
1562490 1255
1562500 1259
1562510 1264
1562520 1264
1562530 1269
1562540 1274
1562550 1281
1562560 1281
1562570 1287
1562580 1293
1562590 1293
1562600 1301
1562610 1308
1562620 1308
1562630 1317
1562640 1325
1562650 1325
1562660 1333
1562670 1341
1562680 1341
1562690 1350
1562700 1358
1562710 1358
1562720 1367
1562730 1378
1562740 1378
1562750 1389
1562760 1404
1562770 1404
1562780 1415
1562790 1425
1562800 1425
1562810 1432
1562820 1436
1562830 1440
1562840 1440
1562850 1444
1562860 1450
1562870 1450
1562880 1457
1562890 1465
1562900 1465
1562910 1474
1562920 1481
1562930 1481
1562940 1486
1562950 1493
1562960 1493
1562970 1498
1562980 1503
1562990 1503
1563000 1512
1563010 1519
1563020 1519
1563030 1523
1563040 1529
1563050 1529
1563060 1533
1563070 1537
1563080 1537
1563090 1543
1563100 1551
1563110 1551
1563120 1558
1563130 1565
1563140 1573
1563150 1573
1563160 1581
1563170 1591
1563180 1591
1563190 1599
1563200 1607
1563210 1607
1563220 1614
1563230 1621
1563240 1621
1563250 1629
1563260 1638
1563270 1638
1563280 1647
1563290 1656
1563300 1656
1563310 1664
1563320 1672
1563330 1672
1563340 1680
1563350 1692
1563360 1692
1563370 1705
1563380 1716
1563390 1716
1563400 1722
1563410 1729
1563420 1729
1563430 1734
1563440 1740
1563450 1741
1563460 1741
1563470 1736
1563480 1732
1563490 1732
1563500 1727
1563510 1722
1563520 1722
1563530 1715
1563540 1709
1563550 1709
1563560 1704
1563570 1700
1563580 1700
1563590 1696
1563600 1693
1563610 1693
1563620 1691
1563630 1689
1563640 1683
1563650 1681
1563660 1680
1563670 1680
1563680 1678
1563690 1676
1563700 1676
1563710 1675
1563720 1676
1563730 1676
1563740 1677
1563750 1677
1563760 1679
1563770 1679
1563780 1680
1563790 1680
1563800 1680
1563810 1681
1563820 1680
1563830 1680
1563840 1679
1563850 1677
1563860 1677
1563870 1676
1563880 1676
1563890 1676
1563900 1676
1563910 1676
1563920 1676
1563930 1678
1563940 1678
1563950 1678
1563960 1679
1563970 1680
1563980 1680
1563990 1680
1564000 1679
1564010 1679
1564020 1678
1564030 1674
1564040 1671
1564050 1671
1564060 1666
1564070 1660
1564080 1660
1564090 1654
1564100 1646
1564110 1646
1564120 1639
1564130 1634
1564140 1634
1564150 1628
1564160 1622
1564170 1622
1564180 1615
1564190 1607
1564200 1607
1564210 1599
1564220 1592
1564230 1592
1564240 1585
1564250 1579
1564260 1579
1564270 1574
1564280 1568
1564290 1568
1564300 1562
1564310 1556
1564320 1556
1564330 1549
1564340 1543
1564350 1538
1564360 1538
1564370 1532
1564380 1527
1564390 1527
1564400 1520
1564410 1514
1564420 1514
1564430 1507
1564440 1501
1564450 1501
1564460 1495
1564470 1489
1564480 1489
1564490 1482
1564500 1475
1564510 1475
1564520 1468
1564530 1461
1564540 1461
1564550 1455
1564560 1449
1564570 1449
1564580 1437
1564590 1425
1564600 1425
1564610 1416
1564620 1408
1564630 1408
1564640 1398
1564650 1387
1564660 1378
1564670 1378
1564680 1371
1564690 1365
1564700 1365
1564710 1359
1564720 1354
1564730 1354
1564740 1348
1564750 1342
1564760 1342
1564770 1336
1564780 1331
1564790 1331
1564800 1326
1564810 1322
1564820 1322
1564830 1317
1564840 1314
1564850 1314
1564860 1309
1564870 1304
1564880 1304
1564890 1300
1564900 1294
1564910 1294
1564920 1289
1564930 1283
1564940 1283
1564950 1279
1564960 1275
1564970 1271
1564980 1271
1564990 1271
1565000 1275
1565010 1275
1565020 1281
1565030 1287
1565040 1287
1565050 1288
1565060 1287
1565070 1287
1565080 1283
1565090 1260
1565100 1260
1565110 1244
1565120 1234
1565130 1234
1565140 1225
1565150 1219
1565160 1219
1565170 1210
1565180 1202
1565190 1202
1565200 1192
1565210 1186
1565220 1186
1565230 1191
1565240 1200
1565250 1206
1565260 1206
1565270 1210
1565280 1212
1565290 1212
1565300 1217
1565310 1224
1565320 1224
1565330 1232
1565340 1239
1565350 1239
1565360 1247
1565370 1251
1565380 1251
1565390 1258
1565400 1268
1565410 1268
1565420 1277
1565430 1285
1565440 1285
1565450 1295
1565460 1304
1565470 1304
1565480 1312
1565490 1320
1565500 1320
1565510 1329
1565520 1338
1565530 1338
1565540 1347
1565550 1355
1565560 1365
1565570 1365
1565580 1374
1565590 1382
1565600 1382
1565610 1392
1565620 1402
1565630 1402
1565640 1413
1565650 1428
1565660 1428
1565670 1438
1565680 1448
1565690 1448
1565700 1461
1565710 1475
1565720 1475
1565730 1482
1565740 1488
1565750 1488
1565760 1492
1565770 1499
1565780 1499
1565790 1505
1565800 1514
1565810 1514
1565820 1520
1565830 1527
1565840 1527
1565850 1531
1565860 1536
1565870 1541
1565880 1541
1565890 1543
1565900 1546
1565910 1546
1565920 1550
1565930 1552
1565940 1552
1565950 1553
1565960 1552
1565970 1552
1565980 1548
1565990 1543
1566000 1543
1566010 1538
1566020 1533
1566030 1533
1566040 1528
1566050 1526
1566060 1526
1566070 1525
1566080 1524
1566090 1524
1566100 1523
1566110 1520
1566120 1520
1566130 1518
1566140 1518
1566150 1518
1566160 1516
1566170 1515
1566180 1513
1566190 1513
1566200 1513
1566210 1513
1566220 1513
1566230 1519
1566240 1524
1566250 1524
1566260 1527
1566270 1531
1566280 1531
1566290 1536
1566300 1540
1566310 1540
1566320 1545
1566330 1550
1566340 1550
1566350 1554
1566360 1559
1566370 1559
1566380 1564
1566390 1570
1566400 1570
1566410 1576
1566420 1582
1566430 1582
1566440 1589
1566450 1595
1566460 1595
1566470 1602
1566480 1610
1566490 1616
1566500 1616
1566510 1622
1566520 1629
1566530 1629
1566540 1636
1566550 1642
1566560 1642
1566570 1649
1566580 1657
1566590 1657
1566600 1663
1566610 1670
1566620 1670
1566630 1676
1566640 1683
1566650 1683
1566660 1689
1566670 1696
1566680 1696
1566690 1703
1566700 1709
1566710 1709
1566720 1714
1566730 1720
1566740 1720
1566750 1725
1566760 1730
1566770 1734
1566780 1734
1566790 1738
1566800 1742
1566810 1743
1566820 1745
1566830 1742
1566840 1742
1566850 1737
1566860 1735
1566870 1735
1566880 1734
1566890 1733
1566900 1733
1566910 1734
1566920 1735
1566930 1735
1566940 1737
1566950 1737
1566960 1737
1566970 1738
1566980 1739
1566990 1739
1567000 1743
1567010 1745
1567020 1745
1567030 1748
1567040 1751
1567050 1751
1567060 1754
1567070 1758
1567080 1761
1567090 1761
1567100 1765
1567110 1768
1567120 1768
1567130 1772
1567140 1777
1567150 1777
1567160 1781
1567170 1785
1567180 1785
1567190 1789
1567200 1798
1567210 1798
1567220 1807
1567230 1815
1567240 1815
1567250 1820
1567260 1827
1567270 1827
1567280 1836
1567290 1843
1567300 1843
1567310 1849
1567320 1855
1567330 1855
1567340 1860
1567350 1866
1567360 1866
1567370 1871
1567380 1878
1567390 1883
1567400 1883
1567410 1888
1567420 1893
1567430 1893
1567440 1898
1567450 1901
1567460 1901
1567470 1905
1567480 1903
1567490 1903
1567500 1897
1567510 1892
1567520 1892
1567530 1885
1567540 1879
1567550 1879
1567560 1872
1567570 1867
1567580 1867
1567590 1860
1567600 1855
1567610 1855
1567620 1851
1567630 1846
1567640 1846
1567650 1844
1567660 1844
1567670 1844
1567680 1844
1567690 1844
1567700 1844
1567710 1844
1567720 1844
1567730 1844
1567740 1844
1567750 1844
1567760 1844
1567770 1844
1567780 1845
1567790 1846
1567800 1846
1567810 1847
1567820 1847
1567830 1847
1567840 1845
1567850 1843
1567860 1843
1567870 1843
1567880 1843
1567890 1843
1567900 1843
1567910 1843
1567920 1843
1567930 1843
1567940 1843
1567950 1843
1567960 1843
1567970 1842
1567980 1840
1567990 1840
1568000 1839
1568010 1838
1568020 1838
1568030 1835
1568040 1833
1568050 1833
1568060 1830
1568070 1829
1568080 1829
1568090 1828
1568100 1829
1568110 1829
1568120 1831
1568130 1833
1568140 1833
1568150 1834
1568160 1835
1568170 1835
1568180 1837
1568190 1841
1568200 1841
1568210 1844
1568220 1845
1568230 1845
1568240 1847
1568250 1849
1568260 1849
1568270 1850
1568280 1852
1568290 1854
1568300 1854
1568310 1855
1568320 1855
1568330 1855
1568340 1855
1568350 1853
1568360 1853
1568370 1853
1568380 1852
1568390 1852
1568400 1851
1568410 1847
1568420 1847
1568430 1843
1568440 1837
1568450 1837
1568460 1829
1568470 1820
1568480 1820
1568490 1812
1568500 1805
1568510 1805
1568520 1798
1568530 1790
1568540 1790
1568550 1783
1568560 1776
1568570 1776
1568580 1769
1568590 1763
1568600 1756
1568610 1756
1568620 1750
1568630 1745
1568640 1745
1568650 1741
1568660 1737
1568670 1737
1568680 1734
1568690 1731
1568700 1731
1568710 1727
1568720 1724
1568730 1724
1568740 1722
1568750 1720
1568760 1720
1568770 1720
1568780 1719
1568790 1719
1568800 1719
1568810 1719
1568820 1719
1568830 1719
1568840 1719
1568850 1719
1568860 1719
1568870 1718
1568880 1718
1568890 1718
1568900 1720
1568910 1722
1568920 1722
1568930 1723
1568940 1725
1568950 1725
1568960 1728
1568970 1730
1568980 1730
1568990 1729
1569000 1726
1569010 1726
1569020 1722
1569030 1717
1569040 1717
1569050 1712
1569060 1707
1569070 1707
1569080 1701
1569090 1695
1569100 1695
1569110 1689
1569120 1685
1569130 1685
1569140 1681
1569150 1677
1569160 1677
1569170 1674
1569180 1670
1569190 1665
1569200 1665
1569210 1661
1569220 1660
1569230 1660
1569240 1658
1569250 1656
1569260 1656
1569270 1651
1569280 1643
1569290 1643
1569300 1635
1569310 1628
1569320 1628
1569330 1623
1569340 1619
1569350 1619
1569360 1617
1569370 1614
1569380 1614
1569390 1612
1569400 1610
1569410 1610
1569420 1609
1569430 1605
1569440 1605
1569450 1604
1569460 1606
1569470 1606
1569480 1605
1569490 1605
1569500 1606
1569510 1606
1569520 1607
1569530 1605
1569540 1605
1569550 1606
1569560 1611
1569570 1611
1569580 1617
1569590 1623
1569600 1623
1569610 1631
1569620 1640
1569630 1640
1569640 1648
1569650 1656
1569660 1656
1569670 1664
1569680 1668
1569690 1668
1569700 1667
1569710 1664
1569720 1664
1569730 1661
1569740 1657
1569750 1657
1569760 1653
1569770 1650
1569780 1650
1569790 1646
1569800 1643
1569810 1638
1569820 1638
1569830 1635
1569840 1631
1569850 1631
1569860 1629
1569870 1626
1569880 1626
1569890 1623
1569900 1619
1569910 1619
1569920 1615
1569930 1611
1569940 1611
1569950 1607
1569960 1602
1569970 1602
1569980 1597
1569990 1590
1570000 1590
1570010 1583
1570020 1576
1570030 1576
1570040 1570
1570050 1562
1570060 1562
1570070 1555
1570080 1547
1570090 1547
1570100 1540
1570110 1533
1570120 1526
1570130 1526
1570140 1520
1570150 1514
1570160 1514
1570170 1508
1570180 1501
1570190 1501
1570200 1494
1570210 1488
1570220 1488
1570230 1482
1570240 1476
1570250 1476
1570260 1470
1570270 1464
1570280 1464
1570290 1457
1570300 1451
1570310 1451
1570320 1445
1570330 1439
1570340 1439
1570350 1433
1570360 1427
1570370 1427
1570380 1421
1570390 1415
1570400 1408
1570410 1408
1570420 1403
1570430 1398
1570440 1398
1570450 1393
1570460 1388
1570470 1388
1570480 1383
1570490 1377
1570500 1377
1570510 1371
1570520 1365
1570530 1365
1570540 1358
1570550 1352
1570560 1352
1570570 1347
1570580 1341
1570590 1341
1570600 1336
1570610 1333
1570620 1333
1570630 1329
1570640 1324
1570650 1324
1570660 1318
1570670 1312
1570680 1312
1570690 1305
1570700 1299
1570710 1292
1570720 1292
1570730 1284
1570740 1278
1570750 1278
1570760 1270
1570770 1263
1570780 1263
1570790 1255
1570800 1247
1570810 1247
1570820 1237
1570830 1230
1570840 1230
1570850 1223
1570860 1216
1570870 1216
1570880 1207
1570890 1200
1570900 1200
1570910 1193
1570920 1186
1570930 1186
1570940 1178
1570950 1171
1570960 1171
1570970 1163
1570980 1157
1570990 1157
1571000 1150
1571010 1146
1571020 1142
1571030 1142
1571040 1138
1571050 1134
1571060 1134
1571070 1129
1571080 1124
1571090 1124
1571100 1119
1571110 1114
1571120 1114
1571130 1109
1571140 1104
1571150 1104
1571160 1099
1571170 1094
1571180 1094
1571190 1089
1571200 1084
1571210 1084
1571220 1078
1571230 1073
1571240 1073
1571250 1068
1571260 1063
1571270 1063
1571280 1058
1571290 1054
1571300 1054
1571310 1049
1571320 1043
1571330 1038
1571340 1039
1571350 1034
1571360 1029
1571370 1029
1571380 1024
1571390 1019
1571400 1019
1571410 1011
1571420 1004
1571430 1004
1571440 1000
1571450 993
1571460 993
1571470 989
1571480 982
1571490 982
1571500 977
1571510 972
1571520 972
1571530 966
1571540 958
1571550 958
1571560 953
1571570 954
1571580 954
1571590 951
1571600 943
1571610 943
1571620 935
1571630 928
1571640 922
1571650 922
1571660 915
1571670 910
1571680 910
1571690 903
1571700 898
1571710 898
1571720 895
1571730 895
1571740 895
1571750 895
1571760 893
1571770 893
1571780 892
1571790 890
1571800 890
1571810 882
1571820 880
1571830 880
1571840 876
1571850 876
1571860 876
1571870 883
1571880 887
1571890 887
1571900 889
1571910 892
1571920 897
1571930 897
1571940 903
1571950 907
1571960 907
1571970 911
1571980 914
1571990 914
1572000 917
1572010 922
1572020 922
1572030 927
1572040 929
1572050 929
1572060 930
1572070 932
1572080 932
1572090 933
1572100 934
1572110 934
1572120 936
1572130 938
1572140 938
1572150 939
1572160 941
1572170 941
1572180 943
1572190 945
1572200 945
1572210 947
1572220 950
1572230 953
1572240 953
1572250 957
1572260 962
1572270 962
1572280 967
1572290 971
1572300 971
1572310 980
1572320 987
1572330 987
1572340 993
1572350 999
1572360 999
1572370 1006
1572380 1013
1572390 1013
1572400 1020
1572410 1027
1572420 1027
1572430 1033
1572440 1041
1572450 1041
1572460 1048
1572470 1056
1572480 1056
1572490 1064
1572500 1072
1572510 1072
1572520 1080
1572530 1088
1572540 1096
1572550 1096
1572560 1101
1572570 1106
1572580 1106
1572590 1111
1572600 1116
1572610 1116
1572620 1123
1572630 1128
1572640 1128
1572650 1133
1572660 1140
1572670 1140
1572680 1148
1572690 1154
1572700 1154
1572710 1161
1572720 1167
1572730 1167
1572740 1174
1572750 1181
1572760 1181
1572770 1188
1572780 1192
1572790 1192
1572800 1200
1572810 1206
1572820 1206
1572830 1211
1572840 1217
1572850 1224
1572860 1224
1572870 1229
1572880 1234
1572890 1234
1572900 1239
1572910 1244
1572920 1244
1572930 1249
1572940 1253
1572950 1253
1572960 1256
1572970 1260
1572980 1260
1572990 1264
1573000 1268
1573010 1268
1573020 1271
1573030 1274
1573040 1274
1573050 1277
1573060 1279
1573070 1279
1573080 1283
1573090 1287
1573100 1287
1573110 1290
1573120 1294
1573130 1298
1573140 1298
1573150 1302
1573160 1305
1573170 1305
1573180 1308
1573190 1311
1573200 1311
1573210 1315
1573220 1318
1573230 1318
1573240 1322
1573250 1326
1573260 1326
1573270 1330
1573280 1334
1573290 1334
1573300 1339
1573310 1344
1573320 1344
1573330 1349
1573340 1353
1573350 1353
1573360 1358
1573370 1363
1573380 1363
1573390 1366
1573400 1370
1573410 1370
1573420 1375
1573430 1381
1573440 1389
1573450 1389
1573460 1391
1573470 1393
1573480 1393
1573490 1401
1573500 1410
1573510 1410
1573520 1418
1573530 1426
1573540 1426
1573550 1434
1573560 1442
1573570 1442
1573580 1450
1573590 1457
1573600 1457
1573610 1466
1573620 1474
1573630 1474
1573640 1483
1573650 1490
1573660 1490
1573670 1496
1573680 1501
1573690 1501
1573700 1505
1573710 1512
1573720 1512
1573730 1519
1573740 1524
1573750 1529
1573760 1529
1573770 1536
1573780 1545
1573790 1545
1573800 1555
1573810 1563
1573820 1563
1573830 1571
1573840 1580
1573850 1580
1573860 1590
1573870 1598
1573880 1598
1573890 1605
1573900 1613
1573910 1613
1573920 1618
1573930 1623
1573940 1623
1573950 1627
1573960 1634
1573970 1634
1573980 1640
1573990 1644
1574000 1644
1574010 1648
1574020 1651
1574030 1651
1574040 1656
1574050 1667
1574060 1675
1574070 1675
1574080 1684
1574090 1693
1574100 1693
1574110 1702
1574120 1711
1574130 1711
1574140 1718
1574150 1725
1574160 1725
1574170 1733
1574180 1739
1574190 1739
1574200 1745
1574210 1752
1574220 1752
1574230 1758
1574240 1768
1574250 1768
1574260 1775
1574270 1782
1574280 1782
1574290 1783
1574300 1780
1574310 1780
1574320 1786
1574330 1786
1574340 1786
1574350 1789
1574360 1796
1574370 1801
1574380 1801
1574390 1807
1574400 1809
1574410 1809
1574420 1811
1574430 1810
1574440 1810
1574450 1806
1574460 1808
1574470 1808
1574480 1812
1574490 1816
1574500 1816
1574510 1822
1574520 1830
1574530 1830
1574540 1838
1574550 1846
1574560 1846
1574570 1853
1574580 1857
1574590 1857
1574600 1865
1574610 1874
1574620 1874
1574630 1884
1574640 1892
1574650 1900
1574660 1900
1574670 1907
1574680 1915
1574690 1915
1574700 1921
1574710 1924
1574720 1924
1574730 1924
1574740 1926
1574750 1926
1574760 1930
1574770 1931
1574780 1931
1574790 1925
1574800 1923
1574810 1923
1574820 1922
1574830 1909
1574840 1909
1574850 1889
1574860 1875
1574870 1875
1574880 1861
1574890 1849
1574900 1849
1574910 1842
1574920 1835
1574930 1835
1574940 1829
1574950 1826
1574960 1815
1574970 1815
1574980 1804
1574990 1791
1575000 1791
1575010 1784
1575020 1778
1575030 1778
1575040 1770
1575050 1763
1575060 1763
1575070 1756
1575080 1751
1575090 1751
1575100 1748
1575110 1749
1575120 1749
1575130 1751
1575140 1752
1575150 1752
1575160 1750
1575170 1747
1575180 1747
1575190 1744
1575200 1740
1575210 1740
1575220 1737
1575230 1733
1575240 1733
1575250 1731
1575260 1731
1575270 1730
1575280 1730
1575290 1730
1575300 1730
1575310 1730
1575320 1730
1575330 1730
1575340 1730
1575350 1730
1575360 1730
1575370 1730
1575380 1730
1575390 1731
1575400 1731
1575410 1734
1575420 1737
1575430 1737
1575440 1742
1575450 1746
1575460 1746
1575470 1748
1575480 1751
1575490 1751
1575500 1753
1575510 1756
1575520 1756
1575530 1757
1575540 1759
1575550 1759
1575560 1760
1575570 1759
1575580 1757
1575590 1757
1575600 1757
1575610 1762
1575620 1762
1575630 1769
1575640 1775
1575650 1773
1575660 1777
1575670 1781
1575680 1781
1575690 1788
1575700 1795
1575710 1795
1575720 1802
1575730 1810
1575740 1810
1575750 1820
1575760 1831
1575770 1831
1575780 1843
1575790 1852
1575800 1852
1575810 1862
1575820 1872
1575830 1872
1575840 1886
1575850 1899
1575860 1906
1575870 1906
1575880 1907
1575890 1905
1575900 1905
1575910 1901
1575920 1886
1575930 1886
1575940 1868
1575950 1853
1575960 1853
1575970 1842
1575980 1829
1575990 1829
1576000 1819
1576010 1806
1576020 1806
1576030 1794
1576040 1785
1576050 1785
1576060 1777
1576070 1768
1576080 1768
1576090 1761
1576100 1755
1576110 1755
1576120 1749
1576130 1743
1576140 1743
1576150 1735
1576160 1724
1576170 1715
1576180 1715
1576190 1708
1576200 1701
1576210 1701
1576220 1696
1576230 1691
1576240 1691
1576250 1686
1576260 1683
1576270 1683
1576280 1679
1576290 1673
1576300 1673
1576310 1667
1576320 1662
1576330 1662
1576340 1661
1576350 1660
1576360 1660
1576370 1660
1576380 1660
1576390 1660
1576400 1661
1576410 1664
1576420 1664
1576430 1668
1576440 1672
1576450 1672
1576460 1677
1576470 1683
1576480 1688
1576490 1688
1576500 1695
1576510 1708
1576520 1708
1576530 1722
1576540 1731
1576550 1731
1576560 1735
1576570 1734
1576580 1734
1576590 1731
1576600 1727
1576610 1727
1576620 1722
1576630 1718
1576640 1718
1576650 1713
1576660 1708
1576670 1708
1576680 1703
1576690 1697
1576700 1697
1576710 1691
1576720 1685
1576730 1685
1576740 1680
1576750 1674
1576760 1674
1576770 1669
1576780 1664
1576790 1659
1576800 1659
1576810 1652
1576820 1644
1576830 1644
1576840 1636
1576850 1629
1576860 1629
1576870 1620
1576880 1611
1576890 1611
1576900 1601
1576910 1591
1576920 1591
1576930 1582
1576940 1573
1576950 1573
1576960 1564
1576970 1555
1576980 1555
1576990 1549
1577000 1547
1577010 1547
1577020 1543
1577030 1539
1577040 1530
1577050 1526
1577060 1521
1577070 1521
1577080 1516
1577090 1510
1577100 1502
1577110 1502
1577120 1496
1577130 1492
1577140 1492
1577150 1487
1577160 1480
1577170 1480
1577180 1474
1577190 1471
1577200 1471
1577210 1467
1577220 1460
1577230 1460
1577240 1454
1577250 1448
1577260 1448
1577270 1443
1577280 1438
1577290 1438
1577300 1433
1577310 1427
1577320 1427
1577330 1422
1577340 1419
1577350 1419
1577360 1414
1577370 1411
1577380 1407
1577390 1407
1577400 1402
1577410 1397
1577420 1397
1577430 1393
1577440 1388
1577450 1388
1577460 1383
1577470 1379
1577480 1379
1577490 1373
1577500 1369
1577510 1369
1577520 1366
1577530 1363
1577540 1363
1577550 1362
1577560 1359
1577570 1359
1577580 1355
1577590 1351
1577600 1351
1577610 1346
1577620 1341
1577630 1341
1577640 1338
1577650 1335
1577660 1335
1577670 1334
1577680 1333
1577690 1331
1577700 1331
1577710 1331
1577720 1330
1577730 1330
1577740 1329
1577750 1327
1577760 1327
1577770 1324
1577780 1321
1577790 1321
1577800 1318
1577810 1313
1577820 1313
1577830 1308
1577840 1307
1577850 1307
1577860 1308
1577870 1306
1577880 1306
1577890 1303
1577900 1303
1577910 1303
1577920 1303
1577930 1303
1577940 1303
1577950 1302
1577960 1301
1577970 1301
1577980 1300
1577990 1298
1578000 1297
1578010 1297
1578020 1295
1578030 1294
1578040 1294
1578050 1296
1578060 1299
1578070 1299
1578080 1303
1578090 1304
1578100 1304
1578110 1306
1578120 1307
1578130 1307
1578140 1308
1578150 1309
1578160 1309
1578170 1310
1578180 1312
1578190 1312
1578200 1314
1578210 1316
1578220 1316
1578230 1317
1578240 1319
1578250 1319
1578260 1320
1578270 1322
1578280 1322
1578290 1324
1578300 1326
1578310 1328
1578320 1328
1578330 1330
1578340 1332
1578350 1332
1578360 1334
1578370 1336
1578380 1336
1578390 1338
1578400 1340
1578410 1343
1578420 1346
1578430 1348
1578440 1348
1578450 1353
1578460 1357
1578470 1357
1578480 1359
1578490 1365
1578500 1365
1578510 1369
1578520 1375
1578530 1375
1578540 1381
1578550 1386
1578560 1386
1578570 1391
1578580 1396
1578590 1402
1578600 1402
1578610 1407
1578620 1412
1578630 1412
1578640 1418
1578650 1424
1578660 1424
1578670 1430
1578680 1436
1578690 1436
1578700 1442
1578710 1446
1578720 1446
1578730 1452
1578740 1455
1578750 1455
1578760 1459
1578770 1463
1578780 1463
1578790 1469
1578800 1477
1578810 1477
1578820 1484
1578830 1491
1578840 1491
1578850 1499
1578860 1507
1578870 1507
1578880 1515
1578890 1523
1578900 1531
1578910 1531
1578920 1540
1578930 1551
1578940 1551
1578950 1560
1578960 1565
1578970 1565
1578980 1570
1578990 1575
1579000 1575
1579010 1580
1579020 1584
1579030 1584
1579040 1587
1579050 1589
1579060 1589
1579070 1590
1579080 1591
1579090 1591
1579100 1595
1579110 1601
1579120 1601
1579130 1608
1579140 1619
1579150 1619
1579160 1630
1579170 1640
1579180 1640
1579190 1647
1579200 1656
1579210 1665
1579220 1665
1579230 1673
1579240 1682
1579250 1682
1579260 1689
1579270 1696
1579280 1696
1579290 1703
1579300 1712
1579310 1712
1579320 1720
1579330 1727
1579340 1727
1579350 1734
1579360 1741
1579370 1741
1579380 1747
1579390 1752
1579400 1752
1579410 1756
1579420 1758
1579430 1758
1579440 1760
1579450 1762
1579460 1762
1579470 1764
1579480 1766
1579490 1766
1579500 1767
1579510 1769
1579520 1770
1579530 1770
1579540 1770
1579550 1771
1579560 1771
1579570 1771
1579580 1772
1579590 1772
1579600 1771
1579610 1770
1579620 1770
1579630 1769
1579640 1767
1579650 1767
1579660 1765
1579670 1764
1579680 1764
1579690 1763
1579700 1762
1579710 1762
1579720 1760
1579730 1758
1579740 1758
1579750 1755
1579760 1760
1579770 1760
1579780 1758
1579790 1759
1579800 1757
1579810 1757
1579820 1757
1579830 1757
1579840 1757
1579850 1757
1579860 1755
1579870 1755
1579880 1755
1579890 1758
1579900 1758
1579910 1761
1579920 1764
1579930 1764
1579940 1766
1579950 1768
1579960 1768
1579970 1770
1579980 1772
1579990 1772
