1560000 1143
1560010 1139
1560020 1135
1560030 1135
1560040 1131
1560050 1128
1560060 1128
1560070 1124
1560080 1119
1560090 1119
1560100 1116
1560110 1110
1560120 1110
1560130 1106
1560140 1102
1560150 1102
1560160 1098
1560170 1093
1560180 1093
1560190 1089
1560200 1085
1560210 1080
1560220 1080
1560230 1076
1560240 1071
1560250 1071
1560260 1067
1560270 1062
1560280 1062
1560290 1057
1560300 1052
1560310 1052
1560320 1047
1560330 1041
1560340 1041
1560350 1035
1560360 1028
1560370 1028
1560380 1024
1560390 1019
1560400 1019
1560410 1013
1560420 1006
1560430 1006
1560440 1000
1560450 993
1560460 993
1560470 986
1560480 978
1560490 978
1560500 971
1560510 960
1560520 953
1560530 953
1560540 944
1560550 935
1560560 935
1560570 931
1560580 930
1560590 930
1560600 933
1560610 938
1560620 938
1560630 943
1560640 948
1560650 948
1560660 950
1560670 952
1560680 952
1560690 954
1560700 957
1560710 957
1560720 961
1560730 968
1560740 968
1560750 970
1560760 967
1560770 967
1560780 962
1560790 959
1560800 959
1560810 959
1560820 957
1560830 959
1560840 959
1560850 962
1560860 963
1560870 963
1560880 963
1560890 963
1560900 963
1560910 963
1560920 962
1560930 962
1560940 962
1560950 961
1560960 961
1560970 961
1560980 961
1560990 961
1561000 960
1561010 960
1561020 960
1561030 960
1561040 960
1561050 960
1561060 960
1561070 960
1561080 960
1561090 959
1561100 958
1561110 958
1561120 957
1561130 957
1561140 958
1561150 958
1561160 958
1561170 957
1561180 957
1561190 957
1561200 957
1561210 957
1561220 957
1561230 956
1561240 956
1561250 956
1561260 955
1561270 955
1561280 954
1561290 953
1561300 953
1561310 952
1561320 950
1561330 950
1561340 947
1561350 943
1561360 943
1561370 938
1561380 931
1561390 931
1561400 927
1561410 927
1561420 927
1561430 926
1561440 922
1561450 915
1561460 915
1561470 904
1561480 901
1561490 901
1561500 900
1561510 899
1561520 899
1561530 898
1561540 898
1561550 898
1561560 893
1561570 888
1561580 888
1561590 894
1561600 898
1561610 898
1561620 899
1561630 899
1561640 899
1561650 898
1561660 897
1561670 897
1561680 893
1561690 890
1561700 890
1561710 885
1561720 882
1561730 882
1561740 883
1561750 882
1561760 881
1561770 885
1561780 890
1561790 893
1561800 893
1561810 893
1561820 890
1561830 890
1561840 890
1561850 894
1561860 894
1561870 901
1561880 908
1561890 908
1561900 909
1561910 909
1561920 909
1561930 909
1561940 908
1561950 908
1561960 906
1561970 910
1561980 910
1561990 910
1562000 911
1562010 911
1562020 912
1562030 912
1562040 912
1562050 914
1562060 915
1562070 915
1562080 915
1562090 916
1562100 916
1562110 916
1562120 918
1562130 918
1562140 918
1562150 919
1562160 921
1562170 921
1562180 924
1562190 926
1562200 926
1562210 925
1562220 926
1562230 926
1562240 930
1562250 933
1562260 933
1562270 931
1562280 931
1562290 931
1562300 931
1562310 932
1562320 932
1562330 934
1562340 935
1562350 935
1562360 938
1562370 940
1562380 943
1562390 943
1562400 943
1562410 943
1562420 943
1562430 944
1562440 945
1562450 945
1562460 945
1562470 945
1562480 945
1562490 944
1562500 945
1562510 945
1562520 947
1562530 950
1562540 950
1562550 953
1562560 952
1562570 952
1562580 945
1562590 937
1562600 937
1562610 930
1562620 934
1562630 934
1562640 944
1562650 956
1562660 965
1562670 965
1562680 971
1562690 975
1562700 975
1562710 979
1562720 982
1562730 982
1562740 983
1562750 982
1562760 982
1562770 984
1562780 986
1562790 986
1562800 990
1562810 992
1562820 992
1562830 992
1562840 992
1562850 992
1562860 993
1562870 993
1562880 993
1562890 994
1562900 994
1562910 994
1562920 997
1562930 999
1562940 999
1562950 1001
1562960 1003
1562970 1004
1562980 1004
1562990 1004
1563000 1002
1563010 1002
1563020 998
1563030 994
1563040 994
1563050 992
1563060 990
1563070 990
1563080 988
1563090 986
1563100 986
1563110 983
1563120 982
1563130 982
1563140 979
1563150 980
1563160 980
1563170 980
1563180 980
1563190 980
1563200 979
1563210 976
1563220 976
1563230 972
1563240 969
1563250 969
1563260 970
1563270 969
1563280 967
1563290 967
1563300 969
1563310 969
1563320 969
1563330 971
1563340 972
1563350 972
1563360 974
1563370 972
1563380 972
1563390 976
1563400 982
1563410 987
1563420 991
1563430 993
1563440 993
1563450 992
1563460 996
1563470 996
1563480 1002
1563490 1006
1563500 1006
1563510 1007
1563520 1003
1563530 1003
1563540 998
1563550 995
1563560 995
1563570 991
1563580 989
1563590 992
1563600 992
1563610 1001
1563620 1009
1563630 1009
1563640 1010
1563650 1004
1563660 1004
1563670 999
1563680 995
1563690 995
1563700 999
1563710 1007
1563720 1007
1563730 1015
1563740 1022
1563750 1022
1563760 1030
1563770 1037
1563780 1037
1563790 1040
1563800 1042
1563810 1042
1563820 1044
1563830 1044
1563840 1044
1563850 1045
1563860 1045
1563870 1045
1563880 1045
1563890 1047
1563900 1049
1563910 1049
1563920 1051
1563930 1054
1563940 1054
1563950 1056
1563960 1058
1563970 1058
1563980 1060
1563990 1063
1564000 1063
1564010 1066
1564020 1070
1564030 1070
1564040 1072
1564050 1074
1564060 1074
1564070 1077
1564080 1079
1564090 1079
1564100 1081
1564110 1083
1564120 1083
1564130 1085
1564140 1089
1564150 1089
1564160 1091
1564170 1093
1564180 1093
1564190 1095
1564200 1097
1564210 1099
1564220 1099
1564230 1102
1564240 1104
1564250 1104
1564260 1105
1564270 1105
1564280 1105
1564290 1108
1564300 1112
1564310 1112
1564320 1116
1564330 1119
1564340 1119
1564350 1121
1564360 1122
1564370 1122
1564380 1124
1564390 1125
1564400 1125
1564410 1126
1564420 1126
1564430 1126
1564440 1124
1564450 1121
1564460 1121
1564470 1117
1564480 1113
1564490 1113
1564500 1110
1564510 1107
1564520 1105
1564530 1105
1564540 1102
1564550 1094
1564560 1094
1564570 1086
1564580 1092
1564590 1092
1564600 1100
1564610 1101
1564620 1101
1564630 1104
1564640 1115
1564650 1115
1564660 1122
1564670 1128
1564680 1128
1564690 1135
1564700 1142
1564710 1142
1564720 1149
1564730 1154
1564740 1154
1564750 1160
1564760 1166
1564770 1166
1564780 1172
1564790 1179
1564800 1179
1564810 1186
1564820 1193
1564830 1200
1564840 1200
1564850 1208
1564860 1215
1564870 1215
1564880 1223
1564890 1232
1564900 1232
1564910 1242
1564920 1249
1564930 1249
1564940 1253
1564950 1259
1564960 1259
1564970 1265
1564980 1269
1564990 1269
1565000 1275
1565010 1283
1565020 1287
1565030 1293
1565040 1299
1565050 1299
1565060 1304
1565070 1309
1565080 1309
1565090 1314
1565100 1319
1565110 1319
1565120 1324
1565130 1328
1565140 1333
1565150 1333
1565160 1337
1565170 1340
1565180 1340
1565190 1340
1565200 1341
1565210 1341
1565220 1340
1565230 1338
1565240 1338
1565250 1336
1565260 1334
1565270 1334
1565280 1334
1565290 1335
1565300 1335
1565310 1336
1565320 1338
1565330 1338
1565340 1339
1565350 1342
1565360 1342
1565370 1343
1565380 1344
1565390 1344
1565400 1344
1565410 1344
1565420 1344
1565430 1345
1565440 1345
1565450 1345
1565460 1345
1565470 1344
1565480 1343
1565490 1343
1565500 1342
1565510 1340
1565520 1340
1565530 1338
1565540 1336
1565550 1336
1565560 1335
1565570 1333
1565580 1333
1565590 1330
1565600 1326
1565610 1326
1565620 1323
1565630 1320
1565640 1320
1565650 1318
1565660 1316
1565670 1316
1565680 1314
1565690 1312
1565700 1312
1565710 1308
1565720 1302
1565730 1302
1565740 1300
1565750 1303
1565760 1303
1565770 1303
1565780 1300
1565790 1295
1565800 1295
1565810 1292
1565820 1286
1565830 1286
1565840 1275
1565850 1271
1565860 1271
1565870 1277
1565880 1292
1565890 1292
1565900 1306
1565910 1316
1565920 1316
1565930 1323
1565940 1330
1565950 1330
1565960 1337
1565970 1343
1565980 1343
1565990 1349
1566000 1354
1566010 1354
1566020 1360
1566030 1365
1566040 1365
1566050 1371
1566060 1377
1566070 1382
1566080 1382
1566090 1387
1566100 1391
1566110 1391
1566120 1397
1566130 1402
1566140 1402
1566150 1407
1566160 1416
1566170 1416
1566180 1428
1566190 1434
1566200 1434
1566210 1445
1566220 1453
1566230 1453
1566240 1459
1566250 1462
1566260 1462
1566270 1464
1566280 1467
1566290 1467
1566300 1473
1566310 1476
1566320 1476
1566330 1480
1566340 1483
1566350 1483
1566360 1486
1566370 1488
1566380 1491
1566390 1491
1566400 1496
1566410 1503
1566420 1503
1566430 1509
1566440 1515
1566450 1515
1566460 1521
1566470 1529
1566480 1529
1566490 1537
1566500 1543
1566510 1543
1566520 1549
1566530 1555
1566540 1555
1566550 1562
1566560 1568
1566570 1568
1566580 1574
1566590 1577
1566600 1577
1566610 1582
1566620 1588
1566630 1588
1566640 1593
1566650 1600
1566660 1600
1566670 1607
1566680 1614
1566690 1619
1566700 1619
1566710 1626
1566720 1632
1566730 1632
1566740 1638
1566750 1644
1566760 1644
1566770 1650
1566780 1656
1566790 1656
1566800 1662
1566810 1668
1566820 1668
1566830 1673
1566840 1678
1566850 1678
1566860 1683
1566870 1688
1566880 1688
1566890 1693
1566900 1698
1566910 1698
1566920 1704
1566930 1709
1566940 1709
1566950 1715
1566960 1720
1566970 1720
1566980 1725
1566990 1730
1567000 1734
1567010 1734
1567020 1739
1567030 1744
1567040 1744
1567050 1749
1567060 1754
1567070 1754
1567080 1760
1567090 1765
1567100 1765
1567110 1770
1567120 1775
1567130 1775
1567140 1780
1567150 1785
1567160 1785
1567170 1789
1567180 1785
1567190 1785
1567200 1779
1567210 1773
1567220 1773
1567230 1768
1567240 1765
1567250 1765
1567260 1758
1567270 1751
1567280 1751
1567290 1742
1567300 1735
1567310 1729
1567320 1729
1567330 1724
1567340 1720
1567350 1720
1567360 1716
1567370 1713
1567380 1713
1567390 1709
1567400 1704
1567410 1704
1567420 1699
1567430 1696
1567440 1696
1567450 1692
1567460 1689
1567470 1689
1567480 1685
1567490 1681
1567500 1681
1567510 1679
1567520 1677
1567530 1677
1567540 1674
1567550 1672
1567560 1672
1567570 1668
1567580 1665
1567590 1661
1567600 1661
1567610 1658
1567620 1655
1567630 1655
1567640 1653
1567650 1646
1567660 1646
1567670 1638
1567680 1631
1567690 1631
1567700 1625
1567710 1618
1567720 1618
1567730 1611
1567740 1605
1567750 1605
1567760 1599
1567770 1591
1567780 1591
1567790 1585
1567800 1580
1567810 1580
1567820 1573
1567830 1563
1567840 1563
1567850 1554
1567860 1547
1567870 1547
1567880 1540
1567890 1534
1567900 1529
1567910 1529
1567920 1525
1567930 1521
1567940 1521
1567950 1516
1567960 1510
1567970 1510
1567980 1502
1567990 1495
1568000 1495
1568010 1495
1568020 1497
1568030 1497
1568040 1500
1568050 1501
1568060 1501
1568070 1498
1568080 1498
1568090 1498
1568100 1500
1568110 1503
1568120 1503
1568130 1500
1568140 1502
1568150 1502
1568160 1503
1568170 1504
1568180 1504
1568190 1504
1568200 1502
1568210 1503
1568220 1503
1568230 1509
1568240 1513
1568250 1513
1568260 1515
1568270 1517
1568280 1517
1568290 1519
1568300 1520
1568310 1520
1568320 1521
1568330 1523
1568340 1523
1568350 1524
1568360 1525
1568370 1525
1568380 1529
1568390 1532
1568400 1532
1568410 1535
1568420 1539
1568430 1539
1568440 1544
1568450 1549
1568460 1549
1568470 1555
1568480 1561
1568490 1561
1568500 1566
1568510 1570
1568520 1574
1568530 1574
1568540 1579
1568550 1585
1568560 1585
1568570 1589
1568580 1593
1568590 1593
1568600 1597
1568610 1602
1568620 1602
1568630 1607
1568640 1613
1568650 1613
1568660 1619
1568670 1624
1568680 1624
1568690 1629
1568700 1635
1568710 1635
1568720 1640
1568730 1644
1568740 1644
1568750 1648
1568760 1651
1568770 1651
1568780 1656
1568790 1663
1568800 1663
1568810 1671
1568820 1678
1568830 1682
1568840 1682
1568850 1686
1568860 1688
1568870 1688
1568880 1690
1568890 1691
1568900 1691
1568910 1693
1568920 1695
1568930 1695
1568940 1697
1568950 1698
1568960 1698
1568970 1698
1568980 1701
1568990 1701
1569000 1701
1569010 1702
1569020 1702
1569030 1702
1569040 1703
1569050 1703
1569060 1703
1569070 1704
1569080 1704
1569090 1705
1569100 1708
1569110 1708
1569120 1711
1569130 1713
1569140 1715
1569150 1715
1569160 1715
1569170 1718
1569180 1718
1569190 1721
1569200 1723
1569210 1723
1569220 1725
1569230 1727
1569240 1727
1569250 1730
1569260 1732
1569270 1732
1569280 1734
1569290 1736
1569300 1736
1569310 1736
1569320 1739
1569330 1739
1569340 1740
1569350 1741
1569360 1741
1569370 1742
1569380 1744
1569390 1744
1569400 1745
1569410 1747
1569420 1747
1569430 1750
1569440 1755
1569450 1758
1569460 1758
1569470 1760
1569480 1761
1569490 1761
1569500 1761
1569510 1758
1569520 1758
1569530 1754
1569540 1749
1569550 1749
1569560 1745
1569570 1741
1569580 1741
1569590 1737
1569600 1734
1569610 1734
1569620 1731
1569630 1728
1569640 1734
1569650 1731
1569660 1727
1569670 1727
1569680 1723
1569690 1720
1569700 1720
1569710 1717
1569720 1715
1569730 1715
1569740 1712
1569750 1709
1569760 1706
1569770 1706
1569780 1704
1569790 1702
1569800 1702
1569810 1699
1569820 1697
1569830 1697
1569840 1695
1569850 1694
1569860 1694
1569870 1692
1569880 1688
1569890 1688
1569900 1686
1569910 1683
1569920 1683
1569930 1679
1569940 1676
1569950 1676
1569960 1672
1569970 1669
1569980 1669
1569990 1665
1570000 1661
1570010 1661
1570020 1657
1570030 1652
1570040 1652
1570050 1647
1570060 1642
1570070 1637
1570080 1637
1570090 1632
1570100 1628
1570110 1628
1570120 1624
1570130 1620
1570140 1620
1570150 1614
1570160 1609
1570170 1609
1570180 1605
1570190 1601
1570200 1601
1570210 1597
1570220 1593
1570230 1593
1570240 1590
1570250 1587
1570260 1587
1570270 1584
1570280 1582
1570290 1582
1570300 1580
1570310 1578
1570320 1578
1570330 1576
1570340 1575
1570350 1575
1570360 1573
1570370 1571
1570380 1569
1570390 1569
1570400 1567
1570410 1564
1570420 1564
1570430 1561
1570440 1558
1570450 1558
1570460 1555
1570470 1552
1570480 1552
1570490 1549
1570500 1545
1570510 1545
1570520 1541
1570530 1536
1570540 1536
1570550 1531
1570560 1526
1570570 1526
1570580 1522
1570590 1518
1570600 1518
1570610 1514
1570620 1509
1570630 1509
1570640 1504
1570650 1500
1570660 1500
1570670 1496
1570680 1492
1570690 1488
1570700 1488
1570710 1484
1570720 1477
1570730 1477
1570740 1473
1570750 1469
1570760 1469
1570770 1463
1570780 1458
1570790 1458
1570800 1453
1570810 1448
1570820 1448
1570830 1443
1570840 1439
1570850 1439
1570860 1434
1570870 1427
1570880 1427
1570890 1421
1570900 1414
1570910 1414
1570920 1407
1570930 1400
1570940 1400
1570950 1392
1570960 1384
1570970 1384
1570980 1377
1570990 1371
1571000 1364
1571010 1364
1571020 1357
1571030 1350
1571040 1350
1571050 1344
1571060 1338
1571070 1338
1571080 1332
1571090 1324
1571100 1324
1571110 1316
1571120 1308
1571130 1314
1571140 1306
1571150 1297
1571160 1297
1571170 1291
1571180 1276
1571190 1276
1571200 1266
1571210 1260
1571220 1260
1571230 1251
1571240 1244
1571250 1244
1571260 1237
1571270 1230
1571280 1230
1571290 1223
1571300 1216
1571310 1210
1571320 1210
1571330 1202
1571340 1196
1571350 1196
1571360 1190
1571370 1183
1571380 1183
1571390 1176
1571400 1169
1571410 1169
1571420 1163
1571430 1157
1571440 1157
1571450 1151
1571460 1145
1571470 1145
1571480 1140
1571490 1134
1571500 1134
1571510 1128
1571520 1122
1571530 1122
1571540 1115
1571550 1108
1571560 1108
1571570 1101
1571580 1096
1571590 1096
1571600 1091
1571610 1087
1571620 1083
1571630 1083
1571640 1079
1571650 1075
1571660 1075
1571670 1070
1571680 1068
1571690 1068
1571700 1063
1571710 1061
1571720 1061
1571730 1057
1571740 1053
1571750 1053
1571760 1049
1571770 1045
1571780 1045
1571790 1042
1571800 1039
1571810 1039
1571820 1035
1571830 1032
1571840 1032
1571850 1026
1571860 1022
1571870 1022
1571880 1018
1571890 1013
1571900 1013
1571910 1009
1571920 1007
1571930 1005
1571940 1005
1571950 1000
1571960 996
1571970 996
1571980 993
1571990 988
1572000 988
1572010 982
1572020 974
1572030 974
1572040 968
1572050 961
1572060 961
1572070 953
1572080 947
1572090 947
1572100 942
1572110 937
1572120 937
1572130 931
1572140 926
1572150 926
1572160 922
1572170 921
1572180 921
1572190 918
1572200 914
1572210 914
1572220 911
1572230 907
1572240 904
1572250 904
1572260 899
1572270 894
1572280 894
1572290 890
1572300 884
1572310 884
1572320 868
1572330 854
1572340 854
1572350 845
1572360 835
1572370 835
1572380 823
1572390 812
1572400 812
1572410 802
1572420 798
1572430 798
1572440 795
1572450 796
1572460 796
1572470 799
1572480 801
1572490 801
1572500 807
1572510 815
1572520 815
1572530 821
1572540 827
1572550 832
1572560 832
1572570 840
1572580 843
1572590 843
1572600 847
1572610 850
1572620 850
1572630 854
1572640 858
1572650 858
1572660 863
1572670 869
1572680 869
1572690 877
1572700 885
1572710 885
1572720 894
1572730 904
1572740 904
1572750 914
1572760 922
1572770 922
1572780 931
1572790 941
1572800 941
1572810 949
1572820 957
1572830 957
1572840 966
1572850 981
1572860 990
1572870 990
1572880 995
1572890 1001
1572900 1001
1572910 1016
1572920 1021
1572930 1021
1572940 1026
1572950 1030
1572960 1030
1572970 1033
1572980 1041
1572990 1041
1573000 1053
1573010 1061
1573020 1061
1573030 1069
1573040 1076
1573050 1076
1573060 1083
1573070 1089
1573080 1089
1573090 1094
1573100 1100
1573110 1100
1573120 1105
1573130 1110
1573140 1114
1573150 1114
1573160 1118
1573170 1123
1573180 1123
1573190 1129
1573200 1132
1573210 1132
1573220 1137
1573230 1142
1573240 1142
1573250 1146
1573260 1149
1573270 1149
1573280 1153
1573290 1158
1573300 1158
1573310 1162
1573320 1166
1573330 1166
1573340 1170
1573350 1175
1573360 1175
1573370 1180
1573380 1188
1573390 1188
1573400 1194
1573410 1200
1573420 1200
1573430 1204
1573440 1209
1573450 1214
1573460 1214
1573470 1218
1573480 1220
1573490 1220
1573500 1224
1573510 1229
1573520 1229
1573530 1234
1573540 1239
1573550 1239
1573560 1243
1573570 1248
1573580 1248
1573590 1253
1573600 1259
1573610 1259
1573620 1265
1573630 1271
1573640 1271
1573650 1276
1573660 1281
1573670 1281
1573680 1286
1573690 1291
1573700 1291
1573710 1295
1573720 1299
1573730 1299
1573740 1304
1573750 1308
1573760 1311
1573770 1311
1573780 1315
1573790 1320
1573800 1320
1573810 1324
1573820 1328
1573830 1328
1573840 1332
1573850 1337
1573860 1337
1573870 1340
1573880 1343
1573890 1343
1573900 1346
1573910 1349
1573920 1349
1573930 1351
1573940 1352
1573950 1352
1573960 1354
1573970 1355
1573980 1355
1573990 1356
1574000 1357
1574010 1357
1574020 1356
1574030 1351
1574040 1351
1574050 1351
1574060 1349
1574070 1346
1574080 1346
1574090 1342
1574100 1337
1574110 1337
1574120 1332
1574130 1325
1574140 1325
1574150 1320
1574160 1318
1574170 1318
1574180 1320
1574190 1322
1574200 1322
1574210 1323
1574220 1323
1574230 1323
1574240 1323
1574250 1325
1574260 1325
1574270 1326
1574280 1329
1574290 1329
1574300 1332
1574310 1335
1574320 1335
1574330 1337
1574340 1339
1574350 1339
1574360 1340
1574370 1340
1574380 1341
1574390 1341
1574400 1341
1574410 1343
1574420 1343
1574430 1344
1574440 1344
1574450 1344
1574460 1343
1574470 1344
1574480 1344
1574490 1346
1574500 1347
1574510 1347
1574520 1346
1574530 1346
1574540 1346
1574550 1353
1574560 1367
1574570 1367
1574580 1372
1574590 1371
1574600 1371
1574610 1367
1574620 1365
1574630 1365
1574640 1365
1574650 1365
1574660 1365
1574670 1365
1574680 1365
1574690 1361
1574700 1361
1574710 1353
1574720 1346
1574730 1346
1574740 1334
1574750 1326
1574760 1326
1574770 1319
1574780 1312
1574790 1312
1574800 1305
1574810 1300
1574820 1300
1574830 1297
1574840 1295
1574850 1295
1574860 1292
1574870 1291
1574880 1291
1574890 1291
1574900 1290
1574910 1290
1574920 1289
1574930 1289
1574940 1289
1574950 1288
1574960 1285
1574970 1285
1574980 1279
1574990 1279
1575000 1286
1575010 1286
1575020 1294
1575030 1301
1575040 1301
1575050 1305
1575060 1310
1575070 1310
1575080 1314
1575090 1321
1575100 1321
1575110 1329
1575120 1339
1575130 1339
1575140 1352
1575150 1361
1575160 1361
1575170 1371
1575180 1379
1575190 1379
1575200 1386
1575210 1392
1575220 1392
1575230 1396
1575240 1398
1575250 1398
1575260 1402
1575270 1406
1575280 1406
1575290 1409
1575300 1412
1575310 1415
1575320 1415
1575330 1418
1575340 1420
1575350 1420
1575360 1421
1575370 1422
1575380 1422
1575390 1419
1575400 1411
1575410 1411
1575420 1404
1575430 1398
1575440 1398
1575450 1386
1575460 1381
1575470 1381
1575480 1376
1575490 1371
1575500 1371
1575510 1370
1575520 1374
1575530 1374
1575540 1377
1575550 1381
1575560 1381
1575570 1383
1575580 1386
1575590 1386
1575600 1388
1575610 1386
1575620 1380
1575630 1380
1575640 1374
1575650 1369
1575660 1369
1575670 1364
1575680 1359
1575690 1359
1575700 1354
1575710 1349
1575720 1349
1575730 1350
1575740 1351
1575750 1351
1575760 1352
1575770 1353
1575780 1353
1575790 1355
1575800 1355
1575810 1355
1575820 1353
1575830 1353
1575840 1353
1575850 1352
1575860 1352
1575870 1352
1575880 1351
1575890 1348
1575900 1348
1575910 1342
1575920 1335
1575930 1325
1575940 1325
1575950 1314
1575960 1305
1575970 1305
1575980 1297
1575990 1290
1576000 1290
1576010 1282
1576020 1274
1576030 1274
1576040 1270
1576050 1268
1576060 1268
1576070 1267
1576080 1265
1576090 1265
1576100 1262
1576110 1259
1576120 1259
1576130 1254
1576140 1250
1576150 1250
1576160 1244
1576170 1239
1576180 1239
1576190 1234
1576200 1229
1576210 1229
1576220 1222
1576230 1216
1576240 1209
1576250 1209
1576260 1202
1576270 1194
1576280 1194
1576290 1186
1576300 1179
1576310 1179
1576320 1173
1576330 1168
1576340 1168
1576350 1163
1576360 1158
1576370 1158
1576380 1152
1576390 1148
1576400 1148
1576410 1146
1576420 1141
1576430 1141
1576440 1137
1576450 1136
1576460 1136
1576470 1135
1576480 1132
1576490 1132
1576500 1128
1576510 1124
1576520 1124
1576530 1121
1576540 1119
1576550 1118
1576560 1118
1576570 1116
1576580 1113
1576590 1113
1576600 1111
1576610 1108
1576620 1108
1576630 1105
1576640 1101
1576650 1101
1576660 1099
1576670 1099
1576680 1099
1576690 1097
1576700 1097
1576710 1097
1576720 1097
1576730 1097
1576740 1097
1576750 1103
1576760 1110
1576770 1110
1576780 1115
1576790 1121
1576800 1121
1576810 1130
1576820 1134
1576830 1134
1576840 1136
1576850 1138
1576860 1140
1576870 1140
1576880 1142
1576890 1144
1576900 1144
1576910 1146
1576920 1148
1576930 1148
1576940 1150
1576950 1152
1576960 1152
1576970 1154
1576980 1157
1576990 1157
1577000 1161
1577010 1163
1577020 1163
1577030 1168
1577040 1173
1577050 1173
1577060 1178
1577070 1183
1577080 1183
1577090 1188
1577100 1192
1577110 1192
1577120 1197
1577130 1202
1577140 1202
1577150 1207
1577160 1212
1577170 1218
1577180 1218
1577190 1223
1577200 1228
1577210 1228
1577220 1233
1577230 1237
1577240 1237
1577250 1242
1577260 1246
1577270 1246
1577280 1251
1577290 1255
1577300 1255
1577310 1260
1577320 1265
1577330 1265
1577340 1269
1577350 1274
1577360 1274
1577370 1280
1577380 1286
1577390 1286
1577400 1290
1577410 1295
1577420 1295
1577430 1300
1577440 1304
1577450 1304
1577460 1307
1577470 1309
1577480 1315
1577490 1315
1577500 1322
1577510 1327
1577520 1327
1577530 1332
1577540 1337
1577550 1337
1577560 1341
1577570 1345
1577580 1345
1577590 1350
1577600 1355
1577610 1355
1577620 1361
1577630 1367
1577640 1367
1577650 1371
1577660 1376
1577670 1376
1577680 1382
1577690 1387
1577700 1387
1577710 1392
1577720 1399
1577730 1399
1577740 1406
1577750 1414
1577760 1414
1577770 1421
1577780 1428
1577790 1435
1577800 1435
1577810 1441
1577820 1446
1577830 1446
1577840 1451
1577850 1457
1577860 1457
1577870 1463
1577880 1470
1577890 1470
1577900 1476
1577910 1483
1577920 1483
1577930 1490
1577940 1496
1577950 1496
1577960 1501
1577970 1506
1577980 1506
1577990 1511
1578000 1517
1578010 1517
1578020 1523
1578030 1529
1578040 1529
1578050 1536
1578060 1542
1578070 1542
1578080 1548
1578090 1555
1578100 1560
1578110 1560
1578120 1564
1578130 1568
1578140 1568
1578150 1573
1578160 1580
1578170 1580
1578180 1589
1578190 1598
1578200 1598
1578210 1603
1578220 1611
1578230 1611
1578240 1619
1578250 1626
1578260 1626
1578270 1634
1578280 1642
1578290 1642
1578300 1650
1578310 1658
1578320 1658
1578330 1667
1578340 1675
1578350 1675
1578360 1684
1578370 1692
1578380 1692
1578390 1700
1578400 1708
1578410 1715
1578420 1715
1578430 1722
1578440 1730
1578450 1730
1578460 1739
1578470 1747
1578480 1747
1578490 1755
1578500 1766
1578510 1766
1578520 1775
1578530 1782
1578540 1782
1578550 1789
1578560 1797
1578570 1797
1578580 1806
1578590 1817
1578600 1817
1578610 1825
1578620 1833
1578630 1833
1578640 1840
1578650 1847
1578660 1847
1578670 1857
1578680 1865
1578690 1865
1578700 1873
1578710 1877
1578720 1874
1578730 1874
1578740 1872
1578750 1875
1578760 1875
1578770 1877
1578780 1879
1578790 1879
1578800 1883
1578810 1887
1578820 1887
1578830 1890
1578840 1894
1578850 1894
1578860 1899
1578870 1905
1578880 1905
1578890 1911
1578900 1916
1578910 1916
1578920 1921
1578930 1926
1578940 1926
1578950 1932
1578960 1936
1578970 1936
1578980 1942
1578990 1951
1579000 1951
1579010 1958
1579020 1965
1579030 1971
1579040 1971
1579050 1978
1579060 1985
1579070 1985
1579080 1992
1579090 2000
1579100 2000
1579110 2008
1579120 2015
1579130 2015
1579140 2023
1579150 2031
1579160 2031
1579170 2039
1579180 2047
1579190 2047
1579200 2055
1579210 2062
1579220 2062
1579230 2070
1579240 2078
1579250 2078
1579260 2085
1579270 2093
1579280 2093
1579290 2101
1579300 2108
1579310 2108
1579320 2115
1579330 2123
1579340 2131
1579350 2131
1579360 2138
1579370 2145
1579380 2145
1579390 2152
1579400 2157
1579410 2157
1579420 2153
1579430 2148
1579440 2148
1579450 2143
1579460 2136
1579470 2136
1579480 2132
1579490 2117
1579500 2117
1579510 2106
1579520 2093
1579530 2093
1579540 2074
1579550 2067
1579560 2067
1579570 2067
1579580 2062
1579590 2062
1579600 2058
1579610 2055
1579620 2052
1579630 2052
1579640 2049
1579650 2047
1579660 2047
1579670 2047
1579680 2046
1579690 2046
1579700 2045
1579710 2043
1579720 2043
1579730 2040
1579740 2039
1579750 2039
1579760 2038
1579770 2037
1579780 2037
1579790 2035
1579800 2035
1579810 2035
1579820 2032
1579830 2028
1579840 2028
1579850 2027
1579860 2022
1579870 2022
1579880 2014
1579890 2009
1579900 2009
1579910 2000
1579920 1998
1579930 1994
1579940 1994
1579950 1990
1579960 1988
1579970 1988
1579980 1988
1579990 1993
