1560000 979
1560010 983
1560020 987
1560030 987
1560040 991
1560050 992
1560060 992
1560070 993
1560080 994
1560090 994
1560100 999
1560110 1005
1560120 1014
1560130 1014
1560140 1023
1560150 1031
1560160 1031
1560170 1037
1560180 1044
1560190 1044
1560200 1052
1560210 1059
1560220 1059
1560230 1065
1560240 1074
1560250 1074
1560260 1087
1560270 1095
1560280 1095
1560290 1102
1560300 1109
1560310 1109
1560320 1115
1560330 1118
1560340 1118
1560350 1121
1560360 1120
1560370 1120
1560380 1120
1560390 1121
1560400 1121
1560410 1122
1560420 1122
1560430 1123
1560440 1123
1560450 1124
1560460 1124
1560470 1124
1560480 1123
1560490 1123
1560500 1123
1560510 1129
1560520 1129
1560530 1129
1560540 1129
1560550 1128
1560560 1128
1560570 1127
1560580 1127
1560590 1127
1560600 1126
1560610 1126
1560620 1126
1560630 1127
1560640 1127
1560650 1127
1560660 1126
1560670 1124
1560680 1124
1560690 1123
1560700 1120
1560710 1120
1560720 1116
1560730 1112
1560740 1109
1560750 1109
1560760 1107
1560770 1106
1560780 1106
1560790 1104
1560800 1103
1560810 1103
1560820 1101
1560830 1101
1560840 1101
1560850 1104
1560860 1109
1560870 1109
1560880 1114
1560890 1119
1560900 1119
1560910 1125
1560920 1129
1560930 1129
1560940 1132
1560950 1134
1560960 1134
1560970 1135
1560980 1135
1560990 1135
1561000 1133
1561010 1131
1561020 1131
1561030 1128
1561040 1125
1561050 1121
1561060 1121
1561070 1118
1561080 1115
1561090 1115
1561100 1111
1561110 1108
1561120 1108
1561130 1106
1561140 1103
1561150 1103
1561160 1100
1561170 1096
1561180 1096
1561190 1094
1561200 1092
1561210 1092
1561220 1087
1561230 1084
1561240 1084
1561250 1081
1561260 1078
1561270 1078
1561280 1071
1561290 1064
1561300 1064
1561310 1059
1561320 1064
1561330 1064
1561340 1075
1561350 1084
1561360 1092
1561370 1092
1561380 1098
1561390 1104
1561400 1104
1561410 1109
1561420 1114
1561430 1114
1561440 1119
1561450 1124
1561460 1124
1561470 1128
1561480 1132
1561490 1132
1561500 1136
1561510 1138
1561520 1138
1561530 1140
1561540 1143
1561550 1143
1561560 1145
1561570 1147
1561580 1147
1561590 1149
1561600 1150
1561610 1150
1561620 1153
1561630 1155
1561640 1155
1561650 1157
1561660 1159
1561670 1159
1561680 1162
1561690 1166
1561700 1170
1561710 1170
1561720 1175
1561730 1181
1561740 1181
1561750 1187
1561760 1193
1561770 1193
1561780 1195
1561790 1195
1561800 1195
1561810 1195
1561820 1194
1561830 1194
1561840 1194
1561850 1193
1561860 1193
1561870 1191
1561880 1185
1561890 1185
1561900 1176
1561910 1172
1561920 1172
1561930 1177
1561940 1179
1561950 1179
1561960 1181
1561970 1182
1561980 1182
1561990 1184
1562000 1186
1562010 1187
1562020 1187
1562030 1189
1562040 1190
1562050 1190
1562060 1191
1562070 1193
1562080 1193
1562090 1194
1562100 1195
1562110 1195
1562120 1203
1562130 1210
1562140 1210
1562150 1217
1562160 1223
1562170 1224
1562180 1230
1562190 1236
1562200 1236
1562210 1241
1562220 1246
1562230 1246
1562240 1252
1562250 1257
1562260 1257
1562270 1262
1562280 1268
1562290 1268
1562300 1273
1562310 1277
1562320 1282
1562330 1282
1562340 1288
1562350 1293
1562360 1293
1562370 1299
1562380 1305
1562390 1305
1562400 1311
1562410 1316
1562420 1316
1562430 1322
1562440 1327
1562450 1327
1562460 1332
1562470 1336
1562480 1336
1562490 1341
1562500 1346
1562510 1346
1562520 1349
1562530 1355
1562540 1355
1562550 1360
1562560 1365
1562570 1365
1562580 1369
1562590 1373
1562600 1373
1562610 1377
1562620 1380
1562630 1383
1562640 1383
1562650 1387
1562660 1390
1562670 1390
1562680 1393
1562690 1395
1562700 1395
1562710 1397
1562720 1399
1562730 1399
1562740 1400
1562750 1401
1562760 1401
1562770 1401
1562780 1400
1562790 1400
1562800 1400
1562810 1400
1562820 1400
1562830 1398
1562840 1395
1562850 1395
1562860 1390
1562870 1385
1562880 1385
1562890 1381
1562900 1379
1562910 1379
1562920 1376
1562930 1374
1562940 1374
1562950 1374
1562960 1372
1562970 1370
1562980 1370
1562990 1366
1563000 1361
1563010 1361
1563020 1356
1563030 1351
1563040 1351
1563050 1345
1563060 1341
1563070 1341
1563080 1336
1563090 1331
1563100 1331
1563110 1327
1563120 1321
1563130 1321
1563140 1317
1563150 1314
1563160 1314
1563170 1313
1563180 1312
1563190 1312
1563200 1310
1563210 1308
1563220 1308
1563230 1305
1563240 1302
1563250 1298
1563260 1298
1563270 1295
1563280 1293
1563290 1293
1563300 1291
1563310 1289
1563320 1289
1563330 1285
1563340 1283
1563350 1283
1563360 1285
1563370 1284
1563380 1284
1563390 1282
1563400 1281
1563410 1281
1563420 1280
1563430 1280
1563440 1280
1563450 1280
1563460 1281
1563470 1281
1563480 1281
1563490 1281
1563500 1281
1563510 1279
1563520 1279
1563530 1279
1563540 1278
1563550 1278
1563560 1278
1563570 1280
1563580 1284
1563590 1288
1563600 1288
1563610 1293
1563620 1298
1563630 1298
1563640 1303
1563650 1307
1563660 1307
1563670 1313
1563680 1318
1563690 1318
1563700 1322
1563710 1327
1563720 1327
1563730 1332
1563740 1336
1563750 1336
1563760 1339
1563770 1342
1563780 1342
1563790 1344
1563800 1340
1563810 1340
1563820 1341
1563830 1342
1563840 1342
1563850 1341
1563860 1339
1563870 1339
1563880 1335
1563890 1332
1563900 1329
1563910 1329
1563920 1325
1563930 1319
1563940 1319
1563950 1313
1563960 1307
1563970 1307
1563980 1301
1563990 1297
1564000 1297
1564010 1292
1564020 1287
1564030 1287
1564040 1282
1564050 1277
1564060 1277
1564070 1272
1564080 1267
1564090 1267
1564100 1262
1564110 1257
1564120 1257
1564130 1252
1564140 1249
1564150 1249
1564160 1245
1564170 1241
1564180 1241
1564190 1238
1564200 1233
1564210 1230
1564220 1230
1564230 1227
1564240 1224
1564250 1224
1564260 1220
1564270 1218
1564280 1218
1564290 1216
1564300 1213
1564310 1213
1564320 1210
1564330 1207
1564340 1207
1564350 1204
1564360 1200
1564370 1200
1564380 1197
1564390 1195
1564400 1195
1564410 1193
1564420 1189
1564430 1189
1564440 1184
1564450 1180
1564460 1180
1564470 1174
1564480 1166
1564490 1166
1564500 1157
1564510 1154
1564520 1154
1564530 1154
1564540 1152
1564550 1152
1564560 1152
1564570 1152
1564580 1147
1564590 1147
1564600 1142
1564610 1149
1564620 1149
1564630 1158
1564640 1162
1564650 1162
1564660 1161
1564670 1162
1564680 1162
1564690 1164
1564700 1168
1564710 1168
1564720 1173
1564730 1177
1564740 1177
1564750 1181
1564760 1185
1564770 1185
1564780 1188
1564790 1192
1564800 1192
1564810 1195
1564820 1197
1564830 1199
1564840 1199
1564850 1201
1564860 1201
1564870 1201
1564880 1202
1564890 1202
1564900 1202
1564910 1201
1564920 1199
1564930 1199
1564940 1196
1564950 1192
1564960 1192
1564970 1187
1564980 1180
1564990 1180
1565000 1172
1565010 1165
1565020 1165
1565030 1158
1565040 1152
1565050 1152
1565060 1152
1565070 1166
1565080 1166
1565090 1175
1565100 1183
1565110 1183
1565120 1189
1565130 1195
1565140 1195
1565150 1205
1565160 1213
1565170 1221
1565180 1221
1565190 1229
1565200 1236
1565210 1236
1565220 1243
1565230 1250
1565240 1250
1565250 1256
1565260 1263
1565270 1263
1565280 1269
1565290 1275
1565300 1275
1565310 1281
1565320 1287
1565330 1287
1565340 1292
1565350 1297
1565360 1297
1565370 1302
1565380 1307
1565390 1307
1565400 1312
1565410 1316
1565420 1316
1565430 1318
1565440 1317
1565450 1317
1565460 1314
1565470 1311
1565480 1307
1565490 1307
1565500 1305
1565510 1302
1565520 1302
1565530 1298
1565540 1295
1565550 1295
1565560 1291
1565570 1287
1565580 1287
1565590 1283
1565600 1278
1565610 1278
1565620 1273
1565630 1268
1565640 1268
1565650 1263
1565660 1258
1565670 1258
1565680 1252
1565690 1246
1565700 1246
1565710 1241
1565720 1237
1565730 1237
1565740 1232
1565750 1225
1565760 1225
1565770 1216
1565780 1209
1565790 1212
1565800 1212
1565810 1217
1565820 1223
1565830 1223
1565840 1229
1565850 1235
1565860 1235
1565870 1241
1565880 1247
1565890 1247
1565900 1254
1565910 1261
1565920 1261
1565930 1266
1565940 1271
1565950 1271
1565960 1276
1565970 1281
1565980 1281
1565990 1286
1566000 1291
1566010 1291
1566020 1295
1566030 1299
1566040 1299
1566050 1304
1566060 1308
1566070 1308
1566080 1313
1566090 1319
1566100 1324
1566110 1324
1566120 1329
1566130 1333
1566140 1333
1566150 1338
1566160 1342
1566170 1342
1566180 1347
1566190 1351
1566200 1351
1566210 1353
1566220 1356
1566230 1356
1566240 1358
1566250 1362
1566260 1362
1566270 1366
1566280 1371
1566290 1371
1566300 1377
1566310 1382
1566320 1382
1566330 1389
1566340 1395
1566350 1395
1566360 1400
1566370 1405
1566380 1405
1566390 1409
1566400 1411
1566410 1414
1566420 1414
1566430 1419
1566440 1424
1566450 1424
1566460 1428
1566470 1433
1566480 1433
1566490 1437
1566500 1443
1566510 1443
1566520 1447
1566530 1451
1566540 1451
1566550 1456
1566560 1463
1566570 1463
1566580 1471
1566590 1478
1566600 1478
1566610 1482
1566620 1485
1566630 1485
1566640 1491
1566650 1498
1566660 1498
1566670 1501
1566680 1504
1566690 1504
1566700 1508
1566710 1509
1566720 1509
1566730 1512
1566740 1517
1566750 1522
1566760 1522
1566770 1525
1566780 1529
1566790 1529
1566800 1534
1566810 1539
1566820 1539
1566830 1545
1566840 1550
1566850 1550
1566860 1556
1566870 1564
1566880 1564
1566890 1572
1566900 1582
1566910 1582
1566920 1591
1566930 1599
1566940 1599
1566950 1606
1566960 1611
1566970 1611
1566980 1617
1566990 1623
1567000 1623
1567010 1629
1567020 1635
1567030 1635
1567040 1641
1567050 1647
1567060 1651
1567070 1651
1567080 1656
1567090 1659
1567100 1659
1567110 1662
1567120 1665
1567130 1665
1567140 1669
1567150 1671
1567160 1671
1567170 1675
1567180 1680
1567190 1680
1567200 1684
1567210 1690
1567220 1690
1567230 1696
1567240 1701
1567250 1701
1567260 1704
1567270 1706
1567280 1706
1567290 1709
1567300 1715
1567310 1715
1567320 1713
1567330 1708
1567340 1708
1567350 1701
1567360 1695
1567370 1690
1567380 1690
1567390 1682
1567400 1675
1567410 1675
1567420 1668
1567430 1663
1567440 1663
1567450 1659
1567460 1658
1567470 1658
1567480 1656
1567490 1652
1567500 1652
1567510 1648
1567520 1644
1567530 1644
1567540 1640
1567550 1637
1567560 1637
1567570 1634
1567580 1632
1567590 1632
1567600 1628
1567610 1623
1567620 1623
1567630 1618
1567640 1615
1567650 1615
1567660 1611
1567670 1608
1567680 1604
1567690 1604
1567700 1600
1567710 1598
1567720 1598
1567730 1595
1567740 1592
1567750 1592
1567760 1590
1567770 1587
1567780 1587
1567790 1584
1567800 1581
1567810 1581
1567820 1577
1567830 1573
1567840 1573
1567850 1570
1567860 1567
1567870 1567
1567880 1564
1567890 1562
1567900 1562
1567910 1558
1567920 1555
1567930 1555
1567940 1552
1567950 1548
1567960 1548
1567970 1544
1567980 1540
1567990 1537
1568000 1537
1568010 1535
1568020 1532
1568030 1532
1568040 1529
1568050 1526
1568060 1526
1568070 1523
1568080 1519
1568090 1519
1568100 1513
1568110 1504
1568120 1504
1568130 1499
1568140 1502
1568150 1502
1568160 1504
1568170 1503
1568180 1503
1568190 1502
1568200 1501
1568210 1501
1568220 1501
1568230 1500
1568240 1500
1568250 1499
1568260 1497
1568270 1497
1568280 1495
1568290 1492
1568300 1490
1568310 1490
1568320 1488
1568330 1486
1568340 1486
1568350 1484
1568360 1481
1568370 1481
1568380 1477
1568390 1474
1568400 1474
1568410 1471
1568420 1468
1568430 1468
1568440 1464
1568450 1460
1568460 1460
1568470 1455
1568480 1450
1568490 1450
1568500 1440
1568510 1435
1568520 1435
1568530 1431
1568540 1426
1568550 1426
1568560 1421
1568570 1416
1568580 1416
1568590 1411
1568600 1405
1568610 1405
1568620 1400
1568630 1395
1568640 1389
1568650 1389
1568660 1383
1568670 1377
1568680 1377
1568690 1371
1568700 1365
1568710 1365
1568720 1359
1568730 1352
1568740 1352
1568750 1345
1568760 1340
1568770 1340
1568780 1334
1568790 1328
1568800 1328
1568810 1323
1568820 1318
1568830 1318
1568840 1313
1568850 1308
1568860 1308
1568870 1303
1568880 1297
1568890 1297
1568900 1291
1568910 1286
1568920 1286
1568930 1279
1568940 1273
1568950 1267
1568960 1267
1568970 1261
1568980 1254
1568990 1254
1569000 1248
1569010 1241
1569020 1241
1569030 1231
1569040 1219
1569050 1219
1569060 1216
1569070 1222
1569080 1222
1569090 1231
1569100 1238
1569110 1238
1569120 1241
1569130 1243
1569140 1243
1569150 1245
1569160 1244
1569170 1244
1569180 1242
1569190 1238
1569200 1238
1569210 1233
1569220 1230
1569230 1230
1569240 1225
1569250 1219
1569260 1214
1569270 1214
1569280 1211
1569290 1207
1569300 1207
1569310 1203
1569320 1197
1569330 1197
1569340 1191
1569350 1186
1569360 1186
1569370 1180
1569380 1176
1569390 1176
1569400 1171
1569410 1166
1569420 1166
1569430 1161
1569440 1157
1569450 1157
1569460 1153
1569470 1150
1569480 1150
1569490 1146
1569500 1141
1569510 1141
1569520 1137
1569530 1134
1569540 1134
1569550 1128
1569560 1123
1569570 1119
1569580 1119
1569590 1113
1569600 1105
1569610 1105
1569620 1099
1569630 1096
1569640 1096
1569650 1098
1569660 1103
1569670 1103
1569680 1109
1569690 1114
1569700 1114
1569710 1116
1569720 1117
1569730 1117
1569740 1119
1569750 1121
1569760 1121
1569770 1124
1569780 1127
1569790 1127
1569800 1130
1569810 1134
1569820 1134
1569830 1139
1569840 1142
1569850 1142
1569860 1146
1569870 1150
1569880 1154
1569890 1154
1569900 1158
1569910 1160
1569920 1160
1569930 1161
1569940 1162
1569950 1162
1569960 1164
1569970 1165
1569980 1165
1569990 1166
1570000 1165
1570010 1165
1570020 1166
1570030 1166
1570040 1166
1570050 1167
1570060 1169
1570070 1169
1570080 1171
1570090 1172
1570100 1172
1570110 1173
1570120 1175
1570130 1175
1570140 1177
1570150 1182
1570160 1182
1570170 1183
1570180 1183
1570190 1185
1570200 1185
1570210 1186
1570220 1188
1570230 1188
1570240 1189
1570250 1191
1570260 1191
1570270 1191
1570280 1190
1570290 1190
1570300 1190
1570310 1190
1570320 1190
1570330 1190
1570340 1191
1570350 1191
1570360 1191
1570370 1190
1570380 1190
1570390 1189
1570400 1188
1570410 1188
1570420 1187
1570430 1185
1570440 1185
1570450 1181
1570460 1177
1570470 1177
1570480 1173
1570490 1173
1570500 1173
1570510 1175
1570520 1176
1570530 1178
1570540 1178
1570550 1180
1570560 1182
1570570 1182
1570580 1186
1570590 1190
1570600 1190
1570610 1193
1570620 1197
1570630 1197
1570640 1201
1570650 1204
1570660 1204
1570670 1207
1570680 1210
1570690 1210
1570700 1213
1570710 1215
1570720 1215
1570730 1218
1570740 1221
1570750 1221
1570760 1224
1570770 1228
1570780 1228
1570790 1231
1570800 1235
1570810 1235
1570820 1238
1570830 1241
1570840 1243
1570850 1243
1570860 1246
1570870 1249
1570880 1249
1570890 1251
1570900 1253
1570910 1253
1570920 1256
1570930 1259
1570940 1259
1570950 1261
1570960 1264
1570970 1264
1570980 1267
1570990 1269
1571000 1269
1571010 1272
1571020 1275
1571030 1275
1571040 1278
1571050 1280
1571060 1280
1571070 1282
1571080 1285
1571090 1285
1571100 1287
1571110 1291
1571120 1291
1571130 1294
1571140 1297
1571150 1301
1571160 1301
1571170 1305
1571180 1309
1571190 1309
1571200 1313
1571210 1317
1571220 1317
1571230 1321
1571240 1325
1571250 1325
1571260 1328
1571270 1332
1571280 1332
1571290 1336
1571300 1340
1571310 1340
1571320 1344
1571330 1348
1571340 1348
1571350 1352
1571360 1357
1571370 1357
1571380 1360
1571390 1363
1571400 1363
1571410 1365
1571420 1368
1571430 1368
1571440 1371
1571450 1374
1571460 1376
1571470 1376
1571480 1373
1571490 1375
1571500 1375
1571510 1377
1571520 1378
1571530 1378
1571540 1379
1571550 1380
1571560 1380
1571570 1382
1571580 1382
1571590 1382
1571600 1381
1571610 1379
1571620 1379
1571630 1377
1571640 1375
1571650 1375
1571660 1374
1571670 1371
1571680 1371
1571690 1368
1571700 1365
1571710 1365
1571720 1362
1571730 1357
1571740 1357
1571750 1353
1571760 1348
1571770 1346
1571780 1346
1571790 1341
1571800 1337
1571810 1337
1571820 1332
1571830 1327
1571840 1327
1571850 1322
1571860 1318
1571870 1318
1571880 1312
1571890 1305
1571900 1305
1571910 1299
1571920 1294
1571930 1294
1571940 1289
1571950 1283
1571960 1283
1571970 1276
1571980 1270
1571990 1270
1572000 1266
1572010 1262
1572020 1262
1572030 1256
1572040 1250
1572050 1250
1572060 1245
1572070 1239
1572080 1239
1572090 1232
1572100 1225
1572110 1218
1572120 1218
1572130 1211
1572140 1204
1572150 1204
1572160 1198
1572170 1192
1572180 1192
1572190 1185
1572200 1179
1572210 1179
1572220 1174
1572230 1170
1572240 1170
1572250 1164
1572260 1159
1572270 1159
1572280 1153
1572290 1148
1572300 1148
1572310 1143
1572320 1138
1572330 1138
1572340 1133
1572350 1128
1572360 1128
1572370 1122
1572380 1116
1572390 1116
1572400 1111
1572410 1106
1572420 1101
1572430 1101
1572440 1095
1572450 1090
1572460 1090
1572470 1083
1572480 1077
1572490 1077
1572500 1071
1572510 1064
1572520 1064
1572530 1059
1572540 1052
1572550 1052
1572560 1045
1572570 1038
1572580 1038
1572590 1031
1572600 1025
1572610 1025
1572620 1019
1572630 1012
1572640 1012
1572650 1006
1572660 999
1572670 999
1572680 992
1572690 985
1572700 985
1572710 979
1572720 972
1572730 964
1572740 964
1572750 957
1572760 952
1572770 952
1572780 946
1572790 939
1572800 939
1572810 934
1572820 929
1572830 929
1572840 924
1572850 919
1572860 919
1572870 915
1572880 911
1572890 911
1572900 907
1572910 905
1572920 905
1572930 897
1572940 893
1572950 893
1572960 888
1572970 885
1572980 885
1572990 882
1573000 876
1573010 876
1573020 871
1573030 865
1573040 858
1573050 858
1573060 847
1573070 837
1573080 837
1573090 828
1573100 818
1573110 818
1573120 811
1573130 805
1573140 805
1573150 801
1573160 798
1573170 798
1573180 785
1573190 781
1573200 781
1573210 774
1573220 764
1573230 764
1573240 757
1573250 750
1573260 750
1573270 742
1573280 732
1573290 732
1573300 727
1573310 732
1573320 732
1573330 743
1573340 751
1573350 756
1573360 756
1573370 761
1573380 767
1573390 767
1573400 774
1573410 778
1573420 778
1573430 783
1573440 787
1573450 787
1573460 791
1573470 795
1573480 795
1573490 798
1573500 801
1573510 801
1573520 804
1573530 800
1573540 800
1573550 784
1573560 781
1573570 781
1573580 788
1573590 796
1573600 796
1573610 803
1573620 794
1573630 794
1573640 782
1573650 776
1573660 776
1573670 772
1573680 768
1573690 766
1573700 766
1573710 762
1573720 761
1573730 761
1573740 758
1573750 752
1573760 752
1573770 748
1573780 749
1573790 749
1573800 753
1573810 752
1573820 752
1573830 752
1573840 758
1573850 758
1573860 762
1573870 768
1573880 768
1573890 776
1573900 785
1573910 785
1573920 793
1573930 792
1573940 792
1573950 785
1573960 774
1573970 774
1573980 773
1573990 777
1574000 782
1574010 782
1574020 786
1574030 789
1574040 789
1574050 794
1574060 798
1574070 798
1574080 804
1574090 814
1574100 814
1574110 820
1574120 826
1574130 826
1574140 828
1574150 831
1574160 831
1574170 837
1574180 842
1574190 842
1574200 848
1574210 854
1574220 854
1574230 859
1574240 865
1574250 865
1574260 870
1574270 875
1574280 875
1574290 879
1574300 884
1574310 887
1574320 887
1574330 888
1574340 889
1574350 889
1574360 892
1574370 900
1574380 900
1574390 902
1574400 905
1574410 905
1574420 908
1574430 911
1574440 911
1574450 915
1574460 920
1574470 920
1574480 923
1574490 928
1574500 928
1574510 932
1574520 936
1574530 936
1574540 940
1574550 944
1574560 944
1574570 947
1574580 950
1574590 950
1574600 954
1574610 958
1574620 962
1574630 962
1574640 965
1574650 970
1574660 970
1574670 976
1574680 982
1574690 982
1574700 987
1574710 992
1574720 992
1574730 997
1574740 1001
1574750 1001
1574760 1005
1574770 1007
1574780 1007
1574790 1010
1574800 1012
1574810 1012
1574820 1015
1574830 1019
1574840 1019
1574850 1024
1574860 1029
1574870 1029
1574880 1035
1574890 1040
1574900 1040
1574910 1044
1574920 1048
1574930 1052
1574940 1052
1574950 1056
1574960 1060
1574970 1060
1574980 1064
1574990 1067
1575000 1067
1575010 1071
1575020 1076
1575030 1076
1575040 1083
1575050 1090
1575060 1090
1575070 1095
1575080 1101
1575090 1101
1575100 1106
1575110 1112
1575120 1112
1575130 1116
1575140 1118
1575150 1118
1575160 1120
1575170 1123
1575180 1123
1575190 1126
1575200 1128
1575210 1128
1575220 1130
1575230 1132
1575240 1132
1575250 1134
1575260 1135
1575270 1137
1575280 1137
1575290 1139
1575300 1142
1575310 1142
1575320 1147
1575330 1152
1575340 1152
1575350 1157
1575360 1161
1575370 1161
1575380 1165
1575390 1168
1575400 1168
1575410 1171
1575420 1173
1575430 1173
1575440 1175
1575450 1177
1575460 1177
1575470 1178
1575480 1181
1575490 1181
1575500 1182
1575510 1184
1575520 1184
1575530 1185
1575540 1187
1575550 1187
1575560 1189
1575570 1191
1575580 1195
1575590 1195
1575600 1201
1575610 1207
1575620 1207
1575630 1214
1575640 1220
1575650 1220
1575660 1225
1575670 1229
1575680 1229
1575690 1232
1575700 1236
1575710 1236
1575720 1239
1575730 1243
1575740 1243
1575750 1247
1575760 1251
1575770 1251
1575780 1252
1575790 1256
1575800 1256
1575810 1260
1575820 1263
1575830 1263
1575840 1265
1575850 1266
1575860 1266
1575870 1266
1575880 1267
1575890 1271
1575900 1271
1575910 1274
1575920 1276
1575930 1276
1575940 1279
1575950 1281
1575960 1281
1575970 1284
1575980 1287
1575990 1287
1576000 1291
1576010 1295
1576020 1295
1576030 1298
1576040 1302
1576050 1302
1576060 1306
1576070 1309
1576080 1309
1576090 1312
1576100 1314
1576110 1314
1576120 1316
1576130 1318
1576140 1318
1576150 1320
1576160 1321
1576170 1321
1576180 1323
1576190 1324
1576200 1327
1576210 1327
1576220 1330
1576230 1334
1576240 1334
1576250 1337
1576260 1341
1576270 1341
1576280 1344
1576290 1347
1576300 1347
1576310 1352
1576320 1356
1576330 1356
1576340 1359
1576350 1362
1576360 1362
1576370 1365
1576380 1367
1576390 1367
1576400 1370
1576410 1372
1576420 1372
1576430 1375
1576440 1379
1576450 1379
1576460 1383
1576470 1387
1576480 1387
1576490 1391
1576500 1393
1576510 1395
1576520 1395
1576530 1397
1576540 1399
1576550 1399
1576560 1401
1576570 1403
1576580 1403
1576590 1406
1576600 1409
1576610 1409
1576620 1410
1576630 1411
1576640 1411
1576650 1413
1576660 1416
1576670 1416
1576680 1421
1576690 1423
1576700 1423
1576710 1427
1576720 1430
1576730 1430
1576740 1433
1576750 1437
1576760 1437
1576770 1440
1576780 1443
1576790 1443
1576800 1446
1576810 1451
1576820 1456
1576830 1456
1576840 1460
1576850 1464
1576860 1464
1576870 1469
1576880 1473
1576890 1473
1576900 1477
1576910 1481
1576920 1481
1576930 1484
1576940 1486
1576950 1486
1576960 1488
1576970 1493
1576980 1493
1576990 1496
1577000 1499
1577010 1499
1577020 1503
1577030 1506
1577040 1506
1577050 1508
1577060 1511
1577070 1511
1577080 1514
1577090 1518
1577100 1518
1577110 1522
1577120 1525
1577130 1525
1577140 1528
1577150 1531
1577160 1533
1577170 1533
1577180 1537
1577190 1539
1577200 1539
1577210 1542
1577220 1544
1577230 1544
1577240 1547
1577250 1550
1577260 1550
1577270 1552
1577280 1556
1577290 1556
1577300 1559
1577310 1564
1577320 1564
1577330 1569
1577340 1574
1577350 1574
1577360 1578
1577370 1584
1577380 1584
1577390 1589
1577400 1593
1577410 1593
1577420 1597
1577430 1601
1577440 1601
1577450 1605
1577460 1610
1577470 1616
1577480 1616
1577490 1621
1577500 1626
1577510 1626
1577520 1629
1577530 1631
1577540 1631
1577550 1634
1577560 1638
1577570 1638
1577580 1642
1577590 1646
1577600 1646
1577610 1650
1577620 1653
1577630 1653
1577640 1657
1577650 1660
1577660 1660
1577670 1663
1577680 1666
1577690 1666
1577700 1669
1577710 1672
1577720 1672
1577730 1676
1577740 1680
1577750 1680
1577760 1684
1577770 1690
1577780 1695
1577790 1695
1577800 1701
1577810 1707
1577820 1707
1577830 1714
1577840 1720
1577850 1720
1577860 1727
1577870 1733
1577880 1733
1577890 1742
1577900 1749
1577910 1749
1577920 1756
1577930 1762
1577940 1762
1577950 1768
1577960 1774
1577970 1774
1577980 1780
1577990 1786
1578000 1786
1578010 1792
1578020 1798
1578030 1798
1578040 1804
1578050 1810
1578060 1810
1578070 1816
1578080 1822
1578090 1829
1578100 1829
1578110 1835
1578120 1840
1578130 1840
1578140 1845
1578150 1850
1578160 1850
1578170 1854
1578180 1859
1578190 1859
1578200 1863
1578210 1867
1578220 1867
1578230 1871
1578240 1875
1578250 1875
1578260 1879
1578270 1883
1578280 1883
1578290 1886
1578300 1889
1578310 1889
1578320 1892
1578330 1897
1578340 1897
1578350 1902
1578360 1906
1578370 1906
1578380 1911
1578390 1916
1578400 1923
1578410 1923
1578420 1930
1578430 1936
1578440 1936
1578450 1942
1578460 1948
1578470 1948
1578480 1954
1578490 1959
1578500 1959
1578510 1963
1578520 1968
1578530 1968
1578540 1976
1578550 1981
1578560 1981
1578570 1988
1578580 1995
1578590 1995
1578600 2001
1578610 2005
1578620 2005
1578630 2006
1578640 2004
1578650 2004
1578660 1997
1578670 1986
1578680 1986
1578690 1973
1578700 1953
1578710 1953
1578720 1938
1578730 1923
1578740 1905
1578750 1905
1578760 1894
1578770 1885
1578780 1885
1578790 1878
1578800 1872
1578810 1872
1578820 1864
1578830 1859
1578840 1859
1578850 1853
1578860 1847
1578870 1847
1578880 1840
1578890 1833
1578900 1833
1578910 1827
1578920 1822
1578930 1822
1578940 1816
1578950 1811
1578960 1811
1578970 1805
1578980 1800
1578990 1800
1579000 1795
1579010 1790
1579020 1790
1579030 1786
1579040 1782
1579050 1778
1579060 1778
1579070 1775
1579080 1774
1579090 1774
1579100 1772
1579110 1767
1579120 1767
1579130 1761
1579140 1755
1579150 1755
1579160 1750
1579170 1743
1579180 1743
1579190 1737
1579200 1733
1579210 1733
1579220 1730
1579230 1728
1579240 1728
1579250 1727
1579260 1726
1579270 1726
1579280 1725
1579290 1725
1579300 1725
1579310 1725
1579320 1724
1579330 1724
1579340 1723
1579350 1723
1579360 1722
1579370 1722
1579380 1722
1579390 1722
1579400 1722
1579410 1720
1579420 1716
1579430 1716
1579440 1712
1579450 1711
1579460 1711
1579470 1711
1579480 1710
1579490 1710
1579500 1712
1579510 1715
1579520 1715
1579530 1717
1579540 1719
1579550 1719
1579560 1719
1579570 1718
1579580 1718
1579590 1716
1579600 1714
1579610 1714
1579620 1712
1579630 1710
1579640 1710
1579650 1706
1579660 1709
1579670 1711
1579680 1711
1579690 1710
1579700 1709
1579710 1709
1579720 1706
1579730 1704
1579740 1704
1579750 1707
1579760 1705
1579770 1705
1579780 1707
1579790 1711
1579800 1711
1579810 1713
1579820 1714
1579830 1714
1579840 1713
1579850 1712
1579860 1712
1579870 1712
1579880 1711
1579890 1713
1579900 1714
1579910 1715
1579920 1715
1579930 1717
1579940 1718
1579950 1718
1579960 1721
1579970 1726
1579980 1729
1579990 1729
