1560000 1129
1560010 1125
1560020 1125
1560030 1119
1560040 1112
1560050 1112
1560060 1107
1560070 1106
1560080 1106
1560090 1111
1560100 1112
1560110 1112
1560120 1115
1560130 1118
1560140 1118
1560150 1123
1560160 1127
1560170 1127
1560180 1133
1560190 1138
1560200 1140
1560210 1140
1560220 1141
1560230 1141
1560240 1141
1560250 1140
1560260 1138
1560270 1138
1560280 1137
1560290 1132
1560300 1132
1560310 1128
1560320 1126
1560330 1126
1560340 1125
1560350 1125
1560360 1125
1560370 1126
1560380 1125
1560390 1125
1560400 1122
1560410 1121
1560420 1121
1560430 1119
1560440 1116
1560450 1116
1560460 1114
1560470 1112
1560480 1112
1560490 1110
1560500 1109
1560510 1108
1560520 1108
1560530 1106
1560540 1103
1560550 1103
1560560 1098
1560570 1096
1560580 1096
1560590 1094
1560600 1093
1560610 1093
1560620 1091
1560630 1088
1560640 1088
1560650 1085
1560660 1081
1560670 1081
1560680 1076
1560690 1070
1560700 1070
1560710 1063
1560720 1057
1560730 1057
1560740 1055
1560750 1053
1560760 1053
1560770 1051
1560780 1048
1560790 1048
1560800 1044
1560810 1039
1560820 1039
1560830 1036
1560840 1034
1560850 1032
1560860 1032
1560870 1031
1560880 1031
1560890 1031
1560900 1031
1560910 1031
1560920 1031
1560930 1030
1560940 1027
1560950 1027
1560960 1025
1560970 1025
1560980 1025
1560990 1019
1561000 1016
1561010 1016
1561020 1016
1561030 1014
1561040 1014
1561050 1011
1561060 1009
1561070 1009
1561080 1008
1561090 1009
1561100 1009
1561110 1010
1561120 1009
1561130 1009
1561140 1008
1561150 1006
1561160 1006
1561170 1003
1561180 1001
1561190 999
1561200 999
1561210 998
1561220 999
1561230 999
1561240 999
1561250 998
1561260 998
1561270 997
1561280 997
1561290 997
1561300 996
1561310 995
1561320 995
1561330 993
1561340 990
1561350 990
1561360 988
1561370 987
1561380 987
1561390 984
1561400 980
1561410 980
1561420 976
1561430 972
1561440 972
1561450 969
1561460 966
1561470 966
1561480 965
1561490 962
1561500 962
1561510 958
1561520 953
1561530 951
1561540 951
1561550 948
1561560 946
1561570 946
1561580 943
1561590 941
1561600 941
1561610 938
1561620 938
1561630 938
1561640 938
1561650 937
1561660 937
1561670 938
1561680 938
1561690 938
1561700 938
1561710 939
1561720 939
1561730 941
1561740 942
1561750 942
1561760 943
1561770 941
1561780 941
1561790 940
1561800 937
1561810 937
1561820 931
1561830 928
1561840 928
1561850 928
1561860 930
1561870 930
1561880 930
1561890 932
1561900 932
1561910 932
1561920 931
1561930 928
1561940 928
1561950 926
1561960 925
1561970 925
1561980 926
1561990 928
1562000 928
1562010 929
1562020 930
1562030 930
1562040 931
1562050 930
1562060 930
1562070 928
1562080 925
1562090 925
1562100 919
1562110 912
1562120 912
1562130 904
1562140 897
1562150 897
1562160 891
1562170 885
1562180 885
1562190 881
1562200 880
1562210 880
1562220 880
1562230 882
1562240 883
1562250 883
1562260 885
1562270 887
1562280 887
1562290 888
1562300 888
1562310 888
1562320 886
1562330 883
1562340 883
1562350 881
1562360 878
1562370 878
1562380 876
1562390 871
1562400 871
1562410 867
1562420 863
1562430 863
1562440 860
1562450 855
1562460 855
1562470 850
1562480 845
1562490 845
1562500 841
1562510 836
1562520 836
1562530 830
1562540 824
1562550 818
1562560 818
1562570 812
1562580 806
1562590 806
1562600 800
1562610 794
1562620 794
1562630 788
1562640 784
1562650 784
1562660 779
1562670 774
1562680 774
1562690 770
1562700 766
1562710 766
1562720 762
1562730 757
1562740 757
1562750 752
1562760 748
1562770 748
1562780 743
1562790 737
1562800 737
1562810 731
1562820 727
1562830 727
1562840 722
1562850 719
1562860 719
1562870 715
1562880 713
1562890 710
1562900 710
1562910 707
1562920 705
1562930 705
1562940 703
1562950 702
1562960 702
1562970 701
1562980 699
1562990 699
1563000 697
1563010 696
1563020 696
1563030 694
1563040 693
1563050 693
1563060 691
1563070 689
1563080 689
1563090 687
1563100 685
1563110 685
1563120 684
1563130 682
1563140 682
1563150 680
1563160 678
1563170 678
1563180 676
1563190 674
1563200 674
1563210 672
1563220 671
1563230 669
1563240 669
1563250 667
1563260 666
1563270 666
1563280 664
1563290 662
1563300 662
1563310 661
1563320 659
1563330 659
1563340 658
1563350 657
1563360 657
1563370 655
1563380 655
1563390 655
1563400 654
1563410 653
1563420 653
1563430 652
1563440 651
1563450 651
1563460 649
1563470 648
1563480 648
1563490 647
1563500 647
1563510 647
1563520 648
1563530 648
1563540 648
1563550 647
1563560 647
1563570 647
1563580 647
1563590 647
1563600 647
1563610 647
1563620 647
1563630 645
1563640 645
1563650 645
1563660 645
1563670 645
1563680 645
1563690 646
1563700 646
1563710 648
1563720 647
1563730 647
1563740 647
1563750 646
1563760 646
1563770 646
1563780 646
1563790 646
1563800 646
1563810 646
1563820 646
1563830 646
1563840 646
1563850 646
1563860 646
1563870 646
1563880 646
1563890 646
1563900 646
1563910 646
1563920 646
1563930 646
1563940 645
1563950 645
1563960 646
1563970 647
1563980 647
1563990 647
1564000 647
1564010 647
1564020 647
1564030 647
1564040 647
1564050 647
1564060 647
1564070 647
1564080 648
1564090 647
1564100 647
1564110 647
1564120 647
1564130 647
1564140 647
1564150 647
1564160 647
1564170 647
1564180 646
1564190 646
1564200 646
1564210 646
1564220 646
1564230 646
1564240 646
1564250 646
1564260 646
1564270 646
1564280 646
1564290 646
1564300 646
1564310 646
1564320 646
1564330 646
1564340 646
1564350 646
1564360 646
1564370 646
1564380 646
1564390 646
1564400 646
1564410 646
1564420 646
1564430 646
1564440 646
1564450 646
1564460 646
1564470 646
1564480 646
1564490 646
1564500 646
1564510 646
1564520 646
1564530 646
1564540 646
1564550 646
1564560 646
1564570 646
1564580 646
1564590 646
1564600 646
1564610 645
1564620 645
1564630 645
1564640 645
1564650 645
1564660 645
1564670 646
1564680 645
1564690 645
1564700 645
1564710 645
1564720 645
1564730 645
1564740 645
1564750 645
1564760 645
1564770 645
1564780 645
1564790 645
1564800 645
1564810 645
1564820 645
1564830 646
1564840 646
1564850 646
1564860 645
1564870 645
1564880 646
1564890 645
1564900 645
1564910 645
1564920 645
1564930 646
1564940 646
1564950 645
1564960 645
1564970 645
1564980 645
1564990 645
1565000 645
1565010 645
1565020 645
1565030 645
1565040 645
1565050 645
1565060 645
1565070 645
1565080 645
1565090 645
1565100 645
1565110 645
1565120 645
1565130 645
1565140 645
1565150 645
1565160 645
1565170 645
1565180 645
1565190 645
1565200 645
1565210 645
1565220 645
1565230 645
1565240 645
1565250 645
1565260 645
1565270 645
1565280 645
1565290 645
1565300 645
1565310 645
1565320 645
1565330 645
1565340 645
1565350 645
1565360 645
1565370 645
1565380 645
1565390 645
1565400 645
1565410 645
1565420 645
1565430 645
1565440 645
1565450 645
1565460 645
1565470 645
1565480 645
1565490 645
1565500 645
1565510 644
1565520 644
1565530 645
1565540 645
1565550 645
1565560 645
1565570 645
1565580 645
1565590 645
1565600 645
1565610 645
1565620 645
1565630 645
1565640 645
1565650 645
1565660 645
1565670 645
1565680 645
1565690 645
1565700 645
1565710 645
1565720 645
1565730 645
1565740 645
1565750 645
1565760 644
1565770 644
1565780 644
1565790 644
1565800 644
1565810 644
1565820 644
1565830 644
1565840 644
1565850 644
1565860 644
1565870 644
1565880 644
1565890 644
1565900 644
1565910 644
1565920 644
1565930 644
1565940 643
1565950 643
1565960 643
1565970 643
1565980 644
1565990 644
1566000 644
1566010 644
1566020 644
1566030 644
1566040 644
1566050 644
1566060 644
1566070 644
1566080 644
1566090 644
1566100 644
1566110 644
1566120 644
1566130 644
1566140 644
1566150 644
1566160 644
1566170 644
1566180 644
1566190 644
1566200 644
1566210 644
1566220 644
1566230 644
1566240 644
1566250 644
1566260 644
1566270 644
1566280 644
1566290 644
1566300 644
1566310 644
1566320 644
1566330 644
1566340 644
1566350 644
1566360 644
1566370 644
1566380 644
1566390 644
1566400 644
1566410 644
1566420 644
1566430 644
1566440 644
1566450 644
1566460 644
1566470 644
1566480 644
1566490 644
1566500 644
1566510 644
1566520 644
1566530 644
1566540 644
1566550 644
1566560 644
1566570 644
1566580 644
1566590 644
1566600 644
1566610 644
1566620 644
1566630 644
1566640 644
1566650 644
1566660 644
1566670 644
1566680 643
1566690 643
1566700 643
1566710 643
1566720 643
1566730 643
1566740 644
1566750 644
1566760 644
1566770 644
1566780 644
1566790 644
1566800 643
1566810 643
1566820 643
1566830 643
1566840 644
1566850 644
1566860 644
1566870 644
1566880 644
1566890 644
1566900 644
1566910 644
1566920 644
1566930 644
1566940 644
1566950 644
1566960 644
1566970 644
1566980 644
1566990 644
1567000 643
1567010 643
1567020 643
1567030 643
1567040 643
1567050 644
1567060 644
1567070 644
1567080 644
1567090 644
1567100 644
1567110 644
1567120 644
1567130 644
1567140 644
1567150 644
1567160 644
1567170 644
1567180 644
1567190 644
1567200 644
1567210 644
1567220 644
1567230 644
1567240 644
1567250 644
1567260 644
1567270 644
1567280 642
1567290 642
1567300 644
1567310 644
1567320 644
1567330 644
1567340 644
1567350 644
1567360 643
1567370 643
1567380 643
1567390 644
1567400 644
1567410 644
1567420 644
1567430 644
1567440 644
1567450 644
1567460 644
1567470 644
1567480 644
1567490 644
1567500 644
1567510 644
1567520 644
1567530 644
1567540 644
1567550 644
1567560 644
1567570 644
1567580 644
1567590 644
1567600 644
1567610 644
1567620 644
1567630 644
1567640 644
1567650 644
1567660 644
1567670 644
1567680 644
1567690 644
1567700 644
1567710 644
1567720 644
1567730 644
1567740 644
1567750 644
1567760 644
1567770 644
1567780 644
1567790 645
1567800 645
1567810 645
1567820 646
1567830 646
1567840 646
1567850 645
1567860 645
1567870 645
1567880 645
1567890 645
1567900 645
1567910 645
1567920 645
1567930 645
1567940 645
1567950 645
1567960 645
1567970 645
1567980 645
1567990 645
1568000 645
1568010 645
1568020 644
1568030 644
1568040 645
1568050 645
1568060 645
1568070 645
1568080 645
1568090 645
1568100 645
1568110 645
1568120 645
1568130 645
1568140 645
1568150 645
1568160 645
1568170 645
1568180 645
1568190 645
1568200 645
1568210 645
1568220 645
1568230 646
1568240 646
1568250 646
1568260 646
1568270 646
1568280 645
1568290 645
1568300 645
1568310 645
1568320 645
1568330 645
1568340 645
1568350 645
1568360 646
1568370 646
1568380 646
1568390 646
1568400 646
1568410 646
1568420 646
1568430 646
1568440 646
1568450 646
1568460 646
1568470 646
1568480 646
1568490 646
1568500 646
1568510 646
1568520 646
1568530 646
1568540 646
1568550 646
1568560 646
1568570 646
1568580 646
1568590 646
1568600 646
1568610 646
1568620 646
1568630 646
1568640 646
1568650 646
1568660 646
1568670 646
1568680 646
1568690 646
1568700 646
1568710 646
1568720 646
1568730 646
1568740 646
1568750 646
1568760 647
1568770 647
1568780 647
1568790 647
1568800 647
1568810 647
1568820 647
1568830 647
1568840 647
1568850 648
1568860 648
1568870 648
1568880 648
1568890 648
1568900 647
1568910 646
1568920 646
1568930 646
1568940 648
1568950 648
1568960 648
1568970 647
1568980 647
1568990 647
1569000 647
1569010 647
1569020 647
1569030 648
1569040 648
1569050 648
1569060 648
1569070 648
1569080 648
1569090 648
1569100 647
1569110 647
1569120 647
1569130 647
1569140 647
1569150 647
1569160 648
1569170 648
1569180 648
1569190 648
1569200 648
1569210 648
1569220 648
1569230 648
1569240 647
1569250 647
1569260 647
1569270 648
1569280 649
1569290 649
1569300 647
1569310 647
1569320 647
1569330 647
1569340 647
1569350 647
1569360 647
1569370 648
1569380 648
1569390 648
1569400 648
1569410 648
1569420 648
1569430 648
1569440 648
1569450 648
1569460 648
1569470 649
1569480 649
1569490 649
1569500 650
1569510 650
1569520 651
1569530 651
1569540 651
1569550 652
1569560 652
1569570 652
1569580 653
1569590 654
1569600 654
1569610 655
1569620 655
1569630 655
1569640 655
1569650 656
1569660 657
1569670 657
1569680 657
1569690 657
1569700 657
1569710 659
1569720 661
1569730 661
1569740 662
1569750 662
1569760 662
1569770 662
1569780 662
1569790 662
1569800 663
1569810 666
1569820 663
1569830 664
1569840 665
1569850 665
1569860 666
1569870 667
1569880 667
1569890 668
1569900 669
1569910 669
1569920 669
1569930 670
1569940 670
1569950 671
1569960 671
1569970 671
1569980 671
1569990 671
1570000 672
1570010 672
1570020 673
1570030 674
1570040 674
1570050 674
1570060 674
1570070 674
1570080 675
1570090 676
1570100 676
1570110 677
1570120 677
1570130 677
1570140 677
1570150 678
1570160 678
1570170 679
1570180 680
1570190 680
1570200 681
1570210 681
1570220 681
1570230 682
1570240 682
1570250 682
1570260 683
1570270 684
1570280 684
1570290 684
1570300 685
1570310 685
1570320 685
1570330 686
1570340 687
1570350 687
1570360 687
1570370 687
1570380 687
1570390 688
1570400 688
1570410 688
1570420 688
1570430 688
1570440 688
1570450 689
1570460 689
1570470 689
1570480 689
1570490 689
1570500 689
1570510 689
1570520 689
1570530 689
1570540 690
1570550 692
1570560 692
1570570 694
1570580 695
1570590 695
1570600 696
1570610 697
1570620 697
1570630 697
1570640 698
1570650 698
1570660 698
1570670 698
1570680 699
1570690 699
1570700 699
1570710 699
1570720 699
1570730 700
1570740 700
1570750 700
1570760 701
1570770 701
1570780 701
1570790 700
1570800 700
1570810 700
1570820 700
1570830 700
1570840 700
1570850 700
1570860 701
1570870 701
1570880 701
1570890 702
1570900 702
1570910 702
1570920 703
1570930 703
1570940 703
1570950 704
1570960 704
1570970 704
1570980 704
1570990 704
1571000 704
1571010 705
1571020 705
1571030 705
1571040 706
1571050 706
1571060 706
1571070 706
1571080 707
1571090 707
1571100 708
1571110 708
1571120 708
1571130 709
1571140 710
1571150 710
1571160 710
1571170 711
1571180 711
1571190 711
1571200 712
1571210 712
1571220 712
1571230 713
1571240 713
1571250 713
1571260 713
1571270 713
1571280 714
1571290 715
1571300 715
1571310 715
1571320 715
1571330 715
1571340 716
1571350 716
1571360 717
1571370 717
1571380 717
1571390 718
1571400 718
1571410 718
1571420 718
1571430 718
1571440 718
1571450 719
1571460 719
1571470 719
1571480 719
1571490 719
1571500 719
1571510 719
1571520 719
1571530 719
1571540 719
1571550 719
1571560 719
1571570 719
1571580 719
1571590 718
1571600 719
1571610 719
1571620 719
1571630 718
1571640 718
1571650 718
1571660 717
1571670 717
1571680 718
1571690 718
1571700 718
1571710 718
1571720 718
1571730 718
1571740 718
1571750 718
1571760 718
1571770 718
1571780 719
1571790 720
1571800 720
1571810 722
1571820 723
1571830 723
1571840 725
1571850 727
1571860 727
1571870 729
1571880 730
1571890 730
1571900 732
1571910 734
1571920 734
1571930 736
1571940 738
1571950 738
1571960 739
1571970 741
1571980 741
1571990 742
1572000 742
1572010 742
1572020 742
1572030 743
1572040 742
1572050 742
1572060 742
1572070 742
1572080 742
1572090 742
1572100 742
1572110 742
1572120 741
1572130 739
1572140 739
1572150 738
1572160 738
1572170 738
1572180 737
1572190 737
1572200 737
1572210 735
1572220 733
1572230 733
1572240 732
1572250 731
1572260 731
1572270 730
1572280 729
1572290 729
1572300 727
1572310 726
1572320 726
1572330 725
1572340 724
1572350 722
1572360 722
1572370 721
1572380 719
1572390 719
1572400 717
1572410 716
1572420 716
1572430 714
1572440 712
1572450 712
1572460 710
1572470 709
1572480 709
1572490 708
1572500 707
1572510 707
1572520 706
1572530 705
1572540 705
1572550 705
1572560 704
1572570 704
1572580 704
1572590 702
1572600 702
1572610 701
1572620 700
1572630 700
1572640 699
1572650 697
1572660 697
1572670 697
1572680 697
1572690 697
1572700 697
1572710 697
1572720 697
1572730 697
1572740 697
1572750 696
1572760 696
1572770 696
1572780 696
1572790 696
1572800 695
1572810 695
1572820 695
1572830 695
1572840 696
1572850 696
1572860 696
1572870 696
1572880 696
1572890 696
1572900 696
1572910 696
1572920 696
1572930 696
1572940 696
1572950 696
1572960 696
1572970 696
1572980 696
1572990 696
1573000 696
1573010 696
1573020 696
1573030 696
1573040 696
1573050 696
1573060 696
1573070 696
1573080 695
1573090 695
1573100 695
1573110 695
1573120 695
1573130 695
1573140 695
1573150 695
1573160 695
1573170 695
1573180 695
1573190 695
1573200 695
1573210 695
1573220 695
1573230 695
1573240 695
1573250 695
1573260 695
1573270 695
1573280 695
1573290 695
1573300 695
1573310 695
1573320 695
1573330 696
1573340 696
1573350 696
1573360 696
1573370 696
1573380 696
1573390 696
1573400 696
1573410 696
1573420 697
1573430 697
1573440 697
1573450 697
1573460 697
1573470 697
1573480 697
1573490 697
1573500 697
1573510 697
1573520 697
1573530 697
1573540 697
1573550 697
1573560 697
1573570 697
1573580 698
1573590 698
1573600 698
1573610 697
1573620 697
1573630 697
1573640 697
1573650 697
1573660 697
1573670 697
1573680 697
1573690 698
1573700 697
1573710 698
1573720 698
1573730 698
1573740 699
1573750 699
1573760 699
1573770 699
1573780 699
1573790 699
1573800 700
1573810 700
1573820 700
1573830 701
1573840 701
1573850 702
1573860 703
1573870 703
1573880 704
1573890 704
1573900 704
1573910 705
1573920 706
1573930 706
1573940 707
1573950 708
1573960 708
1573970 709
1573980 709
1573990 709
1574000 710
1574010 710
1574020 710
1574030 711
1574040 711
1574050 712
1574060 712
1574070 712
1574080 713
1574090 713
1574100 713
1574110 714
1574120 714
1574130 715
1574140 716
1574150 716
1574160 718
1574170 719
1574180 719
1574190 721
1574200 722
1574210 722
1574220 723
1574230 725
1574240 725
1574250 726
1574260 728
1574270 728
1574280 728
1574290 728
1574300 728
1574310 729
1574320 730
1574330 730
1574340 730
1574350 730
1574360 730
1574370 732
1574380 734
1574390 734
1574400 734
1574410 734
1574420 734
1574430 734
1574440 733
1574450 728
1574460 728
1574470 726
1574480 727
1574490 727
1574500 728
1574510 731
1574520 731
1574530 736
1574540 741
1574550 741
1574560 744
1574570 746
1574580 746
1574590 749
1574600 751
1574610 751
1574620 753
1574630 755
1574640 755
1574650 758
1574660 759
1574670 759
1574680 761
1574690 764
1574700 764
1574710 765
1574720 765
1574730 766
1574740 766
1574750 767
1574760 767
1574770 767
1574780 768
1574790 769
1574800 769
1574810 769
1574820 770
1574830 770
1574840 770
1574850 770
1574860 770
1574870 770
1574880 770
1574890 770
1574900 771
1574910 771
1574920 771
1574930 772
1574940 772
1574950 772
1574960 774
1574970 776
1574980 776
1574990 777
1575000 777
1575010 777
1575020 777
1575030 777
1575040 777
1575050 777
1575060 777
1575070 777
1575080 777
1575090 777
1575100 777
1575110 777
1575120 777
1575130 777
1575140 777
1575150 776
1575160 776
1575170 776
1575180 776
1575190 776
1575200 776
1575210 776
1575220 775
1575230 775
1575240 775
1575250 775
1575260 775
1575270 775
1575280 775
1575290 775
1575300 774
1575310 772
1575320 772
1575330 769
1575340 766
1575350 766
1575360 763
1575370 760
1575380 760
1575390 756
1575400 752
1575410 748
1575420 748
1575430 744
1575440 740
1575450 740
1575460 736
1575470 732
1575480 732
1575490 725
1575500 714
1575510 714
1575520 705
1575530 698
1575540 698
1575550 692
1575560 686
1575570 686
1575580 681
1575590 679
1575600 679
1575610 679
1575620 680
1575630 680
1575640 689
1575650 699
1575660 699
1575670 705
1575680 710
1575690 710
1575700 713
1575710 716
1575720 716
1575730 721
1575740 726
1575750 731
1575760 731
1575770 736
1575780 741
1575790 741
1575800 745
1575810 749
1575820 749
1575830 752
1575840 755
1575850 755
1575860 759
1575870 762
1575880 762
1575890 765
1575900 769
1575910 769
1575920 772
1575930 776
1575940 776
1575950 779
1575960 783
1575970 783
1575980 787
1575990 793
1576000 793
1576010 797
1576020 802
1576030 802
1576040 806
1576050 809
1576060 809
1576070 812
1576080 815
1576090 817
1576100 817
1576110 820
1576120 822
1576130 822
1576140 823
1576150 824
1576160 824
1576170 825
1576180 826
1576190 826
1576200 827
1576210 828
1576220 828
1576230 829
1576240 829
1576250 829
1576260 830
1576270 831
1576280 831
1576290 832
1576300 833
1576310 833
1576320 834
1576330 834
1576340 834
1576350 831
1576360 824
1576370 824
1576380 815
1576390 809
1576400 809
1576410 816
1576420 824
1576430 824
1576440 824
1576450 826
1576460 832
1576470 832
1576480 839
1576490 846
1576500 846
1576510 855
1576520 863
1576530 863
1576540 868
1576550 873
1576560 873
1576570 878
1576580 882
1576590 882
1576600 886
1576610 891
1576620 891
1576630 896
1576640 903
1576650 903
1576660 908
1576670 911
1576680 911
1576690 915
1576700 918
1576710 918
1576720 923
1576730 928
1576740 928
1576750 933
1576760 938
1576770 943
1576780 943
1576790 948
1576800 953
1576810 953
1576820 957
1576830 962
1576840 962
1576850 968
1576860 974
1576870 974
1576880 980
1576890 985
1576900 985
1576910 990
1576920 993
1576930 993
1576940 998
1576950 1003
1576960 1003
1576970 1007
1576980 1011
1576990 1011
1577000 1014
1577010 1018
1577020 1018
1577030 1022
1577040 1024
1577050 1024
1577060 1028
1577070 1031
1577080 1031
1577090 1033
1577100 1037
1577110 1040
1577120 1040
1577130 1044
1577140 1048
1577150 1048
1577160 1052
1577170 1055
1577180 1055
1577190 1058
1577200 1062
1577210 1062
1577220 1065
1577230 1068
1577240 1068
1577250 1071
1577260 1073
1577270 1073
1577280 1075
1577290 1077
1577300 1077
1577310 1079
1577320 1081
1577330 1081
1577340 1083
1577350 1086
1577360 1086
1577370 1088
1577380 1091
1577390 1091
1577400 1095
1577410 1098
1577420 1098
1577430 1102
1577440 1104
1577450 1107
1577460 1107
1577470 1109
1577480 1112
1577490 1112
1577500 1114
1577510 1115
1577520 1115
1577530 1116
1577540 1118
1577550 1118
1577560 1121
1577570 1125
1577580 1125
1577590 1128
1577600 1131
1577610 1131
1577620 1134
1577630 1137
1577640 1137
1577650 1138
1577660 1140
1577670 1140
1577680 1141
1577690 1143
1577700 1143
1577710 1145
1577720 1147
1577730 1147
1577740 1150
1577750 1152
1577760 1152
1577770 1154
1577780 1156
1577790 1157
1577800 1157
1577810 1160
1577820 1163
1577830 1163
1577840 1166
1577850 1169
1577860 1169
1577870 1171
1577880 1174
1577890 1174
1577900 1176
1577910 1177
1577920 1177
1577930 1180
1577940 1182
1577950 1182
1577960 1186
1577970 1189
1577980 1189
1577990 1193
1578000 1198
1578010 1198
1578020 1201
1578030 1203
1578040 1203
1578050 1204
1578060 1206
1578070 1206
1578080 1210
1578090 1213
1578100 1213
1578110 1215
1578120 1218
1578130 1221
1578140 1221
1578150 1223
1578160 1226
1578170 1226
1578180 1228
1578190 1231
1578200 1231
1578210 1234
1578220 1236
1578230 1236
1578240 1238
1578250 1240
1578260 1240
1578270 1242
1578280 1244
1578290 1244
1578300 1246
1578310 1248
1578320 1248
1578330 1251
1578340 1253
1578350 1253
1578360 1255
1578370 1258
1578380 1254
1578390 1256
1578400 1258
1578410 1258
1578420 1261
1578430 1263
1578440 1263
1578450 1266
1578460 1269
1578470 1272
1578480 1272
1578490 1275
1578500 1278
1578510 1278
1578520 1281
1578530 1284
1578540 1284
1578550 1287
1578560 1289
1578570 1289
1578580 1291
1578590 1293
1578600 1293
1578610 1294
1578620 1294
1578630 1294
1578640 1295
1578650 1296
1578660 1296
1578670 1296
1578680 1296
1578690 1296
1578700 1296
1578710 1296
1578720 1296
1578730 1295
1578740 1295
1578750 1295
1578760 1294
1578770 1294
1578780 1294
1578790 1293
1578800 1292
1578810 1291
1578820 1291
1578830 1290
1578840 1289
1578850 1289
1578860 1287
1578870 1286
1578880 1286
1578890 1285
1578900 1283
1578910 1283
1578920 1281
1578930 1279
1578940 1279
1578950 1276
1578960 1273
1578970 1273
1578980 1270
1578990 1267
1579000 1267
1579010 1263
1579020 1259
1579030 1259
1579040 1257
1579050 1253
1579060 1253
1579070 1249
1579080 1244
1579090 1244
1579100 1241
1579110 1239
1579120 1239
1579130 1236
1579140 1232
1579150 1229
1579160 1229
1579170 1226
1579180 1222
1579190 1222
1579200 1217
1579210 1213
1579220 1213
1579230 1210
1579240 1208
1579250 1208
1579260 1205
1579270 1201
1579280 1201
1579290 1197
1579300 1193
1579310 1193
1579320 1189
1579330 1185
1579340 1185
1579350 1181
1579360 1177
1579370 1177
1579380 1174
1579390 1171
1579400 1171
1579410 1167
1579420 1164
1579430 1164
1579440 1159
1579450 1153
1579460 1153
1579470 1148
1579480 1144
1579490 1140
1579500 1140
1579510 1137
1579520 1131
1579530 1131
1579540 1128
1579550 1124
1579560 1124
1579570 1121
1579580 1117
1579590 1117
1579600 1113
1579610 1110
1579620 1110
1579630 1106
1579640 1103
1579650 1103
1579660 1099
1579670 1095
1579680 1095
1579690 1092
1579700 1089
1579710 1089
1579720 1084
1579730 1080
1579740 1076
1579750 1071
1579760 1066
1579770 1066
1579780 1064
1579790 1061
1579800 1061
1579810 1058
1579820 1054
1579830 1050
1579840 1050
1579850 1047
1579860 1043
1579870 1043
1579880 1036
1579890 1030
1579900 1030
1579910 1024
1579920 1018
1579930 1018
1579940 1012
1579950 1006
1579960 1006
1579970 1000
1579980 993
1579990 993
