1560000 1041
1560010 1040
1560020 1040
1560030 1039
1560040 1039
1560050 1039
1560060 1041
1560070 1044
1560080 1051
1560090 1051
1560100 1057
1560110 1062
1560120 1062
1560130 1067
1560140 1074
1560150 1074
1560160 1082
1560170 1091
1560180 1091
1560190 1100
1560200 1103
1560210 1103
1560220 1102
1560230 1100
1560240 1100
1560250 1101
1560260 1100
1560270 1100
1560280 1098
1560290 1097
1560300 1097
1560310 1095
1560320 1094
1560330 1094
1560340 1093
1560350 1091
1560360 1091
1560370 1089
1560380 1087
1560390 1087
1560400 1086
1560410 1086
1560420 1085
1560430 1085
1560440 1082
1560450 1080
1560460 1080
1560470 1077
1560480 1074
1560490 1074
1560500 1070
1560510 1065
1560520 1065
1560530 1060
1560540 1055
1560550 1055
1560560 1053
1560570 1050
1560580 1050
1560590 1048
1560600 1046
1560610 1046
1560620 1044
1560630 1040
1560640 1040
1560650 1038
1560660 1037
1560670 1037
1560680 1035
1560690 1032
1560700 1032
1560710 1029
1560720 1025
1560730 1025
1560740 1021
1560750 1018
1560760 1012
1560770 1012
1560780 1007
1560790 1004
1560800 1004
1560810 1002
1560820 999
1560830 999
1560840 996
1560850 994
1560860 994
1560870 993
1560880 991
1560890 991
1560900 986
1560910 982
1560920 982
1560930 978
1560940 975
1560950 975
1560960 973
1560970 972
1560980 972
1560990 971
1561000 970
1561010 970
1561020 968
1561030 966
1561040 966
1561050 965
1561060 963
1561070 963
1561080 958
1561090 954
1561100 956
1561110 956
1561120 960
1561130 964
1561140 964
1561150 967
1561160 968
1561170 968
1561180 969
1561190 969
1561200 969
1561210 970
1561220 972
1561230 972
1561240 971
1561250 968
1561260 968
1561270 964
1561280 964
1561290 964
1561300 963
1561310 961
1561320 961
1561330 959
1561340 958
1561350 958
1561360 956
1561370 953
1561380 953
1561390 950
1561400 946
1561410 946
1561420 945
1561430 945
1561440 944
1561450 944
1561460 943
1561470 940
1561480 940
1561490 937
1561500 934
1561510 934
1561520 930
1561530 928
1561540 928
1561550 925
1561560 924
1561570 924
1561580 922
1561590 919
1561600 921
1561610 917
1561620 914
1561630 914
1561640 910
1561650 908
1561660 908
1561670 904
1561680 900
1561690 900
1561700 896
1561710 892
1561720 892
1561730 889
1561740 888
1561750 888
1561760 887
1561770 886
1561780 884
1561790 884
1561800 882
1561810 879
1561820 879
1561830 876
1561840 874
1561850 874
1561860 873
1561870 871
1561880 871
1561890 870
1561900 869
1561910 869
1561920 869
1561930 870
1561940 870
1561950 869
1561960 869
1561970 869
1561980 869
1561990 868
1562000 868
1562010 867
1562020 867
1562030 867
1562040 869
1562050 871
1562060 871
1562070 873
1562080 876
1562090 876
1562100 878
1562110 880
1562120 880
1562130 880
1562140 876
1562150 870
1562160 870
1562170 866
1562180 861
1562190 861
1562200 859
1562210 855
1562220 855
1562230 850
1562240 845
1562250 845
1562260 840
1562270 834
1562280 834
1562290 827
1562300 817
1562310 817
1562320 810
1562330 808
1562340 808
1562350 806
1562360 803
1562370 803
1562380 799
1562390 795
1562400 795
1562410 795
1562420 794
1562430 794
1562440 792
1562450 790
1562460 787
1562470 787
1562480 785
1562490 782
1562500 782
1562510 780
1562520 776
1562530 776
1562540 773
1562550 770
1562560 770
1562570 767
1562580 765
1562590 765
1562600 763
1562610 760
1562620 760
1562630 759
1562640 757
1562650 757
1562660 755
1562670 752
1562680 752
1562690 750
1562700 748
1562710 748
1562720 744
1562730 741
1562740 741
1562750 738
1562760 736
1562770 736
1562780 734
1562790 733
1562800 732
1562810 732
1562820 729
1562830 726
1562840 726
1562850 723
1562860 719
1562870 719
1562880 713
1562890 706
1562900 706
1562910 701
1562920 696
1562930 696
1562940 692
1562950 689
1562960 689
1562970 684
1562980 678
1562990 678
1563000 674
1563010 675
1563020 675
1563030 674
1563040 674
1563050 674
1563060 674
1563070 672
1563080 672
1563090 671
1563100 670
1563110 670
1563120 669
1563130 668
1563140 667
1563150 667
1563160 666
1563170 664
1563180 664
1563190 664
1563200 662
1563210 662
1563220 661
1563230 660
1563240 660
1563250 659
1563260 657
1563270 657
1563280 656
1563290 656
1563300 656
1563310 656
1563320 652
1563330 652
1563340 651
1563350 649
1563360 649
1563370 648
1563380 648
1563390 648
1563400 648
1563410 647
1563420 647
1563430 647
1563440 647
1563450 647
1563460 647
1563470 647
1563480 647
1563490 647
1563500 647
1563510 647
1563520 647
1563530 647
1563540 645
1563550 645
1563560 645
1563570 645
1563580 645
1563590 645
1563600 646
1563610 646
1563620 648
1563630 647
1563640 647
1563650 647
1563660 647
1563670 647
1563680 647
1563690 647
1563700 647
1563710 647
1563720 647
1563730 647
1563740 647
1563750 647
1563760 647
1563770 647
1563780 646
1563790 646
1563800 646
1563810 646
1563820 646
1563830 646
1563840 646
1563850 646
1563860 646
1563870 646
1563880 646
1563890 646
1563900 646
1563910 646
1563920 646
1563930 646
1563940 646
1563950 646
1563960 646
1563970 646
1563980 646
1563990 646
1564000 646
1564010 646
1564020 646
1564030 647
1564040 647
1564050 647
1564060 647
1564070 647
1564080 647
1564090 647
1564100 647
1564110 647
1564120 647
1564130 646
1564140 646
1564150 646
1564160 646
1564170 646
1564180 646
1564190 646
1564200 646
1564210 646
1564220 646
1564230 646
1564240 646
1564250 646
1564260 646
1564270 646
1564280 646
1564290 646
1564300 646
1564310 646
1564320 646
1564330 646
1564340 646
1564350 646
1564360 646
1564370 646
1564380 646
1564390 646
1564400 646
1564410 646
1564420 646
1564430 646
1564440 646
1564450 646
1564460 646
1564470 646
1564480 646
1564490 646
1564500 646
1564510 646
1564520 646
1564530 646
1564540 646
1564550 646
1564560 645
1564570 645
1564580 645
1564590 645
1564600 645
1564610 645
1564620 645
1564630 645
1564640 645
1564650 645
1564660 645
1564670 645
1564680 645
1564690 645
1564700 645
1564710 645
1564720 645
1564730 646
1564740 646
1564750 646
1564760 646
1564770 645
1564780 645
1564790 645
1564800 646
1564810 646
1564820 646
1564830 646
1564840 646
1564850 646
1564860 646
1564870 646
1564880 646
1564890 645
1564900 645
1564910 645
1564920 645
1564930 646
1564940 646
1564950 646
1564960 645
1564970 645
1564980 645
1564990 645
1565000 645
1565010 645
1565020 645
1565030 645
1565040 645
1565050 645
1565060 645
1565070 645
1565080 644
1565090 644
1565100 645
1565110 645
1565120 645
1565130 645
1565140 645
1565150 645
1565160 645
1565170 645
1565180 645
1565190 645
1565200 645
1565210 645
1565220 645
1565230 644
1565240 644
1565250 644
1565260 644
1565270 644
1565280 644
1565290 644
1565300 644
1565310 644
1565320 644
1565330 644
1565340 644
1565350 644
1565360 644
1565370 644
1565380 645
1565390 645
1565400 645
1565410 645
1565420 645
1565430 645
1565440 645
1565450 645
1565460 645
1565470 645
1565480 645
1565490 645
1565500 645
1565510 644
1565520 644
1565530 644
1565540 644
1565550 644
1565560 644
1565570 644
1565580 644
1565590 644
1565600 644
1565610 644
1565620 644
1565630 644
1565640 644
1565650 644
1565660 644
1565670 644
1565680 644
1565690 644
1565700 644
1565710 644
1565720 644
1565730 644
1565740 644
1565750 644
1565760 644
1565770 644
1565780 644
1565790 644
1565800 644
1565810 645
1565820 645
1565830 645
1565840 645
1565850 645
1565860 644
1565870 644
1565880 644
1565890 644
1565900 644
1565910 644
1565920 644
1565930 644
1565940 644
1565950 644
1565960 644
1565970 644
1565980 644
1565990 644
1566000 644
1566010 644
1566020 644
1566030 643
1566040 643
1566050 643
1566060 643
1566070 644
1566080 644
1566090 643
1566100 643
1566110 643
1566120 643
1566130 643
1566140 643
1566150 644
1566160 644
1566170 644
1566180 644
1566190 644
1566200 644
1566210 644
1566220 644
1566230 644
1566240 644
1566250 644
1566260 644
1566270 644
1566280 644
1566290 644
1566300 644
1566310 644
1566320 644
1566330 644
1566340 644
1566350 644
1566360 644
1566370 644
1566380 644
1566390 644
1566400 644
1566410 644
1566420 644
1566430 644
1566440 644
1566450 644
1566460 644
1566470 644
1566480 644
1566490 644
1566500 644
1566510 644
1566520 644
1566530 644
1566540 644
1566550 644
1566560 644
1566570 644
1566580 644
1566590 644
1566600 644
1566610 644
1566620 644
1566630 644
1566640 644
1566650 644
1566660 643
1566670 643
1566680 643
1566690 643
1566700 643
1566710 643
1566720 644
1566730 644
1566740 644
1566750 643
1566760 643
1566770 643
1566780 643
1566790 643
1566800 643
1566810 643
1566820 643
1566830 644
1566840 644
1566850 644
1566860 644
1566870 644
1566880 644
1566890 644
1566900 644
1566910 644
1566920 644
1566930 644
1566940 644
1566950 644
1566960 644
1566970 644
1566980 644
1566990 644
1567000 644
1567010 644
1567020 644
1567030 644
1567040 644
1567050 644
1567060 644
1567070 644
1567080 644
1567090 644
1567100 644
1567110 644
1567120 644
1567130 644
1567140 644
1567150 644
1567160 644
1567170 644
1567180 643
1567190 643
1567200 643
1567210 644
1567220 644
1567230 644
1567240 644
1567250 644
1567260 644
1567270 644
1567280 644
1567290 644
1567300 644
1567310 644
1567320 644
1567330 644
1567340 644
1567350 644
1567360 644
1567370 644
1567380 644
1567390 644
1567400 644
1567410 644
1567420 644
1567430 644
1567440 644
1567450 644
1567460 644
1567470 644
1567480 644
1567490 644
1567500 644
1567510 644
1567520 644
1567530 644
1567540 644
1567550 644
1567560 644
1567570 644
1567580 644
1567590 644
1567600 644
1567610 644
1567620 644
1567630 644
1567640 644
1567650 644
1567660 644
1567670 644
1567680 644
1567690 644
1567700 644
1567710 644
1567720 644
1567730 645
1567740 645
1567750 645
1567760 645
1567770 645
1567780 645
1567790 645
1567800 645
1567810 645
1567820 645
1567830 645
1567840 645
1567850 645
1567860 645
1567870 645
1567880 645
1567890 645
1567900 645
1567910 645
1567920 645
1567930 645
1567940 645
1567950 645
1567960 646
1567970 646
1567980 646
1567990 646
1568000 646
1568010 646
1568020 646
1568030 646
1568040 646
1568050 646
1568060 646
1568070 646
1568080 646
1568090 646
1568100 646
1568110 646
1568120 646
1568130 646
1568140 645
1568150 645
1568160 646
1568170 646
1568180 646
1568190 646
1568200 646
1568210 646
1568220 646
1568230 646
1568240 646
1568250 646
1568260 646
1568270 646
1568280 646
1568290 646
1568300 646
1568310 646
1568320 646
1568330 646
1568340 646
1568350 647
1568360 647
1568370 647
1568380 647
1568390 647
1568400 647
1568410 646
1568420 646
1568430 646
1568440 646
1568450 647
1568460 647
1568470 647
1568480 647
1568490 647
1568500 647
1568510 647
1568520 647
1568530 647
1568540 647
1568550 647
1568560 647
1568570 647
1568580 647
1568590 647
1568600 647
1568610 646
1568620 646
1568630 646
1568640 646
1568650 646
1568660 646
1568670 647
1568680 647
1568690 647
1568700 647
1568710 647
1568720 647
1568730 647
1568740 647
1568750 647
1568760 647
1568770 647
1568780 647
1568790 647
1568800 647
1568810 647
1568820 647
1568830 647
1568840 648
1568850 648
1568860 648
1568870 648
1568880 647
1568890 648
1568900 648
1568910 647
1568920 647
1568930 647
1568940 647
1568950 647
1568960 647
1568970 648
1568980 648
1568990 648
1569000 648
1569010 646
1569020 646
1569030 647
1569040 650
1569050 650
1569060 650
1569070 649
1569080 649
1569090 649
1569100 649
1569110 649
1569120 648
1569130 648
1569140 648
1569150 648
1569160 648
1569170 648
1569180 648
1569190 648
1569200 648
1569210 648
1569220 648
1569230 648
1569240 648
1569250 648
1569260 648
1569270 648
1569280 648
1569290 648
1569300 648
1569310 649
1569320 650
1569330 650
1569340 651
1569350 652
1569360 652
1569370 653
1569380 654
1569390 654
1569400 654
1569410 655
1569420 655
1569430 656
1569440 657
1569450 657
1569460 658
1569470 658
1569480 658
1569490 659
1569500 660
1569510 659
1569520 660
1569530 661
1569540 661
1569550 661
1569560 661
1569570 662
1569580 662
1569590 662
1569600 663
1569610 663
1569620 664
1569630 664
1569640 664
1569650 666
1569660 667
1569670 667
1569680 668
1569690 668
1569700 668
1569710 669
1569720 669
1569730 669
1569740 668
1569750 666
1569760 666
1569770 668
1569780 669
1569790 669
1569800 669
1569810 668
1569820 668
1569830 669
1569840 670
1569850 670
1569860 672
1569870 673
1569880 674
1569890 674
1569900 675
1569910 675
1569920 675
1569930 676
1569940 676
1569950 676
1569960 677
1569970 678
1569980 678
1569990 679
1570000 679
1570010 679
1570020 680
1570030 681
1570040 681
1570050 681
1570060 681
1570070 681
1570080 682
1570090 682
1570100 682
1570110 683
1570120 684
1570130 684
1570140 684
1570150 684
1570160 684
1570170 685
1570180 685
1570190 685
1570200 685
1570210 685
1570220 686
1570230 686
1570240 686
1570250 687
1570260 687
1570270 687
1570280 688
1570290 688
1570300 688
1570310 689
1570320 689
1570330 689
1570340 690
1570350 690
1570360 690
1570370 690
1570380 690
1570390 691
1570400 691
1570410 691
1570420 692
1570430 692
1570440 692
1570450 693
1570460 693
1570470 693
1570480 694
1570490 694
1570500 694
1570510 694
1570520 695
1570530 695
1570540 695
1570550 695
1570560 696
1570570 696
1570580 696
1570590 697
1570600 697
1570610 697
1570620 698
1570630 698
1570640 699
1570650 699
1570660 699
1570670 699
1570680 699
1570690 699
1570700 700
1570710 700
1570720 700
1570730 701
1570740 701
1570750 701
1570760 701
1570770 702
1570780 702
1570790 703
1570800 703
1570810 703
1570820 703
1570830 704
1570840 704
1570850 704
1570860 705
1570870 705
1570880 705
1570890 705
1570900 706
1570910 706
1570920 706
1570930 707
1570940 707
1570950 707
1570960 708
1570970 708
1570980 708
1570990 709
1571000 708
1571010 709
1571020 709
1571030 709
1571040 709
1571050 710
1571060 710
1571070 710
1571080 710
1571090 710
1571100 711
1571110 711
1571120 711
1571130 711
1571140 712
1571150 712
1571160 712
1571170 713
1571180 713
1571190 713
1571200 713
1571210 713
1571220 713
1571230 714
1571240 714
1571250 714
1571260 715
1571270 716
1571280 716
1571290 716
1571300 717
1571310 717
1571320 717
1571330 718
1571340 718
1571350 718
1571360 719
1571370 719
1571380 719
1571390 719
1571400 719
1571410 721
1571420 722
1571430 722
1571440 723
1571450 724
1571460 724
1571470 724
1571480 723
1571490 723
1571500 723
1571510 724
1571520 724
1571530 724
1571540 725
1571550 725
1571560 726
1571570 726
1571580 727
1571590 727
1571600 728
1571610 729
1571620 729
1571630 730
1571640 731
1571650 731
1571660 732
1571670 734
1571680 734
1571690 735
1571700 736
1571710 736
1571720 737
1571730 738
1571740 738
1571750 738
1571760 738
1571770 738
1571780 739
1571790 741
1571800 741
1571810 742
1571820 742
1571830 742
1571840 742
1571850 742
1571860 742
1571870 741
1571880 741
1571890 741
1571900 742
1571910 743
1571920 743
1571930 743
1571940 742
1571950 740
1571960 740
1571970 739
1571980 738
1571990 738
1572000 739
1572010 738
1572020 738
1572030 737
1572040 735
1572050 735
1572060 733
1572070 733
1572080 733
1572090 733
1572100 730
1572110 730
1572120 727
1572130 724
1572140 724
1572150 722
1572160 721
1572170 721
1572180 720
1572190 718
1572200 718
1572210 717
1572220 716
1572230 716
1572240 715
1572250 714
1572260 713
1572270 713
1572280 712
1572290 711
1572300 711
1572310 710
1572320 710
1572330 710
1572340 709
1572350 708
1572360 708
1572370 707
1572380 706
1572390 706
1572400 706
1572410 705
1572420 705
1572430 705
1572440 704
1572450 704
1572460 704
1572470 703
1572480 703
1572490 702
1572500 701
1572510 701
1572520 701
1572530 700
1572540 700
1572550 700
1572560 700
1572570 700
1572580 699
1572590 698
1572600 698
1572610 698
1572620 697
1572630 697
1572640 697
1572650 697
1572660 696
1572670 696
1572680 697
1572690 697
1572700 697
1572710 697
1572720 697
1572730 697
1572740 697
1572750 697
1572760 697
1572770 697
1572780 698
1572790 698
1572800 698
1572810 698
1572820 698
1572830 698
1572840 698
1572850 698
1572860 698
1572870 698
1572880 698
1572890 698
1572900 698
1572910 698
1572920 698
1572930 698
1572940 698
1572950 698
1572960 698
1572970 698
1572980 698
1572990 699
1573000 699
1573010 699
1573020 699
1573030 699
1573040 699
1573050 699
1573060 699
1573070 699
1573080 699
1573090 699
1573100 699
1573110 699
1573120 699
1573130 699
1573140 699
1573150 699
1573160 699
1573170 699
1573180 700
1573190 700
1573200 700
1573210 700
1573220 700
1573230 700
1573240 700
1573250 700
1573260 700
1573270 700
1573280 700
1573290 700
1573300 701
1573310 701
1573320 701
1573330 701
1573340 701
1573350 701
1573360 701
1573370 701
1573380 701
1573390 701
1573400 702
1573410 702
1573420 702
1573430 702
1573440 702
1573450 702
1573460 702
1573470 702
1573480 702
1573490 702
1573500 702
1573510 702
1573520 702
1573530 702
1573540 702
1573550 702
1573560 702
1573570 702
1573580 702
1573590 702
1573600 703
1573610 703
1573620 703
1573630 703
1573640 703
1573650 702
1573660 702
1573670 702
1573680 702
1573690 702
1573700 703
1573710 703
1573720 703
1573730 704
1573740 706
1573750 706
1573760 707
1573770 707
1573780 707
1573790 708
1573800 709
1573810 709
1573820 709
1573830 710
1573840 710
1573850 711
1573860 711
1573870 711
1573880 711
1573890 712
1573900 711
1573910 711
1573920 712
1573930 712
1573940 712
1573950 713
1573960 713
1573970 713
1573980 714
1573990 715
1574000 715
1574010 717
1574020 718
1574030 718
1574040 719
1574050 720
1574060 720
1574070 721
1574080 722
1574090 722
1574100 723
1574110 724
1574120 724
1574130 724
1574140 725
1574150 725
1574160 725
1574170 726
1574180 726
1574190 726
1574200 727
1574210 727
1574220 728
1574230 728
1574240 728
1574250 730
1574260 731
1574270 732
1574280 732
1574290 733
1574300 735
1574310 735
1574320 736
1574330 737
1574340 737
1574350 738
1574360 739
1574370 739
1574380 740
1574390 741
1574400 741
1574410 742
1574420 743
1574430 743
1574440 744
1574450 745
1574460 745
1574470 747
1574480 749
1574490 749
1574500 751
1574510 753
1574520 753
1574530 755
1574540 756
1574550 756
1574560 757
1574570 759
1574580 759
1574590 760
1574600 761
1574610 763
1574620 763
1574630 764
1574640 765
1574650 765
1574660 766
1574670 768
1574680 768
1574690 768
1574700 770
1574710 770
1574720 770
1574730 771
1574740 771
1574750 773
1574760 774
1574770 774
1574780 775
1574790 776
1574800 776
1574810 776
1574820 777
1574830 777
1574840 777
1574850 778
1574860 778
1574870 779
1574880 780
1574890 780
1574900 781
1574910 782
1574920 782
1574930 782
1574940 783
1574950 784
1574960 784
1574970 785
1574980 787
1574990 787
1575000 790
1575010 791
1575020 791
1575030 792
1575040 792
1575050 792
1575060 794
1575070 795
1575080 795
1575090 793
1575100 793
1575110 793
1575120 796
1575130 799
1575140 799
1575150 801
1575160 801
1575170 801
1575180 803
1575190 803
1575200 803
1575210 804
1575220 806
1575230 806
1575240 806
1575250 805
1575260 805
1575270 802
1575280 799
1575290 797
1575300 797
1575310 796
1575320 792
1575330 792
1575340 791
1575350 789
1575360 789
1575370 786
1575380 784
1575390 784
1575400 781
1575410 778
1575420 778
1575430 775
1575440 771
1575450 771
1575460 768
1575470 764
1575480 764
1575490 760
1575500 756
1575510 756
1575520 753
1575530 749
1575540 749
1575550 744
1575560 740
1575570 740
1575580 734
1575590 725
1575600 725
1575610 716
1575620 706
1575630 698
1575640 698
1575650 693
1575660 685
1575670 685
1575680 682
1575690 681
1575700 681
1575710 681
1575720 681
1575730 681
1575740 686
1575750 694
1575760 694
1575770 704
1575780 710
1575790 710
1575800 712
1575810 715
1575820 715
1575830 716
1575840 717
1575850 717
1575860 714
1575870 720
1575880 720
1575890 723
1575900 722
1575910 722
1575920 726
1575930 729
1575940 729
1575950 731
1575960 733
1575970 735
1575980 735
1575990 738
1576000 740
1576010 740
1576020 742
1576030 747
1576040 747
1576050 750
1576060 751
1576070 751
1576080 755
1576090 759
1576100 759
1576110 762
1576120 765
1576130 765
1576140 768
1576150 772
1576160 772
1576170 775
1576180 778
1576190 778
1576200 779
1576210 779
1576220 779
1576230 777
1576240 775
1576250 775
1576260 772
1576270 771
1576280 771
1576290 769
1576300 769
1576310 775
1576320 775
1576330 784
1576340 790
1576350 790
1576360 795
1576370 800
1576380 800
1576390 805
1576400 810
1576410 810
1576420 816
1576430 822
1576440 822
1576450 827
1576460 834
1576470 834
1576480 841
1576490 848
1576500 848
1576510 853
1576520 859
1576530 859
1576540 867
1576550 874
1576560 874
1576570 880
1576580 888
1576590 888
1576600 896
1576610 903
1576620 903
1576630 910
1576640 916
1576650 923
1576660 923
1576670 928
1576680 933
1576690 933
1576700 938
1576710 944
1576720 942
1576730 947
1576740 951
1576750 951
1576760 957
1576770 961
1576780 961
1576790 964
1576800 968
1576810 968
1576820 971
1576830 974
1576840 974
1576850 978
1576860 982
1576870 982
1576880 986
1576890 989
1576900 989
1576910 994
1576920 998
1576930 998
1576940 1002
1576950 1004
1576960 1004
1576970 1009
1576980 1014
1576990 1020
1577000 1020
1577010 1025
1577020 1031
1577030 1031
1577040 1036
1577050 1041
1577060 1041
1577070 1046
1577080 1051
1577090 1051
1577100 1056
1577110 1061
1577120 1061
1577130 1065
1577140 1068
1577150 1068
1577160 1072
1577170 1075
1577180 1075
1577190 1079
1577200 1082
1577210 1082
1577220 1085
1577230 1089
1577240 1089
1577250 1092
1577260 1096
1577270 1096
1577280 1099
1577290 1103
1577300 1103
1577310 1105
1577320 1107
1577330 1110
1577340 1110
1577350 1113
1577360 1116
1577370 1116
1577380 1119
1577390 1122
1577400 1122
1577410 1124
1577420 1126
1577430 1126
1577440 1129
1577450 1134
1577460 1134
1577470 1137
1577480 1138
1577490 1138
1577500 1140
1577510 1142
1577520 1142
1577530 1144
1577540 1147
1577550 1147
1577560 1149
1577570 1151
1577580 1151
1577590 1153
1577600 1156
1577610 1156
1577620 1159
1577630 1160
1577640 1160
1577650 1162
1577660 1165
1577670 1169
1577680 1169
1577690 1171
1577700 1173
1577710 1173
1577720 1175
1577730 1179
1577740 1179
1577750 1181
1577760 1183
1577770 1183
1577780 1186
1577790 1191
1577800 1191
1577810 1195
1577820 1200
1577830 1200
1577840 1205
1577850 1209
1577860 1209
1577870 1213
1577880 1216
1577890 1216
1577900 1219
1577910 1221
1577920 1221
1577930 1223
1577940 1225
1577950 1225
1577960 1227
1577970 1230
1577980 1230
1577990 1232
1578000 1234
1578010 1236
1578020 1236
1578030 1239
1578040 1241
1578050 1241
1578060 1243
1578070 1246
1578080 1246
1578090 1248
1578100 1247
1578110 1247
1578120 1250
1578130 1253
1578140 1253
1578150 1256
1578160 1258
1578170 1258
1578180 1261
1578190 1263
1578200 1263
1578210 1265
1578220 1267
1578230 1267
1578240 1269
1578250 1271
1578260 1271
1578270 1273
1578280 1275
1578290 1275
1578300 1277
1578310 1280
1578320 1280
1578330 1283
1578340 1285
1578350 1287
1578360 1287
1578370 1288
1578380 1290
1578390 1290
1578400 1293
1578410 1294
1578420 1294
1578430 1295
1578440 1295
1578450 1295
1578460 1295
1578470 1295
1578480 1295
1578490 1295
1578500 1295
1578510 1295
1578520 1295
1578530 1294
1578540 1294
1578550 1294
1578560 1294
1578570 1294
1578580 1294
1578590 1293
1578600 1293
1578610 1291
1578620 1289
1578630 1289
1578640 1287
1578650 1284
1578660 1284
1578670 1281
1578680 1279
1578690 1278
1578700 1278
1578710 1277
1578720 1277
1578730 1277
1578740 1277
1578750 1277
1578760 1277
1578770 1276
1578780 1276
1578790 1276
1578800 1276
1578810 1276
1578820 1276
1578830 1275
1578840 1274
1578850 1274
1578860 1274
1578870 1272
1578880 1272
1578890 1271
1578900 1270
1578910 1270
1578920 1270
1578930 1269
1578940 1269
1578950 1269
1578960 1269
1578970 1269
1578980 1269
1578990 1270
1579000 1270
1579010 1270
1579020 1270
1579030 1269
1579040 1269
1579050 1268
1579060 1267
1579070 1267
1579080 1266
1579090 1265
1579100 1265
1579110 1264
1579120 1263
1579130 1263
1579140 1262
1579150 1260
1579160 1260
1579170 1258
1579180 1256
1579190 1256
1579200 1254
1579210 1252
1579220 1252
1579230 1250
1579240 1248
1579250 1248
1579260 1246
1579270 1244
1579280 1244
1579290 1241
1579300 1239
1579310 1239
1579320 1235
1579330 1230
1579340 1230
1579350 1225
1579360 1220
1579370 1214
1579380 1214
1579390 1210
1579400 1209
1579410 1209
1579420 1205
1579430 1199
1579440 1199
1579450 1191
1579460 1187
1579470 1187
1579480 1180
1579490 1177
1579500 1177
1579510 1172
1579520 1167
1579530 1167
1579540 1161
1579550 1157
1579560 1157
1579570 1152
1579580 1146
1579590 1146
1579600 1142
1579610 1138
1579620 1138
1579630 1134
1579640 1130
1579650 1130
1579660 1124
1579670 1119
1579680 1119
1579690 1114
1579700 1108
1579710 1101
1579720 1101
1579730 1097
1579740 1092
1579750 1092
1579760 1086
1579770 1081
1579780 1081
1579790 1077
1579800 1070
1579810 1070
1579820 1063
1579830 1057
1579840 1057
1579850 1051
1579860 1045
1579870 1045
1579880 1039
1579890 1031
1579900 1031
1579910 1022
1579920 1014
1579930 1014
1579940 1009
1579950 1009
1579960 1009
1579970 1009
1579980 1006
1579990 1006
