1560000 1843
1560010 1837
1560020 1837
1560030 1836
1560040 1827
1560050 1827
1560060 1813
1560070 1786
1560080 1786
1560090 1765
1560100 1752
1560110 1752
1560120 1741
1560130 1716
1560140 1716
1560150 1691
1560160 1689
1560170 1689
1560180 1692
1560190 1686
1560200 1686
1560210 1684
1560220 1688
1560230 1695
1560240 1695
1560250 1703
1560260 1710
1560270 1710
1560280 1709
1560290 1701
1560300 1701
1560310 1714
1560320 1729
1560330 1729
1560340 1740
1560350 1750
1560360 1750
1560370 1764
1560380 1779
1560390 1779
1560400 1793
1560410 1806
1560420 1806
1560430 1816
1560440 1827
1560450 1827
1560460 1847
1560470 1861
1560480 1861
1560490 1854
1560500 1839
1560510 1839
1560520 1809
1560530 1793
1560540 1793
1560550 1786
1560560 1773
1560570 1753
1560580 1753
1560590 1736
1560600 1707
1560610 1707
1560620 1671
1560630 1656
1560640 1656
1560650 1639
1560660 1609
1560670 1609
1560680 1580
1560690 1548
1560700 1548
1560710 1522
1560720 1517
1560730 1517
1560740 1512
1560750 1507
1560760 1510
1560770 1506
1560780 1501
1560790 1501
1560800 1496
1560810 1491
1560820 1491
1560830 1486
1560840 1481
1560850 1481
1560860 1476
1560870 1471
1560880 1471
1560890 1468
1560900 1464
1560910 1464
1560920 1460
1560930 1456
1560940 1452
1560950 1452
1560960 1448
1560970 1444
1560980 1444
1560990 1439
1561000 1435
1561010 1435
1561020 1430
1561030 1426
1561040 1426
1561050 1422
1561060 1419
1561070 1419
1561080 1416
1561090 1413
1561100 1413
1561110 1410
1561120 1408
1561130 1408
1561140 1408
1561150 1409
1561160 1409
1561170 1408
1561180 1403
1561190 1403
1561200 1400
1561210 1397
1561220 1397
1561230 1395
1561240 1395
1561250 1395
1561260 1397
1561270 1396
1561280 1393
1561290 1393
1561300 1389
1561310 1386
1561320 1386
1561330 1383
1561340 1381
1561350 1381
1561360 1380
1561370 1378
1561380 1378
1561390 1374
1561400 1371
1561410 1371
1561420 1368
1561430 1366
1561440 1366
1561450 1361
1561460 1357
1561470 1357
1561480 1354
1561490 1352
1561500 1352
1561510 1350
1561520 1351
1561530 1351
1561540 1352
1561550 1352
1561560 1352
1561570 1352
1561580 1351
1561590 1351
1561600 1350
1561610 1349
1561620 1348
1561630 1348
1561640 1349
1561650 1350
1561660 1350
1561670 1351
1561680 1352
1561690 1352
1561700 1352
1561710 1359
1561720 1359
1561730 1375
1561740 1377
1561750 1377
1561760 1376
1561770 1374
1561780 1374
1561790 1369
1561800 1356
1561810 1356
1561820 1351
1561830 1349
1561840 1349
1561850 1346
1561860 1346
1561870 1346
1561880 1349
1561890 1351
1561900 1351
1561910 1352
1561920 1354
1561930 1354
1561940 1359
1561950 1363
1561960 1365
1561970 1365
1561980 1366
1561990 1367
1562000 1367
1562010 1367
1562020 1366
1562030 1366
1562040 1364
1562050 1362
1562060 1362
1562070 1360
1562080 1359
1562090 1359
1562100 1358
1562110 1356
1562120 1356
1562130 1354
1562140 1353
1562150 1353
1562160 1350
1562170 1348
1562180 1348
1562190 1344
1562200 1340
1562210 1340
1562220 1336
1562230 1332
1562240 1332
1562250 1329
1562260 1325
1562270 1325
1562280 1321
1562290 1315
1562300 1309
1562310 1309
1562320 1304
1562330 1297
1562340 1297
1562350 1292
1562360 1287
1562370 1287
1562380 1281
1562390 1273
1562400 1273
1562410 1265
1562420 1263
1562430 1263
1562440 1256
1562450 1250
1562460 1250
1562470 1240
1562480 1233
1562490 1233
1562500 1226
1562510 1220
1562520 1220
1562530 1214
1562540 1207
1562550 1207
1562560 1201
1562570 1193
1562580 1193
1562590 1185
1562600 1178
1562610 1178
1562620 1171
1562630 1165
1562640 1157
1562650 1157
1562660 1148
1562670 1142
1562680 1142
1562690 1134
1562700 1127
1562710 1127
1562720 1119
1562730 1112
1562740 1112
1562750 1105
1562760 1097
1562770 1097
1562780 1089
1562790 1082
1562800 1082
1562810 1076
1562820 1070
1562830 1070
1562840 1063
1562850 1054
1562860 1054
1562870 1043
1562880 1032
1562890 1032
1562900 1022
1562910 1020
1562920 1020
1562930 1016
1562940 1011
1562950 1011
1562960 999
1562970 990
1562980 985
1562990 985
1563000 979
1563010 975
1563020 975
1563030 971
1563040 969
1563050 969
1563060 966
1563070 963
1563080 963
1563090 959
1563100 956
1563110 956
1563120 954
1563130 952
1563140 952
1563150 948
1563160 944
1563170 944
1563180 941
1563190 941
1563200 941
1563210 943
1563220 946
1563230 946
1563240 948
1563250 950
1563260 950
1563270 952
1563280 953
1563290 953
1563300 955
1563310 957
1563320 959
1563330 959
1563340 962
1563350 964
1563360 964
1563370 966
1563380 969
1563390 969
1563400 971
1563410 974
1563420 974
1563430 977
1563440 979
1563450 979
1563460 982
1563470 985
1563480 985
1563490 989
1563500 991
1563510 991
1563520 995
1563530 998
1563540 998
1563550 1003
1563560 1008
1563570 1008
1563580 1013
1563590 1019
1563600 1019
1563610 1024
1563620 1028
1563630 1028
1563640 1032
1563650 1034
1563660 1036
1563670 1036
1563680 1037
1563690 1038
1563700 1038
1563710 1038
1563720 1037
1563730 1037
1563740 1036
1563750 1034
1563760 1034
1563770 1031
1563780 1029
1563790 1029
1563800 1026
1563810 1025
1563820 1025
1563830 1024
1563840 1024
1563850 1024
1563860 1023
1563870 1023
1563880 1023
1563890 1024
1563900 1025
1563910 1025
1563920 1023
1563930 1022
1563940 1022
1563950 1021
1563960 1019
1563970 1019
1563980 1015
1563990 1009
1564000 1004
1564010 1004
1564020 999
1564030 996
1564040 996
1564050 993
1564060 989
1564070 989
1564080 986
1564090 983
1564100 983
1564110 978
1564120 974
1564130 974
1564140 972
1564150 972
1564160 972
1564170 974
1564180 977
1564190 977
1564200 979
1564210 981
1564220 981
1564230 979
1564240 975
1564250 975
1564260 966
1564270 962
1564280 962
1564290 960
1564300 955
1564310 955
1564320 951
1564330 947
1564340 943
1564350 943
1564360 938
1564370 935
1564380 935
1564390 932
1564400 930
1564410 930
1564420 927
1564430 925
1564440 925
1564450 922
1564460 920
1564470 920
1564480 918
1564490 916
1564500 916
1564510 913
1564520 911
1564530 911
1564540 908
1564550 904
1564560 904
1564570 899
1564580 894
1564590 894
1564600 890
1564610 887
1564620 887
1564630 884
1564640 880
1564650 880
1564660 876
1564670 873
1564680 873
1564690 871
1564700 868
1564710 864
1564720 864
1564730 861
1564740 859
1564750 859
1564760 857
1564770 852
1564780 852
1564790 846
1564800 841
1564810 841
1564820 836
1564830 830
1564840 830
1564850 824
1564860 822
1564870 822
1564880 820
1564890 818
1564900 818
1564910 817
1564920 817
1564930 817
1564940 817
1564950 818
1564960 818
1564970 820
1564980 821
1564990 821
1565000 822
1565010 820
1565020 820
1565030 816
1565040 813
1565050 811
1565060 811
1565070 811
1565080 809
1565090 809
1565100 808
1565110 806
1565120 806
1565130 803
1565140 800
1565150 800
1565160 797
1565170 794
1565180 794
1565190 792
1565200 789
1565210 789
1565220 787
1565230 785
1565240 785
1565250 783
1565260 781
1565270 781
1565280 779
1565290 777
1565300 777
1565310 775
1565320 772
1565330 772
1565340 769
1565350 766
1565360 766
1565370 763
1565380 759
1565390 758
1565400 758
1565410 755
1565420 754
1565430 754
1565440 754
1565450 753
1565460 753
1565470 752
1565480 750
1565490 750
1565500 748
1565510 747
1565520 747
1565530 746
1565540 744
1565550 744
1565560 742
1565570 740
1565580 740
1565590 738
1565600 737
1565610 737
1565620 735
1565630 733
1565640 733
1565650 732
1565660 729
1565670 729
1565680 728
1565690 727
1565700 727
1565710 726
1565720 724
1565730 722
1565740 722
1565750 721
1565760 719
1565770 719
1565780 718
1565790 717
1565800 717
1565810 716
1565820 714
1565830 714
1565840 713
1565850 712
1565860 712
1565870 711
1565880 710
1565890 710
1565900 709
1565910 708
1565920 708
1565930 707
1565940 706
1565950 706
1565960 705
1565970 704
1565980 704
1565990 703
1566000 702
1566010 702
1566020 701
1566030 699
1566040 699
1566050 698
1566060 697
1566070 697
1566080 697
1566090 696
1566100 695
1566110 695
1566120 694
1566130 693
1566140 693
1566150 693
1566160 692
1566170 692
1566180 691
1566190 691
1566200 691
1566210 690
1566220 689
1566230 689
1566240 688
1566250 687
1566260 687
1566270 686
1566280 685
1566290 685
1566300 684
1566310 682
1566320 682
1566330 680
1566340 678
1566350 678
1566360 676
1566370 674
1566380 674
1566390 672
1566400 670
1566410 669
1566420 669
1566430 667
1566440 666
1566450 666
1566460 664
1566470 662
1566480 662
1566490 661
1566500 659
1566510 659
1566520 657
1566530 655
1566540 655
1566550 653
1566560 652
1566570 652
1566580 648
1566590 646
1566600 646
1566610 646
1566620 645
1566630 645
1566640 645
1566650 647
1566660 647
1566670 649
1566680 649
1566690 649
1566700 647
1566710 645
1566720 645
1566730 644
1566740 645
1566750 645
1566760 645
1566770 644
1566780 643
1566790 643
1566800 643
1566810 643
1566820 643
1566830 643
1566840 643
1566850 643
1566860 643
1566870 643
1566880 643
1566890 643
1566900 642
1566910 642
1566920 642
1566930 643
1566940 643
1566950 644
1566960 643
1566970 643
1566980 643
1566990 643
1567000 643
1567010 643
1567020 643
1567030 643
1567040 643
1567050 643
1567060 643
1567070 643
1567080 643
1567090 642
1567100 642
1567110 642
1567120 643
1567130 643
1567140 643
1567150 642
1567160 642
1567170 642
1567180 642
1567190 642
1567200 643
1567210 642
1567220 642
1567230 642
1567240 642
1567250 642
1567260 642
1567270 642
1567280 642
1567290 641
1567300 641
1567310 641
1567320 641
1567330 641
1567340 641
1567350 642
1567360 643
1567370 643
1567380 643
1567390 643
1567400 643
1567410 643
1567420 643
1567430 643
1567440 643
1567450 643
1567460 643
1567470 643
1567480 643
1567490 643
1567500 643
1567510 643
1567520 642
1567530 642
1567540 642
1567550 642
1567560 642
1567570 642
1567580 642
1567590 642
1567600 642
1567610 642
1567620 642
1567630 642
1567640 642
1567650 642
1567660 642
1567670 642
1567680 642
1567690 642
1567700 641
1567710 641
1567720 641
1567730 641
1567740 641
1567750 641
1567760 641
1567770 641
1567780 641
1567790 642
1567800 642
1567810 642
1567820 642
1567830 642
1567840 642
1567850 642
1567860 642
1567870 642
1567880 643
1567890 642
1567900 642
1567910 642
1567920 643
1567930 643
1567940 643
1567950 643
1567960 643
1567970 643
1567980 643
1567990 643
1568000 643
1568010 643
1568020 643
1568030 643
1568040 643
1568050 643
1568060 643
1568070 643
1568080 643
1568090 643
1568100 643
1568110 643
1568120 643
1568130 643
1568140 641
1568150 641
1568160 641
1568170 641
1568180 641
1568190 641
1568200 642
1568210 642
1568220 644
1568230 644
1568240 644
1568250 643
1568260 645
1568270 645
1568280 646
1568290 645
1568300 645
1568310 644
1568320 644
1568330 644
1568340 644
1568350 643
1568360 643
1568370 643
1568380 643
1568390 643
1568400 643
1568410 643
1568420 643
1568430 643
1568440 643
1568450 643
1568460 643
1568470 643
1568480 641
1568490 641
1568500 642
1568510 643
1568520 643
1568530 643
1568540 643
1568550 643
1568560 643
1568570 643
1568580 643
1568590 643
1568600 643
1568610 643
1568620 643
1568630 643
1568640 643
1568650 643
1568660 642
1568670 642
1568680 643
1568690 643
1568700 643
1568710 643
1568720 643
1568730 643
1568740 643
1568750 642
1568760 642
1568770 643
1568780 642
1568790 642
1568800 642
1568810 642
1568820 642
1568830 642
1568840 642
1568850 642
1568860 642
1568870 642
1568880 642
1568890 642
1568900 642
1568910 642
1568920 642
1568930 642
1568940 642
1568950 642
1568960 642
1568970 642
1568980 642
1568990 642
1569000 642
1569010 642
1569020 642
1569030 641
1569040 641
1569050 641
1569060 641
1569070 641
1569080 641
1569090 642
1569100 642
1569110 642
1569120 642
1569130 642
1569140 642
1569150 642
1569160 642
1569170 642
1569180 642
1569190 642
1569200 642
1569210 642
1569220 642
1569230 642
1569240 642
1569250 642
1569260 642
1569270 642
1569280 642
1569290 642
1569300 642
1569310 642
1569320 642
1569330 642
1569340 642
1569350 642
1569360 642
1569370 642
1569380 642
1569390 642
1569400 642
1569410 642
1569420 642
1569430 642
1569440 642
1569450 642
1569460 642
1569470 642
1569480 642
1569490 642
1569500 642
1569510 642
1569520 641
1569530 641
1569540 641
1569550 641
1569560 641
1569570 641
1569580 641
1569590 641
1569600 641
1569610 641
1569620 641
1569630 641
1569640 641
1569650 641
1569660 641
1569670 641
1569680 641
1569690 641
1569700 641
1569710 641
1569720 641
1569730 641
1569740 641
1569750 641
1569760 641
1569770 641
1569780 641
1569790 641
1569800 641
1569810 641
1569820 641
1569830 641
1569840 641
1569850 641
1569860 641
1569870 641
1569880 641
1569890 641
1569900 641
1569910 641
1569920 641
1569930 641
1569940 641
1569950 641
1569960 641
1569970 641
1569980 641
1569990 641
1570000 641
1570010 641
1570020 641
1570030 641
1570040 641
1570050 641
1570060 641
1570070 641
1570080 641
1570090 641
1570100 641
1570110 641
1570120 641
1570130 641
1570140 641
1570150 641
1570160 640
1570170 640
1570180 641
1570190 641
1570200 641
1570210 641
1570220 641
1570230 641
1570240 641
1570250 641
1570260 641
1570270 641
1570280 641
1570290 641
1570300 641
1570310 641
1570320 641
1570330 641
1570340 641
1570350 641
1570360 641
1570370 641
1570380 641
1570390 641
1570400 641
1570410 641
1570420 641
1570430 641
1570440 641
1570450 641
1570460 641
1570470 641
1570480 641
1570490 641
1570500 641
1570510 641
1570520 642
1570530 642
1570540 642
1570550 642
1570560 642
1570570 642
1570580 643
1570590 643
1570600 644
1570610 645
1570620 645
1570630 647
1570640 649
1570650 649
1570660 651
1570670 653
1570680 653
1570690 655
1570700 656
1570710 656
1570720 658
1570730 659
1570740 659
1570750 661
1570760 662
1570770 662
1570780 663
1570790 664
1570800 664
1570810 665
1570820 666
1570830 666
1570840 667
1570850 668
1570860 668
1570870 668
1570880 669
1570890 669
1570900 669
1570910 670
1570920 671
1570930 671
1570940 672
1570950 673
1570960 673
1570970 673
1570980 674
1570990 674
1571000 674
1571010 674
1571020 674
1571030 675
1571040 675
1571050 675
1571060 675
1571070 676
1571080 676
1571090 676
1571100 677
1571110 677
1571120 677
1571130 677
1571140 677
1571150 677
1571160 677
1571170 677
1571180 677
1571190 677
1571200 677
1571210 676
1571220 676
1571230 675
1571240 675
1571250 675
1571260 675
1571270 675
1571280 675
1571290 674
1571300 674
1571310 673
1571320 672
1571330 672
1571340 672
1571350 671
1571360 671
1571370 671
1571380 671
1571390 671
1571400 670
1571410 670
1571420 670
1571430 669
1571440 669
1571450 669
1571460 668
1571470 668
1571480 668
1571490 667
1571500 667
1571510 667
1571520 666
1571530 666
1571540 666
1571550 665
1571560 665
1571570 665
1571580 665
1571590 664
1571600 664
1571610 664
1571620 664
1571630 663
1571640 663
1571650 662
1571660 662
1571670 662
1571680 661
1571690 661
1571700 661
1571710 660
1571720 660
1571730 662
1571740 661
1571750 660
1571760 660
1571770 660
1571780 660
1571790 660
1571800 658
1571810 658
1571820 658
1571830 657
1571840 657
1571850 657
1571860 656
1571870 656
1571880 656
1571890 656
1571900 655
1571910 655
1571920 655
1571930 655
1571940 655
1571950 655
1571960 655
1571970 655
1571980 655
1571990 655
1572000 655
1572010 655
1572020 654
1572030 654
1572040 654
1572050 654
1572060 654
1572070 654
1572080 654
1572090 653
1572100 653
1572110 653
1572120 653
1572130 653
1572140 653
1572150 653
1572160 653
1572170 653
1572180 653
1572190 653
1572200 652
1572210 652
1572220 652
1572230 652
1572240 652
1572250 653
1572260 653
1572270 653
1572280 653
1572290 653
1572300 653
1572310 654
1572320 654
1572330 654
1572340 655
1572350 655
1572360 656
1572370 656
1572380 656
1572390 656
1572400 656
1572410 656
1572420 656
1572430 656
1572440 656
1572450 656
1572460 655
1572470 655
1572480 655
1572490 655
1572500 655
1572510 655
1572520 655
1572530 655
1572540 654
1572550 654
1572560 654
1572570 654
1572580 654
1572590 654
1572600 654
1572610 654
1572620 654
1572630 654
1572640 654
1572650 654
1572660 654
1572670 654
1572680 654
1572690 654
1572700 654
1572710 654
1572720 654
1572730 655
1572740 655
1572750 655
1572760 655
1572770 655
1572780 655
1572790 655
1572800 655
1572810 655
1572820 655
1572830 655
1572840 655
1572850 655
1572860 655
1572870 655
1572880 655
1572890 655
1572900 655
1572910 655
1572920 655
1572930 655
1572940 655
1572950 655
1572960 655
1572970 655
1572980 655
1572990 656
1573000 656
1573010 657
1573020 658
1573030 658
1573040 659
1573050 660
1573060 660
1573070 662
1573080 663
1573090 663
1573100 664
1573110 665
1573120 665
1573130 666
1573140 668
1573150 668
1573160 669
1573170 670
1573180 668
1573190 669
1573200 669
1573210 669
1573220 670
1573230 670
1573240 670
1573250 670
1573260 669
1573270 668
1573280 668
1573290 668
1573300 667
1573310 667
1573320 667
1573330 667
1573340 667
1573350 667
1573360 666
1573370 666
1573380 666
1573390 665
1573400 665
1573410 665
1573420 664
1573430 664
1573440 664
1573450 667
1573460 667
1573470 669
1573480 671
1573490 671
1573500 673
1573510 674
1573520 674
1573530 676
1573540 677
1573550 677
1573560 678
1573570 678
1573580 678
1573590 678
1573600 678
1573610 678
1573620 678
1573630 678
1573640 677
1573650 677
1573660 677
1573670 677
1573680 677
1573690 676
1573700 676
1573710 676
1573720 675
1573730 675
1573740 675
1573750 675
1573760 675
1573770 675
1573780 675
1573790 675
1573800 675
1573810 675
1573820 676
1573830 676
1573840 676
1573850 677
1573860 677
1573870 677
1573880 677
1573890 677
1573900 677
1573910 677
1573920 677
1573930 677
1573940 678
1573950 678
1573960 679
1573970 680
1573980 681
1573990 681
1574000 682
1574010 682
1574020 682
1574030 682
1574040 682
1574050 682
1574060 682
1574070 681
1574080 681
1574090 681
1574100 681
1574110 681
1574120 681
1574130 681
1574140 681
1574150 681
1574160 681
1574170 681
1574180 680
1574190 679
1574200 679
1574210 679
1574220 679
1574230 679
1574240 678
1574250 677
1574260 677
1574270 676
1574280 676
1574290 676
1574300 675
1574310 675
1574320 674
1574330 674
1574340 673
1574350 672
1574360 672
1574370 671
1574380 669
1574390 669
1574400 668
1574410 666
1574420 666
1574430 664
1574440 662
1574450 662
1574460 661
1574470 659
1574480 659
1574490 658
1574500 658
1574510 658
1574520 660
1574530 663
1574540 663
1574550 667
1574560 670
1574570 670
1574580 673
1574590 675
1574600 675
1574610 677
1574620 680
1574630 680
1574640 682
1574650 684
1574660 684
1574670 684
1574680 684
1574690 683
1574700 683
1574710 682
1574720 681
1574730 681
1574740 679
1574750 672
1574760 672
1574770 660
1574780 659
1574790 659
1574800 659
1574810 658
1574820 658
1574830 660
1574840 660
1574850 660
1574860 660
1574870 660
1574880 660
1574890 659
1574900 659
1574910 659
1574920 660
1574930 660
1574940 660
1574950 660
1574960 660
1574970 660
1574980 660
1574990 661
1575000 660
1575010 660
1575020 668
1575030 677
1575040 677
1575050 685
1575060 694
1575070 694
1575080 698
1575090 700
1575100 700
1575110 701
1575120 704
1575130 704
1575140 707
1575150 710
1575160 710
1575170 713
1575180 715
1575190 715
1575200 718
1575210 720
1575220 720
1575230 723
1575240 725
1575250 725
1575260 728
1575270 730
1575280 730
1575290 729
1575300 725
1575310 725
1575320 723
1575330 730
1575340 732
1575350 732
1575360 734
1575370 736
1575380 736
1575390 737
1575400 739
1575410 739
1575420 741
1575430 743
1575440 743
1575450 745
1575460 748
1575470 748
1575480 751
1575490 753
1575500 753
1575510 755
1575520 758
1575530 758
1575540 759
1575550 761
1575560 761
1575570 763
1575580 764
1575590 764
1575600 765
1575610 766
1575620 766
1575630 767
1575640 768
1575650 768
1575660 769
1575670 770
1575680 771
1575690 771
1575700 772
1575710 773
1575720 773
1575730 773
1575740 775
1575750 775
1575760 776
1575770 777
1575780 777
1575790 778
1575800 780
1575810 780
1575820 780
1575830 781
1575840 781
1575850 783
1575860 783
1575870 783
1575880 784
1575890 785
1575900 785
1575910 787
1575920 788
1575930 788
1575940 789
1575950 791
1575960 791
1575970 792
1575980 794
1575990 794
1576000 796
1576010 798
1576020 801
1576030 801
1576040 803
1576050 804
1576060 804
1576070 806
1576080 808
1576090 808
1576100 810
1576110 812
1576120 812
1576130 814
1576140 817
1576150 817
1576160 819
1576170 822
1576180 822
1576190 825
1576200 827
1576210 827
1576220 829
1576230 831
1576240 831
1576250 833
1576260 836
1576270 836
1576280 838
1576290 840
1576300 840
1576310 843
1576320 845
1576330 845
1576340 847
1576350 849
1576360 849
1576370 851
1576380 853
1576390 856
1576400 856
1576410 860
1576420 865
1576430 865
1576440 871
1576450 876
1576460 876
1576470 880
1576480 884
1576490 884
1576500 889
1576510 892
1576520 892
1576530 899
1576540 907
1576550 907
1576560 912
1576570 917
1576580 917
1576590 922
1576600 927
1576610 927
1576620 934
1576630 941
1576640 941
1576650 948
1576660 953
1576670 953
1576680 958
1576690 965
1576700 965
1576710 971
1576720 976
1576730 977
1576740 977
1576750 981
1576760 985
1576770 985
1576780 992
1576790 998
1576800 998
1576810 1003
1576820 1007
1576830 1007
1576840 1011
1576850 1016
1576860 1016
1576870 1022
1576880 1027
1576890 1027
1576900 1033
1576910 1040
1576920 1040
1576930 1048
1576940 1054
1576950 1054
1576960 1062
1576970 1069
1576980 1069
1576990 1075
1577000 1082
1577010 1082
1577020 1089
1577030 1097
1577040 1097
1577050 1105
1577060 1113
1577070 1120
1577080 1120
1577090 1128
1577100 1138
1577110 1138
1577120 1146
1577130 1154
1577140 1154
1577150 1160
1577160 1166
1577170 1166
1577180 1174
1577190 1182
1577200 1182
1577210 1188
1577220 1194
1577230 1194
1577240 1194
1577250 1193
1577260 1193
1577270 1190
1577280 1189
1577290 1189
1577300 1188
1577310 1186
1577320 1186
1577330 1185
1577340 1181
1577350 1181
1577360 1178
1577370 1175
1577380 1175
1577390 1173
1577400 1169
1577410 1170
1577420 1170
1577430 1167
1577440 1164
1577450 1164
1577460 1161
1577470 1158
1577480 1158
1577490 1155
1577500 1152
1577510 1152
1577520 1148
1577530 1144
1577540 1144
1577550 1138
1577560 1132
1577570 1132
1577580 1132
1577590 1131
1577600 1131
1577610 1130
1577620 1129
1577630 1129
1577640 1129
1577650 1129
1577660 1129
1577670 1129
1577680 1128
1577690 1128
1577700 1128
1577710 1127
1577720 1127
1577730 1128
1577740 1127
1577750 1127
1577760 1127
1577770 1128
1577780 1129
1577790 1129
1577800 1131
1577810 1133
1577820 1133
1577830 1136
1577840 1137
1577850 1137
1577860 1138
1577870 1139
1577880 1139
1577890 1140
1577900 1141
1577910 1141
1577920 1141
1577930 1141
1577940 1141
1577950 1139
1577960 1137
1577970 1137
1577980 1135
1577990 1133
1578000 1133
1578010 1130
1578020 1128
1578030 1128
1578040 1127
1578050 1125
1578060 1125
1578070 1125
1578080 1131
1578090 1136
1578100 1136
1578110 1141
1578120 1145
1578130 1145
1578140 1151
1578150 1155
1578160 1155
1578170 1160
1578180 1164
1578190 1164
1578200 1168
1578210 1171
1578220 1171
1578230 1174
1578240 1177
1578250 1177
1578260 1179
1578270 1181
1578280 1181
1578290 1182
1578300 1184
1578310 1184
1578320 1185
1578330 1186
1578340 1186
1578350 1188
1578360 1190
1578370 1190
1578380 1191
1578390 1193
1578400 1193
1578410 1194
1578420 1195
1578430 1197
1578440 1197
1578450 1197
1578460 1198
1578470 1198
1578480 1198
1578490 1198
1578500 1198
1578510 1197
1578520 1196
1578530 1196
1578540 1195
1578550 1193
1578560 1193
1578570 1194
1578580 1198
1578590 1198
1578600 1201
1578610 1202
1578620 1202
1578630 1204
1578640 1206
1578650 1206
1578660 1208
1578670 1212
1578680 1212
1578690 1215
1578700 1219
1578710 1219
1578720 1224
1578730 1228
1578740 1228
1578750 1232
1578760 1236
1578770 1236
1578780 1243
1578790 1247
1578800 1251
1578810 1251
1578820 1254
1578830 1258
1578840 1258
1578850 1262
1578860 1266
1578870 1266
1578880 1270
1578890 1275
1578900 1275
1578910 1280
1578920 1285
1578930 1285
1578940 1289
1578950 1292
1578960 1292
1578970 1295
1578980 1298
1578990 1298
1579000 1300
1579010 1302
1579020 1302
1579030 1304
1579040 1305
1579050 1305
1579060 1306
1579070 1307
1579080 1307
1579090 1307
1579100 1307
1579110 1307
1579120 1307
1579130 1308
1579140 1309
1579150 1309
1579160 1309
1579170 1309
1579180 1309
1579190 1309
1579200 1308
1579210 1308
1579220 1307
1579230 1306
1579240 1306
1579250 1305
1579260 1303
1579270 1303
1579280 1301
1579290 1299
1579300 1299
1579310 1297
1579320 1296
1579330 1296
1579340 1295
1579350 1294
1579360 1294
1579370 1292
1579380 1290
1579390 1290
1579400 1289
1579410 1287
1579420 1287
1579430 1286
1579440 1284
1579450 1284
1579460 1283
1579470 1282
1579480 1281
1579490 1281
1579500 1280
1579510 1279
1579520 1279
1579530 1279
1579540 1277
1579550 1277
1579560 1276
1579570 1274
1579580 1274
1579590 1272
1579600 1270
1579610 1270
1579620 1268
1579630 1266
1579640 1266
1579650 1264
1579660 1263
1579670 1263
1579680 1261
1579690 1261
1579700 1261
1579710 1260
1579720 1259
1579730 1259
1579740 1257
1579750 1256
1579760 1256
1579770 1254
1579780 1252
1579790 1252
1579800 1251
1579810 1250
1579820 1249
1579830 1249
1579840 1248
1579850 1246
1579860 1246
1579870 1244
1579880 1241
1579890 1241
1579900 1235
1579910 1230
1579920 1230
1579930 1229
1579940 1228
1579950 1228
1579960 1227
1579970 1225
1579980 1225
1579990 1223
