1560000 2164
1560010 2171
1560020 2170
1560030 2170
1560040 2168
1560050 2165
1560060 2165
1560070 2164
1560080 2167
1560090 2167
1560100 2182
1560110 2184
1560120 2184
1560130 2184
1560140 2187
1560150 2187
1560160 2189
1560170 2191
1560180 2191
1560190 2197
1560200 2211
1560210 2211
1560220 2218
1560230 2229
1560240 2229
1560250 2244
1560260 2258
1560270 2258
1560280 2271
1560290 2279
1560300 2285
1560310 2285
1560320 2291
1560330 2288
1560340 2288
1560350 2295
1560360 2304
1560370 2304
1560380 2308
1560390 2313
1560400 2313
1560410 2315
1560420 2318
1560430 2318
1560440 2318
1560450 2318
1560460 2318
1560470 2318
1560480 2314
1560490 2314
1560500 2311
1560510 2307
1560520 2307
1560530 2301
1560540 2296
1560550 2296
1560560 2288
1560570 2282
1560580 2282
1560590 2278
1560600 2276
1560610 2276
1560620 2277
1560630 2278
1560640 2281
1560650 2281
1560660 2283
1560670 2277
1560680 2277
1560690 2267
1560700 2264
1560710 2264
1560720 2266
1560730 2259
1560740 2259
1560750 2246
1560760 2238
1560770 2238
1560780 2233
1560790 2220
1560800 2220
1560810 2208
1560820 2195
1560830 2195
1560840 2185
1560850 2174
1560860 2174
1560870 2162
1560880 2151
1560890 2151
1560900 2138
1560910 2123
1560920 2123
1560930 2104
1560940 2086
1560950 2086
1560960 2077
1560970 2070
1560980 2078
1560990 2078
1561000 2083
1561010 2084
1561020 2084
1561030 2090
1561040 2085
1561050 2085
1561060 2082
1561070 2073
1561080 2073
1561090 2059
1561100 2053
1561110 2053
1561120 2042
1561130 2030
1561140 2030
1561150 2005
1561160 1981
1561170 1981
1561180 1968
1561190 1955
1561200 1955
1561210 1944
1561220 1939
1561230 1939
1561240 1936
1561250 1930
1561260 1930
1561270 1919
1561280 1910
1561290 1910
1561300 1902
1561310 1872
1561320 1857
1561330 1857
1561340 1851
1561350 1847
1561360 1847
1561370 1843
1561380 1838
1561390 1838
1561400 1822
1561410 1809
1561420 1809
1561430 1805
1561440 1788
1561450 1788
1561460 1780
1561470 1773
1561480 1773
1561490 1755
1561500 1734
1561510 1734
1561520 1722
1561530 1712
1561540 1712
1561550 1702
1561560 1694
1561570 1694
1561580 1687
1561590 1682
1561600 1682
1561610 1677
1561620 1672
1561630 1672
1561640 1667
1561650 1662
1561660 1662
1561670 1658
1561680 1653
1561690 1649
1561700 1649
1561710 1644
1561720 1639
1561730 1639
1561740 1635
1561750 1630
1561760 1630
1561770 1625
1561780 1621
1561790 1621
1561800 1615
1561810 1609
1561820 1609
1561830 1602
1561840 1596
1561850 1596
1561860 1591
1561870 1585
1561880 1585
1561890 1580
1561900 1575
1561910 1575
1561920 1571
1561930 1566
1561940 1566
1561950 1562
1561960 1557
1561970 1557
1561980 1553
1561990 1549
1562000 1550
1562010 1547
1562020 1542
1562030 1537
1562040 1537
1562050 1531
1562060 1526
1562070 1526
1562080 1519
1562090 1514
1562100 1514
1562110 1511
1562120 1508
1562130 1508
1562140 1503
1562150 1497
1562160 1497
1562170 1493
1562180 1488
1562190 1488
1562200 1484
1562210 1478
1562220 1478
1562230 1473
1562240 1470
1562250 1470
1562260 1464
1562270 1454
1562280 1454
1562290 1449
1562300 1446
1562310 1446
1562320 1445
1562330 1444
1562340 1444
1562350 1442
1562360 1439
1562370 1435
1562380 1435
1562390 1431
1562400 1427
1562410 1427
1562420 1423
1562430 1418
1562440 1418
1562450 1415
1562460 1412
1562470 1412
1562480 1409
1562490 1406
1562500 1406
1562510 1404
1562520 1404
1562530 1404
1562540 1408
1562550 1419
1562560 1419
1562570 1436
1562580 1447
1562590 1447
1562600 1449
1562610 1446
1562620 1446
1562630 1442
1562640 1436
1562650 1436
1562660 1429
1562670 1422
1562680 1422
1562690 1413
1562700 1404
1562710 1396
1562720 1396
1562730 1388
1562740 1378
1562750 1378
1562760 1367
1562770 1358
1562780 1358
1562790 1349
1562800 1339
1562810 1339
1562820 1322
1562830 1297
1562840 1297
1562850 1271
1562860 1259
1562870 1259
1562880 1251
1562890 1242
1562900 1242
1562910 1230
1562920 1207
1562930 1207
1562940 1187
1562950 1173
1562960 1173
1562970 1166
1562980 1167
1562990 1167
1563000 1168
1563010 1169
1563020 1169
1563030 1170
1563040 1170
1563050 1169
1563060 1169
1563070 1169
1563080 1172
1563090 1172
1563100 1174
1563110 1176
1563120 1176
1563130 1179
1563140 1182
1563150 1182
1563160 1184
1563170 1185
1563180 1185
1563190 1186
1563200 1187
1563210 1187
1563220 1186
1563230 1186
1563240 1186
1563250 1187
1563260 1188
1563270 1188
1563280 1190
1563290 1192
1563300 1192
1563310 1193
1563320 1192
1563330 1192
1563340 1190
1563350 1187
1563360 1187
1563370 1185
1563380 1182
1563390 1182
1563400 1180
1563410 1177
1563420 1174
1563430 1174
1563440 1169
1563450 1161
1563460 1161
1563470 1155
1563480 1150
1563490 1150
1563500 1145
1563510 1139
1563520 1139
1563530 1134
1563540 1127
1563550 1127
1563560 1120
1563570 1113
1563580 1113
1563590 1108
1563600 1101
1563610 1101
1563620 1094
1563630 1091
1563640 1091
1563650 1083
1563660 1076
1563670 1076
1563680 1071
1563690 1066
1563700 1066
1563710 1059
1563720 1051
1563730 1051
1563740 1043
1563750 1035
1563760 1028
1563770 1028
1563780 1020
1563790 1012
1563800 1012
1563810 1005
1563820 998
1563830 998
1563840 991
1563850 985
1563860 985
1563870 979
1563880 973
1563890 973
1563900 966
1563910 959
1563920 959
1563930 951
1563940 945
1563950 945
1563960 938
1563970 933
1563980 933
1563990 928
1564000 922
1564010 922
1564020 916
1564030 910
1564040 910
1564050 904
1564060 898
1564070 898
1564080 891
1564090 885
1564100 880
1564110 880
1564120 874
1564130 869
1564140 869
1564150 864
1564160 858
1564170 858
1564180 853
1564190 848
1564200 848
1564210 844
1564220 839
1564230 839
1564240 834
1564250 829
1564260 829
1564270 824
1564280 820
1564290 820
1564300 815
1564310 811
1564320 811
1564330 807
1564340 804
1564350 804
1564360 801
1564370 799
1564380 799
1564390 798
1564400 795
1564410 795
1564420 791
1564430 790
1564440 789
1564450 789
1564460 787
1564470 785
1564480 785
1564490 783
1564500 781
1564510 781
1564520 776
1564530 769
1564540 769
1564550 764
1564560 761
1564570 761
1564580 758
1564590 756
1564600 756
1564610 754
1564620 752
1564630 752
1564640 752
1564650 751
1564660 751
1564670 748
1564680 744
1564690 744
1564700 740
1564710 737
1564720 737
1564730 734
1564740 731
1564750 731
1564760 727
1564770 722
1564780 718
1564790 718
1564800 712
1564810 707
1564820 707
1564830 704
1564840 700
1564850 700
1564860 696
1564870 694
1564880 694
1564890 691
1564900 689
1564910 689
1564920 686
1564930 684
1564940 684
1564950 683
1564960 683
1564970 683
1564980 682
1564990 682
1565000 682
1565010 678
1565020 676
1565030 676
1565040 674
1565050 671
1565060 671
1565070 668
1565080 665
1565090 665
1565100 663
1565110 661
1565120 661
1565130 660
1565140 657
1565150 655
1565160 655
1565170 655
1565180 654
1565190 654
1565200 653
1565210 653
1565220 653
1565230 653
1565240 653
1565250 653
1565260 652
1565270 651
1565280 651
1565290 652
1565300 651
1565310 651
1565320 651
1565330 651
1565340 651
1565350 651
1565360 652
1565370 652
1565380 652
1565390 653
1565400 653
1565410 653
1565420 653
1565430 653
1565440 652
1565450 651
1565460 651
1565470 651
1565480 651
1565490 651
1565500 651
1565510 651
1565520 651
1565530 651
1565540 651
1565550 651
1565560 651
1565570 651
1565580 651
1565590 651
1565600 651
1565610 651
1565620 651
1565630 651
1565640 651
1565650 651
1565660 652
1565670 652
1565680 652
1565690 651
1565700 651
1565710 651
1565720 652
1565730 651
1565740 651
1565750 650
1565760 650
1565770 650
1565780 650
1565790 650
1565800 650
1565810 650
1565820 650
1565830 650
1565840 650
1565850 650
1565860 650
1565870 650
1565880 650
1565890 650
1565900 650
1565910 650
1565920 649
1565930 649
1565940 649
1565950 649
1565960 649
1565970 649
1565980 649
1565990 649
1566000 649
1566010 649
1566020 649
1566030 649
1566040 649
1566050 649
1566060 649
1566070 649
1566080 649
1566090 649
1566100 649
1566110 649
1566120 648
1566130 648
1566140 648
1566150 648
1566160 648
1566170 648
1566180 648
1566190 648
1566200 648
1566210 648
1566220 648
1566230 648
1566240 648
1566250 648
1566260 648
1566270 648
1566280 648
1566290 647
1566300 647
1566310 647
1566320 647
1566330 647
1566340 647
1566350 647
1566360 647
1566370 647
1566380 647
1566390 647
1566400 647
1566410 647
1566420 647
1566430 646
1566440 647
1566450 647
1566460 647
1566470 646
1566480 646
1566490 646
1566500 646
1566510 646
1566520 646
1566530 646
1566540 646
1566550 646
1566560 645
1566570 645
1566580 645
1566590 645
1566600 645
1566610 645
1566620 645
1566630 645
1566640 645
1566650 645
1566660 645
1566670 645
1566680 645
1566690 645
1566700 645
1566710 645
1566720 645
1566730 645
1566740 645
1566750 645
1566760 645
1566770 645
1566780 645
1566790 645
1566800 645
1566810 644
1566820 644
1566830 645
1566840 645
1566850 645
1566860 645
1566870 644
1566880 644
1566890 644
1566900 645
1566910 644
1566920 644
1566930 644
1566940 644
1566950 644
1566960 644
1566970 644
1566980 644
1566990 644
1567000 644
1567010 644
1567020 644
1567030 644
1567040 644
1567050 644
1567060 644
1567070 644
1567080 643
1567090 643
1567100 643
1567110 643
1567120 643
1567130 643
1567140 643
1567150 643
1567160 643
1567170 643
1567180 643
1567190 643
1567200 644
1567210 643
1567220 643
1567230 643
1567240 643
1567250 644
1567260 644
1567270 644
1567280 644
1567290 644
1567300 645
1567310 645
1567320 645
1567330 646
1567340 646
1567350 646
1567360 645
1567370 644
1567380 644
1567390 644
1567400 644
1567410 644
1567420 644
1567430 644
1567440 644
1567450 644
1567460 644
1567470 644
1567480 644
1567490 644
1567500 644
1567510 644
1567520 644
1567530 644
1567540 645
1567550 644
1567560 643
1567570 643
1567580 643
1567590 644
1567600 644
1567610 644
1567620 644
1567630 644
1567640 644
1567650 644
1567660 644
1567670 644
1567680 644
1567690 644
1567700 644
1567710 645
1567720 645
1567730 645
1567740 645
1567750 645
1567760 645
1567770 645
1567780 645
1567790 644
1567800 643
1567810 643
1567820 643
1567830 643
1567840 643
1567850 643
1567860 643
1567870 643
1567880 643
1567890 643
1567900 643
1567910 643
1567920 643
1567930 644
1567940 644
1567950 642
1567960 643
1567970 643
1567980 642
1567990 642
1568000 642
1568010 642
1568020 642
1568030 642
1568040 642
1568050 642
1568060 642
1568070 642
1568080 642
1568090 642
1568100 642
1568110 642
1568120 642
1568130 642
1568140 642
1568150 642
1568160 642
1568170 642
1568180 642
1568190 642
1568200 642
1568210 642
1568220 642
1568230 643
1568240 643
1568250 643
1568260 643
1568270 643
1568280 643
1568290 643
1568300 643
1568310 643
1568320 642
1568330 642
1568340 642
1568350 643
1568360 643
1568370 643
1568380 643
1568390 642
1568400 642
1568410 642
1568420 642
1568430 642
1568440 643
1568450 642
1568460 642
1568470 641
1568480 640
1568490 640
1568500 640
1568510 640
1568520 640
1568530 641
1568540 642
1568550 642
1568560 643
1568570 642
1568580 642
1568590 642
1568600 642
1568610 642
1568620 642
1568630 642
1568640 641
1568650 641
1568660 641
1568670 641
1568680 641
1568690 641
1568700 641
1568710 641
1568720 641
1568730 641
1568740 641
1568750 641
1568760 641
1568770 641
1568780 641
1568790 641
1568800 641
1568810 641
1568820 641
1568830 641
1568840 641
1568850 640
1568860 640
1568870 640
1568880 640
1568890 640
1568900 640
1568910 640
1568920 640
1568930 640
1568940 640
1568950 640
1568960 640
1568970 640
1568980 640
1568990 640
1569000 640
1569010 640
1569020 640
1569030 640
1569040 640
1569050 640
1569060 640
1569070 640
1569080 640
1569090 639
1569100 639
1569110 639
1569120 639
1569130 640
1569140 640
1569150 640
1569160 640
1569170 640
1569180 640
1569190 640
1569200 640
1569210 640
1569220 640
1569230 640
1569240 640
1569250 640
1569260 640
1569270 640
1569280 640
1569290 640
1569300 640
1569310 640
1569320 640
1569330 640
1569340 640
1569350 640
1569360 640
1569370 640
1569380 640
1569390 640
1569400 640
1569410 640
1569420 640
1569430 640
1569440 640
1569450 640
1569460 640
1569470 640
1569480 640
1569490 640
1569500 640
1569510 640
1569520 640
1569530 640
1569540 640
1569550 640
1569560 640
1569570 640
1569580 640
1569590 640
1569600 640
1569610 639
1569620 640
1569630 640
1569640 640
1569650 640
1569660 640
1569670 640
1569680 640
1569690 640
1569700 640
1569710 640
1569720 640
1569730 640
1569740 640
1569750 640
1569760 640
1569770 640
1569780 640
1569790 640
1569800 640
1569810 640
1569820 640
1569830 640
1569840 640
1569850 640
1569860 640
1569870 640
1569880 640
1569890 640
1569900 640
1569910 640
1569920 640
1569930 639
1569940 639
1569950 640
1569960 640
1569970 640
1569980 640
1569990 640
1570000 640
1570010 640
1570020 640
1570030 640
1570040 640
1570050 640
1570060 640
1570070 640
1570080 640
1570090 640
1570100 640
1570110 640
1570120 640
1570130 640
1570140 640
1570150 640
1570160 640
1570170 640
1570180 640
1570190 640
1570200 640
1570210 639
1570220 639
1570230 640
1570240 640
1570250 640
1570260 640
1570270 640
1570280 640
1570290 640
1570300 640
1570310 640
1570320 640
1570330 640
1570340 640
1570350 640
1570360 640
1570370 640
1570380 640
1570390 640
1570400 640
1570410 640
1570420 640
1570430 640
1570440 640
1570450 640
1570460 640
1570470 640
1570480 640
1570490 640
1570500 640
1570510 640
1570520 640
1570530 640
1570540 640
1570550 639
1570560 639
1570570 639
1570580 640
1570590 640
1570600 640
1570610 640
1570620 640
1570630 640
1570640 640
1570650 640
1570660 640
1570670 640
1570680 640
1570690 640
1570700 640
1570710 640
1570720 640
1570730 640
1570740 640
1570750 640
1570760 640
1570770 639
1570780 639
1570790 639
1570800 639
1570810 639
1570820 640
1570830 640
1570840 640
1570850 640
1570860 641
1570870 641
1570880 644
1570890 647
1570900 647
1570910 649
1570920 651
1570930 651
1570940 654
1570950 656
1570960 656
1570970 657
1570980 660
1570990 660
1571000 665
1571010 671
1571020 671
1571030 675
1571040 679
1571050 681
1571060 681
1571070 683
1571080 684
1571090 684
1571100 685
1571110 687
1571120 687
1571130 689
1571140 691
1571150 691
1571160 694
1571170 698
1571180 698
1571190 701
1571200 704
1571210 704
1571220 707
1571230 710
1571240 710
1571250 712
1571260 714
1571270 714
1571280 715
1571290 717
1571300 717
1571310 720
1571320 723
1571330 723
1571340 727
1571350 726
1571360 726
1571370 729
1571380 731
1571390 733
1571400 733
1571410 735
1571420 737
1571430 737
1571440 740
1571450 742
1571460 742
1571470 745
1571480 747
1571490 747
1571500 748
1571510 750
1571520 750
1571530 752
1571540 754
1571550 754
1571560 755
1571570 757
1571580 757
1571590 759
1571600 760
1571610 760
1571620 762
1571630 764
1571640 764
1571650 765
1571660 766
1571670 766
1571680 769
1571690 771
1571700 771
1571710 773
1571720 775
1571730 776
1571740 776
1571750 777
1571760 779
1571770 779
1571780 782
1571790 783
1571800 783
1571810 785
1571820 786
1571830 786
1571840 787
1571850 788
1571860 788
1571870 789
1571880 791
1571890 791
1571900 792
1571910 793
1571920 793
1571930 794
1571940 796
1571950 796
1571960 798
1571970 799
1571980 799
1571990 801
1572000 802
1572010 802
1572020 804
1572030 805
1572040 805
1572050 806
1572060 807
1572070 808
1572080 808
1572090 810
1572100 813
1572110 813
1572120 816
1572130 819
1572140 819
1572150 822
1572160 825
1572170 825
1572180 828
1572190 831
1572200 831
1572210 833
1572220 835
1572230 835
1572240 837
1572250 838
1572260 838
1572270 840
1572280 841
1572290 841
1572300 842
1572310 843
1572320 843
1572330 843
1572340 843
1572350 843
1572360 843
1572370 842
1572380 842
1572390 841
1572400 841
1572410 841
1572420 841
1572430 841
1572440 842
1572450 842
1572460 841
1572470 841
1572480 841
1572490 841
1572500 840
1572510 840
1572520 839
1572530 838
1572540 838
1572550 836
1572560 833
1572570 833
1572580 831
1572590 829
1572600 829
1572610 828
1572620 827
1572630 827
1572640 826
1572650 825
1572660 825
1572670 824
1572680 823
1572690 823
1572700 821
1572710 818
1572720 818
1572730 815
1572740 812
1572750 812
1572760 808
1572770 800
1572780 793
1572790 793
1572800 787
1572810 784
1572820 784
1572830 778
1572840 771
1572850 771
1572860 764
1572870 759
1572880 759
1572890 753
1572900 748
1572910 748
1572920 744
1572930 740
1572940 740
1572950 736
1572960 732
1572970 732
1572980 728
1572990 723
1573000 723
1573010 721
1573020 720
1573030 720
1573040 718
1573050 716
1573060 716
1573070 713
1573080 709
1573090 709
1573100 705
1573110 702
1573120 698
1573130 698
1573140 696
1573150 694
1573160 694
1573170 689
1573180 684
1573190 684
1573200 679
1573210 676
1573220 676
1573230 672
1573240 669
1573250 669
1573260 666
1573270 663
1573280 663
1573290 661
1573300 658
1573310 658
1573320 656
1573330 655
1573340 655
1573350 653
1573360 652
1573370 652
1573380 652
1573390 652
1573400 652
1573410 651
1573420 651
1573430 651
1573440 651
1573450 651
1573460 651
1573470 651
1573480 651
1573490 651
1573500 651
1573510 651
1573520 651
1573530 651
1573540 651
1573550 651
1573560 651
1573570 652
1573580 652
1573590 652
1573600 652
1573610 652
1573620 652
1573630 653
1573640 654
1573650 654
1573660 654
1573670 656
1573680 656
1573690 657
1573700 658
1573710 658
1573720 658
1573730 658
1573740 658
1573750 658
1573760 658
1573770 658
1573780 658
1573790 658
1573800 658
1573810 658
1573820 659
1573830 659
1573840 659
1573850 660
1573860 660
1573870 660
1573880 662
1573890 663
1573900 663
1573910 665
1573920 666
1573930 666
1573940 668
1573950 670
1573960 670
1573970 671
1573980 672
1573990 672
1574000 673
1574010 675
1574020 675
1574030 675
1574040 676
1574050 676
1574060 677
1574070 677
1574080 677
1574090 677
1574100 677
1574110 677
1574120 677
1574130 678
1574140 678
1574150 678
1574160 678
1574170 678
1574180 678
1574190 679
1574200 681
1574210 681
1574220 682
1574230 681
1574240 681
1574250 685
1574260 684
1574270 684
1574280 683
1574290 682
1574300 682
1574310 680
1574320 680
1574330 680
1574340 679
1574350 677
1574360 677
1574370 674
1574380 671
1574390 671
1574400 667
1574410 664
1574420 664
1574430 662
1574440 661
1574450 661
1574460 659
1574470 658
1574480 658
1574490 657
1574500 656
1574510 655
1574520 655
1574530 652
1574540 650
1574550 650
1574560 650
1574570 649
1574580 649
1574590 649
1574600 649
1574610 649
1574620 649
1574630 649
1574640 649
1574650 649
1574660 649
1574670 649
1574680 649
1574690 649
1574700 649
1574710 647
1574720 647
1574730 647
1574740 648
1574750 649
1574760 649
1574770 649
1574780 648
1574790 648
1574800 649
1574810 649
1574820 649
1574830 649
1574840 652
1574850 655
1574860 655
1574870 660
1574880 663
1574890 663
1574900 664
1574910 665
1574920 665
1574930 665
1574940 666
1574950 666
1574960 666
1574970 667
1574980 667
1574990 668
1575000 670
1575010 670
1575020 671
1575030 674
1575040 674
1575050 676
1575060 678
1575070 678
1575080 681
1575090 684
1575100 684
1575110 686
1575120 687
1575130 687
1575140 688
1575150 688
1575160 688
1575170 690
1575180 690
1575190 690
1575200 690
1575210 691
1575220 692
1575230 692
1575240 693
1575250 696
1575260 696
1575270 699
1575280 701
1575290 701
1575300 703
1575310 707
1575320 707
1575330 710
1575340 713
1575350 713
1575360 717
1575370 721
1575380 721
1575390 724
1575400 728
1575410 728
1575420 731
1575430 733
1575440 733
1575450 736
1575460 740
1575470 740
1575480 745
1575490 751
1575500 751
1575510 754
1575520 755
1575530 755
1575540 758
1575550 759
1575560 759
1575570 759
1575580 758
1575590 758
1575600 758
1575610 758
1575620 760
1575630 760
1575640 761
1575650 761
1575660 762
1575670 763
1575680 762
1575690 762
1575700 761
1575710 760
1575720 760
1575730 759
1575740 757
1575750 757
1575760 754
1575770 754
1575780 754
1575790 754
1575800 756
1575810 756
1575820 757
1575830 758
1575840 758
1575850 759
1575860 760
1575870 760
1575880 762
1575890 764
1575900 766
1575910 766
1575920 767
1575930 769
1575940 769
1575950 771
1575960 773
1575970 773
1575980 774
1575990 776
1576000 776
1576010 777
1576020 779
1576030 779
1576040 780
1576050 782
1576060 782
1576070 784
1576080 786
1576090 786
1576100 787
1576110 789
1576120 789
1576130 791
1576140 793
1576150 793
1576160 795
1576170 797
1576180 797
1576190 799
1576200 801
1576210 801
1576220 803
1576230 805
1576240 806
1576250 806
1576260 808
1576270 809
1576280 809
1576290 811
1576300 813
1576310 813
1576320 815
1576330 817
1576340 817
1576350 819
1576360 822
1576370 822
1576380 825
1576390 827
1576400 827
1576410 830
1576420 833
1576430 833
1576440 836
1576450 838
1576460 838
1576470 842
1576480 847
1576490 847
1576500 851
1576510 854
1576520 854
1576530 858
1576540 863
1576550 863
1576560 867
1576570 870
1576580 874
1576590 874
1576600 877
1576610 882
1576620 882
1576630 886
1576640 890
1576650 890
1576660 894
1576670 900
1576680 900
1576690 907
1576700 913
1576710 913
1576720 920
1576730 926
1576740 926
1576750 932
1576760 938
1576770 938
1576780 944
1576790 950
1576800 950
1576810 958
1576820 966
1576830 966
1576840 974
1576850 981
1576860 981
1576870 987
1576880 994
1576890 994
1576900 1000
1576910 1007
1576920 1007
1576930 1014
1576940 1022
1576950 1030
1576960 1030
1576970 1040
1576980 1048
1576990 1048
1577000 1054
1577010 1061
1577020 1061
1577030 1069
1577040 1079
1577050 1079
1577060 1094
1577070 1103
1577080 1103
1577090 1106
1577100 1113
1577110 1113
1577120 1121
1577130 1131
1577140 1131
1577150 1143
1577160 1154
1577170 1154
1577180 1166
1577190 1175
1577200 1175
1577210 1179
1577220 1180
1577230 1180
1577240 1184
1577250 1191
1577260 1191
1577270 1199
1577280 1206
1577290 1213
1577300 1213
1577310 1222
1577320 1233
1577330 1233
1577340 1244
1577350 1256
1577360 1256
1577370 1266
1577380 1278
1577390 1278
1577400 1289
1577410 1297
1577420 1297
1577430 1303
1577440 1308
1577450 1308
1577460 1315
1577470 1320
1577480 1320
1577490 1326
1577500 1330
1577510 1330
1577520 1334
1577530 1338
1577540 1338
1577550 1342
1577560 1345
1577570 1345
1577580 1348
1577590 1351
1577600 1351
1577610 1353
1577620 1354
1577630 1355
1577640 1355
1577650 1356
1577660 1357
1577670 1357
1577680 1357
1577690 1356
1577700 1356
1577710 1356
1577720 1355
1577730 1355
1577740 1355
1577750 1354
1577760 1354
1577770 1354
1577780 1353
1577790 1353
1577800 1353
1577810 1352
1577820 1352
1577830 1351
1577840 1349
1577850 1349
1577860 1348
1577870 1346
1577880 1346
1577890 1344
1577900 1341
1577910 1341
1577920 1339
1577930 1337
1577940 1337
1577950 1335
1577960 1333
1577970 1331
1577980 1331
1577990 1329
1578000 1326
1578010 1326
1578020 1324
1578030 1322
1578040 1322
1578050 1319
1578060 1317
1578070 1317
1578080 1315
1578090 1312
1578100 1312
1578110 1309
1578120 1306
1578130 1306
1578140 1304
1578150 1301
1578160 1301
1578170 1298
1578180 1295
1578190 1295
1578200 1291
1578210 1288
1578220 1288
1578230 1286
1578240 1283
1578250 1283
1578260 1281
1578270 1280
1578280 1280
1578290 1279
1578300 1278
1578310 1278
1578320 1277
1578330 1277
1578340 1278
1578350 1278
1578360 1280
1578370 1281
1578380 1281
1578390 1283
1578400 1284
1578410 1284
1578420 1285
1578430 1281
1578440 1281
1578450 1283
1578460 1285
1578470 1285
1578480 1286
1578490 1287
1578500 1287
1578510 1288
1578520 1289
1578530 1289
1578540 1291
1578550 1293
1578560 1293
1578570 1294
1578580 1295
1578590 1295
1578600 1296
1578610 1297
1578620 1297
1578630 1298
1578640 1299
1578650 1299
1578660 1300
1578670 1301
1578680 1301
1578690 1301
1578700 1302
1578710 1303
1578720 1303
1578730 1303
1578740 1304
1578750 1304
1578760 1305
1578770 1305
1578780 1305
1578790 1305
1578800 1305
1578810 1305
1578820 1306
1578830 1305
1578840 1305
1578850 1305
1578860 1305
1578870 1305
1578880 1304
1578890 1304
1578900 1304
1578910 1304
1578920 1304
1578930 1304
1578940 1305
1578950 1306
1578960 1306
1578970 1306
1578980 1307
1578990 1307
1579000 1307
1579010 1307
1579020 1309
1579030 1309
1579040 1311
1579050 1312
1579060 1312
1579070 1315
1579080 1318
1579090 1318
1579100 1320
1579110 1323
1579120 1323
1579130 1326
1579140 1329
1579150 1329
1579160 1331
1579170 1333
1579180 1333
1579190 1336
1579200 1339
1579210 1339
1579220 1341
1579230 1342
1579240 1342
1579250 1344
1579260 1348
1579270 1348
1579280 1353
1579290 1359
1579300 1359
1579310 1364
1579320 1368
1579330 1368
1579340 1371
1579350 1374
1579360 1378
1579370 1378
1579380 1381
1579390 1384
1579400 1384
1579410 1388
1579420 1391
1579430 1391
1579440 1394
1579450 1397
1579460 1397
1579470 1400
1579480 1402
1579490 1402
1579500 1405
1579510 1407
1579520 1407
1579530 1410
1579540 1412
1579550 1412
1579560 1415
1579570 1418
1579580 1418
1579590 1420
1579600 1422
1579610 1422
1579620 1425
1579630 1428
1579640 1428
1579650 1430
1579660 1433
1579670 1433
1579680 1436
1579690 1438
1579700 1438
1579710 1442
1579720 1444
1579730 1446
1579740 1446
1579750 1450
1579760 1455
1579770 1455
1579780 1459
1579790 1463
1579800 1463
1579810 1468
1579820 1473
1579830 1473
1579840 1479
1579850 1485
1579860 1485
1579870 1492
1579880 1500
1579890 1500
1579900 1506
1579910 1512
1579920 1512
1579930 1517
1579940 1523
1579950 1523
1579960 1529
1579970 1534
1579980 1534
1579990 1540
