1560000 856
1560010 856
1560020 856
1560030 856
1560040 857
1560050 857
1560060 857
1560070 857
1560080 857
1560090 857
1560100 856
1560110 856
1560120 856
1560130 856
1560140 857
1560150 857
1560160 856
1560170 856
1560180 856
1560190 857
1560200 859
1560210 859
1560220 860
1560230 861
1560240 861
1560250 861
1560260 861
1560270 860
1560280 860
1560290 860
1560300 861
1560310 861
1560320 861
1560330 859
1560340 859
1560350 859
1560360 860
1560370 860
1560380 861
1560390 861
1560400 861
1560410 862
1560420 863
1560430 863
1560440 862
1560450 860
1560460 860
1560470 858
1560480 857
1560490 857
1560500 857
1560510 860
1560520 860
1560530 861
1560540 861
1560550 861
1560560 860
1560570 860
1560580 860
1560590 859
1560600 860
1560610 861
1560620 861
1560630 861
1560640 861
1560650 861
1560660 860
1560670 860
1560680 858
1560690 858
1560700 858
1560710 858
1560720 858
1560730 859
1560740 859
1560750 859
1560760 859
1560770 859
1560780 856
1560790 855
1560800 855
1560810 853
1560820 852
1560830 852
1560840 851
1560850 849
1560860 849
1560870 848
1560880 848
1560890 848
1560900 847
1560910 845
1560920 845
1560930 846
1560940 846
1560950 846
1560960 846
1560970 847
1560980 846
1560990 846
1561000 844
1561010 844
1561020 844
1561030 843
1561040 842
1561050 842
1561060 842
1561070 842
1561080 842
1561090 842
1561100 838
1561110 838
1561120 836
1561130 835
1561140 835
1561150 834
1561160 834
1561170 834
1561180 835
1561190 837
1561200 837
1561210 836
1561220 836
1561230 836
1561240 835
1561250 835
1561260 835
1561270 833
1561280 834
1561290 834
1561300 834
1561310 833
1561320 833
1561330 833
1561340 833
1561350 833
1561360 833
1561370 832
1561380 831
1561390 831
1561400 830
1561410 829
1561420 829
1561430 827
1561440 826
1561450 826
1561460 825
1561470 824
1561480 824
1561490 823
1561500 823
1561510 823
1561520 822
1561530 821
1561540 821
1561550 821
1561560 820
1561570 820
1561580 819
1561590 818
1561600 818
1561610 818
1561620 816
1561630 816
1561640 815
1561650 814
1561660 813
1561670 813
1561680 812
1561690 810
1561700 810
1561710 809
1561720 807
1561730 807
1561740 806
1561750 805
1561760 805
1561770 803
1561780 801
1561790 801
1561800 799
1561810 798
1561820 798
1561830 797
1561840 794
1561850 794
1561860 792
1561870 790
1561880 790
1561890 788
1561900 785
1561910 785
1561920 785
1561930 784
1561940 784
1561950 784
1561960 784
1561970 784
1561980 784
1561990 784
1562000 784
1562010 784
1562020 783
1562030 782
1562040 782
1562050 780
1562060 780
1562070 780
1562080 778
1562090 777
1562100 777
1562110 776
1562120 774
1562130 774
1562140 773
1562150 771
1562160 771
1562170 769
1562180 767
1562190 767
1562200 765
1562210 762
1562220 762
1562230 761
1562240 759
1562250 759
1562260 754
1562270 752
1562280 752
1562290 751
1562300 749
1562310 749
1562320 747
1562330 746
1562340 746
1562350 744
1562360 743
1562370 742
1562380 742
1562390 740
1562400 738
1562410 738
1562420 736
1562430 736
1562440 736
1562450 738
1562460 737
1562470 737
1562480 737
1562490 737
1562500 737
1562510 737
1562520 737
1562530 737
1562540 737
1562550 737
1562560 737
1562570 737
1562580 737
1562590 737
1562600 737
1562610 738
1562620 738
1562630 738
1562640 738
1562650 738
1562660 739
1562670 739
1562680 739
1562690 739
1562700 738
1562710 738
1562720 738
1562730 740
1562740 740
1562750 740
1562760 739
1562770 740
1562780 740
1562790 739
1562800 739
1562810 739
1562820 740
1562830 740
1562840 740
1562850 741
1562860 743
1562870 743
1562880 743
1562890 743
1562900 743
1562910 743
1562920 743
1562930 743
1562940 743
1562950 743
1562960 743
1562970 743
1562980 743
1562990 743
1563000 743
1563010 743
1563020 743
1563030 743
1563040 743
1563050 743
1563060 743
1563070 743
1563080 742
1563090 742
1563100 742
1563110 742
1563120 742
1563130 741
1563140 741
1563150 741
1563160 740
1563170 740
1563180 740
1563190 740
1563200 740
1563210 740
1563220 740
1563230 739
1563240 739
1563250 739
1563260 738
1563270 738
1563280 737
1563290 737
1563300 737
1563310 736
1563320 736
1563330 736
1563340 736
1563350 737
1563360 737
1563370 739
1563380 743
1563390 743
1563400 744
1563410 746
1563420 746
1563430 747
1563440 748
1563450 749
1563460 749
1563470 749
1563480 749
1563490 749
1563500 750
1563510 750
1563520 750
1563530 751
1563540 754
1563550 754
1563560 759
1563570 762
1563580 762
1563590 766
1563600 772
1563610 772
1563620 773
1563630 776
1563640 776
1563650 781
1563660 786
1563670 786
1563680 789
1563690 793
1563700 793
1563710 797
1563720 801
1563730 801
1563740 807
1563750 809
1563760 809
1563770 811
1563780 813
1563790 818
1563800 818
1563810 824
1563820 830
1563830 830
1563840 837
1563850 844
1563860 844
1563870 851
1563880 857
1563890 857
1563900 858
1563910 852
1563920 852
1563930 847
1563940 845
1563950 845
1563960 844
1563970 843
1563980 843
1563990 842
1564000 840
1564010 840
1564020 837
1564030 836
1564040 836
1564050 835
1564060 834
1564070 834
1564080 835
1564090 836
1564100 836
1564110 837
1564120 837
1564130 837
1564140 836
1564150 835
1564160 837
1564170 837
1564180 840
1564190 843
1564200 843
1564210 848
1564220 846
1564230 846
1564240 848
1564250 852
1564260 852
1564270 855
1564280 860
1564290 860
1564300 865
1564310 870
1564320 870
1564330 874
1564340 877
1564350 877
1564360 879
1564370 880
1564380 880
1564390 879
1564400 879
1564410 879
1564420 879
1564430 882
1564440 882
1564450 886
1564460 892
1564470 892
1564480 898
1564490 903
1564500 907
1564510 907
1564520 913
1564530 919
1564540 919
1564550 924
1564560 928
1564570 928
1564580 934
1564590 940
1564600 940
1564610 947
1564620 954
1564630 954
1564640 961
1564650 967
1564660 967
1564670 974
1564680 983
1564690 983
1564700 1014
1564710 1046
1564720 1046
1564730 1065
1564740 1069
1564750 1069
1564760 1077
1564770 1082
1564780 1082
1564790 1089
1564800 1095
1564810 1095
1564820 1100
1564830 1105
1564840 1105
1564850 1110
1564860 1116
1564870 1121
1564880 1121
1564890 1126
1564900 1132
1564910 1132
1564920 1137
1564930 1142
1564940 1142
1564950 1148
1564960 1153
1564970 1153
1564980 1158
1564990 1164
1565000 1164
1565010 1169
1565020 1174
1565030 1174
1565040 1180
1565050 1185
1565060 1185
1565070 1190
1565080 1195
1565090 1195
1565100 1200
1565110 1205
1565120 1205
1565130 1210
1565140 1216
1565150 1216
1565160 1221
1565170 1225
1565180 1225
1565190 1227
1565200 1230
1565210 1230
1565220 1233
1565230 1237
1565240 1241
1565250 1241
1565260 1244
1565270 1248
1565280 1248
1565290 1253
1565300 1258
1565310 1258
1565320 1263
1565330 1266
1565340 1266
1565350 1271
1565360 1275
1565370 1275
1565380 1280
1565390 1284
1565400 1284
1565410 1289
1565420 1293
1565430 1293
1565440 1297
1565450 1299
1565460 1299
1565470 1301
1565480 1303
1565490 1303
1565500 1304
1565510 1305
1565520 1305
1565530 1305
1565540 1306
1565550 1306
1565560 1314
1565570 1317
1565580 1319
1565590 1319
1565600 1321
1565610 1324
1565620 1324
1565630 1327
1565640 1330
1565650 1330
1565660 1333
1565670 1337
1565680 1337
1565690 1341
1565700 1345
1565710 1345
1565720 1349
1565730 1353
1565740 1353
1565750 1357
1565760 1360
1565770 1360
1565780 1364
1565790 1368
1565800 1368
1565810 1372
1565820 1377
1565830 1377
1565840 1382
1565850 1387
1565860 1387
1565870 1392
1565880 1395
1565890 1395
1565900 1401
1565910 1406
1565920 1406
1565930 1410
1565940 1414
1565950 1420
1565960 1420
1565970 1426
1565980 1434
1565990 1434
1566000 1441
1566010 1447
1566020 1447
1566030 1450
1566040 1452
1566050 1452
1566060 1455
1566070 1457
1566080 1457
1566090 1460
1566100 1463
1566110 1463
1566120 1468
1566130 1472
1566140 1472
1566150 1477
1566160 1482
1566170 1482
1566180 1486
1566190 1490
1566200 1490
1566210 1492
1566220 1493
1566230 1493
1566240 1492
1566250 1487
1566260 1487
1566270 1482
1566280 1478
1566290 1474
1566300 1474
1566310 1470
1566320 1467
1566330 1467
1566340 1464
1566350 1461
1566360 1461
1566370 1459
1566380 1457
1566390 1457
1566400 1456
1566410 1455
1566420 1455
1566430 1453
1566440 1451
1566450 1451
1566460 1451
1566470 1453
1566480 1453
1566490 1456
1566500 1458
1566510 1458
1566520 1461
1566530 1463
1566540 1463
1566550 1466
1566560 1468
1566570 1468
1566580 1468
1566590 1469
1566600 1469
1566610 1471
1566620 1472
1566630 1472
1566640 1471
1566650 1468
1566660 1467
1566670 1467
1566680 1468
1566690 1468
1566700 1468
1566710 1469
1566720 1468
1566730 1468
1566740 1466
1566750 1463
1566760 1463
1566770 1460
1566780 1458
1566790 1458
1566800 1454
1566810 1450
1566820 1450
1566830 1445
1566840 1441
1566850 1441
1566860 1436
1566870 1432
1566880 1432
1566890 1429
1566900 1426
1566910 1426
1566920 1419
1566930 1410
1566940 1410
1566950 1400
1566960 1387
1566970 1387
1566980 1378
1566990 1371
1567000 1366
1567010 1366
1567020 1363
1567030 1361
1567040 1361
1567050 1358
1567060 1357
1567070 1357
1567080 1360
1567090 1362
1567100 1362
1567110 1361
1567120 1363
1567130 1365
1567140 1367
1567150 1369
1567160 1369
1567170 1371
1567180 1374
1567190 1374
1567200 1377
1567210 1378
1567220 1378
1567230 1379
1567240 1379
1567250 1379
1567260 1379
1567270 1378
1567280 1378
1567290 1378
1567300 1378
1567310 1378
1567320 1377
1567330 1377
1567340 1377
1567350 1377
1567360 1376
1567370 1376
1567380 1376
1567390 1376
1567400 1377
1567410 1377
1567420 1379
1567430 1381
1567440 1381
1567450 1385
1567460 1390
1567470 1390
1567480 1396
1567490 1401
1567500 1401
1567510 1406
1567520 1408
1567530 1408
1567540 1408
1567550 1408
1567560 1408
1567570 1406
1567580 1403
1567590 1403
1567600 1400
1567610 1395
1567620 1395
1567630 1391
1567640 1386
1567650 1386
1567660 1382
1567670 1378
1567680 1378
1567690 1374
1567700 1370
1567710 1366
1567720 1366
1567730 1361
1567740 1356
1567750 1356
1567760 1353
1567770 1349
1567780 1349
1567790 1344
1567800 1340
1567810 1340
1567820 1335
1567830 1331
1567840 1331
1567850 1326
1567860 1322
1567870 1322
1567880 1316
1567890 1311
1567900 1311
1567910 1306
1567920 1300
1567930 1300
1567940 1294
1567950 1289
1567960 1289
1567970 1284
1567980 1278
1567990 1278
1568000 1273
1568010 1267
1568020 1267
1568030 1262
1568040 1257
1568050 1257
1568060 1251
1568070 1246
1568080 1241
1568090 1241
1568100 1236
1568110 1230
1568120 1230
1568130 1225
1568140 1220
1568150 1220
1568160 1216
1568170 1210
1568180 1210
1568190 1206
1568200 1201
1568210 1201
1568220 1197
1568230 1192
1568240 1192
1568250 1188
1568260 1184
1568270 1184
1568280 1179
1568290 1175
1568300 1175
1568310 1171
1568320 1166
1568330 1166
1568340 1162
1568350 1158
1568360 1158
1568370 1154
1568380 1150
1568390 1150
1568400 1147
1568410 1143
1568420 1139
1568430 1139
1568440 1135
1568450 1131
1568460 1131
1568470 1127
1568480 1123
1568490 1123
1568500 1120
1568510 1117
1568520 1117
1568530 1115
1568540 1113
1568550 1113
1568560 1112
1568570 1109
1568580 1109
1568590 1106
1568600 1102
1568610 1102
1568620 1097
1568630 1092
1568640 1092
1568650 1087
1568660 1084
1568670 1088
1568680 1084
1568690 1081
1568700 1081
1568710 1078
1568720 1075
1568730 1075
1568740 1071
1568750 1066
1568760 1066
1568770 1061
1568780 1057
1568790 1055
1568800 1055
1568810 1055
1568820 1054
1568830 1054
1568840 1052
1568850 1051
1568860 1051
1568870 1049
1568880 1046
1568890 1046
1568900 1044
1568910 1044
1568920 1044
1568930 1044
1568940 1043
1568950 1043
1568960 1042
1568970 1041
1568980 1041
1568990 1041
1569000 1038
1569010 1038
1569020 1034
1569030 1035
1569040 1035
1569050 1036
1569060 1035
1569070 1035
1569080 1032
1569090 1027
1569100 1027
1569110 1023
1569120 1019
1569130 1019
1569140 1016
1569150 1010
1569160 1007
1569170 1007
1569180 1002
1569190 999
1569200 999
1569210 993
1569220 984
1569230 984
1569240 977
1569250 971
1569260 971
1569270 966
1569280 961
1569290 961
1569300 958
1569310 949
1569320 949
1569330 939
1569340 934
1569350 934
1569360 928
1569370 924
1569380 924
1569390 921
1569400 917
1569410 917
1569420 912
1569430 907
1569440 907
1569450 903
1569460 899
1569470 899
1569480 893
1569490 887
1569500 881
1569510 881
1569520 873
1569530 865
1569540 865
1569550 862
1569560 859
1569570 859
1569580 856
1569590 859
1569600 859
1569610 859
1569620 854
1569630 854
1569640 850
1569650 846
1569660 846
1569670 839
1569680 837
1569690 837
1569700 831
1569710 817
1569720 817
1569730 806
1569740 802
1569750 802
1569760 801
1569770 803
1569780 803
1569790 803
1569800 803
1569810 803
1569820 809
1569830 812
1569840 812
1569850 812
1569860 811
1569870 811
1569880 811
1569890 811
1569900 816
1569910 816
1569920 823
1569930 822
1569940 822
1569950 816
1569960 815
1569970 815
1569980 816
1569990 816
1570000 816
1570010 816
1570020 817
1570030 817
1570040 817
1570050 818
1570060 818
1570070 819
1570080 820
1570090 820
1570100 822
1570110 820
1570120 820
1570130 821
1570140 824
1570150 824
1570160 828
1570170 835
1570180 835
1570190 843
1570200 851
1570210 855
1570220 855
1570230 857
1570240 859
1570250 859
1570260 859
1570270 854
1570280 854
1570290 853
1570300 857
1570310 857
1570320 862
1570330 863
1570340 863
1570350 860
1570360 857
1570370 857
1570380 855
1570390 854
1570400 854
1570410 855
1570420 856
1570430 856
1570440 856
1570450 856
1570460 856
1570470 856
1570480 854
1570490 854
1570500 851
1570510 849
1570520 849
1570530 847
1570540 847
1570550 847
1570560 849
1570570 849
1570580 848
1570590 848
1570600 848
1570610 851
1570620 851
1570630 854
1570640 855
1570650 855
1570660 857
1570670 860
1570680 860
1570690 862
1570700 862
1570710 862
1570720 861
1570730 861
1570740 861
1570750 860
1570760 856
1570770 856
1570780 854
1570790 854
1570800 854
1570810 855
1570820 854
1570830 854
1570840 853
1570850 850
1570860 850
1570870 848
1570880 846
1570890 846
1570900 843
1570910 841
1570920 839
1570930 839
1570940 838
1570950 838
1570960 838
1570970 837
1570980 834
1570990 834
1571000 832
1571010 826
1571020 826
1571030 822
1571040 818
1571050 818
1571060 814
1571070 810
1571080 810
1571090 808
1571100 807
1571110 807
1571120 804
1571130 800
1571140 800
1571150 798
1571160 795
1571170 795
1571180 788
1571190 782
1571200 782
1571210 778
1571220 774
1571230 774
1571240 770
1571250 768
1571260 768
1571270 765
1571280 760
1571290 754
1571300 754
1571310 748
1571320 743
1571330 743
1571340 738
1571350 733
1571360 733
1571370 728
1571380 724
1571390 724
1571400 721
1571410 718
1571420 718
1571430 715
1571440 711
1571450 711
1571460 708
1571470 705
1571480 705
1571490 703
1571500 701
1571510 701
1571520 699
1571530 696
1571540 696
1571550 695
1571560 692
1571570 692
1571580 691
1571590 692
1571600 692
1571610 690
1571620 686
1571630 686
1571640 682
1571650 681
1571660 683
1571670 683
1571680 683
1571690 684
1571700 684
1571710 681
1571720 676
1571730 676
1571740 674
1571750 675
1571760 675
1571770 675
1571780 676
1571790 676
1571800 676
1571810 674
1571820 674
1571830 670
1571840 665
1571850 665
1571860 661
1571870 660
1571880 660
1571890 659
1571900 658
1571910 658
1571920 658
1571930 656
1571940 656
1571950 653
1571960 650
1571970 650
1571980 648
1571990 647
1572000 646
1572010 646
1572020 645
1572030 643
1572040 643
1572050 643
1572060 643
1572070 643
1572080 642
1572090 642
1572100 642
1572110 641
1572120 641
1572130 641
1572140 641
1572150 642
1572160 642
1572170 642
1572180 642
1572190 642
1572200 640
1572210 639
1572220 639
1572230 639
1572240 639
1572250 639
1572260 639
1572270 639
1572280 639
1572290 639
1572300 639
1572310 639
1572320 639
1572330 640
1572340 640
1572350 640
1572360 640
1572370 640
1572380 640
1572390 640
1572400 639
1572410 639
1572420 639
1572430 639
1572440 639
1572450 639
1572460 639
1572470 639
1572480 639
1572490 638
1572500 638
1572510 638
1572520 638
1572530 638
1572540 638
1572550 638
1572560 638
1572570 638
1572580 638
1572590 638
1572600 638
1572610 638
1572620 638
1572630 638
1572640 638
1572650 638
1572660 638
1572670 638
1572680 638
1572690 638
1572700 638
1572710 638
1572720 638
1572730 638
1572740 638
1572750 638
1572760 638
1572770 638
1572780 638
1572790 638
1572800 638
1572810 638
1572820 638
1572830 638
1572840 638
1572850 638
1572860 637
1572870 637
1572880 637
1572890 637
1572900 637
1572910 637
1572920 637
1572930 637
1572940 637
1572950 637
1572960 637
1572970 637
1572980 637
1572990 637
1573000 637
1573010 637
1573020 637
1573030 637
1573040 637
1573050 637
1573060 637
1573070 637
1573080 637
1573090 637
1573100 637
1573110 637
1573120 637
1573130 637
1573140 637
1573150 637
1573160 637
1573170 637
1573180 637
1573190 637
1573200 638
1573210 638
1573220 637
1573230 637
1573240 637
1573250 638
1573260 637
1573270 637
1573280 637
1573290 637
1573300 637
1573310 637
1573320 637
1573330 637
1573340 637
1573350 637
1573360 637
1573370 637
1573380 637
1573390 637
1573400 638
1573410 637
1573420 637
1573430 637
1573440 637
1573450 637
1573460 637
1573470 637
1573480 637
1573490 637
1573500 637
1573510 637
1573520 637
1573530 637
1573540 637
1573550 637
1573560 637
1573570 637
1573580 637
1573590 637
1573600 637
1573610 637
1573620 637
1573630 637
1573640 637
1573650 637
1573660 637
1573670 637
1573680 637
1573690 637
1573700 637
1573710 637
1573720 637
1573730 637
1573740 637
1573750 637
1573760 637
1573770 637
1573780 637
1573790 637
1573800 637
1573810 637
1573820 637
1573830 637
1573840 637
1573850 637
1573860 637
1573870 637
1573880 637
1573890 637
1573900 637
1573910 637
1573920 637
1573930 637
1573940 637
1573950 637
1573960 637
1573970 637
1573980 637
1573990 637
1574000 638
1574010 638
1574020 638
1574030 638
1574040 638
1574050 638
1574060 638
1574070 638
1574080 639
1574090 639
1574100 639
1574110 638
1574120 637
1574130 636
1574140 636
1574150 636
1574160 636
1574170 636
1574180 636
1574190 636
1574200 636
1574210 638
1574220 639
1574230 639
1574240 639
1574250 638
1574260 638
1574270 638
1574280 638
1574290 638
1574300 638
1574310 638
1574320 638
1574330 638
1574340 638
1574350 638
1574360 638
1574370 638
1574380 638
1574390 637
1574400 637
1574410 637
1574420 637
1574430 638
1574440 638
1574450 638
1574460 638
1574470 638
1574480 640
1574490 639
1574500 637
1574510 637
1574520 637
1574530 637
1574540 637
1574550 637
1574560 637
1574570 637
1574580 637
1574590 637
1574600 637
1574610 637
1574620 637
1574630 637
1574640 637
1574650 637
1574660 637
1574670 637
1574680 637
1574690 637
1574700 637
1574710 637
1574720 637
1574730 637
1574740 637
1574750 637
1574760 637
1574770 637
1574780 637
1574790 637
1574800 637
1574810 637
1574820 637
1574830 637
1574840 637
1574850 637
1574860 637
1574870 637
1574880 637
1574890 637
1574900 637
1574910 637
1574920 637
1574930 637
1574940 637
1574950 637
1574960 637
1574970 637
1574980 637
1574990 637
1575000 637
1575010 637
1575020 638
1575030 638
1575040 638
1575050 638
1575060 638
1575070 638
1575080 638
1575090 638
1575100 638
1575110 638
1575120 638
1575130 638
1575140 638
1575150 638
1575160 638
1575170 638
1575180 638
1575190 638
1575200 636
1575210 638
1575220 638
1575230 638
1575240 638
1575250 638
1575260 638
1575270 638
1575280 638
1575290 638
1575300 638
1575310 638
1575320 638
1575330 638
1575340 638
1575350 638
1575360 638
1575370 638
1575380 638
1575390 638
1575400 638
1575410 638
1575420 638
1575430 638
1575440 638
1575450 638
1575460 638
1575470 638
1575480 638
1575490 638
1575500 638
1575510 637
1575520 637
1575530 637
1575540 637
1575550 637
1575560 637
1575570 637
1575580 637
1575590 637
1575600 637
1575610 637
1575620 637
1575630 637
1575640 637
1575650 637
1575660 637
1575670 637
1575680 637
1575690 637
1575700 637
1575710 637
1575720 637
1575730 637
1575740 637
1575750 637
1575760 637
1575770 637
1575780 637
1575790 637
1575800 637
1575810 637
1575820 637
1575830 637
1575840 637
1575850 637
1575860 637
1575870 637
1575880 637
1575890 637
1575900 637
1575910 637
1575920 637
1575930 637
1575940 637
1575950 637
1575960 637
1575970 637
1575980 637
1575990 637
1576000 637
1576010 637
1576020 637
1576030 637
1576040 637
1576050 637
1576060 637
1576070 637
1576080 637
1576090 637
1576100 637
1576110 637
1576120 637
1576130 637
1576140 637
1576150 637
1576160 637
1576170 637
1576180 637
1576190 637
1576200 637
1576210 637
1576220 637
1576230 637
1576240 637
1576250 637
1576260 637
1576270 637
1576280 637
1576290 637
1576300 637
1576310 637
1576320 637
1576330 637
1576340 637
1576350 637
1576360 637
1576370 637
1576380 637
1576390 637
1576400 637
1576410 637
1576420 637
1576430 636
1576440 636
1576450 636
1576460 636
1576470 636
1576480 636
1576490 636
1576500 636
1576510 636
1576520 637
1576530 637
1576540 637
1576550 637
1576560 637
1576570 637
1576580 636
1576590 636
1576600 636
1576610 636
1576620 636
1576630 636
1576640 636
1576650 636
1576660 636
1576670 636
1576680 636
1576690 636
1576700 636
1576710 636
1576720 636
1576730 636
1576740 636
1576750 636
1576760 636
1576770 636
1576780 636
1576790 636
1576800 636
1576810 636
1576820 636
1576830 636
1576840 636
1576850 636
1576860 636
1576870 636
1576880 636
1576890 636
1576900 636
1576910 636
1576920 636
1576930 636
1576940 636
1576950 636
1576960 636
1576970 636
1576980 636
1576990 636
1577000 636
1577010 636
1577020 636
1577030 635
1577040 635
1577050 635
1577060 634
1577070 634
1577080 635
1577090 635
1577100 635
1577110 635
1577120 636
1577130 636
1577140 636
1577150 636
1577160 636
1577170 636
1577180 636
1577190 636
1577200 636
1577210 636
1577220 636
1577230 636
1577240 636
1577250 636
1577260 636
1577270 636
1577280 636
1577290 636
1577300 636
1577310 636
1577320 636
1577330 636
1577340 636
1577350 636
1577360 636
1577370 636
1577380 636
1577390 636
1577400 636
1577410 636
1577420 636
1577430 636
1577440 636
1577450 636
1577460 636
1577470 636
1577480 636
1577490 636
1577500 636
1577510 636
1577520 636
1577530 636
1577540 636
1577550 636
1577560 636
1577570 636
1577580 636
1577590 636
1577600 636
1577610 636
1577620 636
1577630 636
1577640 636
1577650 636
1577660 636
1577670 636
1577680 636
1577690 636
1577700 636
1577710 636
1577720 636
1577730 636
1577740 636
1577750 636
1577760 636
1577770 636
1577780 636
1577790 636
1577800 635
1577810 635
1577820 635
1577830 635
1577840 635
1577850 635
1577860 635
1577870 635
1577880 635
1577890 635
1577900 635
1577910 635
1577920 635
1577930 635
1577940 635
1577950 635
1577960 635
1577970 635
1577980 635
1577990 635
1578000 635
1578010 635
1578020 635
1578030 635
1578040 635
1578050 635
1578060 635
1578070 635
1578080 635
1578090 635
1578100 635
1578110 635
1578120 635
1578130 635
1578140 635
1578150 635
1578160 635
1578170 635
1578180 635
1578190 636
1578200 636
1578210 636
1578220 636
1578230 636
1578240 636
1578250 636
1578260 635
1578270 635
1578280 635
1578290 635
1578300 635
1578310 636
1578320 636
1578330 636
1578340 636
1578350 636
1578360 636
1578370 636
1578380 636
1578390 636
1578400 636
1578410 636
1578420 636
1578430 636
1578440 636
1578450 636
1578460 636
1578470 636
1578480 636
1578490 636
1578500 635
1578510 635
1578520 635
1578530 635
1578540 635
1578550 635
1578560 635
1578570 635
1578580 635
1578590 636
1578600 636
1578610 636
1578620 636
1578630 636
1578640 636
1578650 636
1578660 636
1578670 636
1578680 635
1578690 635
1578700 635
1578710 636
1578720 636
1578730 636
1578740 635
1578750 635
1578760 635
1578770 635
1578780 635
1578790 635
1578800 635
1578810 635
1578820 635
1578830 635
1578840 635
1578850 635
1578860 635
1578870 636
1578880 636
1578890 636
1578900 636
1578910 636
1578920 636
1578930 636
1578940 636
1578950 636
1578960 636
1578970 635
1578980 635
1578990 635
1579000 635
1579010 635
1579020 635
1579030 635
1579040 635
1579050 635
1579060 635
1579070 635
1579080 635
1579090 635
1579100 635
1579110 635
1579120 635
1579130 635
1579140 635
1579150 635
1579160 635
1579170 635
1579180 635
1579190 636
1579200 636
1579210 636
1579220 636
1579230 636
1579240 636
1579250 636
1579260 636
1579270 636
1579280 636
1579290 636
1579300 636
1579310 636
1579320 636
1579330 636
1579340 636
1579350 636
1579360 635
1579370 635
1579380 635
1579390 635
1579400 634
1579410 634
1579420 635
1579430 636
1579440 636
1579450 638
1579460 638
1579470 638
1579480 639
1579490 639
1579500 640
1579510 640
1579520 641
1579530 642
1579540 642
1579550 644
1579560 644
1579570 644
1579580 645
1579590 645
1579600 645
1579610 645
1579620 646
1579630 646
1579640 647
1579650 649
1579660 649
1579670 650
1579680 652
1579690 652
1579700 654
1579710 655
1579720 655
1579730 656
1579740 657
1579750 657
1579760 658
1579770 658
1579780 658
1579790 659
1579800 659
1579810 659
1579820 660
1579830 663
1579840 663
1579850 665
1579860 666
1579870 667
1579880 667
1579890 668
1579900 668
1579910 668
1579920 669
1579930 670
1579940 670
1579950 671
1579960 673
1579970 673
1579980 674
1579990 675
