1560000 830
1560010 830
1560020 830
1560030 831
1560040 831
1560050 830
1560060 830
1560070 830
1560080 830
1560090 830
1560100 830
1560110 829
1560120 830
1560130 830
1560140 830
1560150 831
1560160 831
1560170 831
1560180 831
1560190 831
1560200 831
1560210 833
1560220 833
1560230 837
1560240 837
1560250 837
1560260 834
1560270 832
1560280 832
1560290 832
1560300 832
1560310 832
1560320 832
1560330 832
1560340 832
1560350 832
1560360 832
1560370 832
1560380 832
1560390 832
1560400 831
1560410 831
1560420 831
1560430 831
1560440 831
1560450 832
1560460 833
1560470 833
1560480 833
1560490 833
1560500 833
1560510 834
1560520 834
1560530 834
1560540 834
1560550 834
1560560 834
1560570 835
1560580 835
1560590 835
1560600 833
1560610 833
1560620 833
1560630 835
1560640 835
1560650 835
1560660 835
1560670 836
1560680 836
1560690 838
1560700 839
1560710 839
1560720 841
1560730 841
1560740 841
1560750 840
1560760 840
1560770 839
1560780 839
1560790 839
1560800 839
1560810 839
1560820 839
1560830 840
1560840 840
1560850 840
1560860 841
1560870 841
1560880 841
1560890 841
1560900 841
1560910 841
1560920 841
1560930 841
1560940 840
1560950 840
1560960 840
1560970 841
1560980 841
1560990 841
1561000 840
1561010 840
1561020 840
1561030 840
1561040 840
1561050 840
1561060 840
1561070 840
1561080 840
1561090 840
1561100 840
1561110 840
1561120 840
1561130 840
1561140 840
1561150 840
1561160 841
1561170 841
1561180 841
1561190 841
1561200 841
1561210 841
1561220 841
1561230 841
1561240 841
1561250 841
1561260 841
1561270 841
1561280 841
1561290 842
1561300 842
1561310 841
1561320 841
1561330 841
1561340 841
1561350 841
1561360 841
1561370 841
1561380 841
1561390 841
1561400 841
1561410 841
1561420 841
1561430 841
1561440 841
1561450 841
1561460 841
1561470 842
1561480 843
1561490 843
1561500 844
1561510 845
1561520 845
1561530 846
1561540 847
1561550 847
1561560 847
1561570 849
1561580 849
1561590 850
1561600 852
1561610 852
1561620 853
1561630 855
1561640 855
1561650 856
1561660 858
1561670 858
1561680 859
1561690 860
1561700 860
1561710 861
1561720 862
1561730 862
1561740 863
1561750 865
1561760 865
1561770 866
1561780 868
1561790 868
1561800 870
1561810 870
1561820 870
1561830 872
1561840 874
1561850 876
1561860 876
1561870 878
1561880 880
1561890 880
1561900 882
1561910 884
1561920 884
1561930 887
1561940 889
1561950 889
1561960 892
1561970 894
1561980 894
1561990 897
1562000 899
1562010 899
1562020 901
1562030 904
1562040 904
1562050 906
1562060 910
1562070 910
1562080 914
1562090 919
1562100 919
1562110 924
1562120 931
1562130 931
1562140 937
1562150 943
1562160 943
1562170 947
1562180 951
1562190 955
1562200 955
1562210 959
1562220 965
1562230 965
1562240 971
1562250 978
1562260 978
1562270 985
1562280 993
1562290 993
1562300 999
1562310 1003
1562320 1003
1562330 1007
1562340 1010
1562350 1010
1562360 1013
1562370 1013
1562380 1013
1562390 1012
1562400 1010
1562410 1010
1562420 1007
1562430 1004
1562440 1004
1562450 1000
1562460 996
1562470 996
1562480 993
1562490 990
1562500 990
1562510 988
1562520 987
1562530 987
1562540 986
1562550 985
1562560 985
1562570 985
1562580 985
1562590 985
1562600 985
1562610 984
1562620 981
1562630 981
1562640 979
1562650 977
1562660 977
1562670 976
1562680 974
1562690 974
1562700 972
1562710 972
1562720 972
1562730 971
1562740 970
1562750 970
1562760 969
1562770 961
1562780 961
1562790 953
1562800 953
1562810 953
1562820 953
1562830 954
1562840 954
1562850 950
1562860 948
1562870 948
1562880 948
1562890 944
1562900 944
1562910 951
1562920 953
1562930 951
1562940 951
1562950 947
1562960 945
1562970 945
1562980 941
1562990 937
1563000 937
1563010 935
1563020 934
1563030 934
1563040 927
1563050 910
1563060 910
1563070 897
1563080 888
1563090 888
1563100 881
1563110 879
1563120 879
1563130 875
1563140 871
1563150 871
1563160 868
1563170 866
1563180 866
1563190 872
1563200 869
1563210 869
1563220 858
1563230 849
1563240 849
1563250 846
1563260 853
1563270 863
1563280 863
1563290 883
1563300 908
1563310 908
1563320 927
1563330 933
1563340 933
1563350 937
1563360 940
1563370 940
1563380 941
1563390 943
1563400 943
1563410 946
1563420 949
1563430 949
1563440 951
1563450 952
1563460 952
1563470 955
1563480 957
1563490 957
1563500 959
1563510 961
1563520 961
1563530 962
1563540 964
1563550 964
1563560 966
1563570 967
1563580 967
1563590 969
1563600 971
1563610 971
1563620 973
1563630 974
1563640 976
1563650 976
1563660 978
1563670 980
1563680 980
1563690 982
1563700 984
1563710 984
1563720 986
1563730 988
1563740 988
1563750 990
1563760 992
1563770 992
1563780 994
1563790 996
1563800 996
1563810 999
1563820 1001
1563830 1001
1563840 1004
1563850 1007
1563860 1007
1563870 1009
1563880 1012
1563890 1012
1563900 1015
1563910 1018
1563920 1018
1563930 1021
1563940 1023
1563950 1023
1563960 1026
1563970 1029
1563980 1029
1563990 1032
1564000 1034
1564010 1037
1564020 1037
1564030 1040
1564040 1042
1564050 1042
1564060 1044
1564070 1046
1564080 1046
1564090 1048
1564100 1049
1564110 1049
1564120 1051
1564130 1052
1564140 1052
1564150 1052
1564160 1053
1564170 1053
1564180 1053
1564190 1053
1564200 1053
1564210 1053
1564220 1053
1564230 1053
1564240 1052
1564250 1052
1564260 1052
1564270 1052
1564280 1052
1564290 1052
1564300 1052
1564310 1053
1564320 1053
1564330 1053
1564340 1053
1564350 1052
1564360 1052
1564370 1052
1564380 1051
1564390 1051
1564400 1051
1564410 1050
1564420 1050
1564430 1049
1564440 1048
1564450 1048
1564460 1047
1564470 1045
1564480 1045
1564490 1044
1564500 1042
1564510 1042
1564520 1041
1564530 1039
1564540 1039
1564550 1038
1564560 1036
1564570 1036
1564580 1033
1564590 1031
1564600 1031
1564610 1029
1564620 1027
1564630 1027
1564640 1025
1564650 1024
1564660 1024
1564670 1023
1564680 1023
1564690 1023
1564700 1023
1564710 1022
1564720 1022
1564730 1022
1564740 1022
1564750 1022
1564760 1022
1564770 1022
1564780 1021
1564790 1021
1564800 1019
1564810 1020
1564820 1020
1564830 1020
1564840 1021
1564850 1021
1564860 1022
1564870 1022
1564880 1022
1564890 1023
1564900 1023
1564910 1023
1564920 1023
1564930 1024
1564940 1024
1564950 1024
1564960 1024
1564970 1024
1564980 1026
1564990 1029
1565000 1029
1565010 1030
1565020 1031
1565030 1031
1565040 1033
1565050 1033
1565060 1033
1565070 1033
1565080 1033
1565090 1033
1565100 1033
1565110 1038
1565120 1043
1565130 1043
1565140 1047
1565150 1049
1565160 1049
1565170 1052
1565180 1053
1565190 1053
1565200 1053
1565210 1053
1565220 1053
1565230 1052
1565240 1051
1565250 1051
1565260 1050
1565270 1049
1565280 1049
1565290 1049
1565300 1048
1565310 1048
1565320 1048
1565330 1047
1565340 1047
1565350 1046
1565360 1046
1565370 1046
1565380 1045
1565390 1044
1565400 1044
1565410 1044
1565420 1045
1565430 1045
1565440 1045
1565450 1046
1565460 1047
1565470 1047
1565480 1047
1565490 1047
1565500 1047
1565510 1049
1565520 1050
1565530 1050
1565540 1052
1565550 1056
1565560 1056
1565570 1058
1565580 1059
1565590 1059
1565600 1060
1565610 1060
1565620 1060
1565630 1061
1565640 1063
1565650 1063
1565660 1065
1565670 1068
1565680 1068
1565690 1070
1565700 1072
1565710 1072
1565720 1075
1565730 1079
1565740 1079
1565750 1081
1565760 1085
1565770 1085
1565780 1090
1565790 1095
1565800 1100
1565810 1100
1565820 1104
1565830 1109
1565840 1109
1565850 1113
1565860 1116
1565870 1116
1565880 1121
1565890 1126
1565900 1126
1565910 1129
1565920 1132
1565930 1132
1565940 1135
1565950 1137
1565960 1137
1565970 1142
1565980 1146
1565990 1146
1566000 1148
1566010 1149
1566020 1149
1566030 1151
1566040 1152
1566050 1152
1566060 1152
1566070 1153
1566080 1153
1566090 1153
1566100 1153
1566110 1153
1566120 1153
1566130 1154
1566140 1154
1566150 1153
1566160 1154
1566170 1153
1566180 1153
1566190 1152
1566200 1152
1566210 1152
1566220 1152
1566230 1152
1566240 1152
1566250 1152
1566260 1153
1566270 1153
1566280 1154
1566290 1157
1566300 1157
1566310 1161
1566320 1165
1566330 1165
1566340 1168
1566350 1171
1566360 1171
1566370 1175
1566380 1178
1566390 1178
1566400 1180
1566410 1183
1566420 1183
1566430 1185
1566440 1188
1566450 1188
1566460 1191
1566470 1196
1566480 1196
1566490 1199
1566500 1199
1566510 1202
1566520 1202
1566530 1205
1566540 1209
1566550 1209
1566560 1212
1566570 1213
1566580 1213
1566590 1214
1566600 1215
1566610 1215
1566620 1216
1566630 1216
1566640 1216
1566650 1218
1566660 1220
1566670 1220
1566680 1220
1566690 1221
1566700 1221
1566710 1222
1566720 1223
1566730 1223
1566740 1223
1566750 1224
1566760 1224
1566770 1226
1566780 1227
1566790 1227
1566800 1228
1566810 1229
1566820 1229
1566830 1230
1566840 1231
1566850 1231
1566860 1231
1566870 1232
1566880 1233
1566890 1233
1566900 1233
1566910 1234
1566920 1234
1566930 1234
1566940 1234
1566950 1234
1566960 1235
1566970 1235
1566980 1235
1566990 1235
1567000 1236
1567010 1236
1567020 1237
1567030 1237
1567040 1237
1567050 1236
1567060 1236
1567070 1236
1567080 1237
1567090 1239
1567100 1239
1567110 1240
1567120 1241
1567130 1241
1567140 1242
1567150 1242
1567160 1242
1567170 1242
1567180 1242
1567190 1242
1567200 1243
1567210 1245
1567220 1245
1567230 1247
1567240 1249
1567250 1252
1567260 1252
1567270 1255
1567280 1259
1567290 1259
1567300 1264
1567310 1265
1567320 1265
1567330 1266
1567340 1267
1567350 1267
1567360 1267
1567370 1267
1567380 1267
1567390 1266
1567400 1266
1567410 1266
1567420 1265
1567430 1266
1567440 1266
1567450 1266
1567460 1266
1567470 1266
1567480 1264
1567490 1263
1567500 1263
1567510 1262
1567520 1261
1567530 1261
1567540 1261
1567550 1261
1567560 1261
1567570 1260
1567580 1260
1567590 1260
1567600 1260
1567610 1260
1567620 1260
1567630 1260
1567640 1260
1567650 1259
1567660 1259
1567670 1258
1567680 1257
1567690 1257
1567700 1256
1567710 1256
1567720 1256
1567730 1255
1567740 1255
1567750 1255
1567760 1254
1567770 1253
1567780 1253
1567790 1252
1567800 1252
1567810 1252
1567820 1251
1567830 1250
1567840 1250
1567850 1251
1567860 1252
1567870 1252
1567880 1252
1567890 1252
1567900 1252
1567910 1253
1567920 1253
1567930 1253
1567940 1253
1567950 1252
1567960 1252
1567970 1252
1567980 1250
1567990 1248
1568000 1248
1568010 1247
1568020 1244
1568030 1244
1568040 1240
1568050 1236
1568060 1236
1568070 1233
1568080 1231
1568090 1231
1568100 1230
1568110 1229
1568120 1229
1568130 1228
1568140 1225
1568150 1225
1568160 1220
1568170 1217
1568180 1217
1568190 1214
1568200 1211
1568210 1211
1568220 1208
1568230 1204
1568240 1204
1568250 1200
1568260 1196
1568270 1196
1568280 1191
1568290 1186
1568300 1186
1568310 1181
1568320 1177
1568330 1172
1568340 1172
1568350 1167
1568360 1162
1568370 1162
1568380 1157
1568390 1153
1568400 1153
1568410 1149
1568420 1143
1568430 1143
1568440 1138
1568450 1133
1568460 1133
1568470 1129
1568480 1125
1568490 1125
1568500 1122
1568510 1120
1568520 1120
1568530 1118
1568540 1116
1568550 1116
1568560 1113
1568570 1113
1568580 1113
1568590 1111
1568600 1109
1568610 1109
1568620 1107
1568630 1105
1568640 1105
1568650 1102
1568660 1100
1568670 1103
1568680 1103
1568690 1105
1568700 1106
1568710 1106
1568720 1106
1568730 1108
1568740 1108
1568750 1111
1568760 1115
1568770 1115
1568780 1119
1568790 1122
1568800 1122
1568810 1125
1568820 1128
1568830 1128
1568840 1130
1568850 1132
1568860 1132
1568870 1133
1568880 1134
1568890 1134
1568900 1135
1568910 1135
1568920 1135
1568930 1137
1568940 1138
1568950 1138
1568960 1139
1568970 1140
1568980 1140
1568990 1142
1569000 1144
1569010 1144
1569020 1147
1569030 1151
1569040 1154
1569050 1154
1569060 1158
1569070 1161
1569080 1161
1569090 1164
1569100 1167
1569110 1167
1569120 1169
1569130 1172
1569140 1172
1569150 1174
1569160 1176
1569170 1176
1569180 1178
1569190 1181
1569200 1181
1569210 1183
1569220 1185
1569230 1185
1569240 1187
1569250 1190
1569260 1190
1569270 1193
1569280 1197
1569290 1197
1569300 1200
1569310 1203
1569320 1203
1569330 1206
1569340 1212
1569350 1212
1569360 1216
1569370 1220
1569380 1220
1569390 1225
1569400 1228
1569410 1233
1569420 1233
1569430 1238
1569440 1242
1569450 1242
1569460 1246
1569470 1250
1569480 1250
1569490 1255
1569500 1259
1569510 1259
1569520 1264
1569530 1269
1569540 1269
1569550 1274
1569560 1278
1569570 1278
1569580 1284
1569590 1289
1569600 1289
1569610 1295
1569620 1301
1569630 1301
1569640 1307
1569650 1313
1569660 1313
1569670 1317
1569680 1324
1569690 1325
1569700 1330
1569710 1335
1569720 1335
1569730 1341
1569740 1346
1569750 1351
1569760 1351
1569770 1355
1569780 1359
1569790 1359
1569800 1363
1569810 1367
1569820 1367
1569830 1370
1569840 1373
1569850 1373
1569860 1376
1569870 1379
1569880 1379
1569890 1382
1569900 1384
1569910 1384
1569920 1387
1569930 1389
1569940 1389
1569950 1391
1569960 1392
1569970 1392
1569980 1394
1569990 1395
1570000 1395
1570010 1396
1570020 1396
1570030 1396
1570040 1395
1570050 1394
1570060 1394
1570070 1392
1570080 1391
1570090 1391
1570100 1391
1570110 1390
1570120 1390
1570130 1390
1570140 1406
1570150 1419
1570160 1419
1570170 1424
1570180 1427
1570190 1427
1570200 1430
1570210 1431
1570220 1431
1570230 1432
1570240 1432
1570250 1432
1570260 1427
1570270 1423
1570280 1423
1570290 1417
1570300 1404
1570310 1404
1570320 1376
1570330 1361
1570340 1361
1570350 1353
1570360 1347
1570370 1347
1570380 1344
1570390 1344
1570400 1344
1570410 1345
1570420 1345
1570430 1345
1570440 1346
1570450 1346
1570460 1346
1570470 1347
1570480 1347
1570490 1347
1570500 1347
1570510 1346
1570520 1346
1570530 1346
1570540 1345
1570550 1346
1570560 1346
1570570 1352
1570580 1359
1570590 1359
1570600 1358
1570610 1355
1570620 1355
1570630 1351
1570640 1348
1570650 1348
1570660 1344
1570670 1341
1570680 1341
1570690 1338
1570700 1333
1570710 1333
1570720 1328
1570730 1321
1570740 1321
1570750 1305
1570760 1294
1570770 1294
1570780 1287
1570790 1281
1570800 1281
1570810 1277
1570820 1274
1570830 1274
1570840 1273
1570850 1273
1570860 1274
1570870 1274
1570880 1276
1570890 1278
1570900 1278
1570910 1278
1570920 1277
1570930 1277
1570940 1273
1570950 1269
1570960 1269
1570970 1266
1570980 1263
1570990 1263
1571000 1263
1571010 1265
1571020 1265
1571030 1265
1571040 1264
1571050 1264
1571060 1261
1571070 1257
1571080 1257
1571090 1252
1571100 1246
1571110 1246
1571120 1236
1571130 1225
1571140 1225
1571150 1215
1571160 1207
1571170 1207
1571180 1201
1571190 1194
1571200 1188
1571210 1188
1571220 1182
1571230 1176
1571240 1176
1571250 1170
1571260 1165
1571270 1165
1571280 1161
1571290 1157
1571300 1157
1571310 1153
1571320 1150
1571330 1150
1571340 1147
1571350 1144
1571360 1144
1571370 1141
1571380 1138
1571390 1138
1571400 1136
1571410 1134
1571420 1134
1571430 1132
1571440 1131
1571450 1131
1571460 1132
1571470 1132
1571480 1132
1571490 1134
1571500 1136
1571510 1136
1571520 1137
1571530 1139
1571540 1139
1571550 1139
1571560 1140
1571570 1141
1571580 1141
1571590 1142
1571600 1143
1571610 1143
1571620 1143
1571630 1143
1571640 1143
1571650 1143
1571660 1142
1571670 1142
1571680 1141
1571690 1140
1571700 1140
1571710 1138
1571720 1135
1571730 1135
1571740 1132
1571750 1129
1571760 1129
1571770 1125
1571780 1121
1571790 1121
1571800 1114
1571810 1114
1571820 1114
1571830 1113
1571840 1111
1571850 1111
1571860 1104
1571870 1098
1571880 1098
1571890 1093
1571900 1090
1571910 1090
1571920 1089
1571930 1087
1571940 1085
1571950 1085
1571960 1086
1571970 1086
1571980 1086
1571990 1086
1572000 1088
1572010 1088
1572020 1091
1572030 1095
1572040 1095
1572050 1100
1572060 1106
1572070 1106
1572080 1112
1572090 1115
1572100 1115
1572110 1119
1572120 1123
1572130 1123
1572140 1129
1572150 1134
1572160 1134
1572170 1137
1572180 1138
1572190 1138
1572200 1137
1572210 1133
1572220 1133
1572230 1123
1572240 1110
1572250 1110
1572260 1097
1572270 1075
1572280 1067
1572290 1067
1572300 1061
1572310 1055
1572320 1055
1572330 1051
1572340 1046
1572350 1046
1572360 1041
1572370 1035
1572380 1035
1572390 1030
1572400 1026
1572410 1026
1572420 1022
1572430 1019
1572440 1019
1572450 1014
1572460 1007
1572470 1007
1572480 1000
1572490 993
1572500 993
1572510 985
1572520 977
1572530 977
1572540 977
1572550 979
1572560 979
1572570 978
1572580 976
1572590 976
1572600 974
1572610 970
1572620 970
1572630 965
1572640 960
1572650 964
1572660 964
1572670 951
1572680 938
1572690 938
1572700 930
1572710 933
1572720 933
1572730 930
1572740 922
1572750 922
1572760 903
1572770 882
1572780 882
1572790 872
1572800 850
1572810 850
1572820 838
1572830 835
1572840 835
1572850 836
1572860 834
1572870 834
1572880 831
1572890 825
1572900 825
1572910 820
1572920 819
1572930 819
1572940 818
1572950 816
1572960 816
1572970 814
1572980 814
1572990 814
1573000 811
1573010 805
1573020 799
1573030 799
1573040 794
1573050 789
1573060 789
1573070 783
1573080 779
1573090 779
1573100 773
1573110 768
1573120 768
1573130 763
1573140 761
1573150 761
1573160 760
1573170 755
1573180 755
1573190 749
1573200 747
1573210 747
1573220 745
1573230 742
1573240 742
1573250 745
1573260 748
1573270 748
1573280 744
1573290 744
1573300 744
1573310 748
1573320 746
1573330 746
1573340 740
1573350 737
1573360 739
1573370 739
1573380 744
1573390 752
1573400 752
1573410 760
1573420 768
1573430 768
1573440 769
1573450 765
1573460 765
1573470 760
1573480 755
1573490 755
1573500 750
1573510 747
1573520 747
1573530 746
1573540 745
1573550 745
1573560 742
1573570 741
1573580 741
1573590 744
1573600 750
1573610 750
1573620 749
1573630 743
1573640 743
1573650 735
1573660 728
1573670 728
1573680 720
1573690 713
1573700 713
1573710 711
1573720 711
1573730 709
1573740 709
1573750 709
1573760 711
1573770 711
1573780 711
1573790 710
1573800 710
1573810 709
1573820 710
1573830 710
1573840 712
1573850 718
1573860 718
1573870 726
1573880 732
1573890 732
1573900 735
1573910 737
1573920 737
1573930 730
1573940 722
1573950 722
1573960 714
1573970 705
1573980 705
1573990 700
1574000 699
1574010 699
1574020 698
1574030 697
1574040 697
1574050 696
1574060 696
1574070 696
1574080 702
1574090 704
1574100 705
1574110 705
1574120 706
1574130 707
1574140 707
1574150 705
1574160 702
1574170 702
1574180 701
1574190 698
1574200 698
1574210 692
1574220 687
1574230 687
1574240 682
1574250 678
1574260 678
1574270 674
1574280 671
1574290 671
1574300 668
1574310 665
1574320 665
1574330 663
1574340 662
1574350 662
1574360 661
1574370 660
1574380 660
1574390 659
1574400 658
1574410 658
1574420 657
1574430 656
1574440 656
1574450 655
1574460 654
1574470 652
1574480 652
1574490 651
1574500 650
1574510 650
1574520 650
1574530 649
1574540 649
1574550 648
1574560 647
1574570 647
1574580 647
1574590 647
1574600 647
1574610 647
1574620 647
1574630 647
1574640 647
1574650 647
1574660 647
1574670 646
1574680 646
1574690 646
1574700 646
1574710 647
1574720 647
1574730 647
1574740 647
1574750 647
1574760 647
1574770 646
1574780 646
1574790 647
1574800 647
1574810 647
1574820 647
1574830 647
1574840 647
1574850 647
1574860 647
1574870 647
1574880 647
1574890 647
1574900 647
1574910 647
1574920 647
1574930 647
1574940 647
1574950 647
1574960 647
1574970 647
1574980 647
1574990 647
1575000 647
1575010 647
1575020 647
1575030 647
1575040 647
1575050 648
1575060 648
1575070 648
1575080 648
1575090 648
1575100 648
1575110 649
1575120 649
1575130 648
1575140 648
1575150 648
1575160 647
1575170 647
1575180 647
1575190 647
1575200 646
1575210 646
1575220 646
1575230 646
1575240 646
1575250 646
1575260 646
1575270 646
1575280 646
1575290 646
1575300 646
1575310 646
1575320 646
1575330 646
1575340 646
1575350 646
1575360 646
1575370 646
1575380 645
1575390 646
1575400 646
1575410 646
1575420 646
1575430 646
1575440 646
1575450 646
1575460 646
1575470 646
1575480 645
1575490 645
1575500 646
1575510 646
1575520 646
1575530 646
1575540 647
1575550 647
1575560 647
1575570 646
1575580 646
1575590 646
1575600 646
1575610 646
1575620 646
1575630 645
1575640 645
1575650 645
1575660 645
1575670 645
1575680 645
1575690 644
1575700 644
1575710 644
1575720 644
1575730 643
1575740 643
1575750 643
1575760 643
1575770 643
1575780 643
1575790 642
1575800 642
1575810 642
1575820 642
1575830 642
1575840 642
1575850 641
1575860 641
1575870 641
1575880 641
1575890 641
1575900 641
1575910 641
1575920 641
1575930 641
1575940 640
1575950 640
1575960 640
1575970 640
1575980 640
1575990 640
1576000 640
1576010 639
1576020 639
1576030 639
1576040 639
1576050 639
1576060 639
1576070 639
1576080 639
1576090 639
1576100 638
1576110 638
1576120 640
1576130 639
1576140 639
1576150 638
1576160 638
1576170 638
1576180 638
1576190 638
1576200 638
1576210 638
1576220 638
1576230 638
1576240 638
1576250 638
1576260 638
1576270 638
1576280 638
1576290 638
1576300 638
1576310 638
1576320 637
1576330 637
1576340 637
1576350 637
1576360 637
1576370 637
1576380 637
1576390 637
1576400 637
1576410 637
1576420 637
1576430 637
1576440 637
1576450 637
1576460 637
1576470 637
1576480 637
1576490 637
1576500 637
1576510 637
1576520 637
1576530 637
1576540 637
1576550 637
1576560 637
1576570 637
1576580 637
1576590 637
1576600 637
1576610 637
1576620 636
1576630 637
1576640 637
1576650 637
1576660 637
1576670 637
1576680 637
1576690 637
1576700 637
1576710 637
1576720 637
1576730 637
1576740 636
1576750 636
1576760 636
1576770 637
1576780 637
1576790 637
1576800 637
1576810 637
1576820 637
1576830 637
1576840 637
1576850 637
1576860 636
1576870 636
1576880 636
1576890 636
1576900 636
1576910 636
1576920 636
1576930 636
1576940 636
1576950 636
1576960 636
1576970 636
1576980 636
1576990 636
1577000 636
1577010 636
1577020 636
1577030 636
1577040 636
1577050 636
1577060 636
1577070 636
1577080 636
1577090 636
1577100 636
1577110 636
1577120 636
1577130 636
1577140 636
1577150 636
1577160 636
1577170 636
1577180 636
1577190 636
1577200 636
1577210 636
1577220 636
1577230 636
1577240 636
1577250 636
1577260 636
1577270 636
1577280 636
1577290 636
1577300 636
1577310 636
1577320 636
1577330 635
1577340 635
1577350 635
1577360 635
1577370 635
1577380 635
1577390 635
1577400 636
1577410 636
1577420 636
1577430 636
1577440 636
1577450 635
1577460 635
1577470 635
1577480 635
1577490 636
1577500 636
1577510 635
1577520 635
1577530 635
1577540 635
1577550 635
1577560 635
1577570 635
1577580 635
1577590 635
1577600 635
1577610 635
1577620 635
1577630 635
1577640 635
1577650 635
1577660 635
1577670 635
1577680 635
1577690 635
1577700 635
1577710 635
1577720 635
1577730 635
1577740 635
1577750 635
1577760 635
1577770 635
1577780 635
1577790 635
1577800 635
1577810 635
1577820 635
1577830 635
1577840 635
1577850 635
1577860 635
1577870 635
1577880 635
1577890 635
1577900 635
1577910 635
1577920 635
1577930 635
1577940 635
1577950 635
1577960 635
1577970 635
1577980 635
1577990 635
1578000 636
1578010 636
1578020 636
1578030 636
1578040 635
1578050 635
1578060 635
1578070 636
1578080 636
1578090 636
1578100 636
1578110 636
1578120 636
1578130 635
1578140 635
1578150 635
1578160 635
1578170 635
1578180 635
1578190 635
1578200 635
1578210 635
1578220 635
1578230 636
1578240 636
1578250 636
1578260 635
1578270 635
1578280 635
1578290 636
1578300 636
1578310 635
1578320 635
1578330 635
1578340 635
1578350 635
1578360 635
1578370 635
1578380 636
1578390 636
1578400 635
1578410 635
1578420 635
1578430 635
1578440 635
1578450 635
1578460 635
1578470 635
1578480 636
1578490 636
1578500 635
1578510 635
1578520 635
1578530 635
1578540 635
1578550 635
1578560 635
1578570 635
1578580 635
1578590 635
1578600 635
1578610 635
1578620 635
1578630 635
1578640 635
1578650 634
1578660 634
1578670 634
1578680 634
1578690 635
1578700 635
1578710 635
1578720 635
1578730 635
1578740 634
1578750 634
1578760 634
1578770 635
1578780 634
1578790 634
1578800 634
1578810 634
1578820 634
1578830 634
1578840 634
1578850 634
1578860 634
1578870 634
1578880 634
1578890 634
1578900 634
1578910 634
1578920 634
1578930 634
1578940 634
1578950 634
1578960 634
1578970 634
1578980 634
1578990 634
1579000 634
1579010 634
1579020 634
1579030 634
1579040 634
1579050 634
1579060 634
1579070 634
1579080 634
1579090 634
1579100 634
1579110 634
1579120 634
1579130 634
1579140 634
1579150 634
1579160 634
1579170 634
1579180 634
1579190 634
1579200 634
1579210 634
1579220 634
1579230 634
1579240 634
1579250 634
1579260 634
1579270 635
1579280 635
1579290 635
1579300 635
1579310 635
1579320 635
1579330 635
1579340 635
1579350 635
1579360 635
1579370 635
1579380 635
1579390 635
1579400 635
1579410 635
1579420 635
1579430 635
1579440 635
1579450 634
1579460 634
1579470 634
1579480 634
1579490 634
1579500 634
1579510 634
1579520 634
1579530 634
1579540 634
1579550 634
1579560 635
1579570 635
1579580 635
1579590 635
1579600 635
1579610 635
1579620 635
1579630 635
1579640 635
1579650 635
1579660 635
1579670 635
1579680 635
1579690 635
1579700 635
1579710 635
1579720 635
1579730 635
1579740 635
1579750 635
1579760 635
1579770 635
1579780 635
1579790 635
1579800 635
1579810 635
1579820 635
1579830 634
1579840 634
1579850 634
1579860 634
1579870 634
1579880 634
1579890 634
1579900 634
1579910 634
1579920 634
1579930 634
1579940 634
1579950 634
1579960 634
1579970 634
1579980 634
1579990 634
