1560000 951
1560010 950
1560020 950
1560030 949
1560040 949
1560050 949
1560060 948
1560070 947
1560080 947
1560090 946
1560100 946
1560110 946
1560120 946
1560130 945
1560140 945
1560150 945
1560160 944
1560170 944
1560180 944
1560190 944
1560200 944
1560210 944
1560220 943
1560230 942
1560240 942
1560250 940
1560260 938
1560270 938
1560280 936
1560290 934
1560300 934
1560310 933
1560320 933
1560330 933
1560340 932
1560350 931
1560360 931
1560370 930
1560380 930
1560390 930
1560400 930
1560410 930
1560420 930
1560430 930
1560440 929
1560450 929
1560460 929
1560470 928
1560480 928
1560490 928
1560500 928
1560510 926
1560520 926
1560530 925
1560540 924
1560550 924
1560560 923
1560570 922
1560580 922
1560590 921
1560600 920
1560610 920
1560620 920
1560630 920
1560640 920
1560650 922
1560660 924
1560670 924
1560680 924
1560690 924
1560700 924
1560710 925
1560720 924
1560730 924
1560740 924
1560750 924
1560760 924
1560770 924
1560780 923
1560790 923
1560800 923
1560810 922
1560820 922
1560830 921
1560840 921
1560850 921
1560860 920
1560870 920
1560880 920
1560890 920
1560900 919
1560910 919
1560920 919
1560930 919
1560940 919
1560950 919
1560960 918
1560970 918
1560980 918
1560990 917
1561000 917
1561010 917
1561020 915
1561030 911
1561040 911
1561050 904
1561060 897
1561070 897
1561080 890
1561090 883
1561100 883
1561110 876
1561120 869
1561130 869
1561140 862
1561150 861
1561160 861
1561170 861
1561180 861
1561190 861
1561200 861
1561210 861
1561220 861
1561230 862
1561240 862
1561250 862
1561260 862
1561270 861
1561280 861
1561290 861
1561300 861
1561310 862
1561320 862
1561330 865
1561340 869
1561350 869
1561360 873
1561370 877
1561380 877
1561390 881
1561400 885
1561410 885
1561420 887
1561430 887
1561440 887
1561450 889
1561460 892
1561470 892
1561480 894
1561490 895
1561500 895
1561510 895
1561520 894
1561530 894
1561540 893
1561550 892
1561560 892
1561570 892
1561580 891
1561590 891
1561600 891
1561610 891
1561620 890
1561630 890
1561640 890
1561650 891
1561660 891
1561670 892
1561680 893
1561690 893
1561700 893
1561710 894
1561720 894
1561730 897
1561740 897
1561750 897
1561760 897
1561770 898
1561780 898
1561790 899
1561800 899
1561810 899
1561820 900
1561830 903
1561840 903
1561850 906
1561860 910
1561870 910
1561880 913
1561890 917
1561900 917
1561910 923
1561920 928
1561930 928
1561940 933
1561950 938
1561960 941
1561970 941
1561980 943
1561990 945
1562000 945
1562010 948
1562020 951
1562030 951
1562040 954
1562050 958
1562060 958
1562070 962
1562080 966
1562090 966
1562100 967
1562110 965
1562120 965
1562130 965
1562140 966
1562150 966
1562160 967
1562170 969
1562180 969
1562190 972
1562200 977
1562210 977
1562220 982
1562230 986
1562240 986
1562250 990
1562260 993
1562270 993
1562280 996
1562290 1000
1562300 1000
1562310 1005
1562320 1009
1562330 1015
1562340 1015
1562350 1019
1562360 1023
1562370 1023
1562380 1028
1562390 1033
1562400 1033
1562410 1039
1562420 1044
1562430 1044
1562440 1051
1562450 1057
1562460 1057
1562470 1062
1562480 1067
1562490 1067
1562500 1071
1562510 1075
1562520 1075
1562530 1080
1562540 1084
1562550 1084
1562560 1089
1562570 1093
1562580 1093
1562590 1097
1562600 1101
1562610 1101
1562620 1104
1562630 1109
1562640 1109
1562650 1112
1562660 1115
1562670 1115
1562680 1117
1562690 1118
1562700 1120
1562710 1120
1562720 1121
1562730 1122
1562740 1122
1562750 1124
1562760 1126
1562770 1126
1562780 1127
1562790 1129
1562800 1129
1562810 1131
1562820 1133
1562830 1133
1562840 1135
1562850 1136
1562860 1136
1562870 1137
1562880 1138
1562890 1138
1562900 1138
1562910 1139
1562920 1139
1562930 1140
1562940 1142
1562950 1142
1562960 1143
1562970 1144
1562980 1144
1562990 1145
1563000 1148
1563010 1148
1563020 1150
1563030 1152
1563040 1152
1563050 1154
1563060 1158
1563070 1161
1563080 1161
1563090 1163
1563100 1164
1563110 1164
1563120 1167
1563130 1172
1563140 1172
1563150 1175
1563160 1178
1563170 1178
1563180 1180
1563190 1183
1563200 1183
1563210 1185
1563220 1189
1563230 1189
1563240 1191
1563250 1195
1563260 1195
1563270 1201
1563280 1205
1563290 1205
1563300 1208
1563310 1210
1563320 1210
1563330 1213
1563340 1216
1563350 1216
1563360 1218
1563370 1222
1563380 1222
1563390 1223
1563400 1225
1563410 1225
1563420 1228
1563430 1231
1563440 1235
1563450 1235
1563460 1239
1563470 1240
1563480 1240
1563490 1238
1563500 1238
1563510 1238
1563520 1239
1563530 1242
1563540 1242
1563550 1245
1563560 1247
1563570 1247
1563580 1248
1563590 1249
1563600 1249
1563610 1250
1563620 1250
1563630 1250
1563640 1250
1563650 1250
1563660 1250
1563670 1249
1563680 1248
1563690 1248
1563700 1248
1563710 1249
1563720 1249
1563730 1249
1563740 1250
1563750 1250
1563760 1250
1563770 1250
1563780 1250
1563790 1250
1563800 1250
1563810 1252
1563820 1252
1563830 1254
1563840 1255
1563850 1255
1563860 1256
1563870 1257
1563880 1257
1563890 1258
1563900 1259
1563910 1259
1563920 1259
1563930 1260
1563940 1260
1563950 1261
1563960 1261
1563970 1261
1563980 1262
1563990 1262
1564000 1262
1564010 1263
1564020 1263
1564030 1263
1564040 1263
1564050 1261
1564060 1261
1564070 1257
1564080 1261
1564090 1261
1564100 1262
1564110 1262
1564120 1262
1564130 1261
1564140 1262
1564150 1262
1564160 1263
1564170 1263
1564180 1263
1564190 1263
1564200 1263
1564210 1263
1564220 1263
1564230 1263
1564240 1262
1564250 1262
1564260 1263
1564270 1264
1564280 1264
1564290 1264
1564300 1263
1564310 1263
1564320 1263
1564330 1263
1564340 1263
1564350 1264
1564360 1264
1564370 1264
1564380 1264
1564390 1264
1564400 1264
1564410 1264
1564420 1264
1564430 1264
1564440 1264
1564450 1264
1564460 1264
1564470 1264
1564480 1264
1564490 1264
1564500 1264
1564510 1263
1564520 1263
1564530 1263
1564540 1263
1564550 1263
1564560 1263
1564570 1263
1564580 1262
1564590 1262
1564600 1262
1564610 1262
1564620 1262
1564630 1262
1564640 1262
1564650 1262
1564660 1262
1564670 1262
1564680 1262
1564690 1262
1564700 1262
1564710 1262
1564720 1262
1564730 1262
1564740 1262
1564750 1262
1564760 1262
1564770 1262
1564780 1261
1564790 1260
1564800 1260
1564810 1259
1564820 1259
1564830 1259
1564840 1258
1564850 1258
1564860 1258
1564870 1259
1564880 1258
1564890 1258
1564900 1258
1564910 1256
1564920 1256
1564930 1256
1564940 1258
1564950 1258
1564960 1258
1564970 1257
1564980 1263
1564990 1263
1565000 1263
1565010 1263
1565020 1263
1565030 1264
1565040 1264
1565050 1264
1565060 1265
1565070 1265
1565080 1265
1565090 1265
1565100 1266
1565110 1266
1565120 1267
1565130 1267
1565140 1267
1565150 1268
1565160 1269
1565170 1269
1565180 1269
1565190 1269
1565200 1269
1565210 1270
1565220 1270
1565230 1270
1565240 1271
1565250 1271
1565260 1271
1565270 1272
1565280 1273
1565290 1274
1565300 1274
1565310 1276
1565320 1276
1565330 1276
1565340 1275
1565350 1276
1565360 1276
1565370 1278
1565380 1279
1565390 1279
1565400 1279
1565410 1280
1565420 1280
1565430 1280
1565440 1280
1565450 1280
1565460 1280
1565470 1279
1565480 1279
1565490 1281
1565500 1282
1565510 1282
1565520 1282
1565530 1282
1565540 1282
1565550 1281
1565560 1281
1565570 1281
1565580 1281
1565590 1281
1565600 1281
1565610 1280
1565620 1280
1565630 1280
1565640 1279
1565650 1278
1565660 1278
1565670 1278
1565680 1278
1565690 1277
1565700 1277
1565710 1277
1565720 1276
1565730 1276
1565740 1275
1565750 1274
1565760 1274
1565770 1274
1565780 1273
1565790 1273
1565800 1272
1565810 1271
1565820 1271
1565830 1270
1565840 1269
1565850 1269
1565860 1266
1565870 1264
1565880 1264
1565890 1264
1565900 1263
1565910 1263
1565920 1262
1565930 1261
1565940 1261
1565950 1260
1565960 1258
1565970 1258
1565980 1255
1565990 1255
1566000 1255
1566010 1254
1566020 1252
1566030 1252
1566040 1252
1566050 1251
1566060 1250
1566070 1250
1566080 1248
1566090 1249
1566100 1249
1566110 1246
1566120 1241
1566130 1241
1566140 1233
1566150 1231
1566160 1231
1566170 1236
1566180 1240
1566190 1240
1566200 1240
1566210 1240
1566220 1240
1566230 1239
1566240 1236
1566250 1236
1566260 1238
1566270 1241
1566280 1241
1566290 1243
1566300 1243
1566310 1243
1566320 1243
1566330 1244
1566340 1244
1566350 1244
1566360 1244
1566370 1244
1566380 1244
1566390 1243
1566400 1242
1566410 1242
1566420 1243
1566430 1243
1566440 1243
1566450 1242
1566460 1240
1566470 1240
1566480 1241
1566490 1241
1566500 1241
1566510 1241
1566520 1240
1566530 1240
1566540 1239
1566550 1243
1566560 1243
1566570 1243
1566580 1241
1566590 1241
1566600 1239
1566610 1237
1566620 1237
1566630 1235
1566640 1232
1566650 1232
1566660 1231
1566670 1229
1566680 1229
1566690 1227
1566700 1225
1566710 1225
1566720 1222
1566730 1218
1566740 1217
1566750 1217
1566760 1219
1566770 1221
1566780 1221
1566790 1223
1566800 1226
1566810 1226
1566820 1228
1566830 1227
1566840 1227
1566850 1226
1566860 1225
1566870 1225
1566880 1223
1566890 1221
1566900 1221
1566910 1216
1566920 1212
1566930 1212
1566940 1212
1566950 1212
1566960 1212
1566970 1212
1566980 1210
1566990 1210
1567000 1212
1567010 1212
1567020 1212
1567030 1213
1567040 1213
1567050 1213
1567060 1213
1567070 1212
1567080 1212
1567090 1210
1567100 1207
1567110 1205
1567120 1205
1567130 1205
1567140 1204
1567150 1204
1567160 1203
1567170 1203
1567180 1203
1567190 1203
1567200 1204
1567210 1204
1567220 1205
1567230 1205
1567240 1205
1567250 1204
1567260 1204
1567270 1204
1567280 1204
1567290 1204
1567300 1204
1567310 1204
1567320 1205
1567330 1205
1567340 1206
1567350 1206
1567360 1206
1567370 1206
1567380 1205
1567390 1205
1567400 1204
1567410 1205
1567420 1205
1567430 1206
1567440 1205
1567450 1205
1567460 1204
1567470 1204
1567480 1206
1567490 1206
1567500 1209
1567510 1210
1567520 1210
1567530 1210
1567540 1210
1567550 1210
1567560 1210
1567570 1211
1567580 1211
1567590 1210
1567600 1209
1567610 1209
1567620 1207
1567630 1205
1567640 1205
1567650 1203
1567660 1199
1567670 1199
1567680 1197
1567690 1195
1567700 1195
1567710 1195
1567720 1197
1567730 1197
1567740 1198
1567750 1199
1567760 1199
1567770 1200
1567780 1199
1567790 1199
1567800 1199
1567810 1198
1567820 1198
1567830 1199
1567840 1199
1567850 1199
1567860 1199
1567870 1197
1567880 1196
1567890 1196
1567900 1196
1567910 1195
1567920 1195
1567930 1192
1567940 1191
1567950 1191
1567960 1193
1567970 1192
1567980 1192
1567990 1186
1568000 1180
1568010 1180
1568020 1178
1568030 1179
1568040 1179
1568050 1181
1568060 1181
1568070 1181
1568080 1180
1568090 1177
1568100 1179
1568110 1178
1568120 1177
1568130 1177
1568140 1174
1568150 1171
1568160 1171
1568170 1171
1568180 1171
1568190 1171
1568200 1171
1568210 1171
1568220 1171
1568230 1171
1568240 1170
1568250 1170
1568260 1170
1568270 1169
1568280 1170
1568290 1170
1568300 1171
1568310 1170
1568320 1170
1568330 1169
1568340 1170
1568350 1170
1568360 1169
1568370 1169
1568380 1169
1568390 1169
1568400 1170
1568410 1170
1568420 1171
1568430 1171
1568440 1171
1568450 1173
1568460 1173
1568470 1173
1568480 1172
1568490 1171
1568500 1171
1568510 1171
1568520 1170
1568530 1170
1568540 1169
1568550 1167
1568560 1167
1568570 1166
1568580 1165
1568590 1164
1568600 1164
1568610 1163
1568620 1161
1568630 1161
1568640 1160
1568650 1159
1568660 1159
1568670 1158
1568680 1158
1568690 1158
1568700 1157
1568710 1156
1568720 1156
1568730 1155
1568740 1155
1568750 1155
1568760 1155
1568770 1155
1568780 1155
1568790 1154
1568800 1153
1568810 1153
1568820 1153
1568830 1153
1568840 1153
1568850 1153
1568860 1152
1568870 1152
1568880 1151
1568890 1151
1568900 1151
1568910 1151
1568920 1151
1568930 1151
1568940 1150
1568950 1148
1568960 1147
1568970 1147
1568980 1147
1568990 1146
1569000 1146
1569010 1145
1569020 1144
1569030 1144
1569040 1142
1569050 1141
1569060 1141
1569070 1139
1569080 1138
1569090 1138
1569100 1135
1569110 1133
1569120 1133
1569130 1131
1569140 1129
1569150 1129
1569160 1130
1569170 1130
1569180 1130
1569190 1129
1569200 1129
1569210 1129
1569220 1129
1569230 1130
1569240 1130
1569250 1131
1569260 1132
1569270 1132
1569280 1132
1569290 1132
1569300 1132
1569310 1134
1569320 1136
1569330 1136
1569340 1136
1569350 1133
1569360 1132
1569370 1132
1569380 1133
1569390 1131
1569400 1131
1569410 1130
1569420 1127
1569430 1127
1569440 1124
1569450 1121
1569460 1121
1569470 1120
1569480 1119
1569490 1119
1569500 1117
1569510 1117
1569520 1117
1569530 1117
1569540 1116
1569550 1116
1569560 1115
1569570 1114
1569580 1114
1569590 1116
1569600 1116
1569610 1116
1569620 1119
1569630 1118
1569640 1118
1569650 1117
1569660 1117
1569670 1117
1569680 1117
1569690 1117
1569700 1118
1569710 1118
1569720 1118
1569730 1117
1569740 1117
1569750 1115
1569760 1113
1569770 1113
1569780 1111
1569790 1110
1569800 1110
1569810 1109
1569820 1107
1569830 1107
1569840 1106
1569850 1106
1569860 1106
1569870 1105
1569880 1105
1569890 1105
1569900 1104
1569910 1103
1569920 1103
1569930 1102
1569940 1102
1569950 1102
1569960 1102
1569970 1101
1569980 1101
1569990 1100
1570000 1098
1570010 1098
1570020 1095
1570030 1094
1570040 1094
1570050 1092
1570060 1091
1570070 1089
1570080 1089
1570090 1087
1570100 1085
1570110 1085
1570120 1083
1570130 1081
1570140 1081
1570150 1079
1570160 1078
1570170 1078
1570180 1078
1570190 1077
1570200 1077
1570210 1076
1570220 1075
1570230 1075
1570240 1073
1570250 1072
1570260 1072
1570270 1070
1570280 1069
1570290 1069
1570300 1067
1570310 1065
1570320 1065
1570330 1064
1570340 1063
1570350 1063
1570360 1063
1570370 1062
1570380 1062
1570390 1062
1570400 1061
1570410 1061
1570420 1059
1570430 1058
1570440 1058
1570450 1058
1570460 1057
1570470 1055
1570480 1055
1570490 1054
1570500 1052
1570510 1052
1570520 1051
1570530 1050
1570540 1050
1570550 1049
1570560 1048
1570570 1048
1570580 1048
1570590 1047
1570600 1047
1570610 1047
1570620 1045
1570630 1045
1570640 1044
1570650 1043
1570660 1043
1570670 1041
1570680 1040
1570690 1040
1570700 1039
1570710 1038
1570720 1038
1570730 1037
1570740 1036
1570750 1036
1570760 1035
1570770 1033
1570780 1033
1570790 1032
1570800 1031
1570810 1030
1570820 1030
1570830 1029
1570840 1029
1570850 1029
1570860 1028
1570870 1027
1570880 1027
1570890 1026
1570900 1026
1570910 1026
1570920 1025
1570930 1025
1570940 1025
1570950 1024
1570960 1024
1570970 1024
1570980 1023
1570990 1023
1571000 1023
1571010 1022
1571020 1022
1571030 1022
1571040 1021
1571050 1020
1571060 1020
1571070 1019
1571080 1017
1571090 1017
1571100 1016
1571110 1016
1571120 1016
1571130 1015
1571140 1014
1571150 1014
1571160 1013
1571170 1012
1571180 1013
1571190 1013
1571200 1017
1571210 1021
1571220 1021
1571230 1023
1571240 1023
1571250 1023
1571260 1024
1571270 1027
1571280 1027
1571290 1029
1571300 1032
1571310 1032
1571320 1035
1571330 1038
1571340 1038
1571350 1041
1571360 1045
1571370 1045
1571380 1049
1571390 1050
1571400 1050
1571410 1049
1571420 1046
1571430 1046
1571440 1044
1571450 1045
1571460 1045
1571470 1045
1571480 1044
1571490 1044
1571500 1043
1571510 1042
1571520 1042
1571530 1041
1571540 1042
1571550 1043
1571560 1043
1571570 1043
1571580 1041
1571590 1041
1571600 1038
1571610 1036
1571620 1036
1571630 1035
1571640 1034
1571650 1034
1571660 1033
1571670 1034
1571680 1034
1571690 1034
1571700 1033
1571710 1033
1571720 1034
1571730 1035
1571740 1035
1571750 1035
1571760 1035
1571770 1035
1571780 1033
1571790 1032
1571800 1032
1571810 1028
1571820 1025
1571830 1025
1571840 1022
1571850 1020
1571860 1020
1571870 1018
1571880 1015
1571890 1015
1571900 1014
1571910 1015
1571920 1017
1571930 1017
1571940 1019
1571950 1022
1571960 1022
1571970 1022
1571980 1021
1571990 1021
1572000 1018
1572010 1014
1572020 1014
1572030 1011
1572040 1009
1572050 1009
1572060 1008
1572070 1007
1572080 1007
1572090 1006
1572100 1004
1572110 1004
1572120 1003
1572130 1002
1572140 1002
1572150 1000
1572160 999
1572170 999
1572180 1000
1572190 996
1572200 996
1572210 989
1572220 985
1572230 985
1572240 981
1572250 978
1572260 978
1572270 974
1572280 971
1572290 968
1572300 968
1572310 965
1572320 963
1572330 963
1572340 961
1572350 959
1572360 959
1572370 957
1572380 954
1572390 954
1572400 952
1572410 949
1572420 949
1572430 943
1572440 942
1572450 942
1572460 941
1572470 942
1572480 942
1572490 942
1572500 942
1572510 942
1572520 942
1572530 943
1572540 943
1572550 944
1572560 945
1572570 945
1572580 941
1572590 941
1572600 941
1572610 941
1572620 941
1572630 941
1572640 942
1572650 943
1572660 939
1572670 939
1572680 934
1572690 931
1572700 931
1572710 928
1572720 927
1572730 927
1572740 926
1572750 927
1572760 927
1572770 929
1572780 928
1572790 928
1572800 929
1572810 928
1572820 928
1572830 927
1572840 927
1572850 927
1572860 925
1572870 926
1572880 926
1572890 926
1572900 926
1572910 926
1572920 925
1572930 925
1572940 925
1572950 924
1572960 923
1572970 923
1572980 922
1572990 922
1573000 922
1573010 923
1573020 924
1573030 925
1573040 925
1573050 925
1573060 924
1573070 924
1573080 923
1573090 922
1573100 922
1573110 922
1573120 921
1573130 921
1573140 921
1573150 921
1573160 921
1573170 922
1573180 923
1573190 923
1573200 924
1573210 924
1573220 924
1573230 921
1573240 916
1573250 916
1573260 905
1573270 881
1573280 881
1573290 874
1573300 866
1573310 866
1573320 863
1573330 862
1573340 862
1573350 862
1573360 863
1573370 865
1573380 865
1573390 867
1573400 869
1573410 869
1573420 870
1573430 871
1573440 871
1573450 870
1573460 866
1573470 866
1573480 859
1573490 853
1573500 853
1573510 849
1573520 848
1573530 848
1573540 847
1573550 847
1573560 847
1573570 847
1573580 851
1573590 851
1573600 853
1573610 855
1573620 855
1573630 853
1573640 858
1573650 858
1573660 860
1573670 858
1573680 858
1573690 855
1573700 852
1573710 852
1573720 852
1573730 852
1573740 850
1573750 850
1573760 854
1573770 859
1573780 859
1573790 859
1573800 856
1573810 856
1573820 857
1573830 857
1573840 857
1573850 857
1573860 856
1573870 856
1573880 853
1573890 848
1573900 848
1573910 846
1573920 843
1573930 843
1573940 840
1573950 839
1573960 839
1573970 838
1573980 835
1573990 835
1574000 829
1574010 826
1574020 826
1574030 819
1574040 818
1574050 818
1574060 816
1574070 814
1574080 814
1574090 813
1574100 815
1574110 815
1574120 815
1574130 813
1574140 812
1574150 812
1574160 811
1574170 811
1574180 811
1574190 810
1574200 809
1574210 809
1574220 809
1574230 810
1574240 810
1574250 810
1574260 810
1574270 810
1574280 811
1574290 810
1574300 810
1574310 810
1574320 810
1574330 810
1574340 809
1574350 809
1574360 809
1574370 808
1574380 807
1574390 807
1574400 805
1574410 804
1574420 804
1574430 802
1574440 801
1574450 801
1574460 800
1574470 799
1574480 798
1574490 798
1574500 797
1574510 797
1574520 797
1574530 796
1574540 795
1574550 795
1574560 796
1574570 798
1574580 798
1574590 800
1574600 802
1574610 802
1574620 804
1574630 805
1574640 805
1574650 804
1574660 801
1574670 801
1574680 800
1574690 800
1574700 800
1574710 801
1574720 806
1574730 806
1574740 811
1574750 815
1574760 815
1574770 819
1574780 825
1574790 825
1574800 830
1574810 834
1574820 834
1574830 840
1574840 845
1574850 850
1574860 850
1574870 855
1574880 859
1574890 859
1574900 864
1574910 867
1574920 867
1574930 870
1574940 874
1574950 874
1574960 881
1574970 887
1574980 887
1574990 894
1575000 900
1575010 900
1575020 908
1575030 916
1575040 916
1575050 922
1575060 928
1575070 928
1575080 934
1575090 940
1575100 940
1575110 946
1575120 952
1575130 952
1575140 958
1575150 963
1575160 963
1575170 968
1575180 973
1575190 973
1575200 978
1575210 983
1575220 986
1575230 986
1575240 989
1575250 993
1575260 993
1575270 999
1575280 1009
1575290 1009
1575300 1018
1575310 1031
1575320 1031
1575330 1040
1575340 1047
1575350 1047
1575360 1054
1575370 1061
1575380 1061
1575390 1065
1575400 1071
1575410 1071
1575420 1076
1575430 1078
1575440 1077
1575450 1080
1575460 1080
1575470 1080
1575480 1077
1575490 1078
1575500 1078
1575510 1080
1575520 1083
1575530 1083
1575540 1086
1575550 1088
1575560 1088
1575570 1089
1575580 1088
1575590 1086
1575600 1086
1575610 1083
1575620 1073
1575630 1073
1575640 1047
1575650 1036
1575660 1036
1575670 1030
1575680 1029
1575690 1029
1575700 1021
1575710 1014
1575720 1014
1575730 1005
1575740 1001
1575750 1001
1575760 1000
1575770 999
1575780 999
1575790 998
1575800 997
1575810 997
1575820 996
1575830 995
1575840 995
1575850 995
1575860 995
1575870 995
1575880 995
1575890 995
1575900 995
1575910 996
1575920 997
1575930 997
1575940 1000
1575950 1002
1575960 1004
1575970 1004
1575980 1007
1575990 1010
1576000 1010
1576010 1013
1576020 1015
1576030 1015
1576040 1017
1576050 1018
1576060 1018
1576070 1020
1576080 1021
1576090 1021
1576100 1022
1576110 1021
1576120 1021
1576130 1021
1576140 1022
1576150 1022
1576160 1021
1576170 1021
1576180 1021
1576190 1020
1576200 1018
1576210 1018
1576220 1016
1576230 1014
1576240 1014
1576250 1011
1576260 1008
1576270 1008
1576280 1005
1576290 1002
1576300 1002
1576310 1000
1576320 998
1576330 996
1576340 996
1576350 994
1576360 994
1576370 994
1576380 994
1576390 995
1576400 995
1576410 995
1576420 995
1576430 995
1576440 993
1576450 992
1576460 992
1576470 990
1576480 989
1576490 989
1576500 988
1576510 988
1576520 988
1576530 988
1576540 988
1576550 988
1576560 988
1576570 987
1576580 987
1576590 986
1576600 986
1576610 986
1576620 985
1576630 985
1576640 985
1576650 985
1576660 984
1576670 984
1576680 984
1576690 984
1576700 984
1576710 984
1576720 984
1576730 984
1576740 984
1576750 985
1576760 984
1576770 984
1576780 984
1576790 985
1576800 985
1576810 985
1576820 985
1576830 985
1576840 987
1576850 987
1576860 987
1576870 987
1576880 987
1576890 987
1576900 987
1576910 988
1576920 988
1576930 988
1576940 988
1576950 988
1576960 989
1576970 989
1576980 989
1576990 990
1577000 991
1577010 991
1577020 991
1577030 991
1577040 991
1577050 990
1577060 991
1577070 991
1577080 991
1577090 991
1577100 990
1577110 990
1577120 989
1577130 989
1577140 989
1577150 987
1577160 986
1577170 986
1577180 985
1577190 983
1577200 983
1577210 982
1577220 982
1577230 982
1577240 981
1577250 980
1577260 980
1577270 979
1577280 978
1577290 978
1577300 977
1577310 976
1577320 976
1577330 975
1577340 975
1577350 975
1577360 974
1577370 973
1577380 973
1577390 971
1577400 965
1577410 965
1577420 960
1577430 957
1577440 953
1577450 953
1577460 951
1577470 947
1577480 947
1577490 943
1577500 941
1577510 941
1577520 941
1577530 939
1577540 939
1577550 938
1577560 938
1577570 938
1577580 937
1577590 937
1577600 937
1577610 937
1577620 938
1577630 938
1577640 938
1577650 939
1577660 939
1577670 940
1577680 941
1577690 941
1577700 941
1577710 940
1577720 940
1577730 940
1577740 938
1577750 938
1577760 937
1577770 936
1577780 936
1577790 933
1577800 932
1577810 932
1577820 932
1577830 933
1577840 933
1577850 933
1577860 933
1577870 932
1577880 932
1577890 932
1577900 932
1577910 932
1577920 932
1577930 933
1577940 933
1577950 934
1577960 935
1577970 935
1577980 936
1577990 936
1578000 936
1578010 938
1578020 940
1578030 940
1578040 941
1578050 942
1578060 942
1578070 943
1578080 944
1578090 944
1578100 946
1578110 947
1578120 947
1578130 948
1578140 949
1578150 949
1578160 951
1578170 954
1578180 957
1578190 957
1578200 960
1578210 963
1578220 966
1578230 970
1578240 975
1578250 975
1578260 981
1578270 986
1578280 986
1578290 990
1578300 991
1578310 991
1578320 991
1578330 994
1578340 994
1578350 995
1578360 994
1578370 994
1578380 992
1578390 991
1578400 991
1578410 989
1578420 986
1578430 986
1578440 982
1578450 968
1578460 968
1578470 961
1578480 959
1578490 959
1578500 958
1578510 956
1578520 956
1578530 954
1578540 952
1578550 951
1578560 951
1578570 950
1578580 950
1578590 950
1578600 950
1578610 945
1578620 945
1578630 941
1578640 940
1578650 940
1578660 933
1578670 924
1578680 924
1578690 920
1578700 913
1578710 913
1578720 908
1578730 903
1578740 903
1578750 898
1578760 894
1578770 894
1578780 890
1578790 886
1578800 886
1578810 881
1578820 876
1578830 876
1578840 871
1578850 867
1578860 867
1578870 863
1578880 860
1578890 860
1578900 857
1578910 854
1578920 851
1578930 851
1578940 847
1578950 845
1578960 845
1578970 844
1578980 843
1578990 843
1579000 842
1579010 840
1579020 840
1579030 838
1579040 836
1579050 836
1579060 834
1579070 832
1579080 832
1579090 830
1579100 828
1579110 828
1579120 826
1579130 824
1579140 824
1579150 821
1579160 817
1579170 817
1579180 811
1579190 806
1579200 806
1579210 804
1579220 802
1579230 802
1579240 798
1579250 794
1579260 794
1579270 790
1579280 786
1579290 781
1579300 781
1579310 777
1579320 772
1579330 772
1579340 769
1579350 766
1579360 766
1579370 762
1579380 758
1579390 758
1579400 754
1579410 751
1579420 751
1579430 748
1579440 743
1579450 743
1579460 738
1579470 734
1579480 734
1579490 731
1579500 728
1579510 728
1579520 726
1579530 723
1579540 723
1579550 721
1579560 719
1579570 724
1579580 723
1579590 720
1579600 720
1579610 716
1579620 713
1579630 713
1579640 710
1579650 708
1579660 704
1579670 704
1579680 701
1579690 701
1579700 701
1579710 700
1579720 701
1579730 701
1579740 701
1579750 702
1579760 702
1579770 699
1579780 693
1579790 693
1579800 687
1579810 679
1579820 679
1579830 671
1579840 664
1579850 664
1579860 663
1579870 664
1579880 664
1579890 665
1579900 665
1579910 665
1579920 664
1579930 663
1579940 663
1579950 662
1579960 660
1579970 660
1579980 659
1579990 658
