1560000 1068
1560010 1068
1560020 1068
1560030 1067
1560040 1067
1560050 1065
1560060 1064
1560070 1064
1560080 1062
1560090 1061
1560100 1061
1560110 1057
1560120 1054
1560130 1054
1560140 1053
1560150 1053
1560160 1053
1560170 1054
1560180 1055
1560190 1055
1560200 1054
1560210 1054
1560220 1053
1560230 1053
1560240 1053
1560250 1052
1560260 1052
1560270 1051
1560280 1050
1560290 1050
1560300 1048
1560310 1046
1560320 1046
1560330 1045
1560340 1043
1560350 1043
1560360 1042
1560370 1041
1560380 1041
1560390 1041
1560400 1042
1560410 1042
1560420 1041
1560430 1040
1560440 1040
1560450 1039
1560460 1038
1560470 1038
1560480 1038
1560490 1036
1560500 1036
1560510 1036
1560520 1035
1560530 1035
1560540 1033
1560550 1032
1560560 1032
1560570 1031
1560580 1029
1560590 1027
1560600 1027
1560610 1024
1560620 1023
1560630 1023
1560640 1021
1560650 1020
1560660 1020
1560670 1018
1560680 1017
1560690 1017
1560700 1015
1560710 1014
1560720 1014
1560730 1012
1560740 1011
1560750 1011
1560760 1009
1560770 1008
1560780 1008
1560790 1008
1560800 1007
1560810 1007
1560820 1007
1560830 1006
1560840 1006
1560850 1003
1560860 1002
1560870 1002
1560880 1001
1560890 1000
1560900 1000
1560910 999
1560920 999
1560930 999
1560940 998
1560950 997
1560960 995
1560970 995
1560980 993
1560990 992
1561000 992
1561010 990
1561020 990
1561030 990
1561040 989
1561050 988
1561060 988
1561070 986
1561080 986
1561090 986
1561100 985
1561110 984
1561120 984
1561130 983
1561140 982
1561150 982
1561160 981
1561170 980
1561180 980
1561190 979
1561200 978
1561210 979
1561220 979
1561230 978
1561240 978
1561250 978
1561260 977
1561270 977
1561280 977
1561290 976
1561300 976
1561310 975
1561320 975
1561330 975
1561340 975
1561350 974
1561360 974
1561370 974
1561380 974
1561390 974
1561400 974
1561410 974
1561420 974
1561430 974
1561440 974
1561450 973
1561460 973
1561470 972
1561480 972
1561490 972
1561500 971
1561510 970
1561520 970
1561530 970
1561540 969
1561550 969
1561560 967
1561570 964
1561580 964
1561590 958
1561600 956
1561610 956
1561620 955
1561630 954
1561640 954
1561650 956
1561660 962
1561670 962
1561680 964
1561690 965
1561700 965
1561710 965
1561720 965
1561730 964
1561740 964
1561750 963
1561760 963
1561770 963
1561780 963
1561790 963
1561800 963
1561810 963
1561820 962
1561830 962
1561840 957
1561850 953
1561860 953
1561870 952
1561880 953
1561890 953
1561900 952
1561910 952
1561920 952
1561930 952
1561940 953
1561950 953
1561960 954
1561970 954
1561980 954
1561990 955
1562000 956
1562010 956
1562020 958
1562030 961
1562040 961
1562050 964
1562060 968
1562070 968
1562080 969
1562090 971
1562100 971
1562110 971
1562120 972
1562130 972
1562140 972
1562150 971
1562160 971
1562170 971
1562180 970
1562190 970
1562200 970
1562210 969
1562220 969
1562230 969
1562240 968
1562250 967
1562260 967
1562270 967
1562280 967
1562290 967
1562300 967
1562310 967
1562320 967
1562330 968
1562340 968
1562350 968
1562360 969
1562370 970
1562380 970
1562390 970
1562400 971
1562410 971
1562420 972
1562430 972
1562440 972
1562450 973
1562460 973
1562470 973
1562480 973
1562490 974
1562500 974
1562510 974
1562520 974
1562530 974
1562540 974
1562550 975
1562560 974
1562570 974
1562580 973
1562590 974
1562600 974
1562610 974
1562620 974
1562630 974
1562640 974
1562650 975
1562660 975
1562670 975
1562680 976
1562690 976
1562700 977
1562710 977
1562720 977
1562730 977
1562740 978
1562750 978
1562760 977
1562770 976
1562780 976
1562790 975
1562800 973
1562810 973
1562820 973
1562830 974
1562840 974
1562850 974
1562860 973
1562870 979
1562880 979
1562890 979
1562900 980
1562910 980
1562920 979
1562930 976
1562940 976
1562950 973
1562960 971
1562970 971
1562980 969
1562990 967
1563000 967
1563010 966
1563020 967
1563030 967
1563040 967
1563050 967
1563060 967
1563070 968
1563080 970
1563090 970
1563100 972
1563110 973
1563120 973
1563130 975
1563140 978
1563150 978
1563160 980
1563170 981
1563180 981
1563190 980
1563200 980
1563210 980
1563220 980
1563230 981
1563240 982
1563250 982
1563260 981
1563270 979
1563280 979
1563290 976
1563300 974
1563310 974
1563320 972
1563330 971
1563340 971
1563350 972
1563360 972
1563370 972
1563380 972
1563390 972
1563400 972
1563410 972
1563420 973
1563430 973
1563440 973
1563450 973
1563460 973
1563470 974
1563480 974
1563490 974
1563500 974
1563510 975
1563520 975
1563530 975
1563540 975
1563550 975
1563560 976
1563570 976
1563580 976
1563590 976
1563600 977
1563610 978
1563620 978
1563630 978
1563640 978
1563650 978
1563660 977
1563670 975
1563680 975
1563690 975
1563700 975
1563710 975
1563720 975
1563730 976
1563740 976
1563750 975
1563760 976
1563770 976
1563780 976
1563790 976
1563800 976
1563810 976
1563820 976
1563830 976
1563840 977
1563850 977
1563860 977
1563870 978
1563880 979
1563890 979
1563900 978
1563910 978
1563920 978
1563930 980
1563940 983
1563950 984
1563960 984
1563970 985
1563980 986
1563990 986
1564000 987
1564010 987
1564020 987
1564030 988
1564040 989
1564050 989
1564060 989
1564070 989
1564080 989
1564090 990
1564100 990
1564110 990
1564120 989
1564130 989
1564140 989
1564150 988
1564160 988
1564170 988
1564180 988
1564190 988
1564200 988
1564210 988
1564220 988
1564230 988
1564240 988
1564250 989
1564260 989
1564270 989
1564280 990
1564290 990
1564300 991
1564310 992
1564320 992
1564330 994
1564340 995
1564350 995
1564360 995
1564370 995
1564380 995
1564390 995
1564400 995
1564410 995
1564420 995
1564430 994
1564440 995
1564450 995
1564460 997
1564470 998
1564480 998
1564490 996
1564500 997
1564510 997
1564520 999
1564530 1001
1564540 1001
1564550 1004
1564560 1005
1564570 1005
1564580 1007
1564590 1011
1564600 1011
1564610 1014
1564620 1016
1564630 1016
1564640 1019
1564650 1021
1564660 1021
1564670 1020
1564680 1018
1564690 1018
1564700 1018
1564710 1018
1564720 1019
1564730 1019
1564740 1024
1564750 1029
1564760 1029
1564770 1034
1564780 1037
1564790 1037
1564800 1039
1564810 1038
1564820 1038
1564830 1037
1564840 1039
1564850 1039
1564860 1035
1564870 1028
1564880 1028
1564890 1024
1564900 1026
1564910 1026
1564920 1032
1564930 1037
1564940 1037
1564950 1043
1564960 1048
1564970 1048
1564980 1054
1564990 1059
1565000 1059
1565010 1061
1565020 1060
1565030 1060
1565040 1057
1565050 1059
1565060 1059
1565070 1063
1565080 1067
1565090 1068
1565100 1068
1565110 1068
1565120 1068
1565130 1068
1565140 1068
1565150 1067
1565160 1067
1565170 1069
1565180 1070
1565190 1070
1565200 1070
1565210 1072
1565220 1072
1565230 1073
1565240 1075
1565250 1075
1565260 1076
1565270 1078
1565280 1078
1565290 1080
1565300 1080
1565310 1080
1565320 1081
1565330 1082
1565340 1082
1565350 1083
1565360 1083
1565370 1083
1565380 1082
1565390 1082
1565400 1082
1565410 1083
1565420 1085
1565430 1085
1565440 1088
1565450 1089
1565460 1090
1565470 1090
1565480 1091
1565490 1092
1565500 1092
1565510 1096
1565520 1098
1565530 1098
1565540 1100
1565550 1102
1565560 1102
1565570 1104
1565580 1105
1565590 1105
1565600 1104
1565610 1104
1565620 1104
1565630 1106
1565640 1109
1565650 1109
1565660 1111
1565670 1112
1565680 1112
1565690 1113
1565700 1115
1565710 1115
1565720 1117
1565730 1118
1565740 1118
1565750 1119
1565760 1122
1565770 1122
1565780 1124
1565790 1126
1565800 1126
1565810 1127
1565820 1129
1565830 1132
1565840 1132
1565850 1133
1565860 1133
1565870 1133
1565880 1135
1565890 1135
1565900 1135
1565910 1135
1565920 1138
1565930 1138
1565940 1141
1565950 1143
1565960 1143
1565970 1144
1565980 1146
1565990 1146
1566000 1147
1566010 1150
1566020 1150
1566030 1153
1566040 1154
1566050 1154
1566060 1156
1566070 1153
1566080 1153
1566090 1154
1566100 1157
1566110 1157
1566120 1160
1566130 1162
1566140 1162
1566150 1164
1566160 1167
1566170 1167
1566180 1169
1566190 1171
1566200 1171
1566210 1173
1566220 1176
1566230 1178
1566240 1178
1566250 1179
1566260 1181
1566270 1181
1566280 1182
1566290 1183
1566300 1183
1566310 1184
1566320 1185
1566330 1185
1566340 1185
1566350 1185
1566360 1185
1566370 1185
1566380 1185
1566390 1185
1566400 1185
1566410 1186
1566420 1186
1566430 1187
1566440 1188
1566450 1188
1566460 1188
1566470 1189
1566480 1189
1566490 1190
1566500 1191
1566510 1191
1566520 1192
1566530 1192
1566540 1192
1566550 1193
1566560 1193
1566570 1193
1566580 1194
1566590 1196
1566600 1197
1566610 1197
1566620 1198
1566630 1198
1566640 1198
1566650 1199
1566660 1201
1566670 1201
1566680 1203
1566690 1204
1566700 1204
1566710 1205
1566720 1206
1566730 1206
1566740 1207
1566750 1208
1566760 1208
1566770 1208
1566780 1208
1566790 1208
1566800 1210
1566810 1212
1566820 1212
1566830 1213
1566840 1213
1566850 1213
1566860 1213
1566870 1213
1566880 1213
1566890 1215
1566900 1218
1566910 1218
1566920 1220
1566930 1221
1566940 1221
1566950 1223
1566960 1225
1566970 1227
1566980 1227
1566990 1229
1567000 1230
1567010 1230
1567020 1229
1567030 1230
1567040 1230
1567050 1232
1567060 1234
1567070 1234
1567080 1236
1567090 1239
1567100 1239
1567110 1241
1567120 1243
1567130 1243
1567140 1243
1567150 1246
1567160 1246
1567170 1250
1567180 1251
1567190 1251
1567200 1252
1567210 1254
1567220 1254
1567230 1256
1567240 1259
1567250 1259
1567260 1263
1567270 1265
1567280 1265
1567290 1266
1567300 1267
1567310 1267
1567320 1268
1567330 1271
1567340 1274
1567350 1274
1567360 1277
1567370 1279
1567380 1279
1567390 1281
1567400 1281
1567410 1281
1567420 1280
1567430 1281
1567440 1281
1567450 1282
1567460 1287
1567470 1287
1567480 1292
1567490 1296
1567500 1296
1567510 1300
1567520 1303
1567530 1303
1567540 1305
1567550 1308
1567560 1308
1567570 1307
1567580 1307
1567590 1307
1567600 1311
1567610 1314
1567620 1314
1567630 1311
1567640 1315
1567650 1315
1567660 1318
1567670 1321
1567680 1321
1567690 1324
1567700 1328
1567710 1331
1567720 1331
1567730 1334
1567740 1338
1567750 1338
1567760 1342
1567770 1346
1567780 1346
1567790 1349
1567800 1352
1567810 1352
1567820 1354
1567830 1355
1567840 1355
1567850 1356
1567860 1356
1567870 1356
1567880 1358
1567890 1360
1567900 1360
1567910 1361
1567920 1362
1567930 1362
1567940 1363
1567950 1366
1567960 1366
1567970 1368
1567980 1370
1567990 1370
1568000 1371
1568010 1373
1568020 1373
1568030 1374
1568040 1375
1568050 1375
1568060 1375
1568070 1372
1568080 1370
1568090 1370
1568100 1369
1568110 1368
1568120 1368
1568130 1369
1568140 1371
1568150 1371
1568160 1374
1568170 1377
1568180 1377
1568190 1377
1568200 1377
1568210 1377
1568220 1378
1568230 1381
1568240 1381
1568250 1383
1568260 1386
1568270 1386
1568280 1388
1568290 1387
1568300 1387
1568310 1386
1568320 1386
1568330 1386
1568340 1388
1568350 1392
1568360 1392
1568370 1397
1568380 1397
1568390 1397
1568400 1398
1568410 1396
1568420 1396
1568430 1391
1568440 1390
1568450 1390
1568460 1387
1568470 1377
1568480 1366
1568490 1366
1568500 1356
1568510 1349
1568520 1349
1568530 1346
1568540 1344
1568550 1344
1568560 1343
1568570 1343
1568580 1343
1568590 1345
1568600 1348
1568610 1348
1568620 1350
1568630 1352
1568640 1352
1568650 1355
1568660 1358
1568670 1358
1568680 1360
1568690 1363
1568700 1363
1568710 1363
1568720 1366
1568730 1366
1568740 1370
1568750 1370
1568760 1370
1568770 1371
1568780 1376
1568790 1376
1568800 1374
1568810 1375
1568820 1375
1568830 1379
1568840 1383
1568850 1387
1568860 1387
1568870 1389
1568880 1391
1568890 1391
1568900 1395
1568910 1399
1568920 1399
1568930 1403
1568940 1407
1568950 1407
1568960 1409
1568970 1413
1568980 1413
1568990 1417
1569000 1421
1569010 1421
1569020 1424
1569030 1428
1569040 1428
1569050 1431
1569060 1434
1569070 1434
1569080 1437
1569090 1443
1569100 1443
1569110 1449
1569120 1448
1569130 1448
1569140 1445
1569150 1444
1569160 1443
1569170 1442
1569180 1441
1569190 1441
1569200 1440
1569210 1439
1569220 1440
1569230 1440
1569240 1439
1569250 1439
1569260 1439
1569270 1439
1569280 1441
1569290 1441
1569300 1445
1569310 1450
1569320 1450
1569330 1452
1569340 1456
1569350 1456
1569360 1462
1569370 1467
1569380 1467
1569390 1472
1569400 1478
1569410 1478
1569420 1485
1569430 1493
1569440 1493
1569450 1505
1569460 1517
1569470 1517
1569480 1535
1569490 1548
1569500 1548
1569510 1559
1569520 1572
1569530 1572
1569540 1583
1569550 1593
1569560 1593
1569570 1601
1569580 1609
1569590 1616
1569600 1616
1569610 1626
1569620 1640
1569630 1640
1569640 1653
1569650 1661
1569660 1661
1569670 1667
1569680 1671
1569690 1671
1569700 1678
1569710 1680
1569720 1680
1569730 1680
1569740 1679
1569750 1679
1569760 1678
1569770 1676
1569780 1676
1569790 1673
1569800 1664
1569810 1664
1569820 1653
1569830 1640
1569840 1640
1569850 1633
1569860 1627
1569870 1627
1569880 1622
1569890 1617
1569900 1617
1569910 1611
1569920 1602
1569930 1602
1569940 1596
1569950 1591
1569960 1591
1569970 1587
1569980 1583
1569990 1578
1570000 1578
1570010 1573
1570020 1569
1570030 1569
1570040 1566
1570050 1563
1570060 1563
1570070 1559
1570080 1554
1570090 1554
1570100 1548
1570110 1543
1570120 1543
1570130 1538
1570140 1535
1570150 1535
1570160 1531
1570170 1526
1570180 1526
1570190 1521
1570200 1517
1570210 1517
1570220 1514
1570230 1511
1570240 1511
1570250 1508
1570260 1505
1570270 1505
1570280 1502
1570290 1499
1570300 1499
1570310 1496
1570320 1493
1570330 1493
1570340 1490
1570350 1486
1570360 1483
1570370 1483
1570380 1479
1570390 1479
1570400 1479
1570410 1478
1570420 1477
1570430 1477
1570440 1476
1570450 1475
1570460 1475
1570470 1474
1570480 1473
1570490 1473
1570500 1472
1570510 1471
1570520 1471
1570530 1469
1570540 1466
1570550 1466
1570560 1467
1570570 1465
1570580 1465
1570590 1461
1570600 1465
1570610 1465
1570620 1468
1570630 1471
1570640 1471
1570650 1472
1570660 1473
1570670 1473
1570680 1469
1570690 1465
1570700 1465
1570710 1462
1570720 1459
1570730 1456
1570740 1456
1570750 1452
1570760 1449
1570770 1449
1570780 1446
1570790 1453
1570800 1453
1570810 1458
1570820 1464
1570830 1464
1570840 1469
1570850 1476
1570860 1476
1570870 1482
1570880 1486
1570890 1486
1570900 1486
1570910 1485
1570920 1485
1570930 1485
1570940 1485
1570950 1485
1570960 1486
1570970 1486
1570980 1486
1570990 1488
1571000 1489
1571010 1489
1571020 1491
1571030 1492
1571040 1492
1571050 1488
1571060 1485
1571070 1485
1571080 1484
1571090 1484
1571100 1486
1571110 1486
1571120 1489
1571130 1493
1571140 1493
1571150 1495
1571160 1495
1571170 1495
1571180 1492
1571190 1488
1571200 1488
1571210 1485
1571220 1483
1571230 1483
1571240 1481
1571250 1479
1571260 1479
1571270 1479
1571280 1479
1571290 1479
1571300 1483
1571310 1487
1571320 1487
1571330 1491
1571340 1492
1571350 1492
1571360 1492
1571370 1492
1571380 1492
1571390 1493
1571400 1494
1571410 1494
1571420 1496
1571430 1498
1571440 1498
1571450 1499
1571460 1498
1571470 1495
1571480 1495
1571490 1492
1571500 1491
1571510 1491
1571520 1492
1571530 1494
1571540 1494
1571550 1495
1571560 1496
1571570 1496
1571580 1494
1571590 1491
1571600 1491
1571610 1492
1571620 1489
1571630 1489
1571640 1487
1571650 1483
1571660 1483
1571670 1481
1571680 1480
1571690 1480
1571700 1477
1571710 1472
1571720 1472
1571730 1466
1571740 1464
1571750 1464
1571760 1461
1571770 1458
1571780 1458
1571790 1456
1571800 1455
1571810 1455
1571820 1454
1571830 1453
1571840 1453
1571850 1452
1571860 1450
1571870 1450
1571880 1450
1571890 1449
1571900 1448
1571910 1448
1571920 1447
1571930 1446
1571940 1446
1571950 1444
1571960 1443
1571970 1443
1571980 1442
1571990 1441
1572000 1441
1572010 1440
1572020 1439
1572030 1439
1572040 1439
1572050 1437
1572060 1437
1572070 1436
1572080 1435
1572090 1435
1572100 1433
1572110 1432
1572120 1432
1572130 1431
1572140 1431
1572150 1431
1572160 1430
1572170 1430
1572180 1430
1572190 1431
1572200 1430
1572210 1430
1572220 1429
1572230 1430
1572240 1430
1572250 1430
1572260 1430
1572270 1429
1572280 1429
1572290 1428
1572300 1427
1572310 1427
1572320 1426
1572330 1425
1572340 1425
1572350 1425
1572360 1425
1572370 1425
1572380 1426
1572390 1426
1572400 1426
1572410 1427
1572420 1428
1572430 1428
1572440 1428
1572450 1428
1572460 1428
1572470 1429
1572480 1430
1572490 1430
1572500 1431
1572510 1432
1572520 1432
1572530 1431
1572540 1430
1572550 1430
1572560 1430
1572570 1431
1572580 1431
1572590 1431
1572600 1431
1572610 1431
1572620 1431
1572630 1430
1572640 1430
1572650 1430
1572660 1430
1572670 1429
1572680 1429
1572690 1428
1572700 1427
1572710 1427
1572720 1425
1572730 1423
1572740 1423
1572750 1420
1572760 1416
1572770 1416
1572780 1413
1572790 1409
1572800 1409
1572810 1405
1572820 1401
1572830 1401
1572840 1397
1572850 1395
1572860 1395
1572870 1394
1572880 1391
1572890 1391
1572900 1388
1572910 1386
1572920 1386
1572930 1383
1572940 1379
1572950 1379
1572960 1374
1572970 1369
1572980 1363
1572990 1363
1573000 1356
1573010 1349
1573020 1349
1573030 1343
1573040 1335
1573050 1335
1573060 1332
1573070 1330
1573080 1330
1573090 1330
1573100 1327
1573110 1327
1573120 1323
1573130 1319
1573140 1319
1573150 1317
1573160 1317
1573170 1317
1573180 1315
1573190 1313
1573200 1313
1573210 1310
1573220 1307
1573230 1307
1573240 1303
1573250 1299
1573260 1299
1573270 1296
1573280 1294
1573290 1294
1573300 1292
1573310 1292
1573320 1292
1573330 1288
1573340 1289
1573350 1285
1573360 1285
1573370 1282
1573380 1277
1573390 1277
1573400 1276
1573410 1276
1573420 1276
1573430 1274
1573440 1272
1573450 1272
1573460 1274
1573470 1277
1573480 1277
1573490 1282
1573500 1288
1573510 1288
1573520 1295
1573530 1303
1573540 1303
1573550 1311
1573560 1320
1573570 1320
1573580 1328
1573590 1329
1573600 1329
1573610 1336
1573620 1346
1573630 1346
1573640 1360
1573650 1372
1573660 1372
1573670 1382
1573680 1390
1573690 1390
1573700 1397
1573710 1405
1573720 1405
1573730 1414
1573740 1419
1573750 1423
1573760 1423
1573770 1426
1573780 1429
1573790 1429
1573800 1432
1573810 1435
1573820 1435
1573830 1438
1573840 1440
1573850 1440
1573860 1443
1573870 1445
1573880 1445
1573890 1446
1573900 1448
1573910 1448
1573920 1450
1573930 1452
1573940 1452
1573950 1453
1573960 1455
1573970 1455
1573980 1457
1573990 1459
1574000 1459
1574010 1462
1574020 1464
1574030 1464
1574040 1467
1574050 1470
1574060 1470
1574070 1473
1574080 1475
1574090 1475
1574100 1478
1574110 1480
1574120 1482
1574130 1482
1574140 1484
1574150 1486
1574160 1486
1574170 1488
1574180 1490
1574190 1490
1574200 1492
1574210 1494
1574220 1494
1574230 1496
1574240 1498
1574250 1498
1574260 1499
1574270 1500
1574280 1500
1574290 1501
1574300 1502
1574310 1502
1574320 1504
1574330 1504
1574340 1504
1574350 1505
1574360 1506
1574370 1506
1574380 1506
1574390 1507
1574400 1507
1574410 1509
1574420 1510
1574430 1510
1574440 1511
1574450 1513
1574460 1513
1574470 1515
1574480 1516
1574490 1518
1574500 1518
1574510 1520
1574520 1521
1574530 1521
1574540 1523
1574550 1524
1574560 1524
1574570 1525
1574580 1526
1574590 1526
1574600 1527
1574610 1527
1574620 1527
1574630 1526
1574640 1524
1574650 1524
1574660 1520
1574670 1515
1574680 1515
1574690 1509
1574700 1502
1574710 1502
1574720 1498
1574730 1501
1574740 1501
1574750 1504
1574760 1502
1574770 1502
1574780 1497
1574790 1489
1574800 1489
1574810 1480
1574820 1470
1574830 1470
1574840 1459
1574850 1448
1574860 1432
1574870 1432
1574880 1415
1574890 1412
1574900 1412
1574910 1433
1574920 1433
1574930 1433
1574940 1428
1574950 1420
1574960 1420
1574970 1421
1574980 1437
1574990 1437
1575000 1454
1575010 1466
1575020 1466
1575030 1460
1575040 1452
1575050 1452
1575060 1445
1575070 1448
1575080 1448
1575090 1448
1575100 1443
1575110 1443
1575120 1441
1575130 1438
1575140 1438
1575150 1434
1575160 1431
1575170 1431
1575180 1426
1575190 1410
1575200 1410
1575210 1394
1575220 1386
1575230 1376
1575240 1376
1575250 1365
1575260 1358
1575270 1358
1575280 1355
1575290 1351
1575300 1351
1575310 1348
1575320 1345
1575330 1345
1575340 1343
1575350 1341
1575360 1341
1575370 1340
1575380 1338
1575390 1338
1575400 1336
1575410 1334
1575420 1334
1575430 1332
1575440 1328
1575450 1328
1575460 1325
1575470 1326
1575480 1326
1575490 1327
1575500 1329
1575510 1329
1575520 1331
1575530 1332
1575540 1332
1575550 1333
1575560 1334
1575570 1334
1575580 1336
1575590 1333
1575600 1333
1575610 1329
1575620 1326
1575630 1322
1575640 1322
1575650 1318
1575660 1319
1575670 1319
1575680 1319
1575690 1317
1575700 1317
1575710 1315
1575720 1312
1575730 1312
1575740 1309
1575750 1308
1575760 1308
1575770 1307
1575780 1308
1575790 1308
1575800 1311
1575810 1315
1575820 1315
1575830 1316
1575840 1314
1575850 1314
1575860 1311
1575870 1310
1575880 1310
1575890 1310
1575900 1309
1575910 1309
1575920 1310
1575930 1310
1575940 1310
1575950 1310
1575960 1309
1575970 1309
1575980 1311
1575990 1312
1576000 1311
1576010 1311
1576020 1310
1576030 1306
1576040 1306
1576050 1303
1576060 1301
1576070 1301
1576080 1301
1576090 1303
1576100 1303
1576110 1302
1576120 1301
1576130 1301
1576140 1300
1576150 1300
1576160 1300
1576170 1300
1576180 1300
1576190 1300
1576200 1299
1576210 1299
1576220 1299
1576230 1299
1576240 1299
1576250 1299
1576260 1299
1576270 1298
1576280 1298
1576290 1298
1576300 1300
1576310 1300
1576320 1300
1576330 1300
1576340 1300
1576350 1299
1576360 1298
1576370 1298
1576380 1298
1576390 1297
1576400 1297
1576410 1297
1576420 1301
1576430 1302
1576440 1302
1576450 1304
1576460 1301
1576470 1301
1576480 1300
1576490 1300
1576500 1300
1576510 1300
1576520 1299
1576530 1299
1576540 1302
1576550 1310
1576560 1310
1576570 1314
1576580 1314
1576590 1314
1576600 1310
1576610 1302
1576620 1302
1576630 1297
1576640 1295
1576650 1295
1576660 1293
1576670 1294
1576680 1294
1576690 1296
1576700 1295
1576710 1295
1576720 1292
1576730 1291
1576740 1292
1576750 1292
1576760 1293
1576770 1292
1576780 1292
1576790 1292
1576800 1292
1576810 1292
1576820 1292
1576830 1292
1576840 1292
1576850 1292
1576860 1292
1576870 1292
1576880 1293
1576890 1293
1576900 1293
1576910 1292
1576920 1291
1576930 1291
1576940 1291
1576950 1291
1576960 1291
1576970 1291
1576980 1291
1576990 1291
1577000 1290
1577010 1289
1577020 1289
1577030 1288
1577040 1287
1577050 1287
1577060 1286
1577070 1285
1577080 1285
1577090 1282
1577100 1281
1577110 1281
1577120 1281
1577130 1281
1577140 1281
1577150 1281
1577160 1280
1577170 1280
1577180 1280
1577190 1279
1577200 1278
1577210 1278
1577220 1278
1577230 1277
1577240 1277
1577250 1276
1577260 1276
1577270 1276
1577280 1276
1577290 1276
1577300 1276
1577310 1275
1577320 1274
1577330 1274
1577340 1274
1577350 1274
1577360 1274
1577370 1274
1577380 1273
1577390 1273
1577400 1272
1577410 1271
1577420 1271
1577430 1270
1577440 1270
1577450 1270
1577460 1269
1577470 1268
1577480 1268
1577490 1267
1577500 1265
1577510 1264
1577520 1264
1577530 1263
1577540 1263
1577550 1263
1577560 1262
1577570 1261
1577580 1261
1577590 1260
1577600 1258
1577610 1258
1577620 1257
1577630 1255
1577640 1255
1577650 1255
1577660 1254
1577670 1254
1577680 1250
1577690 1241
1577700 1241
1577710 1230
1577720 1220
1577730 1220
1577740 1210
1577750 1204
1577760 1204
1577770 1200
1577780 1197
1577790 1197
1577800 1196
1577810 1192
1577820 1192
1577830 1187
1577840 1184
1577850 1184
1577860 1182
1577870 1177
1577880 1176
1577890 1176
1577900 1174
1577910 1171
1577920 1171
1577930 1169
1577940 1168
1577950 1168
1577960 1167
1577970 1168
1577980 1168
1577990 1170
1578000 1170
1578010 1170
1578020 1171
1578030 1170
1578040 1170
1578050 1174
1578060 1173
1578070 1173
1578080 1167
1578090 1162
1578100 1162
1578110 1158
1578120 1153
1578130 1153
1578140 1151
1578150 1149
1578160 1149
1578170 1145
1578180 1143
1578190 1143
1578200 1141
1578210 1139
1578220 1139
1578230 1138
1578240 1138
1578250 1138
1578260 1138
1578270 1136
1578280 1135
1578290 1135
1578300 1133
1578310 1132
1578320 1132
1578330 1130
1578340 1128
1578350 1128
1578360 1127
1578370 1125
1578380 1125
1578390 1123
1578400 1123
1578410 1123
1578420 1124
1578430 1120
1578440 1120
1578450 1118
1578460 1117
1578470 1117
1578480 1118
1578490 1119
1578500 1119
1578510 1120
1578520 1118
1578530 1118
1578540 1115
1578550 1113
1578560 1113
1578570 1110
1578580 1108
1578590 1108
1578600 1108
1578610 1111
1578620 1114
1578630 1114
1578640 1117
1578650 1119
1578660 1119
1578670 1120
1578680 1119
1578690 1119
1578700 1111
1578710 1102
1578720 1102
1578730 1094
1578740 1086
1578750 1086
1578760 1078
1578770 1070
1578780 1070
1578790 1063
1578800 1055
1578810 1055
1578820 1047
1578830 1040
1578840 1040
1578850 1034
1578860 1029
1578870 1029
1578880 1023
1578890 1017
1578900 1017
1578910 1011
1578920 1007
1578930 1007
1578940 1002
1578950 996
1578960 996
1578970 990
1578980 990
1578990 990
1579000 995
1579010 998
1579020 1002
1579030 1002
1579040 1007
1579050 1009
1579060 1009
1579070 1016
1579080 1026
1579090 1026
1579100 1031
1579110 1027
1579120 1027
1579130 1023
1579140 1024
1579150 1024
1579160 1023
1579170 1017
1579180 1017
1579190 1011
1579200 1004
1579210 1004
1579220 1000
1579230 996
1579240 996
1579250 993
1579260 991
1579270 991
1579280 990
1579290 989
1579300 989
1579310 988
1579320 986
1579330 986
1579340 985
1579350 984
1579360 984
1579370 983
1579380 982
1579390 983
1579400 983
1579410 986
1579420 987
1579430 987
1579440 984
1579450 978
1579460 978
1579470 973
1579480 969
1579490 969
1579500 966
1579510 963
1579520 963
1579530 959
1579540 957
1579550 957
1579560 952
1579570 948
1579580 948
1579590 946
1579600 944
1579610 944
1579620 940
1579630 935
1579640 935
1579650 932
1579660 930
1579670 930
1579680 928
1579690 925
1579700 925
1579710 922
1579720 920
1579730 920
1579740 917
1579750 915
1579760 912
1579770 912
1579780 908
1579790 906
1579800 906
1579810 904
1579820 902
1579830 902
1579840 899
1579850 895
1579860 895
1579870 891
1579880 889
1579890 889
1579900 885
1579910 882
1579920 882
1579930 879
1579940 876
1579950 876
1579960 873
1579970 870
1579980 870
1579990 867
