1560000 1062
1560010 1062
1560020 1061
1560030 1061
1560040 1061
1560050 1060
1560060 1058
1560070 1058
1560080 1057
1560090 1055
1560100 1055
1560110 1054
1560120 1051
1560130 1051
1560140 1047
1560150 1046
1560160 1046
1560170 1048
1560180 1048
1560190 1048
1560200 1048
1560210 1048
1560220 1047
1560230 1047
1560240 1046
1560250 1045
1560260 1045
1560270 1045
1560280 1045
1560290 1045
1560300 1043
1560310 1041
1560320 1041
1560330 1040
1560340 1039
1560350 1039
1560360 1038
1560370 1036
1560380 1036
1560390 1035
1560400 1036
1560410 1036
1560420 1035
1560430 1034
1560440 1034
1560450 1033
1560460 1032
1560470 1032
1560480 1031
1560490 1030
1560500 1030
1560510 1030
1560520 1029
1560530 1029
1560540 1028
1560550 1026
1560560 1025
1560570 1025
1560580 1024
1560590 1023
1560600 1023
1560610 1021
1560620 1019
1560630 1019
1560640 1017
1560650 1016
1560660 1016
1560670 1014
1560680 1013
1560690 1013
1560700 1011
1560710 1008
1560720 1008
1560730 1007
1560740 1004
1560750 1004
1560760 1003
1560770 1002
1560780 1002
1560790 1001
1560800 1001
1560810 1001
1560820 1000
1560830 1000
1560840 1000
1560850 998
1560860 997
1560870 997
1560880 995
1560890 995
1560900 995
1560910 994
1560920 993
1560930 993
1560940 993
1560950 992
1560960 991
1560970 991
1560980 990
1560990 988
1561000 988
1561010 987
1561020 986
1561030 986
1561040 985
1561050 985
1561060 985
1561070 983
1561080 983
1561090 983
1561100 982
1561110 981
1561120 981
1561130 980
1561140 979
1561150 979
1561160 978
1561170 977
1561180 977
1561190 976
1561200 975
1561210 975
1561220 975
1561230 974
1561240 974
1561250 974
1561260 974
1561270 974
1561280 974
1561290 973
1561300 973
1561310 973
1561320 973
1561330 973
1561340 973
1561350 973
1561360 972
1561370 972
1561380 973
1561390 973
1561400 973
1561410 972
1561420 972
1561430 972
1561440 972
1561450 971
1561460 971
1561470 971
1561480 970
1561490 970
1561500 969
1561510 969
1561520 969
1561530 969
1561540 968
1561550 968
1561560 968
1561570 966
1561580 966
1561590 961
1561600 956
1561610 956
1561620 955
1561630 953
1561640 953
1561650 952
1561660 956
1561670 956
1561680 960
1561690 962
1561700 963
1561710 963
1561720 963
1561730 963
1561740 963
1561750 963
1561760 962
1561770 962
1561780 962
1561790 962
1561800 962
1561810 961
1561820 959
1561830 959
1561840 954
1561850 951
1561860 951
1561870 951
1561880 951
1561890 951
1561900 951
1561910 951
1561920 951
1561930 952
1561940 953
1561950 953
1561960 953
1561970 954
1561980 954
1561990 954
1562000 955
1562010 955
1562020 956
1562030 959
1562040 959
1562050 963
1562060 966
1562070 967
1562080 967
1562090 967
1562100 967
1562110 967
1562120 967
1562130 967
1562140 967
1562150 967
1562160 967
1562170 967
1562180 967
1562190 966
1562200 966
1562210 966
1562220 965
1562230 965
1562240 964
1562250 964
1562260 964
1562270 963
1562280 963
1562290 963
1562300 964
1562310 965
1562320 965
1562330 966
1562340 968
1562350 968
1562360 969
1562370 970
1562380 970
1562390 969
1562400 970
1562410 970
1562420 970
1562430 971
1562440 972
1562450 972
1562460 972
1562470 972
1562480 972
1562490 973
1562500 972
1562510 972
1562520 973
1562530 973
1562540 973
1562550 973
1562560 972
1562570 972
1562580 973
1562590 973
1562600 973
1562610 973
1562620 974
1562630 974
1562640 974
1562650 975
1562660 975
1562670 977
1562680 977
1562690 977
1562700 978
1562710 978
1562720 978
1562730 977
1562740 975
1562750 975
1562760 974
1562770 973
1562780 973
1562790 973
1562800 972
1562810 969
1562820 969
1562830 968
1562840 967
1562850 967
1562860 966
1562870 965
1562880 965
1562890 965
1562900 969
1562910 969
1562920 968
1562930 967
1562940 967
1562950 966
1562960 965
1562970 965
1562980 966
1562990 966
1563000 966
1563010 966
1563020 966
1563030 966
1563040 967
1563050 967
1563060 967
1563070 968
1563080 968
1563090 968
1563100 969
1563110 970
1563120 970
1563130 970
1563140 971
1563150 971
1563160 971
1563170 971
1563180 971
1563190 971
1563200 971
1563210 971
1563220 971
1563230 972
1563240 971
1563250 971
1563260 971
1563270 971
1563280 971
1563290 970
1563300 970
1563310 970
1563320 971
1563330 971
1563340 971
1563350 971
1563360 971
1563370 971
1563380 972
1563390 972
1563400 972
1563410 972
1563420 973
1563430 973
1563440 973
1563450 973
1563460 973
1563470 974
1563480 974
1563490 974
1563500 974
1563510 974
1563520 974
1563530 974
1563540 975
1563550 975
1563560 975
1563570 975
1563580 975
1563590 975
1563600 975
1563610 976
1563620 976
1563630 976
1563640 975
1563650 975
1563660 974
1563670 974
1563680 974
1563690 975
1563700 975
1563710 975
1563720 976
1563730 976
1563740 976
1563750 977
1563760 977
1563770 977
1563780 977
1563790 977
1563800 977
1563810 978
1563820 978
1563830 978
1563840 979
1563850 979
1563860 979
1563870 980
1563880 980
1563890 980
1563900 981
1563910 983
1563920 983
1563930 985
1563940 986
1563950 986
1563960 986
1563970 987
1563980 988
1563990 988
1564000 989
1564010 990
1564020 990
1564030 991
1564040 991
1564050 991
1564060 991
1564070 992
1564080 992
1564090 992
1564100 992
1564110 992
1564120 991
1564130 992
1564140 992
1564150 992
1564160 991
1564170 991
1564180 991
1564190 990
1564200 990
1564210 990
1564220 990
1564230 990
1564240 990
1564250 990
1564260 990
1564270 992
1564280 993
1564290 993
1564300 996
1564310 999
1564320 1000
1564330 1000
1564340 999
1564350 999
1564360 999
1564370 999
1564380 999
1564390 999
1564400 1001
1564410 1004
1564420 1004
1564430 1005
1564440 1006
1564450 1006
1564460 1007
1564470 1007
1564480 1007
1564490 1009
1564500 1010
1564510 1010
1564520 1007
1564530 1010
1564540 1010
1564550 1011
1564560 1012
1564570 1012
1564580 1012
1564590 1013
1564600 1013
1564610 1018
1564620 1022
1564630 1022
1564640 1026
1564650 1029
1564660 1029
1564670 1029
1564680 1026
1564690 1023
1564700 1023
1564710 1023
1564720 1024
1564730 1024
1564740 1028
1564750 1033
1564760 1033
1564770 1037
1564780 1041
1564790 1041
1564800 1044
1564810 1048
1564820 1048
1564830 1050
1564840 1049
1564850 1049
1564860 1043
1564870 1037
1564880 1037
1564890 1033
1564900 1031
1564910 1031
1564920 1035
1564930 1043
1564940 1043
1564950 1048
1564960 1053
1564970 1053
1564980 1059
1564990 1064
1565000 1064
1565010 1066
1565020 1067
1565030 1067
1565040 1065
1565050 1066
1565060 1066
1565070 1066
1565080 1069
1565090 1072
1565100 1072
1565110 1073
1565120 1073
1565130 1073
1565140 1074
1565150 1075
1565160 1075
1565170 1075
1565180 1076
1565190 1076
1565200 1078
1565210 1079
1565220 1079
1565230 1080
1565240 1081
1565250 1081
1565260 1082
1565270 1082
1565280 1082
1565290 1084
1565300 1085
1565310 1085
1565320 1086
1565330 1087
1565340 1087
1565350 1089
1565360 1089
1565370 1089
1565380 1089
1565390 1090
1565400 1090
1565410 1090
1565420 1090
1565430 1093
1565440 1093
1565450 1095
1565460 1097
1565470 1097
1565480 1098
1565490 1098
1565500 1098
1565510 1101
1565520 1104
1565530 1104
1565540 1106
1565550 1108
1565560 1108
1565570 1111
1565580 1113
1565590 1113
1565600 1114
1565610 1113
1565620 1113
1565630 1112
1565640 1116
1565650 1116
1565660 1117
1565670 1119
1565680 1119
1565690 1120
1565700 1122
1565710 1122
1565720 1124
1565730 1125
1565740 1125
1565750 1127
1565760 1129
1565770 1129
1565780 1132
1565790 1134
1565800 1134
1565810 1136
1565820 1136
1565830 1138
1565840 1138
1565850 1141
1565860 1142
1565870 1142
1565880 1143
1565890 1145
1565900 1145
1565910 1145
1565920 1147
1565930 1147
1565940 1148
1565950 1151
1565960 1151
1565970 1154
1565980 1156
1565990 1156
1566000 1157
1566010 1160
1566020 1160
1566030 1162
1566040 1164
1566050 1164
1566060 1165
1566070 1166
1566080 1166
1566090 1167
1566100 1165
1566110 1165
1566120 1168
1566130 1170
1566140 1170
1566150 1172
1566160 1175
1566170 1175
1566180 1177
1566190 1180
1566200 1181
1566210 1181
1566220 1182
1566230 1185
1566240 1185
1566250 1187
1566260 1189
1566270 1189
1566280 1190
1566290 1191
1566300 1191
1566310 1192
1566320 1193
1566330 1193
1566340 1194
1566350 1194
1566360 1194
1566370 1194
1566380 1194
1566390 1194
1566400 1195
1566410 1195
1566420 1195
1566430 1196
1566440 1197
1566450 1197
1566460 1198
1566470 1199
1566480 1199
1566490 1200
1566500 1201
1566510 1201
1566520 1202
1566530 1202
1566540 1202
1566550 1203
1566560 1204
1566570 1205
1566580 1205
1566590 1206
1566600 1207
1566610 1207
1566620 1209
1566630 1210
1566640 1210
1566650 1209
1566660 1210
1566670 1210
1566680 1212
1566690 1214
1566700 1214
1566710 1215
1566720 1217
1566730 1217
1566740 1218
1566750 1218
1566760 1218
1566770 1218
1566780 1218
1566790 1218
1566800 1218
1566810 1220
1566820 1220
1566830 1222
1566840 1223
1566850 1223
1566860 1222
1566870 1224
1566880 1224
1566890 1225
1566900 1227
1566910 1227
1566920 1229
1566930 1231
1566940 1233
1566950 1233
1566960 1234
1566970 1236
1566980 1236
1566990 1238
1567000 1240
1567010 1240
1567020 1241
1567030 1242
1567040 1242
1567050 1242
1567060 1244
1567070 1244
1567080 1247
1567090 1250
1567100 1250
1567110 1252
1567120 1254
1567130 1254
1567140 1255
1567150 1255
1567160 1255
1567170 1259
1567180 1262
1567190 1262
1567200 1264
1567210 1265
1567220 1265
1567230 1267
1567240 1270
1567250 1270
1567260 1273
1567270 1276
1567280 1276
1567290 1277
1567300 1279
1567310 1280
1567320 1280
1567330 1282
1567340 1285
1567350 1285
1567360 1288
1567370 1291
1567380 1291
1567390 1294
1567400 1295
1567410 1295
1567420 1295
1567430 1295
1567440 1295
1567450 1294
1567460 1295
1567470 1295
1567480 1300
1567490 1306
1567500 1306
1567510 1311
1567520 1314
1567530 1314
1567540 1317
1567550 1320
1567560 1320
1567570 1320
1567580 1321
1567590 1321
1567600 1324
1567610 1327
1567620 1327
1567630 1329
1567640 1333
1567650 1333
1567660 1331
1567670 1333
1567680 1333
1567690 1336
1567700 1339
1567710 1342
1567720 1342
1567730 1346
1567740 1349
1567750 1349
1567760 1353
1567770 1358
1567780 1358
1567790 1360
1567800 1363
1567810 1363
1567820 1366
1567830 1367
1567840 1367
1567850 1369
1567860 1369
1567870 1369
1567880 1370
1567890 1371
1567900 1371
1567910 1373
1567920 1375
1567930 1375
1567940 1375
1567950 1378
1567960 1378
1567970 1380
1567980 1382
1567990 1382
1568000 1384
1568010 1385
1568020 1385
1568030 1387
1568040 1388
1568050 1388
1568060 1389
1568070 1391
1568080 1392
1568090 1392
1568100 1395
1568110 1391
1568120 1391
1568130 1387
1568140 1387
1568150 1387
1568160 1389
1568170 1391
1568180 1391
1568190 1392
1568200 1394
1568210 1394
1568220 1399
1568230 1396
1568240 1396
1568250 1397
1568260 1399
1568270 1399
1568280 1402
1568290 1403
1568300 1403
1568310 1403
1568320 1411
1568330 1411
1568340 1417
1568350 1421
1568360 1421
1568370 1423
1568380 1422
1568390 1422
1568400 1422
1568410 1419
1568420 1419
1568430 1416
1568440 1418
1568450 1413
1568460 1413
1568470 1406
1568480 1395
1568490 1395
1568500 1386
1568510 1370
1568520 1370
1568530 1362
1568540 1359
1568550 1359
1568560 1356
1568570 1355
1568580 1355
1568590 1355
1568600 1356
1568610 1356
1568620 1358
1568630 1360
1568640 1360
1568650 1363
1568660 1368
1568670 1368
1568680 1370
1568690 1373
1568700 1373
1568710 1372
1568720 1373
1568730 1373
1568740 1377
1568750 1378
1568760 1378
1568770 1380
1568780 1383
1568790 1383
1568800 1384
1568810 1386
1568820 1390
1568830 1390
1568840 1393
1568850 1396
1568860 1396
1568870 1400
1568880 1404
1568890 1404
1568900 1408
1568910 1411
1568920 1411
1568930 1413
1568940 1416
1568950 1416
1568960 1418
1568970 1423
1568980 1423
1568990 1427
1569000 1430
1569010 1430
1569020 1433
1569030 1434
1569040 1434
1569050 1437
1569060 1440
1569070 1440
1569080 1442
1569090 1446
1569100 1446
1569110 1450
1569120 1449
1569130 1449
1569140 1448
1569150 1445
1569160 1445
1569170 1444
1569180 1443
1569190 1442
1569200 1442
1569210 1442
1569220 1442
1569230 1442
1569240 1442
1569250 1445
1569260 1445
1569270 1449
1569280 1453
1569290 1453
1569300 1455
1569310 1458
1569320 1458
1569330 1461
1569340 1465
1569350 1465
1569360 1470
1569370 1476
1569380 1476
1569390 1482
1569400 1492
1569410 1492
1569420 1502
1569430 1506
1569440 1506
1569450 1520
1569460 1535
1569470 1535
1569480 1549
1569490 1564
1569500 1564
1569510 1574
1569520 1583
1569530 1583
1569540 1594
1569550 1603
1569560 1603
1569570 1609
1569580 1615
1569590 1622
1569600 1622
1569610 1630
1569620 1644
1569630 1644
1569640 1654
1569650 1659
1569660 1659
1569670 1664
1569680 1667
1569690 1667
1569700 1669
1569710 1670
1569720 1670
1569730 1670
1569740 1669
1569750 1669
1569760 1667
1569770 1661
1569780 1661
1569790 1656
1569800 1645
1569810 1645
1569820 1637
1569830 1630
1569840 1630
1569850 1622
1569860 1616
1569870 1616
1569880 1610
1569890 1606
1569900 1606
1569910 1598
1569920 1593
1569930 1593
1569940 1589
1569950 1584
1569960 1579
1569970 1579
1569980 1574
1569990 1569
1570000 1569
1570010 1565
1570020 1561
1570030 1561
1570040 1559
1570050 1557
1570060 1557
1570070 1551
1570080 1545
1570090 1545
1570100 1539
1570110 1535
1570120 1535
1570130 1530
1570140 1526
1570150 1526
1570160 1522
1570170 1519
1570180 1519
1570190 1516
1570200 1512
1570210 1512
1570220 1509
1570230 1506
1570240 1506
1570250 1502
1570260 1500
1570270 1500
1570280 1497
1570290 1494
1570300 1494
1570310 1490
1570320 1487
1570330 1485
1570340 1485
1570350 1482
1570360 1479
1570370 1479
1570380 1476
1570390 1473
1570400 1473
1570410 1471
1570420 1471
1570430 1471
1570440 1470
1570450 1469
1570460 1469
1570470 1468
1570480 1467
1570490 1467
1570500 1466
1570510 1465
1570520 1465
1570530 1464
1570540 1461
1570550 1461
1570560 1460
1570570 1456
1570580 1456
1570590 1455
1570600 1460
1570610 1460
1570620 1462
1570630 1464
1570640 1464
1570650 1463
1570660 1459
1570670 1459
1570680 1455
1570690 1456
1570700 1452
1570710 1452
1570720 1449
1570730 1446
1570740 1446
1570750 1443
1570760 1440
1570770 1440
1570780 1443
1570790 1448
1570800 1448
1570810 1453
1570820 1459
1570830 1459
1570840 1465
1570850 1471
1570860 1471
1570870 1474
1570880 1476
1570890 1476
1570900 1477
1570910 1476
1570920 1476
1570930 1476
1570940 1476
1570950 1476
1570960 1477
1570970 1479
1570980 1479
1570990 1481
1571000 1484
1571010 1484
1571020 1487
1571030 1486
1571040 1486
1571050 1485
1571060 1483
1571070 1484
1571080 1484
1571090 1485
1571100 1488
1571110 1488
1571120 1491
1571130 1494
1571140 1494
1571150 1498
1571160 1498
1571170 1498
1571180 1497
1571190 1496
1571200 1496
1571210 1492
1571220 1486
1571230 1486
1571240 1483
1571250 1481
1571260 1481
1571270 1481
1571280 1480
1571290 1480
1571300 1479
1571310 1482
1571320 1482
1571330 1487
1571340 1489
1571350 1489
1571360 1489
1571370 1488
1571380 1488
1571390 1488
1571400 1488
1571410 1488
1571420 1490
1571430 1493
1571440 1493
1571450 1496
1571460 1495
1571470 1492
1571480 1492
1571490 1490
1571500 1490
1571510 1490
1571520 1491
1571530 1493
1571540 1493
1571550 1493
1571560 1492
1571570 1492
1571580 1489
1571590 1489
1571600 1489
1571610 1489
1571620 1486
1571630 1486
1571640 1482
1571650 1481
1571660 1481
1571670 1479
1571680 1476
1571690 1476
1571700 1472
1571710 1468
1571720 1468
1571730 1465
1571740 1461
1571750 1461
1571760 1458
1571770 1457
1571780 1457
1571790 1456
1571800 1455
1571810 1455
1571820 1454
1571830 1453
1571840 1451
1571850 1451
1571860 1449
1571870 1447
1571880 1447
1571890 1446
1571900 1446
1571910 1446
1571920 1444
1571930 1442
1571940 1442
1571950 1441
1571960 1440
1571970 1440
1571980 1439
1571990 1438
1572000 1438
1572010 1437
1572020 1436
1572030 1436
1572040 1436
1572050 1435
1572060 1435
1572070 1433
1572080 1432
1572090 1432
1572100 1431
1572110 1429
1572120 1429
1572130 1427
1572140 1427
1572150 1427
1572160 1427
1572170 1426
1572180 1426
1572190 1426
1572200 1427
1572210 1427
1572220 1427
1572230 1425
1572240 1425
1572250 1425
1572260 1424
1572270 1423
1572280 1423
1572290 1422
1572300 1420
1572310 1420
1572320 1420
1572330 1418
1572340 1418
1572350 1420
1572360 1419
1572370 1419
1572380 1419
1572390 1419
1572400 1419
1572410 1420
1572420 1420
1572430 1420
1572440 1421
1572450 1422
1572460 1422
1572470 1423
1572480 1424
1572490 1424
1572500 1425
1572510 1425
1572520 1425
1572530 1425
1572540 1426
1572550 1426
1572560 1426
1572570 1426
1572580 1426
1572590 1426
1572600 1426
1572610 1426
1572620 1426
1572630 1426
1572640 1426
1572650 1426
1572660 1425
1572670 1424
1572680 1424
1572690 1423
1572700 1422
1572710 1422
1572720 1420
1572730 1417
1572740 1417
1572750 1413
1572760 1410
1572770 1410
1572780 1406
1572790 1401
1572800 1401
1572810 1396
1572820 1393
1572830 1393
1572840 1389
1572850 1385
1572860 1385
1572870 1383
1572880 1382
1572890 1382
1572900 1380
1572910 1378
1572920 1378
1572930 1376
1572940 1371
1572950 1365
1572960 1365
1572970 1360
1572980 1355
1572990 1355
1573000 1349
1573010 1343
1573020 1343
1573030 1337
1573040 1330
1573050 1330
1573060 1323
1573070 1316
1573080 1316
1573090 1316
1573100 1315
1573110 1315
1573120 1312
1573130 1307
1573140 1307
1573150 1303
1573160 1302
1573170 1302
1573180 1301
1573190 1299
1573200 1299
1573210 1293
1573220 1290
1573230 1290
1573240 1288
1573250 1284
1573260 1284
1573270 1283
1573280 1283
1573290 1283
1573300 1284
1573310 1285
1573320 1285
1573330 1279
1573340 1273
1573350 1271
1573360 1271
1573370 1269
1573380 1267
1573390 1267
1573400 1265
1573410 1264
1573420 1264
1573430 1266
1573440 1270
1573450 1270
1573460 1276
1573470 1282
1573480 1282
1573490 1289
1573500 1294
1573510 1294
1573520 1301
1573530 1308
1573540 1308
1573550 1315
1573560 1323
1573570 1323
1573580 1331
1573590 1340
1573600 1340
1573610 1350
1573620 1354
1573630 1354
1573640 1365
1573650 1380
1573660 1380
1573670 1391
1573680 1402
1573690 1402
1573700 1410
1573710 1415
1573720 1417
1573730 1417
1573740 1420
1573750 1423
1573760 1423
1573770 1426
1573780 1430
1573790 1430
1573800 1433
1573810 1436
1573820 1436
1573830 1438
1573840 1441
1573850 1441
1573860 1443
1573870 1445
1573880 1445
1573890 1447
1573900 1450
1573910 1450
1573920 1451
1573930 1452
1573940 1452
1573950 1455
1573960 1458
1573970 1458
1573980 1461
1573990 1463
1574000 1463
1574010 1466
1574020 1470
1574030 1470
1574040 1473
1574050 1476
1574060 1476
1574070 1479
1574080 1481
1574090 1484
1574100 1484
1574110 1487
1574120 1490
1574130 1490
1574140 1491
1574150 1493
1574160 1493
1574170 1495
1574180 1497
1574190 1497
1574200 1500
1574210 1502
1574220 1502
1574230 1503
1574240 1504
1574250 1504
1574260 1506
1574270 1507
1574280 1507
1574290 1508
1574300 1510
1574310 1510
1574320 1511
1574330 1512
1574340 1512
1574350 1513
1574360 1514
1574370 1514
1574380 1514
1574390 1514
1574400 1514
1574410 1514
1574420 1515
1574430 1515
1574440 1516
1574450 1518
1574460 1518
1574470 1518
1574480 1519
1574490 1521
1574500 1521
1574510 1525
1574520 1526
1574530 1526
1574540 1526
1574550 1524
1574560 1524
1574570 1522
1574580 1518
1574590 1518
1574600 1519
1574610 1519
1574620 1519
1574630 1516
1574640 1508
1574650 1508
1574660 1500
1574670 1491
1574680 1491
1574690 1482
1574700 1471
1574710 1471
1574720 1465
1574730 1467
1574740 1467
1574750 1471
1574760 1470
1574770 1470
1574780 1466
1574790 1463
1574800 1463
1574810 1456
1574820 1448
1574830 1439
1574840 1439
1574850 1429
1574860 1417
1574870 1417
1574880 1405
1574890 1391
1574900 1391
1574910 1398
1574920 1400
1574930 1400
1574940 1399
1574950 1392
1574960 1392
1574970 1383
1574980 1394
1574990 1394
1575000 1405
1575010 1400
1575020 1400
1575030 1389
1575040 1412
1575050 1412
1575060 1399
1575070 1390
1575080 1390
1575090 1391
1575100 1408
1575110 1408
1575120 1411
1575130 1409
1575140 1409
1575150 1404
1575160 1403
1575170 1403
1575180 1394
1575190 1385
1575200 1385
1575210 1377
1575220 1368
1575230 1352
1575240 1352
1575250 1341
1575260 1340
1575270 1340
1575280 1339
1575290 1337
1575300 1337
1575310 1335
1575320 1333
1575330 1333
1575340 1331
1575350 1329
1575360 1329
1575370 1328
1575380 1328
1575390 1328
1575400 1328
1575410 1325
1575420 1325
1575430 1321
1575440 1318
1575450 1318
1575460 1317
1575470 1318
1575480 1318
1575490 1318
1575500 1319
1575510 1319
1575520 1321
1575530 1321
1575540 1321
1575550 1322
1575560 1326
1575570 1326
1575580 1326
1575590 1325
1575600 1324
1575610 1324
1575620 1321
1575630 1315
1575640 1315
1575650 1312
1575660 1310
1575670 1310
1575680 1308
1575690 1309
1575700 1309
1575710 1308
1575720 1303
1575730 1303
1575740 1298
1575750 1298
1575760 1298
1575770 1299
1575780 1298
1575790 1298
1575800 1299
1575810 1301
1575820 1301
1575830 1303
1575840 1303
1575850 1303
1575860 1303
1575870 1303
1575880 1303
1575890 1304
1575900 1304
1575910 1304
1575920 1304
1575930 1304
1575940 1304
1575950 1301
1575960 1300
1575970 1299
1575980 1299
1575990 1298
1576000 1297
1576010 1297
1576020 1294
1576030 1292
1576040 1292
1576050 1292
1576060 1292
1576070 1292
1576080 1292
1576090 1291
1576100 1291
1576110 1291
1576120 1291
1576130 1291
1576140 1294
1576150 1294
1576160 1294
1576170 1293
1576180 1293
1576190 1293
1576200 1293
1576210 1292
1576220 1292
1576230 1292
1576240 1292
1576250 1292
1576260 1294
1576270 1294
1576280 1294
1576290 1294
1576300 1294
1576310 1294
1576320 1293
1576330 1292
1576340 1291
1576350 1291
1576360 1291
1576370 1290
1576380 1290
1576390 1290
1576400 1290
1576410 1290
1576420 1288
1576430 1286
1576440 1286
1576450 1290
1576460 1289
1576470 1289
1576480 1290
1576490 1289
1576500 1289
1576510 1289
1576520 1290
1576530 1290
1576540 1288
1576550 1288
1576560 1288
1576570 1289
1576580 1292
1576590 1292
1576600 1292
1576610 1291
1576620 1291
1576630 1289
1576640 1288
1576650 1288
1576660 1288
1576670 1285
1576680 1285
1576690 1287
1576700 1284
1576710 1282
1576720 1282
1576730 1282
1576740 1283
1576750 1283
1576760 1283
1576770 1284
1576780 1284
1576790 1284
1576800 1284
1576810 1284
1576820 1284
1576830 1283
1576840 1283
1576850 1284
1576860 1284
1576870 1284
1576880 1284
1576890 1284
1576900 1284
1576910 1285
1576920 1285
1576930 1285
1576940 1285
1576950 1285
1576960 1285
1576970 1284
1576980 1282
1576990 1282
1577000 1281
1577010 1281
1577020 1281
1577030 1280
1577040 1279
1577050 1279
1577060 1278
1577070 1277
1577080 1277
1577090 1275
1577100 1274
1577110 1274
1577120 1274
1577130 1274
1577140 1274
1577150 1274
1577160 1273
1577170 1273
1577180 1273
1577190 1273
1577200 1273
1577210 1273
1577220 1272
1577230 1272
1577240 1272
1577250 1271
1577260 1271
1577270 1271
1577280 1270
1577290 1270
1577300 1270
1577310 1269
1577320 1269
1577330 1269
1577340 1268
1577350 1267
1577360 1267
1577370 1267
1577380 1266
1577390 1266
1577400 1265
1577410 1265
1577420 1265
1577430 1264
1577440 1263
1577450 1263
1577460 1263
1577470 1262
1577480 1262
1577490 1262
1577500 1260
1577510 1260
1577520 1260
1577530 1259
1577540 1258
1577550 1258
1577560 1257
1577570 1257
1577580 1257
1577590 1255
1577600 1254
1577610 1254
1577620 1253
1577630 1251
1577640 1251
1577650 1250
1577660 1249
1577670 1249
1577680 1247
1577690 1241
1577700 1241
1577710 1232
1577720 1223
1577730 1223
1577740 1215
1577750 1209
1577760 1209
1577770 1204
1577780 1199
1577790 1199
1577800 1196
1577810 1193
1577820 1193
1577830 1188
1577840 1186
1577850 1186
1577860 1186
1577870 1183
1577880 1179
1577890 1179
1577900 1175
1577910 1174
1577920 1174
1577930 1172
1577940 1171
1577950 1171
1577960 1171
1577970 1173
1577980 1173
1577990 1174
1578000 1177
1578010 1177
1578020 1181
1578030 1179
1578040 1179
1578050 1175
1578060 1171
1578070 1171
1578080 1167
1578090 1163
1578100 1163
1578110 1160
1578120 1156
1578130 1156
1578140 1154
1578150 1150
1578160 1150
1578170 1149
1578180 1153
1578190 1153
1578200 1151
1578210 1149
1578220 1152
1578230 1152
1578240 1153
1578250 1151
1578260 1151
1578270 1147
1578280 1144
1578290 1144
1578300 1141
1578310 1139
1578320 1139
1578330 1139
1578340 1138
1578350 1138
1578360 1139
1578370 1139
1578380 1139
1578390 1136
1578400 1136
1578410 1136
1578420 1135
1578430 1132
1578440 1132
1578450 1130
1578460 1131
1578470 1131
1578480 1132
1578490 1132
1578500 1132
1578510 1133
1578520 1128
1578530 1128
1578540 1125
1578550 1123
1578560 1123
1578570 1121
1578580 1120
1578590 1119
1578600 1119
1578610 1121
1578620 1122
1578630 1122
1578640 1125
1578650 1125
1578660 1125
1578670 1120
1578680 1113
1578690 1113
1578700 1105
1578710 1096
1578720 1096
1578730 1088
1578740 1082
1578750 1082
1578760 1075
1578770 1067
1578780 1067
1578790 1060
1578800 1053
1578810 1053
1578820 1047
1578830 1040
1578840 1040
1578850 1033
1578860 1027
1578870 1027
1578880 1021
1578890 1017
1578900 1017
1578910 1014
1578920 1009
1578930 1009
1578940 1007
1578950 1003
1578960 1003
1578970 997
1578980 993
1578990 997
1579000 997
1579010 1003
1579020 1008
1579030 1008
1579040 1011
1579050 1018
1579060 1018
1579070 1025
1579080 1033
1579090 1033
1579100 1039
1579110 1037
1579120 1037
1579130 1034
1579140 1032
1579150 1032
1579160 1026
1579170 1019
1579180 1019
1579190 1013
1579200 1009
1579210 1009
1579220 1007
1579230 1006
1579240 1006
1579250 1004
1579260 1001
1579270 1001
1579280 999
1579290 995
1579300 995
1579310 993
1579320 992
1579330 992
1579340 990
1579350 988
1579360 987
1579370 987
1579380 989
1579390 989
1579400 989
1579410 986
1579420 982
1579430 982
1579440 977
1579450 972
1579460 972
1579470 969
1579480 967
1579490 967
1579500 963
1579510 958
1579520 958
1579530 955
1579540 951
1579550 951
1579560 948
1579570 944
1579580 944
1579590 942
1579600 940
1579610 940
1579620 937
1579630 934
1579640 934
1579650 931
1579660 928
1579670 928
1579680 926
1579690 924
1579700 924
1579710 922
1579720 919
1579730 918
1579740 918
1579750 916
1579760 913
1579770 913
1579780 910
1579790 908
1579800 908
1579810 906
1579820 904
1579830 904
1579840 901
1579850 898
1579860 898
1579870 893
1579880 891
1579890 891
1579900 888
1579910 885
1579920 885
1579930 879
1579940 874
1579950 874
1579960 870
1579970 867
1579980 867
1579990 864
