1560000 1292
1560010 1293
1560020 1291
1560030 1291
1560040 1293
1560050 1297
1560060 1297
1560070 1298
1560080 1296
1560090 1296
1560100 1298
1560110 1306
1560120 1306
1560130 1312
1560140 1310
1560150 1310
1560160 1300
1560170 1295
1560180 1295
1560190 1295
1560200 1297
1560210 1297
1560220 1297
1560230 1287
1560240 1273
1560250 1273
1560260 1266
1560270 1263
1560280 1263
1560290 1263
1560300 1267
1560310 1267
1560320 1269
1560330 1268
1560340 1268
1560350 1262
1560360 1255
1560370 1255
1560380 1248
1560390 1245
1560400 1245
1560410 1242
1560420 1243
1560430 1243
1560440 1249
1560450 1256
1560460 1256
1560470 1260
1560480 1261
1560490 1261
1560500 1260
1560510 1262
1560520 1262
1560530 1267
1560540 1270
1560550 1270
1560560 1269
1560570 1268
1560580 1263
1560590 1263
1560600 1255
1560610 1246
1560620 1246
1560630 1242
1560640 1242
1560650 1242
1560660 1243
1560670 1243
1560680 1243
1560690 1241
1560700 1237
1560710 1237
1560720 1225
1560730 1212
1560740 1212
1560750 1204
1560760 1206
1560770 1206
1560780 1210
1560790 1211
1560800 1211
1560810 1209
1560820 1205
1560830 1205
1560840 1196
1560850 1185
1560860 1185
1560870 1179
1560880 1170
1560890 1170
1560900 1162
1560910 1155
1560920 1155
1560930 1149
1560940 1144
1560950 1138
1560960 1138
1560970 1134
1560980 1129
1560990 1129
1561000 1124
1561010 1120
1561020 1120
1561030 1115
1561040 1109
1561050 1109
1561060 1105
1561070 1103
1561080 1103
1561090 1100
1561100 1098
1561110 1098
1561120 1095
1561130 1093
1561140 1093
1561150 1097
1561160 1095
1561170 1095
1561180 1093
1561190 1091
1561200 1091
1561210 1089
1561220 1087
1561230 1087
1561240 1085
1561250 1082
1561260 1082
1561270 1079
1561280 1075
1561290 1075
1561300 1072
1561310 1070
1561320 1067
1561330 1067
1561340 1064
1561350 1061
1561360 1061
1561370 1057
1561380 1054
1561390 1054
1561400 1052
1561410 1048
1561420 1048
1561430 1046
1561440 1042
1561450 1042
1561460 1039
1561470 1035
1561480 1035
1561490 1031
1561500 1027
1561510 1027
1561520 1022
1561530 1017
1561540 1017
1561550 1014
1561560 1013
1561570 1013
1561580 1011
1561590 1011
1561600 1011
1561610 1011
1561620 1011
1561630 1011
1561640 1012
1561650 1012
1561660 1012
1561670 1008
1561680 1004
1561690 1004
1561700 1002
1561710 1000
1561720 999
1561730 999
1561740 999
1561750 997
1561760 997
1561770 995
1561780 997
1561790 997
1561800 998
1561810 994
1561820 994
1561830 988
1561840 981
1561850 981
1561860 978
1561870 978
1561880 978
1561890 977
1561900 976
1561910 976
1561920 976
1561930 977
1561940 977
1561950 981
1561960 983
1561970 983
1561980 985
1561990 990
1562000 990
1562010 997
1562020 998
1562030 998
1562040 998
1562050 997
1562060 997
1562070 997
1562080 998
1562090 999
1562100 999
1562110 1002
1562120 1004
1562130 1004
1562140 1004
1562150 1005
1562160 1005
1562170 1005
1562180 1006
1562190 1006
1562200 1007
1562210 1008
1562220 1008
1562230 1010
1562240 1010
1562250 1010
1562260 1011
1562270 1012
1562280 1012
1562290 1013
1562300 1015
1562310 1015
1562320 1016
1562330 1018
1562340 1018
1562350 1019
1562360 1021
1562370 1021
1562380 1023
1562390 1024
1562400 1024
1562410 1025
1562420 1026
1562430 1026
1562440 1027
1562450 1028
1562460 1029
1562470 1029
1562480 1030
1562490 1031
1562500 1031
1562510 1032
1562520 1033
1562530 1033
1562540 1034
1562550 1036
1562560 1036
1562570 1036
1562580 1037
1562590 1037
1562600 1037
1562610 1038
1562620 1038
1562630 1039
1562640 1041
1562650 1041
1562660 1040
1562670 1041
1562680 1041
1562690 1041
1562700 1042
1562710 1042
1562720 1044
1562730 1045
1562740 1045
1562750 1046
1562760 1047
1562770 1047
1562780 1048
1562790 1048
1562800 1050
1562810 1050
1562820 1051
1562830 1052
1562840 1052
1562850 1053
1562860 1054
1562870 1054
1562880 1055
1562890 1055
1562900 1055
1562910 1056
1562920 1057
1562930 1057
1562940 1058
1562950 1059
1562960 1059
1562970 1059
1562980 1060
1562990 1060
1563000 1061
1563010 1061
1563020 1061
1563030 1062
1563040 1061
1563050 1061
1563060 1059
1563070 1059
1563080 1059
1563090 1059
1563100 1060
1563110 1060
1563120 1061
1563130 1065
1563140 1065
1563150 1067
1563160 1067
1563170 1067
1563180 1068
1563190 1070
1563200 1070
1563210 1071
1563220 1072
1563230 1073
1563240 1073
1563250 1074
1563260 1075
1563270 1075
1563280 1077
1563290 1079
1563300 1079
1563310 1081
1563320 1083
1563330 1083
1563340 1085
1563350 1086
1563360 1086
1563370 1087
1563380 1090
1563390 1090
1563400 1094
1563410 1095
1563420 1095
1563430 1096
1563440 1096
1563450 1096
1563460 1097
1563470 1098
1563480 1098
1563490 1099
1563500 1102
1563510 1102
1563520 1104
1563530 1106
1563540 1106
1563550 1108
1563560 1109
1563570 1109
1563580 1111
1563590 1113
1563600 1115
1563610 1115
1563620 1117
1563630 1119
1563640 1119
1563650 1121
1563660 1122
1563670 1122
1563680 1123
1563690 1124
1563700 1124
1563710 1125
1563720 1126
1563730 1126
1563740 1127
1563750 1128
1563760 1128
1563770 1129
1563780 1129
1563790 1129
1563800 1130
1563810 1130
1563820 1130
1563830 1130
1563840 1131
1563850 1131
1563860 1130
1563870 1129
1563880 1129
1563890 1129
1563900 1130
1563910 1130
1563920 1130
1563930 1130
1563940 1130
1563950 1130
1563960 1131
1563970 1131
1563980 1131
1563990 1131
1564000 1131
1564010 1131
1564020 1132
1564030 1133
1564040 1133
1564050 1134
1564060 1135
1564070 1135
1564080 1136
1564090 1137
1564100 1137
1564110 1139
1564120 1141
1564130 1141
1564140 1142
1564150 1144
1564160 1144
1564170 1144
1564180 1147
1564190 1147
1564200 1148
1564210 1147
1564220 1147
1564230 1147
1564240 1148
1564250 1148
1564260 1153
1564270 1152
1564280 1152
1564290 1148
1564300 1143
1564310 1143
1564320 1139
1564330 1134
1564340 1130
1564350 1130
1564360 1128
1564370 1126
1564380 1126
1564390 1125
1564400 1125
1564410 1125
1564420 1132
1564430 1131
1564440 1131
1564450 1129
1564460 1128
1564470 1128
1564480 1126
1564490 1124
1564500 1124
1564510 1123
1564520 1122
1564530 1122
1564540 1121
1564550 1120
1564560 1120
1564570 1118
1564580 1118
1564590 1118
1564600 1117
1564610 1116
1564620 1116
1564630 1115
1564640 1114
1564650 1114
1564660 1112
1564670 1111
1564680 1111
1564690 1110
1564700 1109
1564710 1108
1564720 1108
1564730 1106
1564740 1105
1564750 1105
1564760 1105
1564770 1104
1564780 1104
1564790 1104
1564800 1103
1564810 1103
1564820 1103
1564830 1103
1564840 1103
1564850 1102
1564860 1102
1564870 1102
1564880 1101
1564890 1100
1564900 1100
1564910 1099
1564920 1098
1564930 1098
1564940 1097
1564950 1096
1564960 1096
1564970 1094
1564980 1093
1564990 1093
1565000 1091
1565010 1089
1565020 1089
1565030 1088
1565040 1087
1565050 1087
1565060 1086
1565070 1086
1565080 1086
1565090 1087
1565100 1086
1565110 1084
1565120 1084
1565130 1081
1565140 1077
1565150 1077
1565160 1074
1565170 1072
1565180 1072
1565190 1072
1565200 1072
1565210 1072
1565220 1072
1565230 1071
1565240 1071
1565250 1070
1565260 1067
1565270 1067
1565280 1065
1565290 1063
1565300 1063
1565310 1062
1565320 1062
1565330 1062
1565340 1061
1565350 1057
1565360 1057
1565370 1055
1565380 1057
1565390 1057
1565400 1058
1565410 1056
1565420 1056
1565430 1055
1565440 1054
1565450 1054
1565460 1051
1565470 1049
1565480 1050
1565490 1050
1565500 1050
1565510 1049
1565520 1049
1565530 1049
1565540 1049
1565550 1049
1565560 1048
1565570 1049
1565580 1049
1565590 1048
1565600 1045
1565610 1045
1565620 1043
1565630 1046
1565640 1046
1565650 1048
1565660 1045
1565670 1045
1565680 1045
1565690 1050
1565700 1050
1565710 1052
1565720 1052
1565730 1052
1565740 1052
1565750 1053
1565760 1053
1565770 1054
1565780 1055
1565790 1055
1565800 1054
1565810 1050
1565820 1050
1565830 1048
1565840 1045
1565850 1041
1565860 1041
1565870 1037
1565880 1032
1565890 1032
1565900 1028
1565910 1026
1565920 1026
1565930 1026
1565940 1025
1565950 1025
1565960 1025
1565970 1025
1565980 1025
1565990 1024
1566000 1023
1566010 1026
1566020 1025
1566030 1024
1566040 1024
1566050 1024
1566060 1026
1566070 1026
1566080 1029
1566090 1030
1566100 1030
1566110 1032
1566120 1032
1566130 1032
1566140 1032
1566150 1034
1566160 1034
1566170 1039
1566180 1043
1566190 1043
1566200 1046
1566210 1047
1566220 1048
1566230 1048
1566240 1046
1566250 1042
1566260 1042
1566270 1040
1566280 1038
1566290 1038
1566300 1037
1566310 1036
1566320 1036
1566330 1035
1566340 1036
1566350 1036
1566360 1037
1566370 1036
1566380 1036
1566390 1038
1566400 1042
1566410 1042
1566420 1046
1566430 1053
1566440 1053
1566450 1060
1566460 1065
1566470 1065
1566480 1066
1566490 1067
1566500 1067
1566510 1067
1566520 1065
1566530 1065
1566540 1063
1566550 1063
1566560 1063
1566570 1062
1566580 1059
1566590 1059
1566600 1059
1566610 1060
1566620 1061
1566630 1061
1566640 1061
1566650 1059
1566660 1059
1566670 1062
1566680 1062
1566690 1062
1566700 1061
1566710 1060
1566720 1060
1566730 1060
1566740 1058
1566750 1058
1566760 1058
1566770 1055
1566780 1055
1566790 1054
1566800 1054
1566810 1054
1566820 1052
1566830 1051
1566840 1051
1566850 1049
1566860 1050
1566870 1050
1566880 1051
1566890 1052
1566900 1052
1566910 1054
1566920 1055
1566930 1055
1566940 1056
1566950 1058
1566960 1058
1566970 1058
1566980 1058
1566990 1059
1567000 1059
1567010 1060
1567020 1061
1567030 1061
1567040 1063
1567050 1066
1567060 1066
1567070 1068
1567080 1069
1567090 1069
1567100 1069
1567110 1068
1567120 1068
1567130 1068
1567140 1069
1567150 1069
1567160 1071
1567170 1073
1567180 1073
1567190 1075
1567200 1076
1567210 1076
1567220 1080
1567230 1083
1567240 1083
1567250 1086
1567260 1088
1567270 1088
1567280 1090
1567290 1091
1567300 1091
1567310 1093
1567320 1096
1567330 1096
1567340 1098
1567350 1101
1567360 1102
1567370 1102
1567380 1102
1567390 1104
1567400 1104
1567410 1106
1567420 1107
1567430 1107
1567440 1108
1567450 1109
1567460 1109
1567470 1111
1567480 1112
1567490 1112
1567500 1114
1567510 1114
1567520 1114
1567530 1115
1567540 1117
1567550 1117
1567560 1119
1567570 1115
1567580 1115
1567590 1117
1567600 1120
1567610 1120
1567620 1123
1567630 1125
1567640 1125
1567650 1127
1567660 1130
1567670 1130
1567680 1133
1567690 1135
1567700 1135
1567710 1137
1567720 1139
1567730 1140
1567740 1140
1567750 1141
1567760 1141
1567770 1141
1567780 1141
1567790 1141
1567800 1141
1567810 1144
1567820 1146
1567830 1146
1567840 1148
1567850 1148
1567860 1148
1567870 1148
1567880 1149
1567890 1149
1567900 1151
1567910 1155
1567920 1155
1567930 1156
1567940 1155
1567950 1155
1567960 1156
1567970 1158
1567980 1158
1567990 1159
1568000 1158
1568010 1158
1568020 1160
1568030 1160
1568040 1160
1568050 1159
1568060 1159
1568070 1159
1568080 1160
1568090 1160
1568100 1160
1568110 1161
1568120 1164
1568130 1166
1568140 1166
1568150 1168
1568160 1169
1568170 1169
1568180 1172
1568190 1177
1568200 1177
1568210 1180
1568220 1182
1568230 1182
1568240 1184
1568250 1185
1568260 1185
1568270 1187
1568280 1188
1568290 1188
1568300 1191
1568310 1192
1568320 1192
1568330 1191
1568340 1193
1568350 1193
1568360 1195
1568370 1198
1568380 1198
1568390 1200
1568400 1203
1568410 1203
1568420 1204
1568430 1204
1568440 1204
1568450 1204
1568460 1206
1568470 1206
1568480 1207
1568490 1207
1568500 1207
1568510 1207
1568520 1208
1568530 1209
1568540 1209
1568550 1212
1568560 1214
1568570 1214
1568580 1216
1568590 1218
1568600 1218
1568610 1220
1568620 1223
1568630 1223
1568640 1226
1568650 1228
1568660 1228
1568670 1229
1568680 1231
1568690 1231
1568700 1232
1568710 1232
1568720 1232
1568730 1233
1568740 1234
1568750 1234
1568760 1234
1568770 1236
1568780 1236
1568790 1241
1568800 1245
1568810 1245
1568820 1247
1568830 1253
1568840 1253
1568850 1256
1568860 1258
1568870 1261
1568880 1261
1568890 1261
1568900 1262
1568910 1262
1568920 1265
1568930 1269
1568940 1269
1568950 1273
1568960 1277
1568970 1277
1568980 1281
1568990 1282
1569000 1282
1569010 1283
1569020 1285
1569030 1285
1569040 1287
1569050 1289
1569060 1289
1569070 1291
1569080 1292
1569090 1292
1569100 1291
1569110 1291
1569120 1291
1569130 1290
1569140 1290
1569150 1290
1569160 1291
1569170 1294
1569180 1294
1569190 1296
1569200 1298
1569210 1298
1569220 1301
1569230 1304
1569240 1304
1569250 1309
1569260 1313
1569270 1317
1569280 1317
1569290 1322
1569300 1325
1569310 1325
1569320 1329
1569330 1334
1569340 1334
1569350 1338
1569360 1344
1569370 1344
1569380 1349
1569390 1355
1569400 1355
1569410 1362
1569420 1368
1569430 1368
1569440 1372
1569450 1376
1569460 1376
1569470 1380
1569480 1384
1569490 1384
1569500 1387
1569510 1390
1569520 1390
1569530 1393
1569540 1396
1569550 1396
1569560 1398
1569570 1404
1569580 1404
1569590 1411
1569600 1418
1569610 1418
1569620 1424
1569630 1429
1569640 1434
1569650 1434
1569660 1439
1569670 1442
1569680 1442
1569690 1440
1569700 1439
1569710 1439
1569720 1445
1569730 1452
1569740 1452
1569750 1457
1569760 1460
1569770 1460
1569780 1463
1569790 1465
1569800 1465
1569810 1467
1569820 1470
1569830 1470
1569840 1472
1569850 1472
1569860 1472
1569870 1468
1569880 1473
1569890 1473
1569900 1480
1569910 1484
1569920 1484
1569930 1484
1569940 1491
1569950 1491
1569960 1496
1569970 1500
1569980 1500
1569990 1503
1570000 1506
1570010 1509
1570020 1509
1570030 1512
1570040 1515
1570050 1515
1570060 1517
1570070 1519
1570080 1519
1570090 1521
1570100 1522
1570110 1522
1570120 1524
1570130 1527
1570140 1527
1570150 1531
1570160 1534
1570170 1534
1570180 1536
1570190 1539
1570200 1539
1570210 1542
1570220 1545
1570230 1545
1570240 1547
1570250 1549
1570260 1549
1570270 1552
1570280 1554
1570290 1554
1570300 1556
1570310 1559
1570320 1559
1570330 1561
1570340 1563
1570350 1563
1570360 1565
1570370 1567
1570380 1569
1570390 1569
1570400 1571
1570410 1573
1570420 1573
1570430 1574
1570440 1576
1570450 1576
1570460 1578
1570470 1578
1570480 1578
1570490 1578
1570500 1578
1570510 1578
1570520 1578
1570530 1579
1570540 1579
1570550 1580
1570560 1581
1570570 1581
1570580 1581
1570590 1581
1570600 1578
1570610 1579
1570620 1580
1570630 1580
1570640 1581
1570650 1583
1570660 1583
1570670 1586
1570680 1589
1570690 1589
1570700 1593
1570710 1596
1570720 1596
1570730 1599
1570740 1602
1570750 1602
1570760 1602
1570770 1604
1570780 1606
1570790 1606
1570800 1608
1570810 1610
1570820 1610
1570830 1611
1570840 1610
1570850 1610
1570860 1609
1570870 1607
1570880 1607
1570890 1606
1570900 1606
1570910 1606
1570920 1607
1570930 1607
1570940 1607
1570950 1607
1570960 1608
1570970 1608
1570980 1608
1570990 1609
1571000 1609
1571010 1610
1571020 1611
1571030 1611
1571040 1612
1571050 1612
1571060 1612
1571070 1612
1571080 1612
1571090 1612
1571100 1612
1571110 1612
1571120 1612
1571130 1611
1571140 1610
1571150 1609
1571160 1609
1571170 1606
1571180 1600
1571190 1600
1571200 1593
1571210 1590
1571220 1590
1571230 1591
1571240 1591
1571250 1591
1571260 1590
1571270 1588
1571280 1588
1571290 1584
1571300 1581
1571310 1581
1571320 1576
1571330 1572
1571340 1572
1571350 1570
1571360 1567
1571370 1567
1571380 1564
1571390 1562
1571400 1562
1571410 1561
1571420 1560
1571430 1560
1571440 1560
1571450 1559
1571460 1559
1571470 1559
1571480 1559
1571490 1559
1571500 1559
1571510 1560
1571520 1560
1571530 1560
1571540 1560
1571550 1560
1571560 1560
1571570 1559
1571580 1559
1571590 1559
1571600 1558
1571610 1559
1571620 1559
1571630 1560
1571640 1562
1571650 1562
1571660 1564
1571670 1563
1571680 1563
1571690 1563
1571700 1564
1571710 1564
1571720 1563
1571730 1561
1571740 1561
1571750 1558
1571760 1557
1571770 1557
1571780 1558
1571790 1560
1571800 1560
1571810 1562
1571820 1564
1571830 1564
1571840 1563
1571850 1561
1571860 1561
1571870 1559
1571880 1558
1571890 1556
1571900 1556
1571910 1555
1571920 1553
1571930 1553
1571940 1552
1571950 1551
1571960 1551
1571970 1550
1571980 1548
1571990 1548
1572000 1547
1572010 1545
1572020 1545
1572030 1543
1572040 1541
1572050 1541
1572060 1540
1572070 1540
1572080 1546
1572090 1547
1572100 1548
1572110 1548
1572120 1550
1572130 1550
1572140 1550
1572150 1548
1572160 1547
1572170 1547
1572180 1545
1572190 1543
1572200 1543
1572210 1540
1572220 1538
1572230 1538
1572240 1538
1572250 1537
1572260 1537
1572270 1536
1572280 1535
1572290 1536
1572300 1536
1572310 1537
1572320 1537
1572330 1537
1572340 1536
1572350 1533
1572360 1533
1572370 1531
1572380 1530
1572390 1530
1572400 1531
1572410 1531
1572420 1531
1572430 1529
1572440 1526
1572450 1526
1572460 1525
1572470 1525
1572480 1525
1572490 1526
1572500 1526
1572510 1526
1572520 1526
1572530 1527
1572540 1527
1572550 1529
1572560 1530
1572570 1530
1572580 1529
1572590 1528
1572600 1528
1572610 1526
1572620 1524
1572630 1524
1572640 1521
1572650 1519
1572660 1516
1572670 1516
1572680 1513
1572690 1510
1572700 1510
1572710 1507
1572720 1503
1572730 1503
1572740 1500
1572750 1498
1572760 1498
1572770 1495
1572780 1493
1572790 1493
1572800 1490
1572810 1487
1572820 1487
1572830 1485
1572840 1484
1572850 1484
1572860 1481
1572870 1479
1572880 1479
1572890 1477
1572900 1475
1572910 1475
1572920 1472
1572930 1470
1572940 1470
1572950 1469
1572960 1467
1572970 1467
1572980 1466
1572990 1465
1573000 1465
1573010 1463
1573020 1461
1573030 1459
1573040 1459
1573050 1458
1573060 1457
1573070 1457
1573080 1456
1573090 1454
1573100 1454
1573110 1452
1573120 1449
1573130 1449
1573140 1446
1573150 1442
1573160 1442
1573170 1439
1573180 1436
1573190 1436
1573200 1433
1573210 1430
1573220 1430
1573230 1428
1573240 1424
1573250 1424
1573260 1420
1573270 1417
1573280 1417
1573290 1415
1573300 1412
1573310 1412
1573320 1409
1573330 1406
1573340 1406
1573350 1404
1573360 1401
1573370 1401
1573380 1398
1573390 1396
1573400 1394
1573410 1394
1573420 1390
1573430 1386
1573440 1386
1573450 1382
1573460 1379
1573470 1379
1573480 1376
1573490 1374
1573500 1374
1573510 1372
1573520 1370
1573530 1372
1573540 1372
1573550 1371
1573560 1371
1573570 1371
1573580 1371
1573590 1371
1573600 1368
1573610 1368
1573620 1368
1573630 1370
1573640 1369
1573650 1369
1573660 1368
1573670 1369
1573680 1369
1573690 1371
1573700 1371
1573710 1371
1573720 1371
1573730 1371
1573740 1371
1573750 1370
1573760 1370
1573770 1370
1573780 1370
1573790 1369
1573800 1370
1573810 1370
1573820 1370
1573830 1370
1573840 1370
1573850 1370
1573860 1370
1573870 1370
1573880 1371
1573890 1372
1573900 1372
1573910 1373
1573920 1374
1573930 1374
1573940 1375
1573950 1375
1573960 1375
1573970 1375
1573980 1376
1573990 1376
1574000 1377
1574010 1380
1574020 1380
1574030 1382
1574040 1385
1574050 1385
1574060 1388
1574070 1391
1574080 1391
1574090 1394
1574100 1396
1574110 1396
1574120 1399
1574130 1400
1574140 1400
1574150 1402
1574160 1404
1574170 1407
1574180 1407
1574190 1410
1574200 1413
1574210 1413
1574220 1416
1574230 1418
1574240 1418
1574250 1421
1574260 1425
1574270 1425
1574280 1429
1574290 1432
1574300 1432
1574310 1436
1574320 1439
1574330 1439
1574340 1441
1574350 1443
1574360 1443
1574370 1445
1574380 1447
1574390 1447
1574400 1449
1574410 1451
1574420 1451
1574430 1453
1574440 1455
1574450 1455
1574460 1457
1574470 1459
1574480 1459
1574490 1461
1574500 1463
1574510 1463
1574520 1465
1574530 1468
1574540 1470
1574550 1470
1574560 1472
1574570 1474
1574580 1474
1574590 1477
1574600 1479
1574610 1479
1574620 1481
1574630 1483
1574640 1483
1574650 1484
1574660 1485
1574670 1485
1574680 1487
1574690 1488
1574700 1488
1574710 1489
1574720 1490
1574730 1490
1574740 1492
1574750 1494
1574760 1494
1574770 1496
1574780 1498
1574790 1498
1574800 1501
1574810 1503
1574820 1503
1574830 1506
1574840 1510
1574850 1510
1574860 1513
1574870 1514
1574880 1514
1574890 1516
1574900 1518
1574910 1518
1574920 1520
1574930 1522
1574940 1525
1574950 1525
1574960 1526
1574970 1528
1574980 1528
1574990 1530
1575000 1533
1575010 1533
1575020 1535
1575030 1537
1575040 1537
1575050 1540
1575060 1542
1575070 1542
1575080 1545
1575090 1548
1575100 1548
1575110 1551
1575120 1553
1575130 1553
1575140 1556
1575150 1560
1575160 1560
1575170 1564
1575180 1568
1575190 1568
1575200 1572
1575210 1575
1575220 1575
1575230 1578
1575240 1581
1575250 1581
1575260 1585
1575270 1588
1575280 1588
1575290 1591
1575300 1595
1575310 1600
1575320 1600
1575330 1609
1575340 1619
1575350 1619
1575360 1627
1575370 1634
1575380 1634
1575390 1639
1575400 1644
1575410 1644
1575420 1648
1575430 1651
1575440 1651
1575450 1655
1575460 1658
1575470 1658
1575480 1660
1575490 1661
1575500 1661
1575510 1660
1575520 1654
1575530 1654
1575540 1648
1575550 1643
1575560 1643
1575570 1638
1575580 1631
1575590 1631
1575600 1635
1575610 1651
1575620 1651
1575630 1676
1575640 1697
1575650 1697
1575660 1704
1575670 1694
1575680 1687
1575690 1687
1575700 1682
1575710 1688
1575720 1688
1575730 1696
1575740 1706
1575750 1706
1575760 1721
1575770 1732
1575780 1732
1575790 1736
1575800 1738
1575810 1738
1575820 1733
1575830 1731
1575840 1731
1575850 1740
1575860 1738
1575870 1738
1575880 1731
1575890 1724
1575900 1724
1575910 1719
1575920 1716
1575930 1716
1575940 1713
1575950 1703
1575960 1703
1575970 1698
1575980 1694
1575990 1694
1576000 1687
1576010 1680
1576020 1680
1576030 1669
1576040 1660
1576050 1650
1576060 1650
1576070 1641
1576080 1636
1576090 1636
1576100 1639
1576110 1639
1576120 1639
1576130 1632
1576140 1621
1576150 1621
1576160 1613
1576170 1609
1576180 1609
1576190 1605
1576200 1603
1576210 1603
1576220 1602
1576230 1604
1576240 1604
1576250 1596
1576260 1589
1576270 1589
1576280 1582
1576290 1576
1576300 1576
1576310 1568
1576320 1561
1576330 1561
1576340 1554
1576350 1546
1576360 1546
1576370 1568
1576380 1559
1576390 1559
1576400 1548
1576410 1544
1576420 1544
1576430 1540
1576440 1533
1576450 1529
1576460 1529
1576470 1530
1576480 1526
1576490 1526
1576500 1521
1576510 1513
1576520 1513
1576530 1506
1576540 1502
1576550 1502
1576560 1499
1576570 1493
1576580 1493
1576590 1487
1576600 1483
1576610 1483
1576620 1474
1576630 1466
1576640 1466
1576650 1456
1576660 1450
1576670 1450
1576680 1437
1576690 1424
1576700 1424
1576710 1418
1576720 1415
1576730 1415
1576740 1410
1576750 1406
1576760 1406
1576770 1402
1576780 1398
1576790 1398
1576800 1395
1576810 1392
1576820 1390
1576830 1390
1576840 1388
1576850 1386
1576860 1386
1576870 1384
1576880 1381
1576890 1381
1576900 1379
1576910 1378
1576920 1378
1576930 1376
1576940 1374
1576950 1374
1576960 1373
1576970 1371
1576980 1371
1576990 1370
1577000 1368
1577010 1368
1577020 1367
1577030 1365
1577040 1365
1577050 1364
1577060 1363
1577070 1363
1577080 1362
1577090 1360
1577100 1360
1577110 1359
1577120 1357
1577130 1357
1577140 1355
1577150 1354
1577160 1354
1577170 1352
1577180 1350
1577190 1347
1577200 1347
1577210 1345
1577220 1343
1577230 1343
1577240 1342
1577250 1340
1577260 1340
1577270 1338
1577280 1335
1577290 1335
1577300 1333
1577310 1331
1577320 1331
1577330 1329
1577340 1326
1577350 1326
1577360 1322
1577370 1322
1577380 1322
1577390 1320
1577400 1313
1577410 1313
1577420 1305
1577430 1295
1577440 1295
1577450 1286
1577460 1277
1577470 1277
1577480 1270
1577490 1262
1577500 1262
1577510 1254
1577520 1244
1577530 1244
1577540 1236
1577550 1229
1577560 1223
1577570 1223
1577580 1218
1577590 1214
1577600 1214
1577610 1210
1577620 1206
1577630 1206
1577640 1201
1577650 1195
1577660 1195
1577670 1191
1577680 1187
1577690 1187
1577700 1183
1577710 1177
1577720 1177
1577730 1173
1577740 1170
1577750 1173
1577760 1171
1577770 1170
1577780 1170
1577790 1168
1577800 1165
1577810 1165
1577820 1162
1577830 1160
1577840 1160
1577850 1157
1577860 1155
1577870 1155
1577880 1153
1577890 1152
1577900 1152
1577910 1150
1577920 1147
1577930 1147
1577940 1145
1577950 1143
1577960 1142
1577970 1142
1577980 1139
1577990 1135
1578000 1135
1578010 1129
1578020 1122
1578030 1122
1578040 1117
1578050 1113
1578060 1113
1578070 1111
1578080 1108
1578090 1108
1578100 1105
1578110 1103
1578120 1103
1578130 1101
1578140 1099
1578150 1099
1578160 1096
1578170 1094
1578180 1094
1578190 1093
1578200 1091
1578210 1091
1578220 1088
1578230 1086
1578240 1086
1578250 1084
1578260 1082
1578270 1082
1578280 1079
1578290 1075
1578300 1075
1578310 1072
1578320 1069
1578330 1066
1578340 1066
1578350 1063
1578360 1060
1578370 1060
1578380 1057
1578390 1053
1578400 1053
1578410 1050
1578420 1049
1578430 1049
1578440 1047
1578450 1045
1578460 1045
1578470 1042
1578480 1039
1578490 1039
1578500 1036
1578510 1033
1578520 1033
1578530 1031
1578540 1026
1578550 1026
1578560 1023
1578570 1022
1578580 1022
1578590 1021
1578600 1019
1578610 1019
1578620 1017
1578630 1014
1578640 1014
1578650 1013
1578660 1014
1578670 1014
1578680 1017
1578690 1018
1578700 1015
1578710 1015
1578720 1009
1578730 1003
1578740 1003
1578750 999
1578760 995
1578770 995
1578780 990
1578790 985
1578800 985
1578810 983
1578820 981
1578830 981
1578840 979
1578850 976
1578860 976
1578870 973
1578880 971
1578890 971
1578900 967
1578910 962
1578920 962
1578930 959
1578940 956
1578950 956
1578960 952
1578970 950
1578980 950
1578990 946
1579000 943
1579010 943
1579020 940
1579030 934
1579040 934
1579050 928
1579060 923
1579070 923
1579080 918
1579090 914
1579100 909
1579110 909
1579120 897
1579130 892
1579140 892
1579150 889
1579160 887
1579170 887
1579180 886
1579190 884
1579200 884
1579210 883
1579220 880
1579230 880
1579240 878
1579250 877
1579260 877
1579270 875
1579280 874
1579290 874
1579300 872
1579310 870
1579320 870
1579330 868
1579340 867
1579350 867
1579360 866
1579370 864
1579380 864
1579390 862
1579400 859
1579410 859
1579420 857
1579430 855
1579440 855
1579450 853
1579460 851
1579470 849
1579480 849
1579490 847
1579500 846
1579510 846
1579520 845
1579530 845
1579540 845
1579550 843
1579560 841
1579570 841
1579580 840
1579590 839
1579600 839
1579610 837
1579620 836
1579630 836
1579640 836
1579650 836
1579660 836
1579670 837
1579680 839
1579690 839
1579700 838
1579710 839
1579720 839
1579730 841
1579740 844
1579750 844
1579760 846
1579770 848
1579780 848
1579790 849
1579800 846
1579810 846
1579820 842
1579830 838
1579840 834
1579850 834
1579860 830
1579870 825
1579880 825
1579890 822
1579900 817
1579910 817
1579920 812
1579930 806
1579940 806
1579950 800
1579960 793
1579970 793
1579980 787
1579990 785
