1560000 1478
1560010 1483
1560020 1483
1560030 1488
1560040 1493
1560050 1493
1560060 1498
1560070 1503
1560080 1503
1560090 1507
1560100 1509
1560110 1509
1560120 1510
1560130 1509
1560140 1509
1560150 1508
1560160 1512
1560170 1512
1560180 1515
1560190 1517
1560200 1517
1560210 1517
1560220 1517
1560230 1518
1560240 1518
1560250 1520
1560260 1520
1560270 1520
1560280 1520
1560290 1520
1560300 1520
1560310 1519
1560320 1518
1560330 1518
1560340 1516
1560350 1517
1560360 1517
1560370 1519
1560380 1517
1560390 1517
1560400 1517
1560410 1515
1560420 1515
1560430 1512
1560440 1504
1560450 1504
1560460 1494
1560470 1484
1560480 1484
1560490 1476
1560500 1472
1560510 1472
1560520 1466
1560530 1460
1560540 1460
1560550 1455
1560560 1448
1560570 1448
1560580 1441
1560590 1436
1560600 1434
1560610 1434
1560620 1433
1560630 1433
1560640 1433
1560650 1434
1560660 1434
1560670 1434
1560680 1434
1560690 1433
1560700 1433
1560710 1433
1560720 1431
1560730 1431
1560740 1427
1560750 1422
1560760 1422
1560770 1412
1560780 1403
1560790 1403
1560800 1395
1560810 1385
1560820 1385
1560830 1378
1560840 1371
1560850 1371
1560860 1363
1560870 1357
1560880 1357
1560890 1352
1560900 1347
1560910 1347
1560920 1342
1560930 1336
1560940 1336
1560950 1331
1560960 1324
1560970 1324
1560980 1318
1560990 1313
1561000 1309
1561010 1309
1561020 1303
1561030 1295
1561040 1295
1561050 1289
1561060 1283
1561070 1283
1561080 1276
1561090 1272
1561100 1272
1561110 1268
1561120 1262
1561130 1262
1561140 1256
1561150 1250
1561160 1250
1561170 1244
1561180 1239
1561190 1239
1561200 1232
1561210 1227
1561220 1227
1561230 1222
1561240 1217
1561250 1217
1561260 1211
1561270 1205
1561280 1205
1561290 1200
1561300 1195
1561310 1195
1561320 1190
1561330 1186
1561340 1186
1561350 1183
1561360 1179
1561370 1175
1561380 1175
1561390 1171
1561400 1167
1561410 1167
1561420 1163
1561430 1159
1561440 1159
1561450 1153
1561460 1147
1561470 1147
1561480 1139
1561490 1126
1561500 1126
1561510 1115
1561520 1108
1561530 1108
1561540 1104
1561550 1107
1561560 1114
1561570 1122
1561580 1129
1561590 1129
1561600 1134
1561610 1138
1561620 1138
1561630 1143
1561640 1154
1561650 1154
1561660 1162
1561670 1168
1561680 1168
1561690 1173
1561700 1176
1561710 1176
1561720 1179
1561730 1182
1561740 1183
1561750 1183
1561760 1185
1561770 1187
1561780 1187
1561790 1189
1561800 1193
1561810 1193
1561820 1197
1561830 1196
1561840 1196
1561850 1195
1561860 1195
1561870 1195
1561880 1194
1561890 1192
1561900 1192
1561910 1193
1561920 1194
1561930 1194
1561940 1196
1561950 1197
1561960 1197
1561970 1199
1561980 1204
1561990 1204
1562000 1210
1562010 1218
1562020 1218
1562030 1228
1562040 1236
1562050 1236
1562060 1240
1562070 1242
1562080 1242
1562090 1244
1562100 1248
1562110 1248
1562120 1252
1562130 1255
1562140 1257
1562150 1257
1562160 1260
1562170 1262
1562180 1262
1562190 1265
1562200 1266
1562210 1266
1562220 1266
1562230 1264
1562240 1264
1562250 1261
1562260 1254
1562270 1254
1562280 1247
1562290 1242
1562300 1242
1562310 1236
1562320 1230
1562330 1230
1562340 1226
1562350 1224
1562360 1224
1562370 1224
1562380 1224
1562390 1224
1562400 1223
1562410 1221
1562420 1221
1562430 1218
1562440 1214
1562450 1214
1562460 1212
1562470 1210
1562480 1210
1562490 1207
1562500 1204
1562510 1202
1562520 1202
1562530 1201
1562540 1201
1562550 1201
1562560 1202
1562570 1202
1562580 1202
1562590 1199
1562600 1195
1562610 1195
1562620 1193
1562630 1193
1562640 1193
1562650 1192
1562660 1193
1562670 1193
1562680 1195
1562690 1195
1562700 1195
1562710 1195
1562720 1196
1562730 1196
1562740 1197
1562750 1196
1562760 1196
1562770 1195
1562780 1195
1562790 1195
1562800 1197
1562810 1200
1562820 1200
1562830 1202
1562840 1204
1562850 1204
1562860 1204
1562870 1205
1562880 1206
1562890 1206
1562900 1207
1562910 1208
1562920 1208
1562930 1208
1562940 1207
1562950 1207
1562960 1206
1562970 1205
1562980 1205
1562990 1204
1563000 1202
1563010 1202
1563020 1200
1563030 1197
1563040 1197
1563050 1194
1563060 1191
1563070 1191
1563080 1188
1563090 1184
1563100 1184
1563110 1181
1563120 1178
1563130 1178
1563140 1175
1563150 1173
1563160 1173
1563170 1170
1563180 1168
1563190 1168
1563200 1166
1563210 1168
1563220 1168
1563230 1166
1563240 1164
1563250 1164
1563260 1163
1563270 1161
1563280 1159
1563290 1159
1563300 1158
1563310 1156
1563320 1156
1563330 1153
1563340 1149
1563350 1149
1563360 1147
1563370 1146
1563380 1146
1563390 1146
1563400 1146
1563410 1146
1563420 1146
1563430 1147
1563440 1147
1563450 1148
1563460 1147
1563470 1147
1563480 1146
1563490 1146
1563500 1146
1563510 1145
1563520 1145
1563530 1145
1563540 1142
1563550 1140
1563560 1140
1563570 1140
1563580 1140
1563590 1140
1563600 1141
1563610 1144
1563620 1144
1563630 1146
1563640 1147
1563650 1149
1563660 1149
1563670 1151
1563680 1153
1563690 1153
1563700 1154
1563710 1159
1563720 1159
1563730 1163
1563740 1167
1563750 1167
1563760 1171
1563770 1174
1563780 1174
1563790 1178
1563800 1181
1563810 1181
1563820 1184
1563830 1187
1563840 1187
1563850 1190
1563860 1192
1563870 1192
1563880 1195
1563890 1197
1563900 1197
1563910 1198
1563920 1200
1563930 1200
1563940 1202
1563950 1205
1563960 1205
1563970 1208
1563980 1211
1563990 1211
1564000 1215
1564010 1219
1564020 1223
1564030 1223
1564040 1228
1564050 1232
1564060 1232
1564070 1236
1564080 1240
1564090 1240
1564100 1243
1564110 1245
1564120 1245
1564130 1247
1564140 1249
1564150 1249
1564160 1251
1564170 1254
1564180 1254
1564190 1256
1564200 1258
1564210 1258
1564220 1258
1564230 1258
1564240 1258
1564250 1260
1564260 1263
1564270 1263
1564280 1265
1564290 1267
1564300 1267
1564310 1268
1564320 1270
1564330 1270
1564340 1271
1564350 1272
1564360 1272
1564370 1274
1564380 1274
1564390 1274
1564400 1274
1564410 1274
1564420 1274
1564430 1274
1564440 1273
1564450 1272
1564460 1272
1564470 1272
1564480 1272
1564490 1272
1564500 1272
1564510 1272
1564520 1272
1564530 1272
1564540 1273
1564550 1273
1564560 1273
1564570 1273
1564580 1273
1564590 1274
1564600 1274
1564610 1274
1564620 1275
1564630 1275
1564640 1275
1564650 1276
1564660 1276
1564670 1276
1564680 1277
1564690 1277
1564700 1277
1564710 1277
1564720 1278
1564730 1278
1564740 1278
1564750 1278
1564760 1278
1564770 1279
1564780 1279
1564790 1280
1564800 1280
1564810 1281
1564820 1285
1564830 1285
1564840 1285
1564850 1285
1564860 1285
1564870 1286
1564880 1286
1564890 1286
1564900 1287
1564910 1288
1564920 1288
1564930 1289
1564940 1290
1564950 1290
1564960 1292
1564970 1293
1564980 1293
1564990 1295
1565000 1297
1565010 1297
1565020 1298
1565030 1300
1565040 1300
1565050 1301
1565060 1302
1565070 1302
1565080 1303
1565090 1304
1565100 1304
1565110 1306
1565120 1307
1565130 1307
1565140 1308
1565150 1310
1565160 1311
1565170 1311
1565180 1313
1565190 1314
1565200 1314
1565210 1316
1565220 1317
1565230 1317
1565240 1319
1565250 1320
1565260 1320
1565270 1321
1565280 1323
1565290 1323
1565300 1323
1565310 1324
1565320 1324
1565330 1325
1565340 1325
1565350 1325
1565360 1325
1565370 1326
1565380 1326
1565390 1325
1565400 1324
1565410 1324
1565420 1323
1565430 1321
1565440 1321
1565450 1318
1565460 1315
1565470 1315
1565480 1312
1565490 1306
1565500 1306
1565510 1300
1565520 1295
1565530 1290
1565540 1290
1565550 1285
1565560 1280
1565570 1280
1565580 1276
1565590 1273
1565600 1273
1565610 1271
1565620 1267
1565630 1267
1565640 1261
1565650 1255
1565660 1255
1565670 1249
1565680 1244
1565690 1244
1565700 1239
1565710 1233
1565720 1233
1565730 1227
1565740 1224
1565750 1224
1565760 1223
1565770 1222
1565780 1222
1565790 1221
1565800 1223
1565810 1223
1565820 1224
1565830 1225
1565840 1225
1565850 1226
1565860 1228
1565870 1228
1565880 1231
1565890 1236
1565900 1236
1565910 1242
1565920 1245
1565930 1247
1565940 1247
1565950 1249
1565960 1254
1565970 1254
1565980 1255
1565990 1254
1566000 1254
1566010 1255
1566020 1258
1566030 1258
1566040 1260
1566050 1258
1566060 1258
1566070 1256
1566080 1254
1566090 1254
1566100 1257
1566110 1261
1566120 1261
1566130 1262
1566140 1263
1566150 1263
1566160 1264
1566170 1266
1566180 1266
1566190 1268
1566200 1270
1566210 1270
1566220 1273
1566230 1274
1566240 1274
1566250 1273
1566260 1272
1566270 1272
1566280 1271
1566290 1271
1566300 1271
1566310 1271
1566320 1270
1566330 1271
1566340 1271
1566350 1270
1566360 1270
1566370 1270
1566380 1267
1566390 1262
1566400 1267
1566410 1261
1566420 1256
1566430 1256
1566440 1252
1566450 1249
1566460 1249
1566470 1245
1566480 1244
1566490 1244
1566500 1244
1566510 1244
1566520 1244
1566530 1244
1566540 1245
1566550 1245
1566560 1249
1566570 1252
1566580 1252
1566590 1253
1566600 1256
1566610 1256
1566620 1258
1566630 1256
1566640 1256
1566650 1251
1566660 1245
1566670 1244
1566680 1244
1566690 1241
1566700 1235
1566710 1235
1566720 1234
1566730 1237
1566740 1237
1566750 1233
1566760 1228
1566770 1228
1566780 1221
1566790 1219
1566800 1219
1566810 1218
1566820 1211
1566830 1211
1566840 1207
1566850 1203
1566860 1203
1566870 1198
1566880 1193
1566890 1193
1566900 1189
1566910 1185
1566920 1185
1566930 1181
1566940 1179
1566950 1179
1566960 1178
1566970 1177
1566980 1177
1566990 1175
1567000 1172
1567010 1172
1567020 1169
1567030 1165
1567040 1165
1567050 1161
1567060 1158
1567070 1155
1567080 1155
1567090 1151
1567100 1148
1567110 1148
1567120 1145
1567130 1142
1567140 1142
1567150 1140
1567160 1138
1567170 1138
1567180 1136
1567190 1134
1567200 1134
1567210 1133
1567220 1131
1567230 1131
1567240 1129
1567250 1128
1567260 1128
1567270 1126
1567280 1124
1567290 1124
1567300 1123
1567310 1121
1567320 1121
1567330 1120
1567340 1119
1567350 1119
1567360 1118
1567370 1117
1567380 1117
1567390 1116
1567400 1114
1567410 1114
1567420 1113
1567430 1112
1567440 1111
1567450 1111
1567460 1110
1567470 1108
1567480 1108
1567490 1105
1567500 1102
1567510 1102
1567520 1099
1567530 1097
1567540 1097
1567550 1095
1567560 1095
1567570 1095
1567580 1095
1567590 1092
1567600 1092
1567610 1087
1567620 1085
1567630 1085
1567640 1086
1567650 1087
1567660 1087
1567670 1089
1567680 1089
1567690 1089
1567700 1091
1567710 1091
1567720 1091
1567730 1090
1567740 1088
1567750 1088
1567760 1084
1567770 1081
1567780 1081
1567790 1082
1567800 1085
1567810 1089
1567820 1089
1567830 1090
1567840 1091
1567850 1091
1567860 1092
1567870 1092
1567880 1092
1567890 1093
1567900 1088
1567910 1088
1567920 1080
1567930 1072
1567940 1072
1567950 1073
1567960 1071
1567970 1071
1567980 1070
1567990 1071
1568000 1071
1568010 1072
1568020 1073
1568030 1073
1568040 1074
1568050 1078
1568060 1078
1568070 1084
1568080 1088
1568090 1088
1568100 1092
1568110 1094
1568120 1094
1568130 1096
1568140 1099
1568150 1099
1568160 1101
1568170 1103
1568180 1103
1568190 1104
1568200 1105
1568210 1106
1568220 1106
1568230 1107
1568240 1109
1568250 1109
1568260 1110
1568270 1112
1568280 1112
1568290 1113
1568300 1114
1568310 1114
1568320 1118
1568330 1119
1568340 1119
1568350 1119
1568360 1120
1568370 1120
1568380 1119
1568390 1119
1568400 1119
1568410 1119
1568420 1119
1568430 1119
1568440 1120
1568450 1120
1568460 1120
1568470 1121
1568480 1122
1568490 1122
1568500 1123
1568510 1124
1568520 1124
1568530 1124
1568540 1125
1568550 1125
1568560 1124
1568570 1123
1568580 1123
1568590 1123
1568600 1124
1568610 1125
1568620 1125
1568630 1127
1568640 1130
1568650 1130
1568660 1131
1568670 1132
1568680 1132
1568690 1134
1568700 1136
1568710 1136
1568720 1137
1568730 1138
1568740 1138
1568750 1139
1568760 1140
1568770 1140
1568780 1140
1568790 1141
1568800 1141
1568810 1142
1568820 1143
1568830 1143
1568840 1144
1568850 1145
1568860 1145
1568870 1143
1568880 1143
1568890 1143
1568900 1145
1568910 1148
1568920 1148
1568930 1151
1568940 1153
1568950 1154
1568960 1154
1568970 1157
1568980 1160
1568990 1160
1569000 1163
1569010 1166
1569020 1166
1569030 1168
1569040 1168
1569050 1168
1569060 1168
1569070 1168
1569080 1168
1569090 1170
1569100 1172
1569110 1172
1569120 1175
1569130 1177
1569140 1177
1569150 1180
1569160 1183
1569170 1183
1569180 1185
1569190 1186
1569200 1186
1569210 1189
1569220 1191
1569230 1191
1569240 1193
1569250 1193
1569260 1193
1569270 1194
1569280 1196
1569290 1196
1569300 1198
1569310 1201
1569320 1201
1569330 1203
1569340 1204
1569350 1206
1569360 1206
1569370 1205
1569380 1205
1569390 1205
1569400 1208
1569410 1211
1569420 1211
1569430 1213
1569440 1215
1569450 1215
1569460 1216
1569470 1216
1569480 1216
1569490 1219
1569500 1221
1569510 1221
1569520 1223
1569530 1225
1569540 1225
1569550 1227
1569560 1229
1569570 1229
1569580 1231
1569590 1232
1569600 1232
1569610 1234
1569620 1235
1569630 1235
1569640 1235
1569650 1236
1569660 1236
1569670 1236
1569680 1236
1569690 1236
1569700 1238
1569710 1240
1569720 1240
1569730 1240
1569740 1240
1569750 1241
1569760 1241
1569770 1241
1569780 1241
1569790 1241
1569800 1242
1569810 1243
1569820 1243
1569830 1242
1569840 1238
1569850 1238
1569860 1236
1569870 1237
1569880 1237
1569890 1241
1569900 1243
1569910 1243
1569920 1245
1569930 1246
1569940 1246
1569950 1247
1569960 1248
1569970 1248
1569980 1248
1569990 1246
1570000 1246
1570010 1243
1570020 1245
1570030 1245
1570040 1249
1570050 1252
1570060 1252
1570070 1257
1570080 1262
1570090 1265
1570100 1265
1570110 1267
1570120 1269
1570130 1269
1570140 1270
1570150 1271
1570160 1271
1570170 1272
1570180 1273
1570190 1273
1570200 1273
1570210 1276
1570220 1276
1570230 1278
1570240 1279
1570250 1279
1570260 1280
1570270 1280
1570280 1280
1570290 1283
1570300 1285
1570310 1285
1570320 1287
1570330 1289
1570340 1289
1570350 1289
1570360 1285
1570370 1285
1570380 1288
1570390 1293
1570400 1293
1570410 1296
1570420 1293
1570430 1293
1570440 1291
1570450 1295
1570460 1295
1570470 1297
1570480 1297
1570490 1301
1570500 1301
1570510 1306
1570520 1309
1570530 1309
1570540 1312
1570550 1314
1570560 1314
1570570 1316
1570580 1317
1570590 1317
1570600 1318
1570610 1319
1570620 1319
1570630 1319
1570640 1319
1570650 1319
1570660 1318
1570670 1316
1570680 1316
1570690 1312
1570700 1312
1570710 1312
1570720 1313
1570730 1317
1570740 1317
1570750 1318
1570760 1319
1570770 1319
1570780 1322
1570790 1329
1570800 1329
1570810 1335
1570820 1340
1570830 1340
1570840 1345
1570850 1348
1570860 1350
1570870 1350
1570880 1352
1570890 1354
1570900 1354
1570910 1357
1570920 1357
1570930 1357
1570940 1359
1570950 1362
1570960 1362
1570970 1359
1570980 1362
1570990 1362
1571000 1364
1571010 1366
1571020 1366
1571030 1367
1571040 1368
1571050 1368
1571060 1368
1571070 1361
1571080 1361
1571090 1355
1571100 1362
1571110 1362
1571120 1369
1571130 1373
1571140 1373
1571150 1372
1571160 1370
1571170 1370
1571180 1378
1571190 1384
1571200 1384
1571210 1385
1571220 1386
1571230 1390
1571240 1390
1571250 1394
1571260 1397
1571270 1397
1571280 1398
1571290 1397
1571300 1397
1571310 1398
1571320 1398
1571330 1398
1571340 1398
1571350 1404
1571360 1404
1571370 1411
1571380 1417
1571390 1417
1571400 1423
1571410 1427
1571420 1427
1571430 1431
1571440 1434
1571450 1434
1571460 1434
1571470 1433
1571480 1433
1571490 1436
1571500 1443
1571510 1443
1571520 1449
1571530 1454
1571540 1454
1571550 1458
1571560 1461
1571570 1461
1571580 1460
1571590 1462
1571600 1462
1571610 1466
1571620 1470
1571630 1474
1571640 1474
1571650 1477
1571660 1481
1571670 1481
1571680 1484
1571690 1487
1571700 1487
1571710 1490
1571720 1495
1571730 1495
1571740 1498
1571750 1501
1571760 1501
1571770 1505
1571780 1507
1571790 1507
1571800 1512
1571810 1517
1571820 1517
1571830 1521
1571840 1525
1571850 1525
1571860 1529
1571870 1532
1571880 1532
1571890 1535
1571900 1539
1571910 1539
1571920 1544
1571930 1551
1571940 1551
1571950 1559
1571960 1566
1571970 1566
1571980 1571
1571990 1575
1572000 1578
1572010 1578
1572020 1581
1572030 1584
1572040 1584
1572050 1587
1572060 1590
1572070 1590
1572080 1595
1572090 1598
1572100 1598
1572110 1598
1572120 1599
1572130 1599
1572140 1599
1572150 1598
1572160 1598
1572170 1599
1572180 1600
1572190 1600
1572200 1600
1572210 1602
1572220 1602
1572230 1604
1572240 1606
1572250 1606
1572260 1607
1572270 1609
1572280 1609
1572290 1612
1572300 1616
1572310 1616
1572320 1621
1572330 1626
1572340 1626
1572350 1631
1572360 1637
1572370 1642
1572380 1642
1572390 1648
1572400 1652
1572410 1652
1572420 1656
1572430 1662
1572440 1660
1572450 1670
1572460 1677
1572470 1677
1572480 1684
1572490 1691
1572500 1691
1572510 1697
1572520 1706
1572530 1706
1572540 1719
1572550 1729
1572560 1729
1572570 1746
1572580 1752
1572590 1752
1572600 1752
1572610 1748
1572620 1748
1572630 1743
1572640 1737
1572650 1737
1572660 1733
1572670 1728
1572680 1728
1572690 1724
1572700 1719
1572710 1719
1572720 1714
1572730 1708
1572740 1708
1572750 1703
1572760 1697
1572770 1692
1572780 1692
1572790 1687
1572800 1684
1572810 1684
1572820 1679
1572830 1674
1572840 1674
1572850 1670
1572860 1667
1572870 1667
1572880 1664
1572890 1661
1572900 1661
1572910 1658
1572920 1654
1572930 1654
1572940 1650
1572950 1648
1572960 1648
1572970 1645
1572980 1643
1572990 1643
1573000 1641
1573010 1635
1573020 1635
1573030 1630
1573040 1625
1573050 1625
1573060 1621
1573070 1617
1573080 1617
1573090 1612
1573100 1608
1573110 1608
1573120 1604
1573130 1599
1573140 1593
1573150 1593
1573160 1588
1573170 1585
1573180 1585
1573190 1582
1573200 1577
1573210 1577
1573220 1573
1573230 1570
1573240 1570
1573250 1566
1573260 1560
1573270 1560
1573280 1553
1573290 1546
1573300 1546
1573310 1537
1573320 1532
1573330 1532
1573340 1529
1573350 1529
1573360 1529
1573370 1526
1573380 1522
1573390 1522
1573400 1514
1573410 1505
1573420 1505
1573430 1495
1573440 1492
1573450 1492
1573460 1489
1573470 1488
1573480 1488
1573490 1487
1573500 1488
1573510 1490
1573520 1490
1573530 1493
1573540 1495
1573550 1495
1573560 1495
1573570 1495
1573580 1495
1573590 1496
1573600 1497
1573610 1497
1573620 1497
1573630 1497
1573640 1497
1573650 1496
1573660 1494
1573670 1494
1573680 1496
1573690 1499
1573700 1499
1573710 1504
1573720 1508
1573730 1508
1573740 1511
1573750 1514
1573760 1514
1573770 1520
1573780 1524
1573790 1524
1573800 1526
1573810 1528
1573820 1528
1573830 1526
1573840 1518
1573850 1518
1573860 1513
1573870 1512
1573880 1512
1573890 1516
1573900 1516
1573910 1516
1573920 1516
1573930 1515
1573940 1514
1573950 1514
1573960 1509
1573970 1506
1573980 1506
1573990 1503
1574000 1494
1574010 1494
1574020 1486
1574030 1485
1574040 1485
1574050 1486
1574060 1486
1574070 1486
1574080 1485
1574090 1486
1574100 1486
1574110 1489
1574120 1492
1574130 1492
1574140 1494
1574150 1496
1574160 1496
1574170 1497
1574180 1498
1574190 1498
1574200 1499
1574210 1499
1574220 1499
1574230 1501
1574240 1502
1574250 1502
1574260 1503
1574270 1503
1574280 1505
1574290 1505
1574300 1507
1574310 1509
1574320 1509
1574330 1511
1574340 1513
1574350 1513
1574360 1515
1574370 1518
1574380 1518
1574390 1521
1574400 1525
1574410 1525
1574420 1527
1574430 1530
1574440 1530
1574450 1534
1574460 1537
1574470 1537
1574480 1539
1574490 1543
1574500 1543
1574510 1547
1574520 1551
1574530 1551
1574540 1555
1574550 1558
1574560 1558
1574570 1562
1574580 1566
1574590 1566
1574600 1569
1574610 1573
1574620 1573
1574630 1577
1574640 1581
1574650 1581
1574660 1585
1574670 1588
1574680 1592
1574690 1592
1574700 1596
1574710 1600
1574720 1600
1574730 1603
1574740 1605
1574750 1605
1574760 1608
1574770 1611
1574780 1611
1574790 1614
1574800 1616
1574810 1616
1574820 1619
1574830 1622
1574840 1622
1574850 1624
1574860 1626
1574870 1626
1574880 1628
1574890 1629
1574900 1629
1574910 1631
1574920 1634
1574930 1634
1574940 1635
1574950 1636
1574960 1636
1574970 1638
1574980 1640
1574990 1640
1575000 1640
1575010 1641
1575020 1641
1575030 1637
1575040 1626
1575050 1618
1575060 1618
1575070 1613
1575080 1609
1575090 1609
1575100 1603
1575110 1598
1575120 1598
1575130 1593
1575140 1589
1575150 1589
1575160 1588
1575170 1583
1575180 1583
1575190 1576
1575200 1570
1575210 1570
1575220 1566
1575230 1564
1575240 1564
1575250 1562
1575260 1558
1575270 1558
1575280 1556
1575290 1554
1575300 1554
1575310 1543
1575320 1543
1575330 1543
1575340 1540
1575350 1540
1575360 1540
1575370 1540
1575380 1538
1575390 1538
1575400 1536
1575410 1532
1575420 1528
1575430 1528
1575440 1525
1575450 1519
1575460 1519
1575470 1512
1575480 1504
1575490 1504
1575500 1497
1575510 1490
1575520 1490
1575530 1484
1575540 1477
1575550 1477
1575560 1472
1575570 1468
1575580 1468
1575590 1464
1575600 1461
1575610 1461
1575620 1457
1575630 1453
1575640 1453
1575650 1451
1575660 1449
1575670 1449
1575680 1448
1575690 1446
1575700 1446
1575710 1445
1575720 1445
1575730 1445
1575740 1445
1575750 1445
1575760 1445
1575770 1444
1575780 1442
1575790 1442
1575800 1441
1575810 1440
1575820 1438
1575830 1438
1575840 1437
1575850 1436
1575860 1436
1575870 1436
1575880 1436
1575890 1436
1575900 1437
1575910 1438
1575920 1438
1575930 1437
1575940 1435
1575950 1435
1575960 1434
1575970 1434
1575980 1434
1575990 1435
1576000 1435
1576010 1435
1576020 1434
1576030 1434
1576040 1434
1576050 1435
1576060 1434
1576070 1434
1576080 1435
1576090 1435
1576100 1435
1576110 1434
1576120 1433
1576130 1433
1576140 1433
1576150 1432
1576160 1432
1576170 1428
1576180 1426
1576190 1424
1576200 1424
1576210 1423
1576220 1422
1576230 1422
1576240 1422
1576250 1423
1576260 1423
1576270 1422
1576280 1422
1576290 1422
1576300 1422
1576310 1420
1576320 1420
1576330 1418
1576340 1416
1576350 1416
1576360 1413
1576370 1412
1576380 1412
1576390 1411
1576400 1409
1576410 1409
1576420 1409
1576430 1409
1576440 1409
1576450 1409
1576460 1408
1576470 1408
1576480 1410
1576490 1409
1576500 1409
1576510 1407
1576520 1405
1576530 1405
1576540 1403
1576550 1401
1576560 1401
1576570 1401
1576580 1402
1576590 1403
1576600 1403
1576610 1403
1576620 1403
1576630 1403
1576640 1402
1576650 1402
1576660 1402
1576670 1402
1576680 1403
1576690 1403
1576700 1403
1576710 1401
1576720 1401
1576730 1398
1576740 1395
1576750 1395
1576760 1393
1576770 1391
1576780 1391
1576790 1390
1576800 1389
1576810 1389
1576820 1388
1576830 1387
1576840 1387
1576850 1384
1576860 1381
1576870 1381
1576880 1378
1576890 1374
1576900 1374
1576910 1372
1576920 1371
1576930 1371
1576940 1370
1576950 1372
1576960 1371
1576970 1371
1576980 1368
1576990 1368
1577000 1368
1577010 1370
1577020 1369
1577030 1369
1577040 1366
1577050 1365
1577060 1365
1577070 1364
1577080 1364
1577090 1364
1577100 1364
1577110 1364
1577120 1364
1577130 1362
1577140 1358
1577150 1358
1577160 1354
1577170 1351
1577180 1351
1577190 1350
1577200 1348
1577210 1348
1577220 1346
1577230 1346
1577240 1346
1577250 1348
1577260 1348
1577270 1348
1577280 1344
1577290 1340
1577300 1340
1577310 1338
1577320 1336
1577330 1335
1577340 1335
1577350 1333
1577360 1332
1577370 1332
1577380 1330
1577390 1329
1577400 1329
1577410 1328
1577420 1326
1577430 1326
1577440 1324
1577450 1323
1577460 1323
1577470 1323
1577480 1322
1577490 1322
1577500 1321
1577510 1319
1577520 1319
1577530 1318
1577540 1315
1577550 1315
1577560 1313
1577570 1310
1577580 1310
1577590 1308
1577600 1306
1577610 1306
1577620 1302
1577630 1297
1577640 1297
1577650 1294
1577660 1291
1577670 1291
1577680 1288
1577690 1284
1577700 1281
1577710 1281
1577720 1277
1577730 1275
1577740 1275
1577750 1272
1577760 1271
1577770 1271
1577780 1270
1577790 1268
1577800 1268
1577810 1267
1577820 1267
1577830 1267
1577840 1267
1577850 1266
1577860 1266
1577870 1266
1577880 1266
1577890 1266
1577900 1266
1577910 1266
1577920 1266
1577930 1265
1577940 1264
1577950 1264
1577960 1262
1577970 1259
1577980 1259
1577990 1258
1578000 1256
1578010 1256
1578020 1253
1578030 1251
1578040 1251
1578050 1248
1578060 1246
1578070 1246
1578080 1244
1578090 1242
1578100 1240
1578110 1240
1578120 1237
1578130 1235
1578140 1235
1578150 1233
1578160 1232
1578170 1232
1578180 1232
1578190 1228
1578200 1228
1578210 1222
1578220 1217
1578230 1217
1578240 1213
1578250 1211
1578260 1211
1578270 1209
1578280 1207
1578290 1207
1578300 1206
1578310 1204
1578320 1204
1578330 1202
1578340 1198
1578350 1198
1578360 1193
1578370 1187
1578380 1187
1578390 1178
1578400 1166
1578410 1166
1578420 1149
1578430 1134
1578440 1134
1578450 1115
1578460 1103
1578470 1099
1578480 1099
1578490 1092
1578500 1086
1578510 1086
1578520 1080
1578530 1074
1578540 1074
1578550 1067
1578560 1061
1578570 1061
1578580 1055
1578590 1048
1578600 1048
1578610 1041
1578620 1033
1578630 1033
1578640 1028
1578650 1029
1578660 1029
1578670 1034
1578680 1040
1578690 1040
1578700 1045
1578710 1049
1578720 1049
1578730 1053
1578740 1050
1578750 1050
1578760 1043
1578770 1039
1578780 1039
1578790 1037
1578800 1036
1578810 1036
1578820 1036
1578830 1037
1578840 1038
1578850 1038
1578860 1039
1578870 1039
1578880 1039
1578890 1038
1578900 1036
1578910 1036
1578920 1035
1578930 1033
1578940 1033
1578950 1030
1578960 1028
1578970 1028
1578980 1030
1578990 1033
1579000 1033
1579010 1033
1579020 1031
1579030 1031
1579040 1030
1579050 1029
1579060 1029
1579070 1027
1579080 1025
1579090 1025
1579100 1024
1579110 1023
1579120 1023
1579130 1020
1579140 1017
1579150 1017
1579160 1016
1579170 1017
1579180 1017
1579190 1017
1579200 1019
1579210 1019
1579220 1020
1579230 1019
1579240 1017
1579250 1017
1579260 1014
1579270 1011
1579280 1011
1579290 1012
1579300 1015
1579310 1015
1579320 1015
1579330 1012
1579340 1012
1579350 1009
1579360 1007
1579370 1007
1579380 1003
1579390 997
1579400 997
1579410 994
1579420 992
1579430 992
1579440 990
1579450 995
1579460 995
1579470 993
1579480 991
1579490 991
1579500 986
1579510 980
1579520 980
1579530 974
1579540 968
1579550 968
1579560 963
1579570 958
1579580 958
1579590 953
1579600 948
1579610 942
1579620 942
1579630 935
1579640 927
1579650 927
1579660 924
1579670 926
1579680 926
1579690 925
1579700 921
1579710 921
1579720 918
1579730 918
1579740 918
1579750 918
1579760 915
1579770 915
1579780 907
1579790 897
1579800 897
1579810 887
1579820 880
1579830 880
1579840 879
1579850 879
1579860 879
1579870 877
1579880 876
1579890 876
1579900 873
1579910 871
1579920 871
1579930 870
1579940 866
1579950 866
1579960 862
1579970 857
1579980 852
1579990 852
