1560000 1628
1560010 1633
1560020 1633
1560030 1637
1560040 1640
1560050 1640
1560060 1642
1560070 1642
1560080 1642
1560090 1647
1560100 1655
1560110 1655
1560120 1662
1560130 1671
1560140 1671
1560150 1681
1560160 1695
1560170 1695
1560180 1706
1560190 1713
1560200 1713
1560210 1718
1560220 1721
1560230 1721
1560240 1724
1560250 1726
1560260 1726
1560270 1725
1560280 1724
1560290 1725
1560300 1725
1560310 1728
1560320 1734
1560330 1734
1560340 1739
1560350 1742
1560360 1742
1560370 1745
1560380 1746
1560390 1746
1560400 1744
1560410 1742
1560420 1742
1560430 1738
1560440 1733
1560450 1733
1560460 1728
1560470 1727
1560480 1727
1560490 1730
1560500 1732
1560510 1732
1560520 1733
1560530 1736
1560540 1736
1560550 1738
1560560 1740
1560570 1740
1560580 1740
1560590 1741
1560600 1741
1560610 1739
1560620 1738
1560630 1738
1560640 1739
1560650 1741
1560660 1741
1560670 1741
1560680 1742
1560690 1743
1560700 1743
1560710 1743
1560720 1744
1560730 1744
1560740 1744
1560750 1746
1560760 1746
1560770 1751
1560780 1757
1560790 1757
1560800 1764
1560810 1770
1560820 1770
1560830 1776
1560840 1781
1560850 1781
1560860 1786
1560870 1792
1560880 1792
1560890 1798
1560900 1804
1560910 1804
1560920 1810
1560930 1816
1560940 1816
1560950 1830
1560960 1845
1560970 1845
1560980 1868
1560990 1893
1561000 1893
1561010 1905
1561020 1929
1561030 1929
1561040 1939
1561050 1946
1561060 1946
1561070 1956
1561080 1963
1561090 1970
1561100 1970
1561110 1976
1561120 1983
1561130 1983
1561140 1991
1561150 2002
1561160 2002
1561170 2011
1561180 2016
1561190 2016
1561200 2019
1561210 2022
1561220 2022
1561230 2025
1561240 2026
1561250 2026
1561260 2025
1561270 2024
1561280 2024
1561290 2024
1561300 2024
1561310 2024
1561320 2022
1561330 2018
1561340 2018
1561350 2017
1561360 2016
1561370 2016
1561380 2007
1561390 2009
1561400 2009
1561410 2012
1561420 2011
1561430 2011
1561440 2012
1561450 2013
1561460 2013
1561470 2013
1561480 2011
1561490 2009
1561500 2009
1561510 2007
1561520 2003
1561530 2003
1561540 1998
1561550 1995
1561560 1995
1561570 1988
1561580 1981
1561590 1981
1561600 1975
1561610 1966
1561620 1982
1561630 1977
1561640 1974
1561650 1974
1561660 1974
1561670 1972
1561680 1972
1561690 1968
1561700 1964
1561710 1964
1561720 1960
1561730 1956
1561740 1956
1561750 1951
1561760 1947
1561770 1947
1561780 1941
1561790 1937
1561800 1937
1561810 1932
1561820 1929
1561830 1929
1561840 1923
1561850 1920
1561860 1916
1561870 1916
1561880 1907
1561890 1876
1561900 1876
1561910 1849
1561920 1838
1561930 1838
1561940 1824
1561950 1816
1561960 1816
1561970 1812
1561980 1809
1561990 1809
1562000 1809
1562010 1808
1562020 1808
1562030 1808
1562040 1812
1562050 1812
1562060 1813
1562070 1814
1562080 1814
1562090 1817
1562100 1814
1562110 1814
1562120 1817
1562130 1826
1562140 1826
1562150 1832
1562160 1836
1562170 1836
1562180 1836
1562190 1837
1562200 1837
1562210 1841
1562220 1841
1562230 1841
1562240 1840
1562250 1838
1562260 1836
1562270 1836
1562280 1834
1562290 1832
1562300 1832
1562310 1830
1562320 1828
1562330 1828
1562340 1827
1562350 1829
1562360 1829
1562370 1827
1562380 1825
1562390 1825
1562400 1823
1562410 1821
1562420 1821
1562430 1818
1562440 1816
1562450 1816
1562460 1814
1562470 1812
1562480 1812
1562490 1810
1562500 1808
1562510 1808
1562520 1810
1562530 1812
1562540 1812
1562550 1810
1562560 1809
1562570 1809
1562580 1810
1562590 1811
1562600 1811
1562610 1811
1562620 1812
1562630 1812
1562640 1811
1562650 1811
1562660 1815
1562670 1815
1562680 1821
1562690 1821
1562700 1821
1562710 1818
1562720 1816
1562730 1816
1562740 1820
1562750 1828
1562760 1828
1562770 1829
1562780 1827
1562790 1827
1562800 1824
1562810 1822
1562820 1822
1562830 1821
1562840 1819
1562850 1819
1562860 1816
1562870 1816
1562880 1816
1562890 1815
1562900 1813
1562910 1813
1562920 1809
1562930 1805
1562940 1805
1562950 1807
1562960 1809
1562970 1809
1562980 1809
1562990 1807
1563000 1807
1563010 1806
1563020 1805
1563030 1798
1563040 1798
1563050 1796
1563060 1797
1563070 1797
1563080 1795
1563090 1793
1563100 1793
1563110 1795
1563120 1794
1563130 1794
1563140 1784
1563150 1778
1563160 1778
1563170 1776
1563180 1773
1563190 1773
1563200 1771
1563210 1770
1563220 1770
1563230 1771
1563240 1779
1563250 1779
1563260 1783
1563270 1788
1563280 1788
1563290 1793
1563300 1795
1563310 1795
1563320 1799
1563330 1800
1563340 1800
1563350 1798
1563360 1796
1563370 1796
1563380 1793
1563390 1791
1563400 1791
1563410 1789
1563420 1790
1563430 1792
1563440 1792
1563450 1793
1563460 1791
1563470 1791
1563480 1791
1563490 1789
1563500 1789
1563510 1786
1563520 1784
1563530 1784
1563540 1780
1563550 1778
1563560 1778
1563570 1775
1563580 1768
1563590 1768
1563600 1765
1563610 1765
1563620 1765
1563630 1761
1563640 1761
1563650 1761
1563660 1769
1563670 1777
1563680 1777
1563690 1786
1563700 1788
1563710 1788
1563720 1790
1563730 1786
1563740 1786
1563750 1783
1563760 1780
1563770 1780
1563780 1777
1563790 1773
1563800 1773
1563810 1772
1563820 1778
1563830 1783
1563840 1783
1563850 1781
1563860 1777
1563870 1777
1563880 1779
1563890 1782
1563900 1782
1563910 1782
1563920 1784
1563930 1784
1563940 1791
1563950 1797
1563960 1797
1563970 1802
1563980 1808
1563990 1808
1564000 1815
1564010 1823
1564020 1823
1564030 1829
1564040 1836
1564050 1836
1564060 1847
1564070 1867
1564080 1867
1564090 1885
1564100 1900
1564110 1900
1564120 1914
1564130 1927
1564140 1927
1564150 1938
1564160 1944
1564170 1944
1564180 1951
1564190 1958
1564200 1958
1564210 1964
1564220 1967
1564230 1970
1564240 1970
1564250 1972
1564260 1973
1564270 1973
1564280 1972
1564290 1971
1564300 1971
1564310 1970
1564320 1968
1564330 1968
1564340 1965
1564350 1960
1564360 1960
1564370 1955
1564380 1950
1564390 1950
1564400 1946
1564410 1949
1564420 1949
1564430 1951
1564440 1944
1564450 1944
1564460 1941
1564470 1948
1564480 1948
1564490 1955
1564500 1957
1564510 1957
1564520 1949
1564530 1938
1564540 1938
1564550 1931
1564560 1925
1564570 1925
1564580 1918
1564590 1908
1564600 1904
1564610 1904
1564620 1902
1564630 1896
1564640 1896
1564650 1894
1564660 1892
1564670 1892
1564680 1899
1564690 1899
1564700 1899
1564710 1899
1564720 1907
1564730 1907
1564740 1910
1564750 1912
1564760 1912
1564770 1905
1564780 1889
1564790 1889
1564800 1868
1564810 1853
1564820 1853
1564830 1839
1564840 1830
1564850 1830
1564860 1822
1564870 1814
1564880 1816
1564890 1810
1564900 1805
1564910 1805
1564920 1801
1564930 1797
1564940 1797
1564950 1792
1564960 1786
1564970 1786
1564980 1781
1564990 1776
1565000 1773
1565010 1773
1565020 1770
1565030 1766
1565040 1766
1565050 1768
1565060 1772
1565070 1772
1565080 1774
1565090 1775
1565100 1775
1565110 1776
1565120 1775
1565130 1775
1565140 1774
1565150 1773
1565160 1773
1565170 1775
1565180 1781
1565190 1781
1565200 1786
1565210 1791
1565220 1791
1565230 1792
1565240 1793
1565250 1793
1565260 1791
1565270 1787
1565280 1787
1565290 1783
1565300 1780
1565310 1780
1565320 1774
1565330 1770
1565340 1770
1565350 1768
1565360 1767
1565370 1767
1565380 1764
1565390 1759
1565400 1758
1565410 1758
1565420 1756
1565430 1756
1565440 1756
1565450 1752
1565460 1748
1565470 1748
1565480 1745
1565490 1745
1565500 1745
1565510 1744
1565520 1741
1565530 1741
1565540 1741
1565550 1738
1565560 1738
1565570 1735
1565580 1736
1565590 1736
1565600 1735
1565610 1734
1565620 1734
1565630 1735
1565640 1738
1565650 1738
1565660 1735
1565670 1732
1565680 1732
1565690 1729
1565700 1723
1565710 1723
1565720 1720
1565730 1720
1565740 1720
1565750 1717
1565760 1713
1565770 1699
1565780 1699
1565790 1693
1565800 1689
1565810 1689
1565820 1686
1565830 1682
1565840 1682
1565850 1679
1565860 1677
1565870 1677
1565880 1674
1565890 1671
1565900 1671
1565910 1668
1565920 1664
1565930 1664
1565940 1663
1565950 1663
1565960 1663
1565970 1662
1565980 1659
1565990 1659
1566000 1658
1566010 1657
1566020 1657
1566030 1657
1566040 1657
1566050 1657
1566060 1657
1566070 1657
1566080 1657
1566090 1657
1566100 1658
1566110 1658
1566120 1658
1566130 1659
1566140 1659
1566150 1660
1566160 1661
1566170 1662
1566180 1662
1566190 1663
1566200 1665
1566210 1665
1566220 1666
1566230 1670
1566240 1670
1566250 1671
1566260 1671
1566270 1671
1566280 1671
1566290 1672
1566300 1672
1566310 1675
1566320 1676
1566330 1676
1566340 1678
1566350 1680
1566360 1680
1566370 1682
1566380 1685
1566390 1685
1566400 1687
1566410 1688
1566420 1688
1566430 1690
1566440 1693
1566450 1693
1566460 1695
1566470 1697
1566480 1697
1566490 1699
1566500 1701
1566510 1701
1566520 1703
1566530 1704
1566540 1704
1566550 1705
1566560 1705
1566570 1706
1566580 1706
1566590 1706
1566600 1703
1566610 1703
1566620 1700
1566630 1699
1566640 1699
1566650 1697
1566660 1696
1566670 1696
1566680 1692
1566690 1687
1566700 1687
1566710 1682
1566720 1676
1566730 1676
1566740 1671
1566750 1669
1566760 1669
1566770 1672
1566780 1673
1566790 1673
1566800 1675
1566810 1676
1566820 1676
1566830 1677
1566840 1678
1566850 1678
1566860 1678
1566870 1680
1566880 1680
1566890 1680
1566900 1682
1566910 1682
1566920 1683
1566930 1682
1566940 1682
1566950 1680
1566960 1679
1566970 1678
1566980 1678
1566990 1677
1567000 1677
1567010 1677
1567020 1676
1567030 1674
1567040 1674
1567050 1671
1567060 1669
1567070 1669
1567080 1664
1567090 1658
1567100 1658
1567110 1655
1567120 1655
1567130 1655
1567140 1654
1567150 1653
1567160 1653
1567170 1653
1567180 1653
1567190 1653
1567200 1653
1567210 1651
1567220 1651
1567230 1651
1567240 1649
1567250 1649
1567260 1649
1567270 1649
1567280 1649
1567290 1648
1567300 1649
1567310 1649
1567320 1650
1567330 1650
1567340 1649
1567350 1649
1567360 1650
1567370 1651
1567380 1651
1567390 1651
1567400 1651
1567410 1651
1567420 1653
1567430 1657
1567440 1657
1567450 1660
1567460 1663
1567470 1663
1567480 1661
1567490 1662
1567500 1662
1567510 1665
1567520 1666
1567530 1666
1567540 1665
1567550 1664
1567560 1664
1567570 1662
1567580 1659
1567590 1659
1567600 1655
1567610 1651
1567620 1651
1567630 1652
1567640 1654
1567650 1654
1567660 1653
1567670 1651
1567680 1651
1567690 1648
1567700 1646
1567710 1646
1567720 1644
1567730 1644
1567740 1643
1567750 1643
1567760 1647
1567770 1652
1567780 1652
1567790 1655
1567800 1656
1567810 1656
1567820 1657
1567830 1656
1567840 1656
1567850 1653
1567860 1649
1567870 1649
1567880 1646
1567890 1647
1567900 1647
1567910 1650
1567920 1653
1567930 1653
1567940 1649
1567950 1643
1567960 1643
1567970 1640
1567980 1638
1567990 1638
1568000 1638
1568010 1639
1568020 1639
1568030 1639
1568040 1640
1568050 1640
1568060 1640
1568070 1640
1568080 1640
1568090 1640
1568100 1640
1568110 1640
1568120 1641
1568130 1641
1568140 1642
1568150 1642
1568160 1641
1568170 1641
1568180 1641
1568190 1642
1568200 1642
1568210 1642
1568220 1643
1568230 1643
1568240 1643
1568250 1644
1568260 1645
1568270 1645
1568280 1646
1568290 1647
1568300 1647
1568310 1647
1568320 1648
1568330 1648
1568340 1648
1568350 1649
1568360 1649
1568370 1649
1568380 1649
1568390 1649
1568400 1648
1568410 1648
1568420 1648
1568430 1648
1568440 1648
1568450 1648
1568460 1647
1568470 1645
1568480 1645
1568490 1645
1568500 1643
1568510 1643
1568520 1642
1568530 1642
1568540 1642
1568550 1642
1568560 1643
1568570 1644
1568580 1644
1568590 1645
1568600 1646
1568610 1646
1568620 1648
1568630 1650
1568640 1650
1568650 1651
1568660 1654
1568670 1654
1568680 1657
1568690 1659
1568700 1659
1568710 1660
1568720 1659
1568730 1659
1568740 1659
1568750 1657
1568760 1657
1568770 1655
1568780 1652
1568790 1652
1568800 1649
1568810 1646
1568820 1646
1568830 1644
1568840 1643
1568850 1643
1568860 1642
1568870 1642
1568880 1642
1568890 1643
1568900 1645
1568910 1648
1568920 1648
1568930 1650
1568940 1652
1568950 1652
1568960 1655
1568970 1659
1568980 1659
1568990 1665
1569000 1669
1569010 1669
1569020 1670
1569030 1671
1569040 1671
1569050 1671
1569060 1669
1569070 1669
1569080 1657
1569090 1635
1569100 1635
1569110 1626
1569120 1619
1569130 1619
1569140 1612
1569150 1607
1569160 1607
1569170 1603
1569180 1598
1569190 1598
1569200 1593
1569210 1589
1569220 1589
1569230 1586
1569240 1586
1569250 1586
1569260 1586
1569270 1587
1569280 1587
1569290 1589
1569300 1595
1569310 1602
1569320 1602
1569330 1604
1569340 1597
1569350 1597
1569360 1590
1569370 1572
1569380 1572
1569390 1567
1569400 1562
1569410 1562
1569420 1559
1569430 1556
1569440 1556
1569450 1553
1569460 1549
1569470 1549
1569480 1545
1569490 1542
1569500 1542
1569510 1538
1569520 1533
1569530 1528
1569540 1522
1569550 1517
1569560 1517
1569570 1513
1569580 1509
1569590 1509
1569600 1504
1569610 1500
1569620 1500
1569630 1497
1569640 1493
1569650 1493
1569660 1488
1569670 1483
1569680 1483
1569690 1478
1569700 1473
1569710 1468
1569720 1468
1569730 1464
1569740 1460
1569750 1460
1569760 1455
1569770 1451
1569780 1451
1569790 1447
1569800 1443
1569810 1443
1569820 1439
1569830 1435
1569840 1435
1569850 1431
1569860 1428
1569870 1428
1569880 1425
1569890 1421
1569900 1421
1569910 1413
1569920 1405
1569930 1405
1569940 1398
1569950 1393
1569960 1393
1569970 1387
1569980 1381
1569990 1381
1570000 1376
1570010 1375
1570020 1375
1570030 1376
1570040 1383
1570050 1383
1570060 1390
1570070 1396
1570080 1402
1570090 1402
1570100 1408
1570110 1414
1570120 1414
1570130 1420
1570140 1425
1570150 1425
1570160 1430
1570170 1434
1570180 1434
1570190 1438
1570200 1442
1570210 1442
1570220 1445
1570230 1449
1570240 1449
1570250 1452
1570260 1455
1570270 1455
1570280 1457
1570290 1458
1570300 1458
1570310 1459
1570320 1459
1570330 1459
1570340 1459
1570350 1460
1570360 1460
1570370 1459
1570380 1459
1570390 1459
1570400 1459
1570410 1459
1570420 1459
1570430 1459
1570440 1458
1570450 1458
1570460 1459
1570470 1461
1570480 1463
1570490 1463
1570500 1465
1570510 1468
1570520 1468
1570530 1471
1570540 1473
1570550 1473
1570560 1474
1570570 1477
1570580 1477
1570590 1480
1570600 1483
1570610 1483
1570620 1486
1570630 1489
1570640 1489
1570650 1492
1570660 1495
1570670 1495
1570680 1498
1570690 1500
1570700 1500
1570710 1503
1570720 1505
1570730 1505
1570740 1508
1570750 1511
1570760 1511
1570770 1515
1570780 1518
1570790 1518
1570800 1521
1570810 1527
1570820 1527
1570830 1539
1570840 1555
1570850 1555
1570860 1569
1570870 1576
1570880 1576
1570890 1576
1570900 1579
1570910 1585
1570920 1585
1570930 1589
1570940 1592
1570950 1592
1570960 1594
1570970 1598
1570980 1598
1570990 1602
1571000 1609
1571010 1609
1571020 1609
1571030 1614
1571040 1614
1571050 1618
1571060 1623
1571070 1623
1571080 1629
1571090 1635
1571100 1635
1571110 1641
1571120 1647
1571130 1647
1571140 1653
1571150 1659
1571160 1659
1571170 1666
1571180 1671
1571190 1671
1571200 1677
1571210 1682
1571220 1682
1571230 1687
1571240 1692
1571250 1692
1571260 1698
1571270 1704
1571280 1708
1571290 1708
1571300 1711
1571310 1713
1571320 1713
1571330 1715
1571340 1718
1571350 1718
1571360 1722
1571370 1725
1571380 1725
1571390 1727
1571400 1729
1571410 1729
1571420 1729
1571430 1729
1571440 1729
1571450 1729
1571460 1730
1571470 1730
1571480 1731
1571490 1732
1571500 1732
1571510 1734
1571520 1735
1571530 1735
1571540 1736
1571550 1737
1571560 1737
1571570 1738
1571580 1740
1571590 1740
1571600 1741
1571610 1743
1571620 1743
1571630 1744
1571640 1746
1571650 1747
1571660 1747
1571670 1749
1571680 1750
1571690 1750
1571700 1751
1571710 1751
1571720 1751
1571730 1752
1571740 1755
1571750 1755
1571760 1758
1571770 1761
1571780 1761
1571790 1765
1571800 1769
1571810 1769
1571820 1772
1571830 1776
1571840 1776
1571850 1780
1571860 1785
1571870 1785
1571880 1788
1571890 1791
1571900 1791
1571910 1794
1571920 1796
1571930 1796
1571940 1797
1571950 1798
1571960 1798
1571970 1800
1571980 1802
1571990 1802
1572000 1803
1572010 1805
1572020 1805
1572030 1806
1572040 1808
1572050 1809
1572060 1809
1572070 1811
1572080 1812
1572090 1812
1572100 1813
1572110 1814
1572120 1814
1572130 1815
1572140 1817
1572150 1817
1572160 1818
1572170 1819
1572180 1819
1572190 1820
1572200 1821
1572210 1821
1572220 1822
1572230 1822
1572240 1822
1572250 1822
1572260 1822
1572270 1822
1572280 1823
1572290 1824
1572300 1824
1572310 1825
1572320 1826
1572330 1826
1572340 1827
1572350 1829
1572360 1829
1572370 1831
1572380 1832
1572390 1832
1572400 1835
1572410 1836
1572420 1836
1572430 1837
1572440 1838
1572450 1840
1572460 1840
1572470 1841
1572480 1843
1572490 1843
1572500 1845
1572510 1846
1572520 1846
1572530 1848
1572540 1850
1572550 1850
1572560 1852
1572570 1853
1572580 1853
1572590 1854
1572600 1855
1572610 1855
1572620 1856
1572630 1857
1572640 1857
1572650 1857
1572660 1858
1572670 1858
1572680 1858
1572690 1858
1572700 1858
1572710 1858
1572720 1858
1572730 1858
1572740 1858
1572750 1856
1572760 1856
1572770 1855
1572780 1853
1572790 1853
1572800 1852
1572810 1850
1572820 1850
1572830 1848
1572840 1847
1572850 1847
1572860 1847
1572870 1846
1572880 1845
1572890 1845
1572900 1845
1572910 1845
1572920 1845
1572930 1845
1572940 1844
1572950 1844
1572960 1843
1572970 1843
1572980 1843
1572990 1841
1573000 1840
1573010 1840
1573020 1839
1573030 1837
1573040 1837
1573050 1835
1573060 1827
1573070 1827
1573080 1817
1573090 1812
1573100 1812
1573110 1810
1573120 1804
1573130 1804
1573140 1797
1573150 1790
1573160 1790
1573170 1781
1573180 1776
1573190 1776
1573200 1772
1573210 1768
1573220 1762
1573230 1762
1573240 1759
1573250 1754
1573260 1754
1573270 1749
1573280 1745
1573290 1745
1573300 1742
1573310 1740
1573320 1740
1573330 1738
1573340 1735
1573350 1735
1573360 1733
1573370 1730
1573380 1730
1573390 1726
1573400 1722
1573410 1722
1573420 1718
1573430 1714
1573440 1714
1573450 1710
1573460 1705
1573470 1705
1573480 1699
1573490 1694
1573500 1694
1573510 1689
1573520 1685
1573530 1685
1573540 1681
1573550 1677
1573560 1677
1573570 1679
1573580 1687
1573590 1687
1573600 1692
1573610 1698
1573620 1704
1573630 1704
1573640 1711
1573650 1717
1573660 1717
1573670 1722
1573680 1726
1573690 1726
1573700 1729
1573710 1730
1573720 1730
1573730 1731
1573740 1733
1573750 1733
1573760 1734
1573770 1736
1573780 1736
1573790 1737
1573800 1737
1573810 1737
1573820 1738
1573830 1738
1573840 1738
1573850 1738
1573860 1738
1573870 1738
1573880 1737
1573890 1736
1573900 1736
1573910 1737
1573920 1739
1573930 1739
1573940 1744
1573950 1745
1573960 1745
1573970 1746
1573980 1747
1573990 1747
1574000 1748
1574010 1749
1574020 1749
1574030 1749
1574040 1749
1574050 1750
1574060 1750
1574070 1750
1574080 1753
1574090 1753
1574100 1756
1574110 1758
1574120 1758
1574130 1761
1574140 1763
1574150 1763
1574160 1765
1574170 1767
1574180 1767
1574190 1770
1574200 1774
1574210 1774
1574220 1777
1574230 1780
1574240 1780
1574250 1782
1574260 1784
1574270 1784
1574280 1786
1574290 1788
1574300 1788
1574310 1789
1574320 1790
1574330 1790
1574340 1791
1574350 1792
1574360 1792
1574370 1793
1574380 1794
1574390 1794
1574400 1794
1574410 1795
1574420 1795
1574430 1795
1574440 1795
1574450 1795
1574460 1795
1574470 1796
1574480 1796
1574490 1796
1574500 1796
1574510 1795
1574520 1795
1574530 1795
1574540 1795
1574550 1795
1574560 1795
1574570 1795
1574580 1795
1574590 1794
1574600 1795
1574610 1795
1574620 1796
1574630 1797
1574640 1797
1574650 1796
1574660 1796
1574670 1796
1574680 1796
1574690 1796
1574700 1796
1574710 1797
1574720 1797
1574730 1797
1574740 1797
1574750 1798
1574760 1798
1574770 1798
1574780 1799
1574790 1800
1574800 1800
1574810 1800
1574820 1801
1574830 1801
1574840 1801
1574850 1802
1574860 1802
1574870 1802
1574880 1803
1574890 1803
1574900 1803
1574910 1804
1574920 1804
1574930 1804
1574940 1804
1574950 1804
1574960 1805
1574970 1805
1574980 1805
1574990 1805
1575000 1806
1575010 1806
1575020 1806
1575030 1806
1575040 1806
1575050 1807
1575060 1807
1575070 1807
1575080 1807
1575090 1807
1575100 1807
1575110 1807
1575120 1807
1575130 1807
1575140 1808
1575150 1809
1575160 1809
1575170 1810
1575180 1811
1575190 1810
1575200 1810
1575210 1810
1575220 1810
1575230 1810
1575240 1811
1575250 1811
1575260 1811
1575270 1810
1575280 1812
1575290 1812
1575300 1812
1575310 1810
1575320 1810
1575330 1810
1575340 1811
1575350 1811
1575360 1809
1575370 1812
1575380 1812
1575390 1810
1575400 1809
1575410 1809
1575420 1809
1575430 1810
1575440 1810
1575450 1811
1575460 1810
1575470 1810
1575480 1810
1575490 1811
1575500 1811
1575510 1811
1575520 1812
1575530 1812
1575540 1813
1575550 1814
1575560 1814
1575570 1814
1575580 1814
1575590 1813
1575600 1813
1575610 1813
1575620 1814
1575630 1814
1575640 1814
1575650 1814
1575660 1814
1575670 1815
1575680 1815
1575690 1815
1575700 1815
1575710 1818
1575720 1818
1575730 1818
1575740 1816
1575750 1816
1575760 1813
1575770 1812
1575780 1812
1575790 1813
1575800 1814
1575810 1814
1575820 1813
1575830 1811
1575840 1811
1575850 1810
1575860 1810
1575870 1810
1575880 1810
1575890 1810
1575900 1810
1575910 1810
1575920 1811
1575930 1811
1575940 1812
1575950 1812
1575960 1812
1575970 1814
1575980 1815
1575990 1815
1576000 1815
1576010 1816
1576020 1816
1576030 1816
1576040 1817
1576050 1818
1576060 1818
1576070 1820
1576080 1820
1576090 1820
1576100 1821
1576110 1821
1576120 1821
1576130 1822
1576140 1823
1576150 1823
1576160 1824
1576170 1825
1576180 1825
1576190 1826
1576200 1826
1576210 1826
1576220 1827
1576230 1827
1576240 1827
1576250 1827
1576260 1827
1576270 1827
1576280 1827
1576290 1827
1576300 1827
1576310 1827
1576320 1827
1576330 1827
1576340 1827
1576350 1828
1576360 1828
1576370 1828
1576380 1828
1576390 1828
1576400 1828
1576410 1829
1576420 1829
1576430 1829
1576440 1829
1576450 1830
1576460 1830
1576470 1830
1576480 1830
1576490 1830
1576500 1830
1576510 1830
1576520 1830
1576530 1830
1576540 1830
1576550 1830
1576560 1830
1576570 1829
1576580 1829
1576590 1828
1576600 1826
1576610 1826
1576620 1823
1576630 1821
1576640 1821
1576650 1819
1576660 1817
1576670 1817
1576680 1815
1576690 1814
1576700 1814
1576710 1814
1576720 1812
1576730 1812
1576740 1810
1576750 1810
1576760 1809
1576770 1810
1576780 1809
1576790 1809
1576800 1809
1576810 1809
1576820 1810
1576830 1810
1576840 1810
1576850 1811
1576860 1811
1576870 1807
1576880 1805
1576890 1805
1576900 1807
1576910 1809
1576920 1809
1576930 1807
1576940 1806
1576950 1806
1576960 1806
1576970 1807
1576980 1807
1576990 1810
1577000 1809
1577010 1809
1577020 1809
1577030 1809
1577040 1809
1577050 1809
1577060 1809
1577070 1809
1577080 1807
1577090 1801
1577100 1801
1577110 1796
1577120 1791
1577130 1791
1577140 1784
1577150 1781
1577160 1782
1577170 1782
1577180 1785
1577190 1787
1577200 1787
1577210 1787
1577220 1786
1577230 1786
1577240 1785
1577250 1785
1577260 1785
1577270 1789
1577280 1790
1577290 1790
1577300 1787
1577310 1787
1577320 1787
1577330 1791
1577340 1793
1577350 1793
1577360 1795
1577370 1795
1577380 1795
1577390 1799
1577400 1804
1577410 1804
1577420 1811
1577430 1817
1577440 1817
1577450 1822
1577460 1823
1577470 1823
1577480 1823
1577490 1823
1577500 1823
1577510 1823
1577520 1822
1577530 1822
1577540 1821
1577550 1819
1577560 1818
1577570 1818
1577580 1818
1577590 1816
1577600 1816
1577610 1815
1577620 1814
1577630 1814
1577640 1813
1577650 1813
1577660 1813
1577670 1813
1577680 1813
1577690 1813
1577700 1813
1577710 1813
1577720 1813
1577730 1813
1577740 1814
1577750 1814
1577760 1813
1577770 1813
1577780 1813
1577790 1814
1577800 1813
1577810 1813
1577820 1813
1577830 1812
1577840 1812
1577850 1811
1577860 1812
1577870 1812
1577880 1813
1577890 1813
1577900 1813
1577910 1812
1577920 1811
1577930 1811
1577940 1811
1577950 1813
1577960 1813
1577970 1813
1577980 1812
1577990 1812
1578000 1812
1578010 1813
1578020 1814
1578030 1814
1578040 1813
1578050 1813
1578060 1813
1578070 1813
1578080 1812
1578090 1812
1578100 1811
1578110 1811
1578120 1811
1578130 1810
1578140 1811
1578150 1811
1578160 1810
1578170 1809
1578180 1809
1578190 1809
1578200 1808
1578210 1808
1578220 1807
1578230 1806
1578240 1806
1578250 1807
1578260 1807
1578270 1807
1578280 1804
1578290 1803
1578300 1803
1578310 1804
1578320 1804
1578330 1803
1578340 1803
1578350 1803
1578360 1803
1578370 1803
1578380 1803
1578390 1805
1578400 1805
1578410 1806
1578420 1805
1578430 1805
1578440 1805
1578450 1807
1578460 1807
1578470 1807
1578480 1807
1578490 1807
1578500 1807
1578510 1807
1578520 1807
1578530 1806
1578540 1803
1578550 1803
1578560 1801
1578570 1800
1578580 1800
1578590 1798
1578600 1796
1578610 1796
1578620 1796
1578630 1794
1578640 1794
1578650 1791
1578660 1789
1578670 1789
1578680 1784
1578690 1782
1578700 1782
1578710 1782
1578720 1784
1578730 1788
1578740 1788
1578750 1790
1578760 1791
1578770 1791
1578780 1791
1578790 1791
1578800 1791
1578810 1789
1578820 1787
1578830 1787
1578840 1784
1578850 1785
1578860 1785
1578870 1785
1578880 1784
1578890 1784
1578900 1782
1578910 1782
1578920 1782
1578930 1781
1578940 1782
1578950 1782
1578960 1781
1578970 1780
1578980 1780
1578990 1780
1579000 1781
1579010 1781
1579020 1778
1579030 1774
1579040 1774
1579050 1773
1579060 1771
1579070 1771
1579080 1769
1579090 1768
1579100 1768
1579110 1768
1579120 1765
1579130 1765
1579140 1765
1579150 1762
1579160 1760
1579170 1760
1579180 1759
1579190 1758
1579200 1758
1579210 1754
1579220 1752
1579230 1752
1579240 1749
1579250 1751
1579260 1751
1579270 1750
1579280 1747
1579290 1747
1579300 1745
1579310 1743
1579320 1743
1579330 1741
1579340 1741
1579350 1741
1579360 1736
1579370 1730
1579380 1730
1579390 1730
1579400 1732
1579410 1732
1579420 1731
1579430 1728
1579440 1728
1579450 1726
1579460 1724
1579470 1724
1579480 1721
1579490 1722
1579500 1719
1579510 1719
1579520 1719
1579530 1717
1579540 1717
1579550 1718
1579560 1717
1579570 1717
1579580 1717
1579590 1717
1579600 1717
1579610 1715
1579620 1714
1579630 1714
1579640 1714
1579650 1713
1579660 1713
1579670 1711
1579680 1711
1579690 1711
1579700 1711
1579710 1710
1579720 1710
1579730 1707
1579740 1705
1579750 1705
1579760 1702
1579770 1700
1579780 1700
1579790 1699
1579800 1697
1579810 1697
1579820 1694
1579830 1692
1579840 1692
1579850 1691
1579860 1690
1579870 1690
1579880 1691
1579890 1691
1579900 1690
1579910 1690
1579920 1688
1579930 1686
1579940 1686
1579950 1685
1579960 1686
1579970 1686
1579980 1686
1579990 1685
