1560000 1869
1560010 1875
1560020 1875
1560030 1878
1560040 1885
1560050 1885
1560060 1887
1560070 1887
1560080 1887
1560090 1890
1560100 1892
1560110 1892
1560120 1896
1560130 1899
1560140 1899
1560150 1904
1560160 1905
1560170 1905
1560180 1906
1560190 1907
1560200 1907
1560210 1907
1560220 1903
1560230 1903
1560240 1899
1560250 1897
1560260 1897
1560270 1904
1560280 1908
1560290 1908
1560300 1911
1560310 1920
1560320 1920
1560330 1927
1560340 1928
1560350 1930
1560360 1930
1560370 1930
1560380 1925
1560390 1925
1560400 1915
1560410 1905
1560420 1905
1560430 1903
1560440 1913
1560450 1913
1560460 1926
1560470 1934
1560480 1934
1560490 1939
1560500 1941
1560510 1941
1560520 1941
1560530 1940
1560540 1940
1560550 1939
1560560 1941
1560570 1941
1560580 1943
1560590 1946
1560600 1946
1560610 1953
1560620 1961
1560630 1961
1560640 1969
1560650 1976
1560660 1976
1560670 1985
1560680 1990
1560690 1990
1560700 1997
1560710 2003
1560720 2003
1560730 2010
1560740 2015
1560750 2024
1560760 2024
1560770 2033
1560780 2037
1560790 2037
1560800 2038
1560810 2039
1560820 2039
1560830 2043
1560840 2047
1560850 2050
1560860 2054
1560870 2058
1560880 2058
1560890 2062
1560900 2066
1560910 2066
1560920 2070
1560930 2073
1560940 2073
1560950 2077
1560960 2081
1560970 2081
1560980 2084
1560990 2088
1561000 2088
1561010 2093
1561020 2097
1561030 2097
1561040 2100
1561050 2104
1561060 2104
1561070 2107
1561080 2110
1561090 2110
1561100 2111
1561110 2109
1561120 2109
1561130 2106
1561140 2105
1561150 2108
1561160 2108
1561170 2111
1561180 2098
1561190 2098
1561200 2083
1561210 2075
1561220 2075
1561230 2068
1561240 2062
1561250 2062
1561260 2056
1561270 2049
1561280 2049
1561290 2041
1561300 2035
1561310 2035
1561320 2030
1561330 2024
1561340 2024
1561350 2018
1561360 2013
1561370 2013
1561380 2008
1561390 2003
1561400 2003
1561410 2000
1561420 1996
1561430 1996
1561440 1993
1561450 1991
1561460 1991
1561470 1988
1561480 1984
1561490 1984
1561500 1983
1561510 1981
1561520 1981
1561530 1977
1561540 1981
1561550 1986
1561560 1986
1561570 1991
1561580 1999
1561590 1999
1561600 2006
1561610 2013
1561620 2013
1561630 2020
1561640 2028
1561650 2028
1561660 2037
1561670 2051
1561680 2051
1561690 2065
1561700 2073
1561710 2073
1561720 2081
1561730 2088
1561740 2088
1561750 2097
1561760 2106
1561770 2106
1561780 2112
1561790 2120
1561800 2120
1561810 2127
1561820 2132
1561830 2132
1561840 2137
1561850 2140
1561860 2140
1561870 2144
1561880 2150
1561890 2150
1561900 2153
1561910 2156
1561920 2156
1561930 2158
1561940 2160
1561950 2161
1561960 2161
1561970 2163
1561980 2164
1561990 2164
1562000 2165
1562010 2167
1562020 2167
1562030 2167
1562040 2168
1562050 2168
1562060 2167
1562070 2167
1562080 2167
1562090 2166
1562100 2165
1562110 2165
1562120 2164
1562130 2164
1562140 2164
1562150 2162
1562160 2161
1562170 2161
1562180 2159
1562190 2158
1562200 2158
1562210 2157
1562220 2156
1562230 2156
1562240 2155
1562250 2155
1562260 2155
1562270 2155
1562280 2156
1562290 2156
1562300 2156
1562310 2155
1562320 2151
1562330 2151
1562340 2143
1562350 2131
1562360 2131
1562370 2109
1562380 2093
1562390 2093
1562400 2087
1562410 2077
1562420 2077
1562430 2066
1562440 2060
1562450 2060
1562460 2058
1562470 2056
1562480 2056
1562490 2052
1562500 2044
1562510 2044
1562520 2038
1562530 2028
1562540 2028
1562550 2023
1562560 2020
1562570 2020
1562580 2015
1562590 2012
1562600 2012
1562610 2012
1562620 2012
1562630 2012
1562640 2011
1562650 2011
1562660 2011
1562670 2015
1562680 2019
1562690 2019
1562700 2020
1562710 2018
1562720 2016
1562730 2016
1562740 2014
1562750 2012
1562760 2012
1562770 2008
1562780 2003
1562790 2003
1562800 2000
1562810 1996
1562820 1996
1562830 1994
1562840 1993
1562850 1993
1562860 1990
1562870 1988
1562880 1988
1562890 1988
1562900 1988
1562910 1988
1562920 1986
1562930 1984
1562940 1984
1562950 1983
1562960 1983
1562970 1983
1562980 1984
1562990 1983
1563000 1983
1563010 1981
1563020 1983
1563030 1983
1563040 1983
1563050 1982
1563060 1982
1563070 1981
1563080 1981
1563090 1981
1563100 1980
1563110 1976
1563120 1974
1563130 1974
1563140 1973
1563150 1972
1563160 1972
1563170 1972
1563180 1972
1563190 1972
1563200 1969
1563210 1965
1563220 1965
1563230 1962
1563240 1960
1563250 1960
1563260 1959
1563270 1956
1563280 1956
1563290 1956
1563300 1956
1563310 1956
1563320 1952
1563330 1952
1563340 1952
1563350 1954
1563360 1954
1563370 1954
1563380 1953
1563390 1951
1563400 1951
1563410 1949
1563420 1949
1563430 1949
1563440 1946
1563450 1946
1563460 1946
1563470 1945
1563480 1944
1563490 1944
1563500 1943
1563510 1943
1563520 1945
1563530 1945
1563540 1946
1563550 1946
1563560 1946
1563570 1945
1563580 1945
1563590 1945
1563600 1947
1563610 1947
1563620 1947
1563630 1945
1563640 1943
1563650 1943
1563660 1939
1563670 1938
1563680 1938
1563690 1939
1563700 1938
1563710 1938
1563720 1941
1563730 1947
1563740 1947
1563750 1952
1563760 1954
1563770 1954
1563780 1953
1563790 1952
1563800 1952
1563810 1954
1563820 1954
1563830 1954
1563840 1959
1563850 1963
1563860 1963
1563870 1968
1563880 1972
1563890 1972
1563900 1976
1563910 1978
1563920 1980
1563930 1980
1563940 1985
1563950 1991
1563960 1991
1563970 1993
1563980 1993
1563990 1993
1564000 1995
1564010 1997
1564020 1997
1564030 1996
1564040 1990
1564050 1990
1564060 1985
1564070 1981
1564080 1981
1564090 1976
1564100 1966
1564110 1966
1564120 1953
1564130 1941
1564140 1939
1564150 1928
1564160 1918
1564170 1918
1564180 1908
1564190 1896
1564200 1896
1564210 1888
1564220 1879
1564230 1879
1564240 1873
1564250 1872
1564260 1872
1564270 1870
1564280 1866
1564290 1866
1564300 1859
1564310 1852
1564320 1841
1564330 1841
1564340 1834
1564350 1829
1564360 1829
1564370 1825
1564380 1818
1564390 1818
1564400 1810
1564410 1801
1564420 1801
1564430 1794
1564440 1793
1564450 1793
1564460 1796
1564470 1798
1564480 1798
1564490 1796
1564500 1795
1564510 1795
1564520 1796
1564530 1797
1564540 1797
1564550 1801
1564560 1806
1564570 1806
1564580 1812
1564590 1815
1564600 1815
1564610 1817
1564620 1821
1564630 1821
1564640 1826
1564650 1832
1564660 1832
1564670 1838
1564680 1846
1564690 1846
1564700 1855
1564710 1868
1564720 1890
1564730 1890
1564740 1912
1564750 1924
1564760 1924
1564770 1938
1564780 1962
1564790 1962
1564800 1979
1564810 1979
1564820 1979
1564830 1975
1564840 1976
1564850 1976
1564860 1977
1564870 1979
1564880 1979
1564890 1981
1564900 1984
1564910 1984
1564920 1986
1564930 1987
1564940 1987
1564950 1989
1564960 1990
1564970 1990
1564980 1993
1564990 1995
1565000 1995
1565010 1996
1565020 1996
1565030 1996
1565040 1998
1565050 1998
1565060 1998
1565070 1999
1565080 2000
1565090 2000
1565100 2002
1565110 2003
1565120 2004
1565130 2004
1565140 2006
1565150 2006
1565160 2006
1565170 2008
1565180 2011
1565190 2011
1565200 2015
1565210 2015
1565220 2015
1565230 2015
1565240 2015
1565250 2015
1565260 2014
1565270 2006
1565280 2006
1565290 1995
1565300 1983
1565310 1983
1565320 1974
1565330 1968
1565340 1968
1565350 1956
1565360 1945
1565370 1945
1565380 1938
1565390 1932
1565400 1932
1565410 1926
1565420 1920
1565430 1920
1565440 1915
1565450 1908
1565460 1908
1565470 1901
1565480 1890
1565490 1890
1565500 1879
1565510 1868
1565520 1859
1565530 1859
1565540 1850
1565550 1841
1565560 1841
1565570 1833
1565580 1824
1565590 1824
1565600 1817
1565610 1807
1565620 1807
1565630 1799
1565640 1791
1565650 1791
1565660 1783
1565670 1775
1565680 1775
1565690 1766
1565700 1758
1565710 1758
1565720 1749
1565730 1735
1565740 1731
1565750 1725
1565760 1721
1565770 1721
1565780 1715
1565790 1708
1565800 1708
1565810 1699
1565820 1693
1565830 1693
1565840 1687
1565850 1677
1565860 1677
1565870 1664
1565880 1655
1565890 1655
1565900 1642
1565910 1636
1565920 1632
1565930 1632
1565940 1630
1565950 1628
1565960 1628
1565970 1624
1565980 1621
1565990 1621
1566000 1621
1566010 1621
1566020 1621
1566030 1622
1566040 1622
1566050 1622
1566060 1624
1566070 1633
1566080 1633
1566090 1644
1566100 1651
1566110 1651
1566120 1654
1566130 1656
1566140 1656
1566150 1657
1566160 1658
1566170 1658
1566180 1660
1566190 1659
1566200 1659
1566210 1654
1566220 1649
1566230 1649
1566240 1646
1566250 1644
1566260 1644
1566270 1649
1566280 1660
1566290 1660
1566300 1678
1566310 1703
1566320 1707
1566330 1707
1566340 1682
1566350 1655
1566360 1655
1566370 1642
1566380 1634
1566390 1634
1566400 1623
1566410 1611
1566420 1611
1566430 1601
1566440 1595
1566450 1595
1566460 1589
1566470 1586
1566480 1586
1566490 1592
1566500 1598
1566510 1598
1566520 1604
1566530 1610
1566540 1610
1566550 1616
1566560 1624
1566570 1624
1566580 1627
1566590 1625
1566600 1625
1566610 1622
1566620 1620
1566630 1620
1566640 1625
1566650 1631
1566660 1631
1566670 1629
1566680 1626
1566690 1626
1566700 1630
1566710 1637
1566720 1646
1566730 1646
1566740 1657
1566750 1669
1566760 1669
1566770 1680
1566780 1689
1566790 1689
1566800 1701
1566810 1715
1566820 1715
1566830 1723
1566840 1731
1566850 1731
1566860 1740
1566870 1749
1566880 1749
1566890 1753
1566900 1755
1566910 1755
1566920 1756
1566930 1759
1566940 1759
1566950 1766
1566960 1772
1566970 1772
1566980 1776
1566990 1782
1567000 1782
1567010 1789
1567020 1794
1567030 1794
1567040 1798
1567050 1805
1567060 1805
1567070 1815
1567080 1827
1567090 1827
1567100 1839
1567110 1848
1567120 1855
1567130 1855
1567140 1857
1567150 1862
1567160 1862
1567170 1870
1567180 1887
1567190 1887
1567200 1911
1567210 1948
1567220 1948
1567230 1956
1567240 1953
1567250 1953
1567260 1923
1567270 1926
1567280 1926
1567290 1946
1567300 1945
1567310 1945
1567320 1968
1567330 1979
1567340 1979
1567350 1983
1567360 1986
1567370 1986
1567380 1988
1567390 1990
1567400 1990
1567410 1991
1567420 1991
1567430 1991
1567440 1990
1567450 1988
1567460 1988
1567470 1986
1567480 1983
1567490 1983
1567500 1981
1567510 1980
1567520 1979
1567530 1979
1567540 1978
1567550 1977
1567560 1977
1567570 1976
1567580 1975
1567590 1975
1567600 1975
1567610 1975
1567620 1975
1567630 1974
1567640 1974
1567650 1974
1567660 1974
1567670 1974
1567680 1974
1567690 1973
1567700 1973
1567710 1973
1567720 1972
1567730 1971
1567740 1971
1567750 1970
1567760 1970
1567770 1970
1567780 1969
1567790 1969
1567800 1969
1567810 1968
1567820 1969
1567830 1969
1567840 1969
1567850 1970
1567860 1970
1567870 1970
1567880 1971
1567890 1971
1567900 1972
1567910 1972
1567920 1973
1567930 1973
1567940 1974
1567950 1975
1567960 1975
1567970 1976
1567980 1977
1567990 1977
1568000 1979
1568010 1980
1568020 1980
1568030 1981
1568040 1982
1568050 1982
1568060 1983
1568070 1984
1568080 1984
1568090 1984
1568100 1985
1568110 1985
1568120 1986
1568130 1986
1568140 1986
1568150 1985
1568160 1985
1568170 1985
1568180 1984
1568190 1983
1568200 1983
1568210 1981
1568220 1979
1568230 1979
1568240 1978
1568250 1977
1568260 1977
1568270 1978
1568280 1978
1568290 1978
1568300 1979
1568310 1979
1568320 1980
1568330 1980
1568340 1981
1568350 1982
1568360 1982
1568370 1984
1568380 1987
1568390 1987
1568400 1990
1568410 1994
1568420 1994
1568430 1997
1568440 2000
1568450 2000
1568460 2003
1568470 2007
1568480 2007
1568490 2010
1568500 2013
1568510 2013
1568520 2017
1568530 2020
1568540 2020
1568550 2024
1568560 2028
1568570 2028
1568580 2032
1568590 2035
1568600 2035
1568610 2038
1568620 2043
1568630 2043
1568640 2049
1568650 2053
1568660 2053
1568670 2058
1568680 2063
1568690 2063
1568700 2069
1568710 2074
1568720 2080
1568730 2080
1568740 2085
1568750 2090
1568760 2090
1568770 2095
1568780 2101
1568790 2101
1568800 2106
1568810 2107
1568820 2107
1568830 2106
1568840 2087
1568850 2087
1568860 2078
1568870 2061
1568880 2061
1568890 2050
1568900 2042
1568910 2042
1568920 2036
1568930 2031
1568940 2031
1568950 2026
1568960 2022
1568970 2022
1568980 2017
1568990 2012
1569000 2012
1569010 2005
1569020 2000
1569030 2000
1569040 1993
1569050 1986
1569060 1986
1569070 1979
1569080 1974
1569090 1968
1569100 1968
1569110 1962
1569120 1956
1569130 1956
1569140 1950
1569150 1945
1569160 1945
1569170 1941
1569180 1935
1569190 1935
1569200 1930
1569210 1924
1569220 1924
1569230 1920
1569240 1914
1569250 1914
1569260 1908
1569270 1901
1569280 1901
1569290 1893
1569300 1885
1569310 1885
1569320 1877
1569330 1871
1569340 1871
1569350 1864
1569360 1858
1569370 1858
1569380 1849
1569390 1838
1569400 1838
1569410 1826
1569420 1818
1569430 1818
1569440 1813
1569450 1806
1569460 1806
1569470 1800
1569480 1795
1569490 1790
1569500 1790
1569510 1785
1569520 1781
1569530 1781
1569540 1775
1569550 1768
1569560 1768
1569570 1761
1569580 1755
1569590 1755
1569600 1748
1569610 1740
1569620 1740
1569630 1732
1569640 1725
1569650 1725
1569660 1718
1569670 1710
1569680 1710
1569690 1700
1569700 1691
1569710 1691
1569720 1685
1569730 1682
1569740 1682
1569750 1676
1569760 1668
1569770 1668
1569780 1659
1569790 1652
1569800 1652
1569810 1645
1569820 1640
1569830 1640
1569840 1644
1569850 1648
1569860 1648
1569870 1647
1569880 1645
1569890 1642
1569900 1642
1569910 1640
1569920 1640
1569930 1640
1569940 1643
1569950 1648
1569960 1648
1569970 1651
1569980 1650
1569990 1650
1570000 1650
1570010 1654
1570020 1654
1570030 1658
1570040 1661
1570050 1661
1570060 1661
1570070 1661
1570080 1661
1570090 1662
1570100 1661
1570110 1661
1570120 1661
1570130 1661
1570140 1661
1570150 1662
1570160 1663
1570170 1663
1570180 1663
1570190 1660
1570200 1660
1570210 1659
1570220 1658
1570230 1658
1570240 1656
1570250 1654
1570260 1654
1570270 1650
1570280 1642
1570290 1634
1570300 1634
1570310 1628
1570320 1623
1570330 1623
1570340 1614
1570350 1608
1570360 1608
1570370 1602
1570380 1598
1570390 1598
1570400 1594
1570410 1591
1570420 1591
1570430 1587
1570440 1582
1570450 1582
1570460 1578
1570470 1574
1570480 1574
1570490 1572
1570500 1569
1570510 1569
1570520 1565
1570530 1560
1570540 1560
1570550 1556
1570560 1552
1570570 1552
1570580 1548
1570590 1544
1570600 1544
1570610 1541
1570620 1537
1570630 1537
1570640 1533
1570650 1530
1570660 1530
1570670 1530
1570680 1530
1570690 1529
1570700 1529
1570710 1528
1570720 1526
1570730 1526
1570740 1526
1570750 1527
1570760 1527
1570770 1526
1570780 1525
1570790 1525
1570800 1527
1570810 1527
1570820 1527
1570830 1525
1570840 1528
1570850 1528
1570860 1531
1570870 1533
1570880 1533
1570890 1534
1570900 1536
1570910 1536
1570920 1539
1570930 1543
1570940 1543
1570950 1546
1570960 1549
1570970 1549
1570980 1551
1570990 1554
1571000 1554
1571010 1557
1571020 1560
1571030 1560
1571040 1563
1571050 1566
1571060 1566
1571070 1569
1571080 1573
1571090 1576
1571100 1576
1571110 1580
1571120 1584
1571130 1584
1571140 1587
1571150 1590
1571160 1590
1571170 1595
1571180 1599
1571190 1599
1571200 1604
1571210 1608
1571220 1608
1571230 1614
1571240 1619
1571250 1619
1571260 1625
1571270 1631
1571280 1631
1571290 1637
1571300 1643
1571310 1643
1571320 1648
1571330 1655
1571340 1655
1571350 1661
1571360 1668
1571370 1668
1571380 1676
1571390 1681
1571400 1681
1571410 1684
1571420 1687
1571430 1687
1571440 1689
1571450 1691
1571460 1691
1571470 1687
1571480 1678
1571490 1667
1571500 1667
1571510 1657
1571520 1644
1571530 1644
1571540 1634
1571550 1626
1571560 1626
1571570 1620
1571580 1613
1571590 1613
1571600 1608
1571610 1606
1571620 1606
1571630 1604
1571640 1600
1571650 1600
1571660 1595
1571670 1589
1571680 1589
1571690 1583
1571700 1576
1571710 1576
1571720 1571
1571730 1566
1571740 1566
1571750 1562
1571760 1561
1571770 1561
1571780 1557
1571790 1550
1571800 1550
1571810 1549
1571820 1561
1571830 1561
1571840 1567
1571850 1574
1571860 1574
1571870 1582
1571880 1588
1571890 1589
1571900 1589
1571910 1591
1571920 1594
1571930 1594
1571940 1598
1571950 1602
1571960 1602
1571970 1606
1571980 1610
1571990 1610
1572000 1614
1572010 1619
1572020 1619
1572030 1624
1572040 1629
1572050 1629
1572060 1634
1572070 1640
1572080 1640
1572090 1646
1572100 1647
1572110 1647
1572120 1648
1572130 1652
1572140 1652
1572150 1657
1572160 1656
1572170 1656
1572180 1654
1572190 1651
1572200 1651
1572210 1648
1572220 1642
1572230 1642
1572240 1633
1572250 1627
1572260 1627
1572270 1622
1572280 1619
1572290 1614
1572300 1614
1572310 1608
1572320 1601
1572330 1601
1572340 1590
1572350 1575
1572360 1575
1572370 1562
1572380 1550
1572390 1550
1572400 1538
1572410 1533
1572420 1533
1572430 1539
1572440 1548
1572450 1548
1572460 1551
1572470 1551
1572480 1551
1572490 1550
1572500 1551
1572510 1551
1572520 1552
1572530 1551
1572540 1551
1572550 1547
1572560 1546
1572570 1546
1572580 1550
1572590 1551
1572600 1551
1572610 1552
1572620 1552
1572630 1552
1572640 1549
1572650 1545
1572660 1545
1572670 1542
1572680 1540
1572690 1536
1572700 1536
1572710 1532
1572720 1530
1572730 1530
1572740 1526
1572750 1522
1572760 1522
1572770 1516
1572780 1513
1572790 1513
1572800 1513
1572810 1512
1572820 1512
1572830 1508
1572840 1508
1572850 1508
1572860 1506
1572870 1503
1572880 1503
1572890 1500
1572900 1498
1572910 1498
1572920 1497
1572930 1495
1572940 1495
1572950 1494
1572960 1493
1572970 1493
1572980 1491
1572990 1488
1573000 1488
1573010 1487
1573020 1487
1573030 1487
1573040 1488
1573050 1487
1573060 1487
1573070 1486
1573080 1485
1573090 1485
1573100 1485
1573110 1483
1573120 1483
1573130 1483
1573140 1484
1573150 1485
1573160 1485
1573170 1484
1573180 1484
1573190 1484
1573200 1484
1573210 1484
1573220 1484
1573230 1483
1573240 1482
1573250 1482
1573260 1481
1573270 1480
1573280 1481
1573290 1480
1573300 1479
1573310 1479
1573320 1478
1573330 1478
1573340 1478
1573350 1477
1573360 1475
1573370 1475
1573380 1475
1573390 1475
1573400 1475
1573410 1475
1573420 1475
1573430 1475
1573440 1475
1573450 1475
1573460 1475
1573470 1475
1573480 1476
1573490 1476
1573500 1476
1573510 1476
1573520 1476
1573530 1476
1573540 1476
1573550 1477
1573560 1477
1573570 1477
1573580 1477
1573590 1477
1573600 1478
1573610 1478
1573620 1478
1573630 1479
1573640 1479
1573650 1479
1573660 1481
1573670 1482
1573680 1482
1573690 1483
1573700 1484
1573710 1484
1573720 1483
1573730 1483
1573740 1483
1573750 1484
1573760 1485
1573770 1485
1573780 1486
1573790 1487
1573800 1487
1573810 1487
1573820 1487
1573830 1487
1573840 1488
1573850 1488
1573860 1488
1573870 1489
1573880 1489
1573890 1490
1573900 1490
1573910 1490
1573920 1490
1573930 1490
1573940 1490
1573950 1490
1573960 1490
1573970 1490
1573980 1491
1573990 1491
1574000 1493
1574010 1496
1574020 1496
1574030 1498
1574040 1501
1574050 1501
1574060 1503
1574070 1505
1574080 1505
1574090 1508
1574100 1511
1574110 1511
1574120 1515
1574130 1518
1574140 1518
1574150 1522
1574160 1526
1574170 1526
1574180 1531
1574190 1536
1574200 1536
1574210 1542
1574220 1547
1574230 1547
1574240 1554
1574250 1561
1574260 1561
1574270 1566
1574280 1568
1574290 1569
1574300 1569
1574310 1577
1574320 1586
1574330 1586
1574340 1591
1574350 1595
1574360 1595
1574370 1599
1574380 1601
1574390 1601
1574400 1604
1574410 1606
1574420 1606
1574430 1610
1574440 1614
1574450 1614
1574460 1615
1574470 1618
1574480 1618
1574490 1622
1574500 1628
1574510 1628
1574520 1632
1574530 1634
1574540 1634
1574550 1638
1574560 1641
1574570 1641
1574580 1644
1574590 1648
1574600 1648
1574610 1652
1574620 1656
1574630 1656
1574640 1659
1574650 1662
1574660 1662
1574670 1668
1574680 1673
1574690 1680
1574700 1680
1574710 1683
1574720 1684
1574730 1684
1574740 1689
1574750 1693
1574760 1693
1574770 1696
1574780 1698
1574790 1698
1574800 1701
1574810 1704
1574820 1704
1574830 1707
1574840 1708
1574850 1708
1574860 1710
1574870 1711
1574880 1711
1574890 1713
1574900 1717
1574910 1717
1574920 1720
1574930 1724
1574940 1724
1574950 1727
1574960 1730
1574970 1730
1574980 1733
1574990 1736
1575000 1736
1575010 1738
1575020 1740
1575030 1740
1575040 1741
1575050 1743
1575060 1743
1575070 1745
1575080 1747
1575090 1748
1575100 1748
1575110 1752
1575120 1755
1575130 1755
1575140 1759
1575150 1763
1575160 1763
1575170 1766
1575180 1768
1575190 1768
1575200 1770
1575210 1776
1575220 1776
1575230 1780
1575240 1782
1575250 1782
1575260 1783
1575270 1783
1575280 1783
1575290 1782
1575300 1780
1575310 1780
1575320 1776
1575330 1772
1575340 1772
1575350 1768
1575360 1765
1575370 1765
1575380 1762
1575390 1759
1575400 1759
1575410 1757
1575420 1754
1575430 1754
1575440 1752
1575450 1749
1575460 1749
1575470 1747
1575480 1744
1575490 1742
1575500 1742
1575510 1740
1575520 1738
1575530 1738
1575540 1736
1575550 1734
1575560 1734
1575570 1732
1575580 1730
1575590 1730
1575600 1729
1575610 1728
1575620 1728
1575630 1730
1575640 1734
1575650 1734
1575660 1737
1575670 1738
1575680 1738
1575690 1739
1575700 1740
1575710 1740
1575720 1741
1575730 1742
1575740 1742
1575750 1743
1575760 1744
1575770 1744
1575780 1744
1575790 1745
1575800 1745
1575810 1744
1575820 1745
1575830 1745
1575840 1745
1575850 1744
1575860 1744
1575870 1748
1575880 1754
1575890 1760
1575900 1760
1575910 1767
1575920 1774
1575930 1774
1575940 1781
1575950 1788
1575960 1788
1575970 1794
1575980 1800
1575990 1800
1576000 1806
1576010 1813
1576020 1813
1576030 1821
1576040 1827
1576050 1827
1576060 1834
1576070 1841
1576080 1841
1576090 1850
1576100 1858
1576110 1858
1576120 1866
1576130 1874
1576140 1874
1576150 1883
1576160 1891
1576170 1891
1576180 1897
1576190 1903
1576200 1903
1576210 1910
1576220 1917
1576230 1917
1576240 1922
1576250 1928
1576260 1928
1576270 1934
1576280 1939
1576290 1942
1576300 1942
1576310 1945
1576320 1948
1576330 1948
1576340 1952
1576350 1957
1576360 1957
1576370 1964
1576380 1970
1576390 1970
1576400 1978
1576410 1985
1576420 1985
1576430 1991
1576440 1997
1576450 1997
1576460 2003
1576470 2009
1576480 2009
1576490 2014
1576500 2020
1576510 2020
1576520 2025
1576530 2028
1576540 2028
1576550 2028
1576560 2027
1576570 2027
1576580 2025
1576590 2024
1576600 2024
1576610 2023
1576620 2020
1576630 2020
1576640 2018
1576650 2015
1576660 2015
1576670 2013
1576680 2010
1576690 2008
1576700 2008
1576710 2006
1576720 2004
1576730 2004
1576740 2002
1576750 2000
1576760 2000
1576770 1998
1576780 1996
1576790 1996
1576800 1994
1576810 1992
1576820 1992
1576830 1990
1576840 1988
1576850 1988
1576860 1985
1576870 1983
1576880 1983
1576890 1981
1576900 1979
1576910 1979
1576920 1976
1576930 1972
1576940 1972
1576950 1968
1576960 1962
1576970 1962
1576980 1953
1576990 1945
1577000 1945
1577010 1938
1577020 1930
1577030 1930
1577040 1924
1577050 1918
1577060 1918
1577070 1913
1577080 1906
1577090 1901
1577100 1901
1577110 1898
1577120 1896
1577130 1896
1577140 1893
1577150 1891
1577160 1891
1577170 1887
1577180 1882
1577190 1882
1577200 1879
1577210 1876
1577220 1876
1577230 1873
1577240 1871
1577250 1871
1577260 1869
1577270 1867
1577280 1867
1577290 1865
1577300 1863
1577310 1863
1577320 1861
1577330 1860
1577340 1860
1577350 1858
1577360 1854
1577370 1854
1577380 1851
1577390 1851
1577400 1851
1577410 1851
1577420 1853
1577430 1853
1577440 1852
1577450 1849
1577460 1849
1577470 1846
1577480 1843
1577490 1840
1577500 1840
1577510 1839
1577520 1837
1577530 1837
1577540 1835
1577550 1834
1577560 1834
1577570 1834
1577580 1835
1577590 1835
1577600 1835
1577610 1835
1577620 1835
1577630 1835
1577640 1836
1577650 1836
1577660 1836
1577670 1836
1577680 1836
1577690 1837
1577700 1838
1577710 1838
1577720 1840
1577730 1841
1577740 1841
1577750 1841
1577760 1842
1577770 1842
1577780 1846
1577790 1851
1577800 1851
1577810 1857
1577820 1861
1577830 1861
1577840 1865
1577850 1872
1577860 1880
1577870 1880
1577880 1888
1577890 1896
1577900 1896
1577910 1903
1577920 1910
1577930 1910
1577940 1917
1577950 1923
1577960 1923
1577970 1928
1577980 1934
1577990 1934
1578000 1940
1578010 1947
1578020 1947
1578030 1954
1578040 1961
1578050 1961
1578060 1968
1578070 1978
1578080 1978
1578090 1988
1578100 1993
1578110 1993
1578120 2000
1578130 2011
1578140 2011
1578150 2021
1578160 2025
1578170 2025
1578180 2026
1578190 2027
1578200 2027
1578210 2027
1578220 2028
1578230 2028
1578240 2028
1578250 2028
1578260 2028
1578270 2028
1578280 2027
1578290 2027
1578300 2027
1578310 2026
1578320 2024
1578330 2024
1578340 2020
1578350 2017
1578360 2017
1578370 2014
1578380 2012
1578390 2012
1578400 2010
1578410 2009
1578420 2009
1578430 2009
1578440 2007
1578450 2007
1578460 2006
1578470 2005
1578480 2005
1578490 2004
1578500 2003
1578510 2003
1578520 2002
1578530 2002
1578540 2002
1578550 2002
1578560 2002
1578570 2002
1578580 2002
1578590 2001
1578600 2001
1578610 1999
1578620 1996
1578630 1996
1578640 1992
1578650 1986
1578660 1980
1578670 1980
1578680 1973
1578690 1967
1578700 1967
1578710 1960
1578720 1951
1578730 1951
1578740 1939
1578750 1932
1578760 1932
1578770 1926
1578780 1919
1578790 1919
1578800 1914
1578810 1908
1578820 1908
1578830 1903
1578840 1894
1578850 1894
1578860 1887
1578870 1879
1578880 1879
1578890 1874
1578900 1867
1578910 1867
1578920 1863
1578930 1862
1578940 1862
1578950 1862
1578960 1859
1578970 1859
1578980 1854
1578990 1850
1579000 1850
1579010 1843
1579020 1837
1579030 1837
1579040 1829
1579050 1820
1579060 1812
1579070 1812
1579080 1807
1579090 1807
1579100 1807
1579110 1810
1579120 1815
1579130 1815
1579140 1821
1579150 1826
1579160 1826
1579170 1829
1579180 1831
1579190 1831
1579200 1832
1579210 1833
1579220 1833
1579230 1834
1579240 1835
1579250 1835
1579260 1834
1579270 1833
1579280 1833
1579290 1832
1579300 1830
1579310 1830
1579320 1828
1579330 1826
1579340 1826
1579350 1822
1579360 1819
1579370 1819
1579380 1815
1579390 1810
1579400 1810
1579410 1806
1579420 1801
1579430 1801
1579440 1797
1579450 1796
1579460 1797
1579470 1797
1579480 1800
1579490 1801
1579500 1801
1579510 1800
1579520 1798
1579530 1798
1579540 1794
1579550 1790
1579560 1790
1579570 1787
1579580 1786
1579590 1786
1579600 1785
1579610 1781
1579620 1781
1579630 1778
1579640 1777
1579650 1777
1579660 1776
1579670 1774
1579680 1774
1579690 1771
1579700 1773
1579710 1773
1579720 1773
1579730 1769
1579740 1769
1579750 1767
1579760 1767
1579770 1767
1579780 1768
1579790 1768
1579800 1768
1579810 1769
1579820 1769
1579830 1769
1579840 1767
1579850 1765
1579860 1763
1579870 1763
1579880 1762
1579890 1759
1579900 1759
1579910 1756
1579920 1756
1579930 1756
1579940 1756
1579950 1758
1579960 1758
1579970 1758
1579980 1757
1579990 1757
