1560000 1904
1560010 1903
1560020 1903
1560030 1906
1560040 1905
1560050 1905
1560060 1900
1560070 1895
1560080 1895
1560090 1894
1560100 1896
1560110 1896
1560120 1893
1560130 1894
1560140 1894
1560150 1892
1560160 1889
1560170 1890
1560180 1888
1560190 1883
1560200 1883
1560210 1877
1560220 1871
1560230 1871
1560240 1867
1560250 1862
1560260 1862
1560270 1859
1560280 1860
1560290 1860
1560300 1863
1560310 1863
1560320 1860
1560330 1860
1560340 1857
1560350 1852
1560360 1852
1560370 1846
1560380 1839
1560390 1839
1560400 1835
1560410 1832
1560420 1832
1560430 1827
1560440 1822
1560450 1822
1560460 1818
1560470 1816
1560480 1816
1560490 1813
1560500 1812
1560510 1812
1560520 1813
1560530 1815
1560540 1815
1560550 1816
1560560 1817
1560570 1817
1560580 1818
1560590 1820
1560600 1820
1560610 1823
1560620 1826
1560630 1826
1560640 1828
1560650 1830
1560660 1830
1560670 1833
1560680 1837
1560690 1837
1560700 1841
1560710 1848
1560720 1852
1560730 1852
1560740 1853
1560750 1854
1560760 1854
1560770 1856
1560780 1860
1560790 1860
1560800 1864
1560810 1868
1560820 1868
1560830 1871
1560840 1876
1560850 1876
1560860 1880
1560870 1884
1560880 1884
1560890 1890
1560900 1899
1560910 1899
1560920 1907
1560930 1910
1560940 1910
1560950 1914
1560960 1919
1560970 1919
1560980 1924
1560990 1930
1561000 1930
1561010 1935
1561020 1936
1561030 1936
1561040 1935
1561050 1936
1561060 1936
1561070 1937
1561080 1941
1561090 1941
1561100 1942
1561110 1947
1561120 1947
1561130 1948
1561140 1946
1561150 1945
1561160 1945
1561170 1943
1561180 1945
1561190 1945
1561200 1954
1561210 1959
1561220 1959
1561230 1963
1561240 1962
1561250 1962
1561260 1960
1561270 1961
1561280 1961
1561290 1959
1561300 1955
1561310 1955
1561320 1953
1561330 1950
1561340 1950
1561350 1949
1561360 1954
1561370 1954
1561380 1955
1561390 1951
1561400 1951
1561410 1945
1561420 1944
1561430 1944
1561440 1944
1561450 1946
1561460 1946
1561470 1950
1561480 1951
1561490 1951
1561500 1950
1561510 1948
1561520 1948
1561530 1946
1561540 1946
1561550 1945
1561560 1945
1561570 1947
1561580 1950
1561590 1950
1561600 1954
1561610 1956
1561620 1956
1561630 1960
1561640 1966
1561650 1966
1561660 1971
1561670 1973
1561680 1973
1561690 1975
1561700 1975
1561710 1975
1561720 1978
1561730 1981
1561740 1981
1561750 1983
1561760 1990
1561770 1990
1561780 1994
1561790 1993
1561800 1993
1561810 2000
1561820 2003
1561830 2003
1561840 1998
1561850 2001
1561860 2001
1561870 2004
1561880 2012
1561890 2012
1561900 2016
1561910 2014
1561920 2014
1561930 2014
1561940 2017
1561950 2022
1561960 2022
1561970 2028
1561980 2034
1561990 2034
1562000 2036
1562010 2037
1562020 2037
1562030 2040
1562040 2039
1562050 2039
1562060 2040
1562070 2043
1562080 2043
1562090 2048
1562100 2051
1562110 2051
1562120 2052
1562130 2056
1562140 2056
1562150 2053
1562160 2051
1562170 2051
1562180 2055
1562190 2060
1562200 2060
1562210 2062
1562220 2063
1562230 2063
1562240 2067
1562250 2067
1562260 2067
1562270 2067
1562280 2070
1562290 2070
1562300 2071
1562310 2076
1562320 2076
1562330 2080
1562340 2081
1562350 2081
1562360 2080
1562370 2079
1562380 2079
1562390 2079
1562400 2077
1562410 2076
1562420 2076
1562430 2077
1562440 2082
1562450 2082
1562460 2083
1562470 2085
1562480 2085
1562490 2088
1562500 2091
1562510 2091
1562520 2093
1562530 2095
1562540 2095
1562550 2099
1562560 2102
1562570 2102
1562580 2104
1562590 2106
1562600 2106
1562610 2107
1562620 2109
1562630 2109
1562640 2110
1562650 2112
1562660 2112
1562670 2114
1562680 2115
1562690 2115
1562700 2116
1562710 2117
1562720 2117
1562730 2118
1562740 2118
1562750 2118
1562760 2118
1562770 2119
1562780 2118
1562790 2118
1562800 2117
1562810 2117
1562820 2117
1562830 2116
1562840 2116
1562850 2116
1562860 2114
1562870 2112
1562880 2112
1562890 2110
1562900 2112
1562910 2112
1562920 2112
1562930 2117
1562940 2117
1562950 2122
1562960 2124
1562970 2124
1562980 2124
1562990 2123
1563000 2123
1563010 2123
1563020 2122
1563030 2122
1563040 2120
1563050 2120
1563060 2120
1563070 2118
1563080 2115
1563090 2115
1563100 2113
1563110 2107
1563120 2107
1563130 2111
1563140 2111
1563150 2111
1563160 2110
1563170 2107
1563180 2105
1563190 2105
1563200 2103
1563210 2099
1563220 2099
1563230 2097
1563240 2095
1563250 2095
1563260 2094
1563270 2091
1563280 2091
1563290 2087
1563300 2084
1563310 2084
1563320 2080
1563330 2078
1563340 2078
1563350 2080
1563360 2078
1563370 2078
1563380 2076
1563390 2074
1563400 2074
1563410 2072
1563420 2069
1563430 2069
1563440 2067
1563450 2064
1563460 2064
1563470 2062
1563480 2048
1563490 2048
1563500 2045
1563510 2042
1563520 2042
1563530 2041
1563540 2039
1563550 2039
1563560 2036
1563570 2034
1563580 2034
1563590 2031
1563600 2028
1563610 2028
1563620 2028
1563630 2029
1563640 2030
1563650 2030
1563660 2030
1563670 2032
1563680 2032
1563690 2036
1563700 2036
1563710 2036
1563720 2034
1563730 2034
1563740 2034
1563750 2038
1563760 2041
1563770 2041
1563780 2043
1563790 2045
1563800 2045
1563810 2046
1563820 2048
1563830 2048
1563840 2048
1563850 2048
1563860 2048
1563870 2047
1563880 2046
1563890 2046
1563900 2044
1563910 2040
1563920 2040
1563930 2036
1563940 2031
1563950 2031
1563960 2024
1563970 2020
1563980 2020
1563990 2022
1564000 2019
1564010 2011
1564020 2011
1564030 2002
1564040 1986
1564050 1986
1564060 1976
1564070 1979
1564080 1979
1564090 1983
1564100 1979
1564110 1979
1564120 1973
1564130 1964
1564140 1964
1564150 1958
1564160 1954
1564170 1954
1564180 1948
1564190 1938
1564200 1938
1564210 1944
1564220 1944
1564230 1944
1564240 1942
1564250 1942
1564260 1942
1564270 1940
1564280 1937
1564290 1937
1564300 1933
1564310 1930
1564320 1930
1564330 1926
1564340 1923
1564350 1923
1564360 1920
1564370 1917
1564380 1917
1564390 1915
1564400 1912
1564410 1909
1564420 1909
1564430 1908
1564440 1907
1564450 1907
1564460 1907
1564470 1906
1564480 1906
1564490 1905
1564500 1904
1564510 1904
1564520 1904
1564530 1903
1564540 1903
1564550 1902
1564560 1901
1564570 1901
1564580 1900
1564590 1903
1564600 1903
1564610 1906
1564620 1907
1564630 1907
1564640 1907
1564650 1906
1564660 1906
1564670 1906
1564680 1904
1564690 1904
1564700 1901
1564710 1898
1564720 1898
1564730 1893
1564740 1888
1564750 1888
1564760 1883
1564770 1879
1564780 1879
1564790 1878
1564800 1877
1564810 1877
1564820 1874
1564830 1870
1564840 1865
1564850 1865
1564860 1860
1564870 1855
1564880 1855
1564890 1851
1564900 1846
1564910 1846
1564920 1841
1564930 1837
1564940 1837
1564950 1833
1564960 1829
1564970 1829
1564980 1823
1564990 1814
1565000 1814
1565010 1802
1565020 1791
1565030 1791
1565040 1779
1565050 1764
1565060 1764
1565070 1725
1565080 1691
1565090 1662
1565100 1639
1565110 1634
1565120 1634
1565130 1632
1565140 1628
1565150 1628
1565160 1623
1565170 1618
1565180 1618
1565190 1615
1565200 1610
1565210 1610
1565220 1608
1565230 1604
1565240 1601
1565250 1601
1565260 1598
1565270 1596
1565280 1596
1565290 1593
1565300 1590
1565310 1590
1565320 1588
1565330 1585
1565340 1585
1565350 1583
1565360 1580
1565370 1580
1565380 1577
1565390 1573
1565400 1573
1565410 1570
1565420 1566
1565430 1566
1565440 1563
1565450 1560
1565460 1560
1565470 1557
1565480 1554
1565490 1554
1565500 1549
1565510 1544
1565520 1544
1565530 1540
1565540 1538
1565550 1538
1565560 1535
1565570 1532
1565580 1532
1565590 1528
1565600 1524
1565610 1524
1565620 1520
1565630 1516
1565640 1516
1565650 1513
1565660 1511
1565670 1509
1565680 1509
1565690 1508
1565700 1506
1565710 1506
1565720 1503
1565730 1501
1565740 1501
1565750 1499
1565760 1499
1565770 1499
1565780 1499
1565790 1498
1565800 1498
1565810 1494
1565820 1489
1565830 1489
1565840 1484
1565850 1479
1565860 1479
1565870 1472
1565880 1464
1565890 1464
1565900 1454
1565910 1446
1565920 1446
1565930 1442
1565940 1436
1565950 1436
1565960 1431
1565970 1425
1565980 1425
1565990 1420
1566000 1415
1566010 1415
1566020 1409
1566030 1405
1566040 1405
1566050 1400
1566060 1396
1566070 1392
1566080 1392
1566090 1387
1566100 1381
1566110 1381
1566120 1376
1566130 1371
1566140 1371
1566150 1366
1566160 1361
1566170 1361
1566180 1355
1566190 1347
1566200 1347
1566210 1339
1566220 1330
1566230 1330
1566240 1323
1566250 1318
1566260 1318
1566270 1314
1566280 1309
1566290 1309
1566300 1305
1566310 1300
1566320 1300
1566330 1294
1566340 1287
1566350 1287
1566360 1281
1566370 1275
1566380 1275
1566390 1269
1566400 1265
1566410 1265
1566420 1260
1566430 1256
1566440 1256
1566450 1251
1566460 1245
1566470 1238
1566480 1238
1566490 1231
1566500 1225
1566510 1225
1566520 1218
1566530 1211
1566540 1211
1566550 1205
1566560 1199
1566570 1199
1566580 1193
1566590 1189
1566600 1189
1566610 1186
1566620 1184
1566630 1184
1566640 1180
1566650 1174
1566660 1177
1566670 1171
1566680 1167
1566690 1167
1566700 1166
1566710 1165
1566720 1165
1566730 1163
1566740 1158
1566750 1158
1566760 1151
1566770 1141
1566780 1141
1566790 1133
1566800 1127
1566810 1127
1566820 1124
1566830 1121
1566840 1121
1566850 1118
1566860 1116
1566870 1116
1566880 1114
1566890 1111
1566900 1107
1566910 1107
1566920 1104
1566930 1100
1566940 1100
1566950 1097
1566960 1094
1566970 1094
1566980 1091
1566990 1088
1567000 1088
1567010 1086
1567020 1083
1567030 1083
1567040 1079
1567050 1075
1567060 1075
1567070 1071
1567080 1067
1567090 1067
1567100 1063
1567110 1060
1567120 1060
1567130 1057
1567140 1054
1567150 1054
1567160 1049
1567170 1044
1567180 1044
1567190 1038
1567200 1030
1567210 1030
1567220 1021
1567230 1011
1567240 1011
1567250 998
1567260 986
1567270 986
1567280 974
1567290 970
1567300 971
1567310 971
1567320 969
1567330 970
1567340 970
1567350 972
1567360 974
1567370 974
1567380 973
1567390 966
1567400 966
1567410 958
1567420 945
1567430 945
1567440 938
1567450 934
1567460 934
1567470 928
1567480 922
1567490 922
1567500 905
1567510 894
1567520 894
1567530 885
1567540 874
1567550 874
1567560 866
1567570 858
1567580 858
1567590 849
1567600 841
1567610 841
1567620 833
1567630 826
1567640 826
1567650 823
1567660 821
1567670 821
1567680 820
1567690 819
1567700 818
1567710 818
1567720 817
1567730 816
1567740 816
1567750 817
1567760 817
1567770 817
1567780 818
1567790 820
1567800 820
1567810 821
1567820 822
1567830 822
1567840 822
1567850 821
1567860 821
1567870 820
1567880 817
1567890 817
1567900 815
1567910 814
1567920 814
1567930 813
1567940 812
1567950 812
1567960 812
1567970 811
1567980 811
1567990 810
1568000 809
1568010 809
1568020 809
1568030 810
1568040 810
1568050 810
1568060 813
1568070 813
1568080 819
1568090 826
1568100 826
1568110 832
1568120 837
1568130 841
1568140 841
1568150 844
1568160 847
1568170 847
1568180 848
1568190 849
1568200 849
1568210 841
1568220 840
1568230 840
1568240 839
1568250 840
1568260 840
1568270 842
1568280 846
1568290 846
1568300 850
1568310 855
1568320 855
1568330 860
1568340 866
1568350 866
1568360 872
1568370 878
1568380 878
1568390 884
1568400 885
1568410 885
1568420 884
1568430 881
1568440 881
1568450 878
1568460 878
1568470 878
1568480 881
1568490 884
1568500 884
1568510 887
1568520 890
1568530 894
1568540 894
1568550 897
1568560 899
1568570 899
1568580 901
1568590 904
1568600 904
1568610 905
1568620 905
1568630 905
1568640 904
1568650 902
1568660 902
1568670 900
1568680 901
1568690 901
1568700 903
1568710 905
1568720 905
1568730 908
1568740 911
1568750 911
1568760 913
1568770 918
1568780 918
1568790 923
1568800 929
1568810 929
1568820 934
1568830 949
1568840 949
1568850 964
1568860 966
1568870 966
1568880 964
1568890 962
1568900 962
1568910 964
1568920 973
1568930 973
1568940 980
1568950 983
1568960 983
1568970 983
1568980 981
1568990 976
1569000 976
1569010 973
1569020 967
1569030 967
1569040 964
1569050 959
1569060 959
1569070 952
1569080 945
1569090 945
1569100 939
1569110 935
1569120 935
1569130 931
1569140 925
1569150 925
1569160 920
1569170 915
1569180 915
1569190 909
1569200 904
1569210 904
1569220 899
1569230 894
1569240 894
1569250 892
1569260 914
1569270 914
1569280 933
1569290 932
1569300 932
1569310 922
1569320 921
1569330 921
1569340 917
1569350 901
1569360 874
1569370 874
1569380 868
1569390 882
1569400 882
1569410 900
1569420 911
1569430 911
1569440 922
1569450 932
1569460 932
1569470 942
1569480 954
1569490 954
1569500 966
1569510 974
1569520 974
1569530 980
1569540 983
1569550 983
1569560 994
1569570 1007
1569580 1007
1569590 1018
1569600 1026
1569610 1026
1569620 1033
1569630 1042
1569640 1042
1569650 1050
1569660 1063
1569670 1063
1569680 1080
1569690 1092
1569700 1092
1569710 1101
1569720 1106
1569730 1107
1569740 1117
1569750 1125
1569760 1131
1569770 1131
1569780 1137
1569790 1140
1569800 1140
1569810 1139
1569820 1134
1569830 1134
1569840 1128
1569850 1123
1569860 1123
1569870 1122
1569880 1132
1569890 1132
1569900 1142
1569910 1147
1569920 1147
1569930 1154
1569940 1157
1569950 1157
1569960 1160
1569970 1166
1569980 1166
1569990 1169
1570000 1168
1570010 1168
1570020 1170
1570030 1166
1570040 1166
1570050 1159
1570060 1157
1570070 1157
1570080 1158
1570090 1153
1570100 1153
1570110 1154
1570120 1156
1570130 1156
1570140 1149
1570150 1149
1570160 1149
1570170 1155
1570180 1160
1570190 1164
1570200 1164
1570210 1167
1570220 1174
1570230 1174
1570240 1185
1570250 1195
1570260 1195
1570270 1203
1570280 1210
1570290 1210
1570300 1217
1570310 1225
1570320 1225
1570330 1232
1570340 1239
1570350 1239
1570360 1246
1570370 1252
1570380 1252
1570390 1258
1570400 1263
1570410 1263
1570420 1268
1570430 1273
1570440 1273
1570450 1274
1570460 1272
1570470 1272
1570480 1269
1570490 1269
1570500 1269
1570510 1268
1570520 1263
1570530 1263
1570540 1255
1570550 1247
1570560 1247
1570570 1239
1570580 1231
1570590 1224
1570600 1224
1570610 1218
1570620 1211
1570630 1211
1570640 1201
1570650 1191
1570660 1191
1570670 1180
1570680 1167
1570690 1167
1570700 1157
1570710 1149
1570720 1149
1570730 1146
1570740 1158
1570750 1158
1570760 1176
1570770 1188
1570780 1188
1570790 1192
1570800 1195
1570810 1195
1570820 1198
1570830 1202
1570840 1202
1570850 1207
1570860 1215
1570870 1215
1570880 1223
1570890 1231
1570900 1231
1570910 1235
1570920 1240
1570930 1240
1570940 1245
1570950 1248
1570960 1248
1570970 1251
1570980 1252
1570990 1253
1571000 1253
1571010 1255
1571020 1258
1571030 1258
1571040 1265
1571050 1273
1571060 1273
1571070 1276
1571080 1279
1571090 1279
1571100 1285
1571110 1292
1571120 1292
1571130 1301
1571140 1308
1571150 1308
1571160 1315
1571170 1322
1571180 1322
1571190 1327
1571200 1331
1571210 1331
1571220 1334
1571230 1331
1571240 1331
1571250 1334
1571260 1336
1571270 1336
1571280 1338
1571290 1341
1571300 1341
1571310 1343
1571320 1345
1571330 1345
1571340 1347
1571350 1347
1571360 1347
1571370 1344
1571380 1343
1571390 1343
1571400 1341
1571410 1339
1571420 1335
1571430 1335
1571440 1334
1571450 1333
1571460 1333
1571470 1329
1571480 1330
1571490 1330
1571500 1338
1571510 1345
1571520 1345
1571530 1350
1571540 1355
1571550 1355
1571560 1359
1571570 1363
1571580 1363
1571590 1368
1571600 1373
1571610 1373
1571620 1378
1571630 1383
1571640 1383
1571650 1388
1571660 1394
1571670 1394
1571680 1399
1571690 1405
1571700 1405
1571710 1410
1571720 1415
1571730 1415
1571740 1420
1571750 1426
1571760 1426
1571770 1431
1571780 1437
1571790 1437
1571800 1443
1571810 1448
1571820 1454
1571830 1454
1571840 1459
1571850 1465
1571860 1465
1571870 1470
1571880 1475
1571890 1475
1571900 1480
1571910 1485
1571920 1485
1571930 1491
1571940 1496
1571950 1496
1571960 1501
1571970 1506
1571980 1506
1571990 1510
1572000 1513
1572010 1513
1572020 1517
1572030 1520
1572040 1520
1572050 1523
1572060 1526
1572070 1526
1572080 1528
1572090 1530
1572100 1530
1572110 1532
1572120 1533
1572130 1533
1572140 1533
1572150 1531
1572160 1531
1572170 1526
1572180 1521
1572190 1521
1572200 1518
1572210 1516
1572220 1516
1572230 1513
1572240 1510
1572250 1513
1572260 1513
1572270 1515
1572280 1516
1572290 1516
1572300 1515
1572310 1514
1572320 1514
1572330 1512
1572340 1511
1572350 1511
1572360 1512
1572370 1515
1572380 1515
1572390 1518
1572400 1522
1572410 1522
1572420 1524
1572430 1526
1572440 1526
1572450 1528
1572460 1530
1572470 1530
1572480 1531
1572490 1532
1572500 1532
1572510 1537
1572520 1542
1572530 1542
1572540 1548
1572550 1552
1572560 1552
1572570 1552
1572580 1544
1572590 1544
1572600 1536
1572610 1530
1572620 1530
1572630 1524
1572640 1522
1572650 1521
1572660 1521
1572670 1518
1572680 1512
1572690 1512
1572700 1511
1572710 1509
1572720 1509
1572730 1505
1572740 1499
1572750 1499
1572760 1495
1572770 1491
1572780 1491
1572790 1488
1572800 1486
1572810 1486
1572820 1481
1572830 1466
1572840 1466
1572850 1454
1572860 1445
1572870 1445
1572880 1437
1572890 1430
1572900 1430
1572910 1423
1572920 1417
1572930 1417
1572940 1411
1572950 1405
1572960 1405
1572970 1399
1572980 1393
1572990 1393
1573000 1388
1573010 1385
1573020 1385
1573030 1382
1573040 1378
1573050 1372
1573060 1372
1573070 1368
1573080 1370
1573090 1370
1573100 1374
1573110 1378
1573120 1378
1573130 1381
1573140 1384
1573150 1384
1573160 1386
1573170 1390
1573180 1390
1573190 1392
1573200 1401
1573210 1401
1573220 1430
1573230 1469
1573240 1469
1573250 1477
1573260 1476
1573270 1476
1573280 1477
1573290 1480
1573300 1480
1573310 1482
1573320 1483
1573330 1483
1573340 1482
1573350 1477
1573360 1477
1573370 1476
1573380 1473
1573390 1473
1573400 1467
1573410 1458
1573420 1458
1573430 1431
1573440 1425
1573450 1425
1573460 1425
1573470 1423
1573480 1419
1573490 1419
1573500 1416
1573510 1414
1573520 1414
1573530 1412
1573540 1408
1573550 1408
1573560 1404
1573570 1400
1573580 1400
1573590 1395
1573600 1386
1573610 1386
1573620 1379
1573630 1380
1573640 1380
1573650 1380
1573660 1378
1573670 1378
1573680 1380
1573690 1386
1573700 1386
1573710 1393
1573720 1400
1573730 1400
1573740 1406
1573750 1412
1573760 1412
1573770 1417
1573780 1423
1573790 1423
1573800 1429
1573810 1436
1573820 1436
1573830 1443
1573840 1451
1573850 1451
1573860 1459
1573870 1466
1573880 1474
1573890 1474
1573900 1481
1573910 1487
1573920 1487
1573930 1491
1573940 1495
1573950 1495
1573960 1501
1573970 1506
1573980 1506
1573990 1512
1574000 1515
1574010 1515
1574020 1514
1574030 1516
1574040 1516
1574050 1515
1574060 1516
1574070 1516
1574080 1521
1574090 1525
1574100 1525
1574110 1528
1574120 1528
1574130 1528
1574140 1518
1574150 1514
1574160 1514
1574170 1522
1574180 1530
1574190 1530
1574200 1535
1574210 1542
1574220 1542
1574230 1553
1574240 1558
1574250 1558
1574260 1561
1574270 1561
1574280 1567
1574290 1567
1574300 1582
1574310 1604
1574320 1604
1574330 1618
1574340 1626
1574350 1626
1574360 1623
1574370 1620
1574380 1620
1574390 1623
1574400 1628
1574410 1628
1574420 1612
1574430 1596
1574440 1596
1574450 1589
1574460 1586
1574470 1586
1574480 1589
1574490 1595
1574500 1595
1574510 1600
1574520 1606
1574530 1606
1574540 1611
1574550 1611
1574560 1611
1574570 1609
1574580 1608
1574590 1608
1574600 1611
1574610 1610
1574620 1610
1574630 1608
1574640 1605
1574650 1605
1574660 1603
1574670 1600
1574680 1600
1574690 1599
1574700 1598
1574710 1598
1574720 1598
1574730 1596
1574740 1596
1574750 1596
1574760 1594
1574770 1590
1574780 1590
1574790 1588
1574800 1590
1574810 1590
1574820 1590
1574830 1581
1574840 1581
1574850 1577
1574860 1579
1574870 1579
1574880 1580
1574890 1579
1574900 1579
1574910 1568
1574920 1556
1574930 1556
1574940 1556
1574950 1563
1574960 1563
1574970 1571
1574980 1569
1574990 1569
1575000 1569
1575010 1563
1575020 1563
1575030 1568
1575040 1573
1575050 1573
1575060 1578
1575070 1586
1575080 1586
1575090 1577
1575100 1562
1575110 1557
1575120 1557
1575130 1557
1575140 1566
1575150 1566
1575160 1576
1575170 1586
1575180 1586
1575190 1593
1575200 1601
1575210 1601
1575220 1610
1575230 1621
1575240 1621
1575250 1629
1575260 1637
1575270 1637
1575280 1645
1575290 1653
1575300 1653
1575310 1661
1575320 1668
1575330 1668
1575340 1676
1575350 1681
1575360 1681
1575370 1678
1575380 1671
1575390 1671
1575400 1665
1575410 1662
1575420 1662
1575430 1656
1575440 1646
1575450 1646
1575460 1639
1575470 1635
1575480 1635
1575490 1632
1575500 1635
1575510 1635
1575520 1635
1575530 1630
1575540 1616
1575550 1616
1575560 1598
1575570 1590
1575580 1590
1575590 1587
1575600 1588
1575610 1588
1575620 1583
1575630 1578
1575640 1578
1575650 1572
1575660 1574
1575670 1574
1575680 1578
1575690 1577
1575700 1577
1575710 1577
1575720 1574
1575730 1574
1575740 1569
1575750 1562
1575760 1562
1575770 1551
1575780 1540
1575790 1540
1575800 1518
1575810 1492
1575820 1492
1575830 1489
1575840 1482
1575850 1482
1575860 1477
1575870 1475
1575880 1475
1575890 1476
1575900 1481
1575910 1481
1575920 1486
1575930 1487
1575940 1490
1575950 1490
1575960 1493
1575970 1490
1575980 1490
1575990 1478
1576000 1472
1576010 1472
1576020 1468
1576030 1475
1576040 1475
1576050 1503
1576060 1522
1576070 1522
1576080 1537
1576090 1555
1576100 1555
1576110 1585
1576120 1605
1576130 1605
1576140 1618
1576150 1626
1576160 1626
1576170 1628
1576180 1625
1576190 1625
1576200 1627
1576210 1633
1576220 1633
1576230 1644
1576240 1659
1576250 1659
1576260 1667
1576270 1677
1576280 1677
1576290 1687
1576300 1697
1576310 1697
1576320 1711
1576330 1725
1576340 1732
1576350 1732
1576360 1738
1576370 1746
1576380 1746
1576390 1753
1576400 1761
1576410 1761
1576420 1765
1576430 1761
1576440 1761
1576450 1747
1576460 1736
1576470 1736
1576480 1735
1576490 1743
1576500 1743
1576510 1754
1576520 1761
1576530 1761
1576540 1767
1576550 1780
1576560 1780
1576570 1802
1576580 1812
1576590 1812
1576600 1818
1576610 1829
1576620 1829
1576630 1841
1576640 1844
1576650 1844
1576660 1842
1576670 1848
1576680 1848
1576690 1858
1576700 1871
1576710 1871
1576720 1873
1576730 1882
1576740 1882
1576750 1895
1576760 1905
1576770 1900
1576780 1900
1576790 1898
1576800 1899
1576810 1899
1576820 1898
1576830 1901
1576840 1901
1576850 1905
1576860 1908
1576870 1908
1576880 1912
1576890 1919
1576900 1919
1576910 1927
1576920 1934
1576930 1934
1576940 1943
1576950 1956
1576960 1936
1576970 1945
1576980 1959
1576990 1959
1577000 1973
1577010 1987
1577020 1987
1577030 1998
1577040 2010
1577050 2010
1577060 2018
1577070 2023
1577080 2023
1577090 2001
1577100 1995
1577110 1995
1577120 2008
1577130 2019
1577140 2019
1577150 2031
1577160 2039
1577170 2046
1577180 2046
1577190 2053
1577200 2058
1577210 2058
1577220 2062
1577230 2062
1577240 2062
1577250 2061
1577260 2056
1577270 2056
1577280 2058
1577290 2064
1577300 2064
1577310 2070
1577320 2076
1577330 2076
1577340 2076
1577350 2081
1577360 2081
1577370 2088
1577380 2094
1577390 2094
1577400 2100
1577410 2107
1577420 2107
1577430 2116
1577440 2129
1577450 2129
1577460 2136
1577470 2133
1577480 2133
1577490 2117
1577500 2088
1577510 2088
1577520 2072
1577530 2064
1577540 2064
1577550 2062
1577560 2060
1577570 2060
1577580 2057
1577590 2057
1577600 2053
1577610 2053
1577620 2046
1577630 2035
1577640 2035
1577650 2033
1577660 2039
1577670 2039
1577680 2040
1577690 2039
1577700 2039
1577710 2038
1577720 2032
1577730 2032
1577740 2027
1577750 2027
1577760 2027
1577770 2022
1577780 2014
1577790 2014
1577800 2008
1577810 2018
1577820 2018
1577830 2020
1577840 2014
1577850 2014
1577860 2010
1577870 2022
1577880 2022
1577890 2031
1577900 2035
1577910 2035
1577920 2039
1577930 2046
1577940 2046
1577950 2057
1577960 2069
1577970 2069
1577980 2081
1577990 2092
1578000 2098
1578010 2098
1578020 2105
1578030 2108
1578040 2108
1578050 2111
1578060 2115
1578070 2115
1578080 2117
1578090 2122
1578100 2122
1578110 2134
1578120 2154
1578130 2154
1578140 2177
1578150 2190
1578160 2190
1578170 2206
1578180 2220
1578190 2220
1578200 2228
1578210 2231
1578220 2231
1578230 2234
1578240 2231
1578250 2231
1578260 2225
1578270 2232
1578280 2232
1578290 2238
1578300 2246
1578310 2246
1578320 2246
1578330 2249
1578340 2239
1578350 2242
1578360 2245
1578370 2245
1578380 2249
1578390 2253
1578400 2257
1578410 2257
1578420 2262
1578430 2270
1578440 2270
1578450 2278
1578460 2281
1578470 2281
1578480 2280
1578490 2275
1578500 2275
1578510 2267
1578520 2263
1578530 2263
1578540 2261
1578550 2262
1578560 2262
1578570 2264
1578580 2268
1578590 2268
1578600 2272
1578610 2277
1578620 2277
1578630 2281
1578640 2285
1578650 2285
1578660 2290
1578670 2294
1578680 2294
1578690 2299
1578700 2304
1578710 2304
1578720 2308
1578730 2313
1578740 2313
1578750 2315
1578760 2309
1578770 2309
1578780 2298
1578790 2289
1578800 2289
1578810 2279
1578820 2271
1578830 2264
1578840 2264
1578850 2256
1578860 2248
1578870 2248
1578880 2241
1578890 2235
1578900 2235
1578910 2230
1578920 2224
1578930 2224
1578940 2219
1578950 2211
1578960 2211
1578970 2199
1578980 2190
1578990 2190
1579000 2183
1579010 2175
1579020 2175
1579030 2166
1579040 2156
1579050 2156
1579060 2148
1579070 2134
1579080 2134
1579090 2126
1579100 2122
1579110 2122
1579120 2119
1579130 2115
1579140 2115
1579150 2111
1579160 2108
1579170 2108
1579180 2108
1579190 2103
1579200 2103
1579210 2097
1579220 2094
1579230 2094
1579240 2094
1579250 2096
1579260 2094
1579270 2094
1579280 2090
1579290 2088
1579300 2088
1579310 2087
1579320 2082
1579330 2082
1579340 2082
1579350 2090
1579360 2090
1579370 2096
1579380 2098
1579390 2098
1579400 2098
1579410 2097
1579420 2097
1579430 2092
1579440 2087
1579450 2087
1579460 2086
1579470 2084
1579480 2084
1579490 2081
1579500 2081
1579510 2081
1579520 2080
1579530 2076
1579540 2076
1579550 2074
1579560 2074
1579570 2074
1579580 2075
1579590 2078
1579600 2078
1579610 2082
1579620 2088
1579630 2096
1579640 2096
1579650 2106
1579660 2110
1579670 2110
1579680 2111
1579690 2114
1579700 2116
1579710 2116
1579720 2115
1579730 2115
1579740 2111
1579750 2106
1579760 2106
1579770 2102
1579780 2100
1579790 2100
1579800 2101
1579810 2101
1579820 2101
1579830 2101
1579840 2100
1579850 2100
1579860 2097
1579870 2095
1579880 2095
1579890 2092
1579900 2090
1579910 2090
1579920 2086
1579930 2077
1579940 2077
1579950 2071
1579960 2066
1579970 2066
1579980 2060
1579990 2055
