1560000 1878
1560010 1878
1560020 1879
1560030 1878
1560040 1878
1560050 1876
1560060 1875
1560070 1875
1560080 1874
1560090 1873
1560100 1873
1560110 1873
1560120 1871
1560130 1869
1560140 1869
1560150 1870
1560160 1867
1560170 1867
1560180 1867
1560190 1864
1560200 1864
1560210 1860
1560220 1857
1560230 1857
1560240 1849
1560250 1846
1560260 1846
1560270 1842
1560280 1840
1560290 1840
1560300 1837
1560310 1834
1560320 1834
1560330 1832
1560340 1830
1560350 1830
1560360 1831
1560370 1831
1560380 1831
1560390 1830
1560400 1832
1560410 1832
1560420 1837
1560430 1842
1560440 1842
1560450 1843
1560460 1845
1560470 1845
1560480 1851
1560490 1854
1560500 1858
1560510 1858
1560520 1859
1560530 1859
1560540 1859
1560550 1860
1560560 1861
1560570 1861
1560580 1864
1560590 1866
1560600 1866
1560610 1868
1560620 1872
1560630 1872
1560640 1876
1560650 1876
1560660 1876
1560670 1872
1560680 1867
1560690 1867
1560700 1866
1560710 1869
1560720 1869
1560730 1872
1560740 1876
1560750 1876
1560760 1879
1560770 1882
1560780 1882
1560790 1887
1560800 1894
1560810 1894
1560820 1902
1560830 1912
1560840 1912
1560850 1923
1560860 1944
1560870 1944
1560880 1955
1560890 1966
1560900 1966
1560910 1969
1560920 1972
1560930 1975
1560940 1975
1560950 1976
1560960 1976
1560970 1976
1560980 1975
1560990 1975
1561000 1975
1561010 1973
1561020 1973
1561030 1973
1561040 1971
1561050 1963
1561060 1963
1561070 1959
1561080 1959
1561090 1959
1561100 1957
1561110 1956
1561120 1956
1561130 1953
1561140 1952
1561150 1952
1561160 1954
1561170 1962
1561180 1962
1561190 1961
1561200 1959
1561210 1959
1561220 1964
1561230 1964
1561240 1964
1561250 1962
1561260 1960
1561270 1960
1561280 1965
1561290 1968
1561300 1968
1561310 1966
1561320 1964
1561330 1964
1561340 1964
1561350 1969
1561360 1968
1561370 1968
1561380 1971
1561390 1974
1561400 1974
1561410 1973
1561420 1969
1561430 1969
1561440 1968
1561450 1968
1561460 1968
1561470 1973
1561480 1973
1561490 1973
1561500 1976
1561510 1981
1561520 1981
1561530 1982
1561540 1979
1561550 1979
1561560 1979
1561570 1988
1561580 1988
1561590 1993
1561600 2005
1561610 2005
1561620 2012
1561630 2013
1561640 2013
1561650 2017
1561660 2025
1561670 2025
1561680 2031
1561690 2032
1561700 2032
1561710 2030
1561720 2031
1561730 2031
1561740 2032
1561750 2036
1561760 2038
1561770 2038
1561780 2040
1561790 2041
1561800 2041
1561810 2038
1561820 2040
1561830 2040
1561840 2045
1561850 2048
1561860 2048
1561870 2052
1561880 2052
1561890 2052
1561900 2052
1561910 2053
1561920 2053
1561930 2054
1561940 2053
1561950 2053
1561960 2053
1561970 2053
1561980 2053
1561990 2053
1562000 2054
1562010 2054
1562020 2053
1562030 2054
1562040 2054
1562050 2054
1562060 2056
1562070 2056
1562080 2060
1562090 2059
1562100 2059
1562110 2058
1562120 2060
1562130 2060
1562140 2065
1562150 2066
1562160 2066
1562170 2066
1562180 2065
1562190 2066
1562200 2066
1562210 2065
1562220 2065
1562230 2065
1562240 2066
1562250 2065
1562260 2065
1562270 2064
1562280 2064
1562290 2064
1562300 2065
1562310 2065
1562320 2065
1562330 2064
1562340 2062
1562350 2062
1562360 2060
1562370 2059
1562380 2059
1562390 2056
1562400 2052
1562410 2052
1562420 2051
1562430 2051
1562440 2051
1562450 2048
1562460 2044
1562470 2044
1562480 2047
1562490 2052
1562500 2052
1562510 2056
1562520 2060
1562530 2060
1562540 2063
1562550 2066
1562560 2067
1562570 2067
1562580 2067
1562590 2068
1562600 2068
1562610 2067
1562620 2062
1562630 2062
1562640 2057
1562650 2057
1562660 2057
1562670 2061
1562680 2067
1562690 2067
1562700 2072
1562710 2074
1562720 2074
1562730 2074
1562740 2073
1562750 2073
1562760 2071
1562770 2070
1562780 2070
1562790 2069
1562800 2065
1562810 2065
1562820 2063
1562830 2061
1562840 2061
1562850 2062
1562860 2061
1562870 2061
1562880 2060
1562890 2059
1562900 2059
1562910 2057
1562920 2058
1562930 2058
1562940 2059
1562950 2062
1562960 2062
1562970 2067
1562980 2066
1562990 2066
1563000 2066
1563010 2069
1563020 2070
1563030 2070
1563040 2069
1563050 2069
1563060 2069
1563070 2068
1563080 2065
1563090 2065
1563100 2063
1563110 2064
1563120 2064
1563130 2064
1563140 2062
1563150 2062
1563160 2058
1563170 2055
1563180 2055
1563190 2060
1563200 2064
1563210 2064
1563220 2065
1563230 2064
1563240 2064
1563250 2065
1563260 2066
1563270 2066
1563280 2065
1563290 2064
1563300 2064
1563310 2061
1563320 2059
1563330 2059
1563340 2058
1563350 2055
1563360 2055
1563370 2051
1563380 2047
1563390 2041
1563400 2041
1563410 2038
1563420 2040
1563430 2040
1563440 2040
1563450 2037
1563460 2037
1563470 2037
1563480 2038
1563490 2038
1563500 2040
1563510 2042
1563520 2042
1563530 2042
1563540 2040
1563550 2040
1563560 2036
1563570 2032
1563580 2032
1563590 2034
1563600 2039
1563610 2039
1563620 2039
1563630 2040
1563640 2040
1563650 2039
1563660 2038
1563670 2038
1563680 2035
1563690 2034
1563700 2034
1563710 2032
1563720 2028
1563730 2028
1563740 2028
1563750 2030
1563760 2030
1563770 2030
1563780 2029
1563790 2029
1563800 2031
1563810 2034
1563820 2035
1563830 2035
1563840 2035
1563850 2037
1563860 2037
1563870 2041
1563880 2044
1563890 2044
1563900 2042
1563910 2039
1563920 2039
1563930 2038
1563940 2036
1563950 2036
1563960 2033
1563970 2029
1563980 2029
1563990 2021
1564000 2014
1564010 2014
1564020 2009
1564030 2003
1564040 2003
1564050 1996
1564060 1987
1564070 1987
1564080 1977
1564090 1966
1564100 1966
1564110 1959
1564120 1955
1564130 1955
1564140 1952
1564150 1948
1564160 1948
1564170 1940
1564180 1928
1564190 1928
1564200 1911
1564210 1895
1564220 1886
1564230 1886
1564240 1880
1564250 1873
1564260 1873
1564270 1863
1564280 1850
1564290 1850
1564300 1838
1564310 1832
1564320 1832
1564330 1819
1564340 1808
1564350 1808
1564360 1802
1564370 1795
1564380 1795
1564390 1788
1564400 1781
1564410 1781
1564420 1774
1564430 1769
1564440 1769
1564450 1762
1564460 1759
1564470 1759
1564480 1758
1564490 1757
1564500 1757
1564510 1757
1564520 1759
1564530 1759
1564540 1761
1564550 1761
1564560 1761
1564570 1759
1564580 1758
1564590 1758
1564600 1756
1564610 1753
1564620 1751
1564630 1751
1564640 1751
1564650 1750
1564660 1750
1564670 1749
1564680 1749
1564690 1749
1564700 1748
1564710 1746
1564720 1746
1564730 1747
1564740 1744
1564750 1744
1564760 1738
1564770 1732
1564780 1732
1564790 1721
1564800 1712
1564810 1712
1564820 1705
1564830 1697
1564840 1697
1564850 1692
1564860 1688
1564870 1688
1564880 1682
1564890 1677
1564900 1677
1564910 1674
1564920 1673
1564930 1673
1564940 1670
1564950 1667
1564960 1667
1564970 1665
1564980 1662
1564990 1662
1565000 1658
1565010 1655
1565020 1655
1565030 1655
1565040 1653
1565050 1652
1565060 1652
1565070 1652
1565080 1650
1565090 1650
1565100 1648
1565110 1648
1565120 1648
1565130 1647
1565140 1645
1565150 1645
1565160 1644
1565170 1642
1565180 1642
1565190 1640
1565200 1639
1565210 1639
1565220 1636
1565230 1635
1565240 1635
1565250 1633
1565260 1630
1565270 1630
1565280 1627
1565290 1626
1565300 1626
1565310 1626
1565320 1626
1565330 1626
1565340 1626
1565350 1625
1565360 1625
1565370 1622
1565380 1618
1565390 1618
1565400 1614
1565410 1611
1565420 1611
1565430 1607
1565440 1600
1565450 1595
1565460 1595
1565470 1591
1565480 1586
1565490 1586
1565500 1581
1565510 1579
1565520 1579
1565530 1578
1565540 1577
1565550 1577
1565560 1575
1565570 1572
1565580 1572
1565590 1569
1565600 1565
1565610 1565
1565620 1561
1565630 1557
1565640 1557
1565650 1553
1565660 1548
1565670 1548
1565680 1544
1565690 1541
1565700 1541
1565710 1536
1565720 1531
1565730 1531
1565740 1525
1565750 1519
1565760 1519
1565770 1515
1565780 1512
1565790 1512
1565800 1511
1565810 1508
1565820 1508
1565830 1503
1565840 1499
1565850 1499
1565860 1495
1565870 1491
1565880 1487
1565890 1487
1565900 1480
1565910 1474
1565920 1474
1565930 1469
1565940 1464
1565950 1464
1565960 1460
1565970 1456
1565980 1456
1565990 1451
1566000 1445
1566010 1445
1566020 1439
1566030 1434
1566040 1434
1566050 1429
1566060 1426
1566070 1426
1566080 1422
1566090 1418
1566100 1418
1566110 1416
1566120 1413
1566130 1413
1566140 1409
1566150 1406
1566160 1406
1566170 1402
1566180 1397
1566190 1397
1566200 1390
1566210 1384
1566220 1384
1566230 1378
1566240 1372
1566250 1372
1566260 1368
1566270 1365
1566280 1363
1566290 1363
1566300 1360
1566310 1355
1566320 1355
1566330 1348
1566340 1337
1566350 1337
1566360 1324
1566370 1317
1566380 1317
1566390 1315
1566400 1313
1566410 1316
1566420 1314
1566430 1313
1566440 1313
1566450 1311
1566460 1308
1566470 1308
1566480 1304
1566490 1298
1566500 1298
1566510 1291
1566520 1282
1566530 1282
1566540 1274
1566550 1268
1566560 1268
1566570 1265
1566580 1262
1566590 1262
1566600 1261
1566610 1256
1566620 1256
1566630 1252
1566640 1248
1566650 1248
1566660 1245
1566670 1243
1566680 1240
1566690 1240
1566700 1236
1566710 1232
1566720 1232
1566730 1226
1566740 1219
1566750 1219
1566760 1210
1566770 1199
1566780 1199
1566790 1190
1566800 1184
1566810 1184
1566820 1182
1566830 1178
1566840 1178
1566850 1174
1566860 1172
1566870 1172
1566880 1168
1566890 1162
1566900 1162
1566910 1161
1566920 1159
1566930 1159
1566940 1158
1566950 1156
1566960 1156
1566970 1152
1566980 1148
1566990 1148
1567000 1144
1567010 1138
1567020 1138
1567030 1132
1567040 1126
1567050 1126
1567060 1123
1567070 1121
1567080 1121
1567090 1118
1567100 1114
1567110 1111
1567120 1111
1567130 1108
1567140 1105
1567150 1105
1567160 1102
1567170 1100
1567180 1100
1567190 1098
1567200 1095
1567210 1095
1567220 1093
1567230 1089
1567240 1089
1567250 1085
1567260 1081
1567270 1081
1567280 1074
1567290 1065
1567300 1065
1567310 1054
1567320 1042
1567330 1042
1567340 1027
1567350 1012
1567360 1012
1567370 999
1567380 987
1567390 987
1567400 975
1567410 963
1567420 963
1567430 952
1567440 940
1567450 940
1567460 927
1567470 910
1567480 910
1567490 890
1567500 880
1567510 872
1567520 872
1567530 864
1567540 856
1567550 856
1567560 848
1567570 840
1567580 840
1567590 833
1567600 826
1567610 826
1567620 820
1567630 814
1567640 814
1567650 808
1567660 803
1567670 803
1567680 800
1567690 799
1567700 799
1567710 796
1567720 794
1567730 794
1567740 793
1567750 791
1567760 791
1567770 789
1567780 788
1567790 788
1567800 788
1567810 790
1567820 790
1567830 793
1567840 794
1567850 794
1567860 795
1567870 798
1567880 798
1567890 800
1567900 800
1567910 800
1567920 800
1567930 799
1567940 798
1567950 798
1567960 795
1567970 795
1567980 795
1567990 793
1568000 791
1568010 791
1568020 790
1568030 794
1568040 794
1568050 795
1568060 794
1568070 794
1568080 795
1568090 795
1568100 795
1568110 795
1568120 796
1568130 796
1568140 796
1568150 797
1568160 797
1568170 799
1568180 799
1568190 799
1568200 797
1568210 795
1568220 795
1568230 792
1568240 791
1568250 791
1568260 791
1568270 792
1568280 792
1568290 794
1568300 798
1568310 798
1568320 803
1568330 806
1568340 807
1568350 807
1568360 806
1568370 807
1568380 807
1568390 807
1568400 807
1568410 807
1568420 805
1568430 803
1568440 803
1568450 802
1568460 802
1568470 802
1568480 803
1568490 805
1568500 805
1568510 807
1568520 810
1568530 810
1568540 812
1568550 814
1568560 814
1568570 814
1568580 814
1568590 814
1568600 813
1568610 812
1568620 812
1568630 809
1568640 807
1568650 807
1568660 804
1568670 800
1568680 800
1568690 796
1568700 793
1568710 793
1568720 790
1568730 787
1568740 786
1568750 786
1568760 784
1568770 783
1568780 783
1568790 782
1568800 782
1568810 782
1568820 782
1568830 783
1568840 783
1568850 785
1568860 789
1568870 789
1568880 795
1568890 800
1568900 800
1568910 805
1568920 808
1568930 808
1568940 811
1568950 814
1568960 814
1568970 818
1568980 823
1568990 823
1569000 829
1569010 835
1569020 835
1569030 842
1569040 847
1569050 847
1569060 845
1569070 843
1569080 843
1569090 844
1569100 842
1569110 842
1569120 843
1569130 845
1569140 845
1569150 845
1569160 847
1569170 847
1569180 847
1569190 846
1569200 844
1569210 844
1569220 841
1569230 837
1569240 837
1569250 834
1569260 831
1569270 831
1569280 827
1569290 824
1569300 824
1569310 820
1569320 816
1569330 816
1569340 811
1569350 807
1569360 807
1569370 809
1569380 819
1569390 819
1569400 838
1569410 849
1569420 849
1569430 858
1569440 866
1569450 866
1569460 879
1569470 891
1569480 889
1569490 898
1569500 911
1569510 911
1569520 925
1569530 941
1569540 941
1569550 956
1569560 961
1569570 963
1569580 963
1569590 965
1569600 970
1569610 970
1569620 978
1569630 976
1569640 976
1569650 970
1569660 967
1569670 967
1569680 968
1569690 971
1569700 971
1569710 976
1569720 979
1569730 979
1569740 985
1569750 990
1569760 990
1569770 999
1569780 1000
1569790 1000
1569800 995
1569810 988
1569820 988
1569830 981
1569840 976
1569850 976
1569860 970
1569870 962
1569880 962
1569890 959
1569900 968
1569910 968
1569920 979
1569930 988
1569940 988
1569950 999
1569960 1008
1569970 1008
1569980 1015
1569990 1025
1570000 1035
1570010 1035
1570020 1043
1570030 1050
1570040 1050
1570050 1056
1570060 1066
1570070 1066
1570080 1087
1570090 1107
1570100 1107
1570110 1117
1570120 1123
1570130 1123
1570140 1125
1570150 1126
1570160 1126
1570170 1132
1570180 1136
1570190 1136
1570200 1138
1570210 1142
1570220 1142
1570230 1147
1570240 1152
1570250 1152
1570260 1158
1570270 1165
1570280 1165
1570290 1173
1570300 1180
1570310 1180
1570320 1188
1570330 1194
1570340 1194
1570350 1193
1570360 1186
1570370 1186
1570380 1179
1570390 1174
1570400 1171
1570410 1171
1570420 1171
1570430 1178
1570440 1178
1570450 1181
1570460 1175
1570470 1175
1570480 1183
1570490 1194
1570500 1194
1570510 1187
1570520 1178
1570530 1178
1570540 1172
1570550 1172
1570560 1172
1570570 1161
1570580 1157
1570590 1157
1570600 1153
1570610 1147
1570620 1147
1570630 1141
1570640 1134
1570650 1134
1570660 1127
1570670 1117
1570680 1117
1570690 1105
1570700 1092
1570710 1092
1570720 1080
1570730 1070
1570740 1070
1570750 1061
1570760 1053
1570770 1053
1570780 1068
1570790 1090
1570800 1090
1570810 1107
1570820 1115
1570830 1122
1570840 1122
1570850 1127
1570860 1129
1570870 1129
1570880 1129
1570890 1114
1570900 1114
1570910 1113
1570920 1114
1570930 1114
1570940 1124
1570950 1134
1570960 1134
1570970 1140
1570980 1136
1570990 1136
1571000 1146
1571010 1154
1571020 1154
1571030 1158
1571040 1163
1571050 1163
1571060 1170
1571070 1179
1571080 1179
1571090 1180
1571100 1174
1571110 1174
1571120 1168
1571130 1164
1571140 1164
1571150 1172
1571160 1179
1571170 1179
1571180 1185
1571190 1193
1571200 1193
1571210 1202
1571220 1208
1571230 1216
1571240 1216
1571250 1227
1571260 1239
1571270 1239
1571280 1250
1571290 1265
1571300 1265
1571310 1277
1571320 1284
1571330 1284
1571340 1295
1571350 1306
1571360 1306
1571370 1312
1571380 1313
1571390 1313
1571400 1314
1571410 1315
1571420 1315
1571430 1318
1571440 1321
1571450 1321
1571460 1326
1571470 1329
1571480 1329
1571490 1333
1571500 1336
1571510 1336
1571520 1338
1571530 1340
1571540 1340
1571550 1342
1571560 1345
1571570 1345
1571580 1348
1571590 1354
1571600 1354
1571610 1360
1571620 1366
1571630 1373
1571640 1373
1571650 1379
1571660 1385
1571670 1385
1571680 1391
1571690 1395
1571700 1395
1571710 1399
1571720 1403
1571730 1403
1571740 1407
1571750 1412
1571760 1412
1571770 1416
1571780 1420
1571790 1420
1571800 1424
1571810 1427
1571820 1427
1571830 1429
1571840 1431
1571850 1431
1571860 1434
1571870 1436
1571880 1436
1571890 1438
1571900 1438
1571910 1438
1571920 1434
1571930 1428
1571940 1428
1571950 1422
1571960 1416
1571970 1416
1571980 1411
1571990 1406
1572000 1406
1572010 1402
1572020 1398
1572030 1398
1572040 1395
1572050 1391
1572060 1390
1572070 1390
1572080 1389
1572090 1388
1572100 1388
1572110 1387
1572120 1387
1572130 1387
1572140 1386
1572150 1384
1572160 1384
1572170 1387
1572180 1393
1572190 1393
1572200 1398
1572210 1403
1572220 1403
1572230 1409
1572240 1415
1572250 1415
1572260 1422
1572270 1429
1572280 1429
1572290 1438
1572300 1447
1572310 1447
1572320 1457
1572330 1464
1572340 1464
1572350 1476
1572360 1481
1572370 1481
1572380 1483
1572390 1486
1572400 1486
1572410 1490
1572420 1495
1572430 1495
1572440 1500
1572450 1505
1572460 1503
1572470 1503
1572480 1499
1572490 1495
1572500 1495
1572510 1494
1572520 1495
1572530 1495
1572540 1500
1572550 1503
1572560 1503
1572570 1504
1572580 1505
1572590 1505
1572600 1506
1572610 1503
1572620 1503
1572630 1503
1572640 1498
1572650 1498
1572660 1494
1572670 1496
1572680 1496
1572690 1499
1572700 1502
1572710 1502
1572720 1505
1572730 1509
1572740 1509
1572750 1515
1572760 1522
1572770 1522
1572780 1530
1572790 1537
1572800 1537
1572810 1539
1572820 1538
1572830 1538
1572840 1531
1572850 1518
1572860 1518
1572870 1493
1572880 1484
1572890 1478
1572900 1478
1572910 1473
1572920 1467
1572930 1467
1572940 1461
1572950 1455
1572960 1455
1572970 1448
1572980 1440
1572990 1440
1573000 1435
1573010 1431
1573020 1431
1573030 1434
1573040 1444
1573050 1444
1573060 1447
1573070 1445
1573080 1445
1573090 1438
1573100 1432
1573110 1432
1573120 1427
1573130 1418
1573140 1418
1573150 1400
1573160 1388
1573170 1388
1573180 1381
1573190 1373
1573200 1373
1573210 1362
1573220 1351
1573230 1351
1573240 1340
1573250 1331
1573260 1331
1573270 1323
1573280 1315
1573290 1305
1573300 1305
1573310 1290
1573320 1263
1573330 1263
1573340 1251
1573350 1243
1573360 1243
1573370 1235
1573380 1233
1573390 1233
1573400 1257
1573410 1282
1573420 1282
1573430 1295
1573440 1302
1573450 1302
1573460 1313
1573470 1319
1573480 1319
1573490 1318
1573500 1317
1573510 1317
1573520 1316
1573530 1317
1573540 1317
1573550 1318
1573560 1317
1573570 1317
1573580 1314
1573590 1308
1573600 1308
1573610 1302
1573620 1308
1573630 1308
1573640 1321
1573650 1334
1573660 1334
1573670 1341
1573680 1346
1573690 1349
1573700 1349
1573710 1349
1573720 1348
1573730 1348
1573740 1349
1573750 1350
1573760 1350
1573770 1350
1573780 1349
1573790 1349
1573800 1351
1573810 1354
1573820 1354
1573830 1351
1573840 1355
1573850 1355
1573860 1361
1573870 1364
1573880 1364
1573890 1365
1573900 1364
1573910 1356
1573920 1358
1573930 1356
1573940 1356
1573950 1362
1573960 1371
1573970 1371
1573980 1382
1573990 1393
1574000 1393
1574010 1398
1574020 1403
1574030 1403
1574040 1409
1574050 1414
1574060 1414
1574070 1417
1574080 1421
1574090 1421
1574100 1425
1574110 1429
1574120 1433
1574130 1433
1574140 1436
1574150 1442
1574160 1442
1574170 1449
1574180 1457
1574190 1457
1574200 1463
1574210 1469
1574220 1469
1574230 1473
1574240 1478
1574250 1478
1574260 1482
1574270 1486
1574280 1486
1574290 1490
1574300 1494
1574310 1494
1574320 1498
1574330 1503
1574340 1503
1574350 1508
1574360 1513
1574370 1513
1574380 1517
1574390 1516
1574400 1516
1574410 1511
1574420 1506
1574430 1506
1574440 1500
1574450 1496
1574460 1496
1574470 1494
1574480 1487
1574490 1487
1574500 1469
1574510 1448
1574520 1442
1574530 1442
1574540 1441
1574550 1435
1574560 1435
1574570 1429
1574580 1421
1574590 1421
1574600 1417
1574610 1417
1574620 1417
1574630 1427
1574640 1442
1574650 1442
1574660 1451
1574670 1456
1574680 1456
1574690 1459
1574700 1458
1574710 1458
1574720 1454
1574730 1449
1574740 1449
1574750 1446
1574760 1448
1574770 1448
1574780 1448
1574790 1448
1574800 1448
1574810 1447
1574820 1446
1574830 1446
1574840 1442
1574850 1436
1574860 1436
1574870 1439
1574880 1441
1574890 1441
1574900 1435
1574910 1429
1574920 1429
1574930 1411
1574940 1397
1574950 1418
1574960 1418
1574970 1441
1574980 1450
1574990 1450
1575000 1457
1575010 1463
1575020 1463
1575030 1466
1575040 1467
1575050 1467
1575060 1469
1575070 1471
1575080 1471
1575090 1472
1575100 1478
1575110 1478
1575120 1485
1575130 1491
1575140 1491
1575150 1496
1575160 1501
1575170 1501
1575180 1506
1575190 1511
1575200 1511
1575210 1517
1575220 1527
1575230 1527
1575240 1538
1575250 1546
1575260 1546
1575270 1554
1575280 1557
1575290 1557
1575300 1564
1575310 1560
1575320 1560
1575330 1545
1575340 1539
1575350 1536
1575360 1536
1575370 1533
1575380 1533
1575390 1533
1575400 1534
1575410 1535
1575420 1535
1575430 1531
1575440 1524
1575450 1524
1575460 1516
1575470 1503
1575480 1503
1575490 1494
1575500 1491
1575510 1491
1575520 1494
1575530 1493
1575540 1493
1575550 1492
1575560 1490
1575570 1490
1575580 1488
1575590 1487
1575600 1487
1575610 1485
1575620 1480
1575630 1480
1575640 1476
1575650 1470
1575660 1470
1575670 1456
1575680 1445
1575690 1445
1575700 1428
1575710 1417
1575720 1417
1575730 1405
1575740 1400
1575750 1398
1575760 1398
1575770 1383
1575780 1368
1575790 1368
1575800 1361
1575810 1355
1575820 1355
1575830 1354
1575840 1352
1575850 1352
1575860 1349
1575870 1345
1575880 1345
1575890 1341
1575900 1341
1575910 1341
1575920 1344
1575930 1343
1575940 1343
1575950 1343
1575960 1344
1575970 1344
1575980 1352
1575990 1367
1576000 1367
1576010 1372
1576020 1371
1576030 1371
1576040 1374
1576050 1379
1576060 1379
1576070 1388
1576080 1403
1576090 1403
1576100 1418
1576110 1423
1576120 1423
1576130 1437
1576140 1451
1576150 1451
1576160 1463
1576170 1476
1576180 1487
1576190 1487
1576200 1496
1576210 1502
1576220 1502
1576230 1507
1576240 1510
1576250 1510
1576260 1515
1576270 1520
1576280 1520
1576290 1525
1576300 1533
1576310 1533
1576320 1539
1576330 1542
1576340 1542
1576350 1545
1576360 1551
1576370 1551
1576380 1562
1576390 1572
1576400 1572
1576410 1581
1576420 1590
1576430 1590
1576440 1595
1576450 1591
1576460 1591
1576470 1594
1576480 1605
1576490 1605
1576500 1614
1576510 1618
1576520 1618
1576530 1615
1576540 1618
1576550 1618
1576560 1623
1576570 1630
1576580 1638
1576590 1638
1576600 1642
1576610 1648
1576620 1648
1576630 1657
1576640 1667
1576650 1667
1576660 1679
1576670 1689
1576680 1689
1576690 1698
1576700 1713
1576710 1713
1576720 1736
1576730 1763
1576740 1769
1576750 1784
1576760 1792
1576770 1792
1576780 1794
1576790 1793
1576800 1793
1576810 1793
1576820 1797
1576830 1797
1576840 1803
1576850 1812
1576860 1812
1576870 1816
1576880 1817
1576890 1817
1576900 1822
1576910 1827
1576920 1827
1576930 1832
1576940 1842
1576950 1842
1576960 1853
1576970 1862
1576980 1862
1576990 1873
1577000 1882
1577010 1891
1577020 1891
1577030 1899
1577040 1906
1577050 1906
1577060 1916
1577070 1924
1577080 1924
1577090 1932
1577100 1939
1577110 1939
1577120 1947
1577130 1954
1577140 1954
1577150 1959
1577160 1963
1577170 1963
1577180 1968
1577190 1975
1577200 1975
1577210 1982
1577220 1989
1577230 1989
1577240 1997
1577250 2000
1577260 2000
1577270 1997
1577280 2000
1577290 2000
1577300 2003
1577310 1997
1577320 1997
1577330 1998
1577340 2003
1577350 2003
1577360 2005
1577370 1994
1577380 1994
1577390 1975
1577400 1953
1577410 1940
1577420 1940
1577430 1941
1577440 1942
1577450 1942
1577460 1939
1577470 1940
1577480 1940
1577490 1937
1577500 1931
1577510 1931
1577520 1927
1577530 1925
1577540 1925
1577550 1919
1577560 1915
1577570 1915
1577580 1923
1577590 1929
1577600 1929
1577610 1927
1577620 1926
1577630 1926
1577640 1916
1577650 1902
1577660 1902
1577670 1883
1577680 1870
1577690 1870
1577700 1858
1577710 1851
1577720 1851
1577730 1844
1577740 1839
1577750 1839
1577760 1837
1577770 1837
1577780 1837
1577790 1842
1577800 1848
1577810 1848
1577820 1855
1577830 1861
1577840 1869
1577850 1869
1577860 1880
1577870 1894
1577880 1894
1577890 1911
1577900 1929
1577910 1929
1577920 1944
1577930 1948
1577940 1948
1577950 1948
1577960 1950
1577970 1950
1577980 1955
1577990 1963
1578000 1963
1578010 1971
1578020 1980
1578030 1980
1578040 1988
1578050 1996
1578060 1996
1578070 2006
1578080 2015
1578090 2015
1578100 2026
1578110 2040
1578120 2027
1578130 2040
1578140 2041
1578150 2041
1578160 2040
1578170 2044
1578180 2044
1578190 2049
1578200 2055
1578210 2055
1578220 2062
1578230 2070
1578240 2078
1578250 2078
1578260 2082
1578270 2082
1578280 2082
1578290 2085
1578300 2089
1578310 2089
1578320 2094
1578330 2100
1578340 2100
1578350 2101
1578360 2102
1578370 2102
1578380 2107
1578390 2114
1578400 2114
1578410 2118
1578420 2121
1578430 2121
1578440 2123
1578450 2129
1578460 2129
1578470 2136
1578480 2142
1578490 2142
1578500 2144
1578510 2146
1578520 2146
1578530 2151
1578540 2156
1578550 2156
1578560 2162
1578570 2167
1578580 2167
1578590 2169
1578600 2166
1578610 2166
1578620 2160
1578630 2161
1578640 2164
1578650 2164
1578660 2162
1578670 2168
1578680 2168
1578690 2181
1578700 2191
1578710 2191
1578720 2196
1578730 2202
1578740 2202
1578750 2207
1578760 2213
1578770 2213
1578780 2215
1578790 2218
1578800 2218
1578810 2221
1578820 2223
1578830 2223
1578840 2224
1578850 2225
1578860 2225
1578870 2227
1578880 2229
1578890 2229
1578900 2232
1578910 2235
1578920 2235
1578930 2236
1578940 2233
1578950 2233
1578960 2228
1578970 2222
1578980 2222
1578990 2216
1579000 2211
1579010 2211
1579020 2208
1579030 2204
1579040 2204
1579050 2206
1579060 2205
1579070 2203
1579080 2203
1579090 2200
1579100 2195
1579110 2195
1579120 2190
1579130 2185
1579140 2185
1579150 2180
1579160 2174
1579170 2174
1579180 2172
1579190 2173
1579200 2173
1579210 2169
1579220 2164
1579230 2164
1579240 2160
1579250 2155
1579260 2155
1579270 2149
1579280 2145
1579290 2145
1579300 2140
1579310 2138
1579320 2138
1579330 2134
1579340 2131
1579350 2131
1579360 2128
1579370 2126
1579380 2126
1579390 2122
1579400 2117
1579410 2117
1579420 2112
1579430 2109
1579440 2109
1579450 2108
1579460 2106
1579470 2104
1579480 2096
1579490 2093
1579500 2093
1579510 2093
1579520 2090
1579530 2085
1579540 2085
1579550 2083
1579560 2084
1579570 2084
1579580 2084
1579590 2084
1579600 2084
1579610 2080
1579620 2075
1579630 2075
1579640 2071
1579650 2068
1579660 2068
1579670 2063
1579680 2061
1579690 2061
1579700 2060
1579710 2060
1579720 2060
1579730 2061
1579740 2060
1579750 2060
1579760 2059
1579770 2059
1579780 2059
1579790 2059
1579800 2059
1579810 2059
1579820 2058
1579830 2058
1579840 2058
1579850 2055
1579860 2055
1579870 2055
1579880 2056
1579890 2057
1579900 2055
1579910 2055
1579920 2055
1579930 2055
1579940 2055
1579950 2052
1579960 2051
1579970 2051
1579980 2051
1579990 2049
