1560000 1761
1560010 1760
1560020 1761
1560030 1761
1560040 1765
1560050 1772
1560060 1772
1560070 1775
1560080 1777
1560090 1777
1560100 1778
1560110 1776
1560120 1776
1560130 1772
1560140 1771
1560150 1771
1560160 1773
1560170 1777
1560180 1777
1560190 1779
1560200 1784
1560210 1784
1560220 1788
1560230 1785
1560240 1785
1560250 1780
1560260 1781
1560270 1781
1560280 1779
1560290 1777
1560300 1777
1560310 1782
1560320 1786
1560330 1786
1560340 1788
1560350 1785
1560360 1785
1560370 1788
1560380 1788
1560390 1785
1560400 1785
1560410 1784
1560420 1782
1560430 1782
1560440 1784
1560450 1788
1560460 1788
1560470 1795
1560480 1797
1560490 1797
1560500 1798
1560510 1798
1560520 1798
1560530 1798
1560540 1794
1560550 1794
1560560 1796
1560570 1799
1560580 1799
1560590 1801
1560600 1805
1560610 1805
1560620 1809
1560630 1814
1560640 1814
1560650 1817
1560660 1819
1560670 1819
1560680 1818
1560690 1818
1560700 1818
1560710 1820
1560720 1825
1560730 1825
1560740 1827
1560750 1829
1560760 1829
1560770 1833
1560780 1832
1560790 1831
1560800 1831
1560810 1831
1560820 1830
1560830 1830
1560840 1827
1560850 1824
1560860 1824
1560870 1819
1560880 1816
1560890 1816
1560900 1814
1560910 1812
1560920 1812
1560930 1809
1560940 1805
1560950 1805
1560960 1801
1560970 1796
1560980 1796
1560990 1792
1561000 1786
1561010 1786
1561020 1782
1561030 1778
1561040 1778
1561050 1776
1561060 1775
1561070 1775
1561080 1776
1561090 1776
1561100 1776
1561110 1777
1561120 1780
1561130 1780
1561140 1781
1561150 1777
1561160 1777
1561170 1778
1561180 1777
1561190 1777
1561200 1781
1561210 1787
1561220 1790
1561230 1790
1561240 1794
1561250 1798
1561260 1798
1561270 1800
1561280 1798
1561290 1798
1561300 1800
1561310 1804
1561320 1804
1561330 1808
1561340 1809
1561350 1809
1561360 1813
1561370 1820
1561380 1820
1561390 1827
1561400 1831
1561410 1831
1561420 1834
1561430 1838
1561440 1838
1561450 1843
1561460 1846
1561470 1846
1561480 1850
1561490 1856
1561500 1856
1561510 1859
1561520 1862
1561530 1862
1561540 1864
1561550 1872
1561560 1872
1561570 1878
1561580 1884
1561590 1884
1561600 1886
1561610 1887
1561620 1887
1561630 1890
1561640 1892
1561650 1892
1561660 1892
1561670 1892
1561680 1892
1561690 1892
1561700 1889
1561710 1885
1561720 1885
1561730 1888
1561740 1893
1561750 1893
1561760 1895
1561770 1897
1561780 1897
1561790 1898
1561800 1898
1561810 1898
1561820 1894
1561830 1893
1561840 1893
1561850 1894
1561860 1898
1561870 1898
1561880 1904
1561890 1905
1561900 1905
1561910 1907
1561920 1909
1561930 1909
1561940 1909
1561950 1908
1561960 1908
1561970 1907
1561980 1911
1561990 1911
1562000 1912
1562010 1914
1562020 1914
1562030 1915
1562040 1914
1562050 1914
1562060 1917
1562070 1919
1562080 1918
1562090 1918
1562100 1918
1562110 1918
1562120 1918
1562130 1918
1562140 1918
1562150 1918
1562160 1918
1562170 1917
1562180 1917
1562190 1918
1562200 1917
1562210 1917
1562220 1919
1562230 1919
1562240 1919
1562250 1920
1562260 1920
1562270 1920
1562280 1920
1562290 1918
1562300 1918
1562310 1919
1562320 1920
1562330 1920
1562340 1921
1562350 1922
1562360 1922
1562370 1925
1562380 1928
1562390 1928
1562400 1930
1562410 1931
1562420 1931
1562430 1935
1562440 1939
1562450 1939
1562460 1941
1562470 1941
1562480 1941
1562490 1944
1562500 1946
1562510 1947
1562520 1947
1562530 1946
1562540 1942
1562550 1942
1562560 1939
1562570 1938
1562580 1938
1562590 1938
1562600 1935
1562610 1935
1562620 1931
1562630 1929
1562640 1929
1562650 1927
1562660 1925
1562670 1925
1562680 1920
1562690 1918
1562700 1918
1562710 1918
1562720 1916
1562730 1916
1562740 1912
1562750 1904
1562760 1904
1562770 1899
1562780 1896
1562790 1896
1562800 1895
1562810 1895
1562820 1895
1562830 1890
1562840 1890
1562850 1890
1562860 1889
1562870 1888
1562880 1888
1562890 1887
1562900 1888
1562910 1888
1562920 1888
1562930 1889
1562940 1890
1562950 1890
1562960 1892
1562970 1897
1562980 1897
1562990 1902
1563000 1904
1563010 1904
1563020 1909
1563030 1914
1563040 1914
1563050 1918
1563060 1923
1563070 1923
1563080 1926
1563090 1925
1563100 1925
1563110 1928
1563120 1931
1563130 1931
1563140 1933
1563150 1935
1563160 1935
1563170 1938
1563180 1940
1563190 1940
1563200 1944
1563210 1951
1563220 1951
1563230 1956
1563240 1957
1563250 1957
1563260 1958
1563270 1957
1563280 1957
1563290 1956
1563300 1955
1563310 1955
1563320 1956
1563330 1959
1563340 1966
1563350 1966
1563360 1970
1563370 1975
1563380 1975
1563390 1982
1563400 1983
1563410 1983
1563420 1986
1563430 1994
1563440 1994
1563450 2001
1563460 2004
1563470 2004
1563480 2001
1563490 2001
1563500 2001
1563510 2004
1563520 2007
1563530 2007
1563540 2009
1563550 2009
1563560 2009
1563570 2010
1563580 2016
1563590 2016
1563600 2023
1563610 2026
1563620 2026
1563630 2035
1563640 2035
1563650 2035
1563660 2039
1563670 2043
1563680 2043
1563690 2043
1563700 2043
1563710 2043
1563720 2043
1563730 2048
1563740 2048
1563750 2050
1563760 2050
1563770 2048
1563780 2048
1563790 2049
1563800 2050
1563810 2050
1563820 2049
1563830 2052
1563840 2052
1563850 2055
1563860 2057
1563870 2057
1563880 2059
1563890 2064
1563900 2064
1563910 2068
1563920 2067
1563930 2067
1563940 2067
1563950 2070
1563960 2070
1563970 2069
1563980 2071
1563990 2071
1564000 2072
1564010 2075
1564020 2075
1564030 2085
1564040 2091
1564050 2091
1564060 2093
1564070 2097
1564080 2097
1564090 2099
1564100 2100
1564110 2100
1564120 2102
1564130 2102
1564140 2102
1564150 2100
1564160 2098
1564170 2098
1564180 2096
1564190 2090
1564200 2089
1564210 2089
1564220 2089
1564230 2088
1564240 2088
1564250 2090
1564260 2094
1564270 2094
1564280 2097
1564290 2100
1564300 2100
1564310 2105
1564320 2107
1564330 2107
1564340 2109
1564350 2114
1564360 2114
1564370 2116
1564380 2118
1564390 2118
1564400 2122
1564410 2127
1564420 2127
1564430 2132
1564440 2135
1564450 2133
1564460 2137
1564470 2139
1564480 2139
1564490 2140
1564500 2142
1564510 2142
1564520 2150
1564530 2159
1564540 2159
1564550 2164
1564560 2170
1564570 2170
1564580 2177
1564590 2181
1564600 2183
1564610 2183
1564620 2183
1564630 2184
1564640 2184
1564650 2184
1564660 2183
1564670 2183
1564680 2182
1564690 2180
1564700 2180
1564710 2178
1564720 2178
1564730 2178
1564740 2180
1564750 2182
1564760 2182
1564770 2181
1564780 2182
1564790 2182
1564800 2185
1564810 2187
1564820 2187
1564830 2186
1564840 2186
1564850 2186
1564860 2188
1564870 2189
1564880 2189
1564890 2192
1564900 2193
1564910 2193
1564920 2196
1564930 2201
1564940 2201
1564950 2208
1564960 2212
1564970 2212
1564980 2217
1564990 2221
1565000 2221
1565010 2224
1565020 2223
1565030 2221
1565040 2221
1565050 2221
1565060 2221
1565070 2221
1565080 2221
1565090 2221
1565100 2221
1565110 2220
1565120 2218
1565130 2218
1565140 2219
1565150 2220
1565160 2220
1565170 2220
1565180 2220
1565190 2220
1565200 2218
1565210 2215
1565220 2215
1565230 2214
1565240 2212
1565250 2212
1565260 2210
1565270 2211
1565280 2211
1565290 2215
1565300 2219
1565310 2219
1565320 2222
1565330 2224
1565340 2224
1565350 2223
1565360 2222
1565370 2222
1565380 2222
1565390 2220
1565400 2220
1565410 2222
1565420 2225
1565430 2225
1565440 2229
1565450 2234
1565460 2238
1565470 2238
1565480 2242
1565490 2244
1565500 2244
1565510 2247
1565520 2249
1565530 2249
1565540 2244
1565550 2237
1565560 2237
1565570 2228
1565580 2204
1565590 2204
1565600 2185
1565610 2173
1565620 2173
1565630 2162
1565640 2148
1565650 2148
1565660 2131
1565670 2118
1565680 2118
1565690 2104
1565700 2080
1565710 2080
1565720 2063
1565730 2050
1565740 2050
1565750 2038
1565760 2023
1565770 2023
1565780 2012
1565790 2004
1565800 2004
1565810 1993
1565820 1984
1565830 1984
1565840 1977
1565850 1970
1565860 1970
1565870 1964
1565880 1958
1565890 1951
1565900 1951
1565910 1945
1565920 1938
1565930 1938
1565940 1932
1565950 1926
1565960 1926
1565970 1920
1565980 1914
1565990 1914
1566000 1908
1566010 1904
1566020 1904
1566030 1899
1566040 1894
1566050 1894
1566060 1889
1566070 1884
1566080 1884
1566090 1881
1566100 1878
1566110 1878
1566120 1876
1566130 1874
1566140 1874
1566150 1874
1566160 1874
1566170 1874
1566180 1875
1566190 1878
1566200 1878
1566210 1881
1566220 1883
1566230 1883
1566240 1883
1566250 1885
1566260 1885
1566270 1885
1566280 1887
1566290 1887
1566300 1887
1566310 1883
1566320 1875
1566330 1875
1566340 1867
1566350 1860
1566360 1860
1566370 1852
1566380 1846
1566390 1846
1566400 1840
1566410 1833
1566420 1833
1566430 1828
1566440 1825
1566450 1825
1566460 1823
1566470 1821
1566480 1821
1566490 1818
1566500 1815
1566510 1815
1566520 1812
1566530 1810
1566540 1810
1566550 1807
1566560 1805
1566570 1805
1566580 1803
1566590 1800
1566600 1800
1566610 1800
1566620 1801
1566630 1801
1566640 1801
1566650 1806
1566660 1806
1566670 1808
1566680 1813
1566690 1813
1566700 1818
1566710 1818
1566720 1818
1566730 1818
1566740 1815
1566750 1809
1566760 1809
1566770 1807
1566780 1798
1566790 1798
1566800 1789
1566810 1786
1566820 1786
1566830 1800
1566840 1813
1566850 1813
1566860 1828
1566870 1843
1566880 1843
1566890 1845
1566900 1844
1566910 1844
1566920 1840
1566930 1835
1566940 1835
1566950 1819
1566960 1809
1566970 1809
1566980 1803
1566990 1797
1567000 1797
1567010 1790
1567020 1788
1567030 1788
1567040 1779
1567050 1772
1567060 1772
1567070 1764
1567080 1763
1567090 1763
1567100 1763
1567110 1768
1567120 1768
1567130 1779
1567140 1779
1567150 1761
1567160 1761
1567170 1751
1567180 1746
1567190 1746
1567200 1739
1567210 1722
1567220 1722
1567230 1711
1567240 1702
1567250 1702
1567260 1684
1567270 1666
1567280 1666
1567290 1648
1567300 1634
1567310 1634
1567320 1626
1567330 1618
1567340 1618
1567350 1608
1567360 1595
1567370 1595
1567380 1581
1567390 1571
1567400 1571
1567410 1559
1567420 1543
1567430 1543
1567440 1538
1567450 1531
1567460 1531
1567470 1519
1567480 1510
1567490 1510
1567500 1502
1567510 1494
1567520 1494
1567530 1486
1567540 1477
1567550 1477
1567560 1471
1567570 1463
1567580 1454
1567590 1454
1567600 1439
1567610 1432
1567620 1432
1567630 1427
1567640 1423
1567650 1423
1567660 1421
1567670 1421
1567680 1421
1567690 1422
1567700 1420
1567710 1420
1567720 1412
1567730 1398
1567740 1398
1567750 1390
1567760 1387
1567770 1387
1567780 1383
1567790 1370
1567800 1370
1567810 1363
1567820 1358
1567830 1358
1567840 1349
1567850 1339
1567860 1339
1567870 1332
1567880 1325
1567890 1325
1567900 1315
1567910 1303
1567920 1303
1567930 1293
1567940 1286
1567950 1286
1567960 1278
1567970 1270
1567980 1262
1567990 1262
1568000 1254
1568010 1246
1568020 1246
1568030 1237
1568040 1227
1568050 1227
1568060 1218
1568070 1207
1568080 1207
1568090 1195
1568100 1185
1568110 1185
1568120 1176
1568130 1166
1568140 1166
1568150 1156
1568160 1148
1568170 1148
1568180 1135
1568190 1123
1568200 1123
1568210 1100
1568220 1068
1568230 1068
1568240 1058
1568250 1053
1568260 1053
1568270 1048
1568280 1045
1568290 1045
1568300 1044
1568310 1044
1568320 1044
1568330 1044
1568340 1044
1568350 1044
1568360 1041
1568370 1039
1568380 1039
1568390 1037
1568400 1037
1568410 1042
1568420 1042
1568430 1047
1568440 1053
1568450 1053
1568460 1067
1568470 1075
1568480 1075
1568490 1079
1568500 1077
1568510 1077
1568520 1073
1568530 1069
1568540 1069
1568550 1065
1568560 1061
1568570 1061
1568580 1058
1568590 1054
1568600 1054
1568610 1050
1568620 1045
1568630 1045
1568640 1039
1568650 1032
1568660 1032
1568670 1019
1568680 1009
1568690 1009
1568700 999
1568710 980
1568720 980
1568730 968
1568740 953
1568750 953
1568760 935
1568770 921
1568780 921
1568790 910
1568800 902
1568810 902
1568820 894
1568830 885
1568840 877
1568850 877
1568860 870
1568870 862
1568880 862
1568890 857
1568900 851
1568910 851
1568920 846
1568930 841
1568940 841
1568950 832
1568960 824
1568970 824
1568980 816
1568990 809
1569000 809
1569010 801
1569020 794
1569030 794
1569040 789
1569050 784
1569060 784
1569070 780
1569080 775
1569090 775
1569100 771
1569110 766
1569120 769
1569130 763
1569140 760
1569150 760
1569160 759
1569170 759
1569180 759
1569190 758
1569200 757
1569210 757
1569220 759
1569230 758
1569240 758
1569250 755
1569260 753
1569270 751
1569280 751
1569290 749
1569300 747
1569310 747
1569320 744
1569330 740
1569340 740
1569350 735
1569360 731
1569370 731
1569380 728
1569390 723
1569400 723
1569410 718
1569420 715
1569430 715
1569440 713
1569450 713
1569460 713
1569470 712
1569480 711
1569490 711
1569500 709
1569510 706
1569520 706
1569530 702
1569540 697
1569550 697
1569560 690
1569570 683
1569580 683
1569590 678
1569600 675
1569610 675
1569620 675
1569630 675
1569640 675
1569650 675
1569660 674
1569670 674
1569680 675
1569690 676
1569700 678
1569710 678
1569720 679
1569730 679
1569740 679
1569750 680
1569760 681
1569770 681
1569780 684
1569790 689
1569800 689
1569810 694
1569820 697
1569830 697
1569840 699
1569850 702
1569860 702
1569870 705
1569880 708
1569890 708
1569900 710
1569910 711
1569920 711
1569930 712
1569940 713
1569950 713
1569960 713
1569970 714
1569980 714
1569990 717
1570000 718
1570010 718
1570020 718
1570030 720
1570040 720
1570050 722
1570060 724
1570070 724
1570080 725
1570090 727
1570100 728
1570110 728
1570120 730
1570130 731
1570140 731
1570150 732
1570160 734
1570170 734
1570180 738
1570190 740
1570200 740
1570210 743
1570220 748
1570230 748
1570240 752
1570250 756
1570260 756
1570270 760
1570280 764
1570290 764
1570300 768
1570310 772
1570320 772
1570330 775
1570340 776
1570350 776
1570360 772
1570370 765
1570380 765
1570390 759
1570400 756
1570410 756
1570420 755
1570430 758
1570440 758
1570450 764
1570460 771
1570470 771
1570480 777
1570490 784
1570500 784
1570510 792
1570520 799
1570530 806
1570540 806
1570550 812
1570560 817
1570570 817
1570580 822
1570590 827
1570600 827
1570610 832
1570620 835
1570630 837
1570640 840
1570650 841
1570660 841
1570670 841
1570680 840
1570690 840
1570700 839
1570710 840
1570720 840
1570730 845
1570740 848
1570750 848
1570760 854
1570770 861
1570780 861
1570790 867
1570800 873
1570810 873
1570820 878
1570830 882
1570840 882
1570850 881
1570860 877
1570870 877
1570880 873
1570890 869
1570900 869
1570910 869
1570920 874
1570930 874
1570940 879
1570950 885
1570960 890
1570970 890
1570980 895
1570990 899
1571000 899
1571010 903
1571020 908
1571030 908
1571040 913
1571050 919
1571060 919
1571070 925
1571080 930
1571090 930
1571100 935
1571110 940
1571120 940
1571130 944
1571140 949
1571150 949
1571160 954
1571170 958
1571180 958
1571190 963
1571200 966
1571210 966
1571220 967
1571230 964
1571240 964
1571250 963
1571260 963
1571270 963
1571280 965
1571290 966
1571300 966
1571310 967
1571320 970
1571330 970
1571340 974
1571350 979
1571360 979
1571370 983
1571380 987
1571390 991
1571400 991
1571410 994
1571420 997
1571430 997
1571440 1000
1571450 1003
1571460 1003
1571470 1005
1571480 1008
1571490 1008
1571500 1011
1571510 1014
1571520 1014
1571530 1016
1571540 1019
1571550 1019
1571560 1021
1571570 1024
1571580 1024
1571590 1026
1571600 1029
1571610 1029
1571620 1031
1571630 1034
1571640 1034
1571650 1036
1571660 1039
1571670 1039
1571680 1041
1571690 1043
1571700 1043
1571710 1045
1571720 1047
1571730 1047
1571740 1049
1571750 1050
1571760 1050
1571770 1051
1571780 1052
1571790 1052
1571800 1052
1571810 1051
1571820 1050
1571830 1050
1571840 1050
1571850 1048
1571860 1048
1571870 1044
1571880 1041
1571890 1041
1571900 1039
1571910 1037
1571920 1037
1571930 1036
1571940 1035
1571950 1035
1571960 1035
1571970 1033
1571980 1033
1571990 1030
1572000 1027
1572010 1027
1572020 1024
1572030 1023
1572040 1023
1572050 1021
1572060 1017
1572070 1017
1572080 1014
1572090 1010
1572100 1010
1572110 1000
1572120 998
1572130 998
1572140 997
1572150 997
1572160 997
1572170 999
1572180 1002
1572190 1002
1572200 1006
1572210 1011
1572220 1016
1572230 1016
1572240 1020
1572250 1023
1572260 1023
1572270 1024
1572280 1024
1572290 1024
1572300 1021
1572310 1018
1572320 1018
1572330 1015
1572340 1011
1572350 1011
1572360 1007
1572370 1002
1572380 1002
1572390 996
1572400 991
1572410 991
1572420 987
1572430 982
1572440 982
1572450 977
1572460 972
1572470 972
1572480 967
1572490 962
1572500 962
1572510 957
1572520 952
1572530 952
1572540 947
1572550 942
1572560 942
1572570 937
1572580 931
1572590 931
1572600 926
1572610 922
1572620 922
1572630 917
1572640 911
1572650 905
1572660 905
1572670 900
1572680 894
1572690 894
1572700 888
1572710 883
1572720 883
1572730 878
1572740 873
1572750 873
1572760 868
1572770 863
1572780 863
1572790 858
1572800 853
1572810 853
1572820 848
1572830 844
1572840 844
1572850 839
1572860 834
1572870 834
1572880 829
1572890 825
1572900 825
1572910 821
1572920 815
1572930 815
1572940 809
1572950 804
1572960 804
1572970 797
1572980 791
1572990 791
1573000 786
1573010 781
1573020 781
1573030 775
1573040 767
1573050 767
1573060 760
1573070 753
1573080 748
1573090 748
1573100 747
1573110 747
1573120 747
1573130 748
1573140 749
1573150 749
1573160 749
1573170 750
1573180 750
1573190 749
1573200 749
1573210 749
1573220 749
1573230 750
1573240 750
1573250 751
1573260 752
1573270 752
1573280 756
1573290 761
1573300 761
1573310 763
1573320 767
1573330 767
1573340 773
1573350 779
1573360 779
1573370 785
1573380 789
1573390 789
1573400 793
1573410 797
1573420 797
1573430 801
1573440 805
1573450 805
1573460 809
1573470 813
1573480 813
1573490 818
1573500 822
1573510 826
1573520 826
1573530 830
1573540 834
1573550 834
1573560 842
1573570 845
1573580 845
1573590 846
1573600 846
1573610 846
1573620 844
1573630 842
1573640 842
1573650 839
1573660 836
1573670 836
1573680 834
1573690 831
1573700 831
1573710 828
1573720 825
1573730 825
1573740 823
1573750 822
1573760 822
1573770 822
1573780 823
1573790 823
1573800 824
1573810 825
1573820 825
1573830 825
1573840 826
1573850 826
1573860 827
1573870 828
1573880 828
1573890 829
1573900 831
1573910 833
1573920 833
1573930 834
1573940 836
1573950 836
1573960 838
1573970 840
1573980 840
1573990 840
1574000 842
1574010 842
1574020 844
1574030 845
1574040 845
1574050 846
1574060 846
1574070 846
1574080 845
1574090 845
1574100 845
1574110 846
1574120 847
1574130 847
1574140 849
1574150 850
1574160 850
1574170 852
1574180 854
1574190 854
1574200 854
1574210 855
1574220 855
1574230 856
1574240 857
1574250 857
1574260 858
1574270 859
1574280 859
1574290 861
1574300 865
1574310 865
1574320 868
1574330 870
1574340 872
1574350 872
1574360 875
1574370 880
1574380 880
1574390 884
1574400 890
1574410 890
1574420 896
1574430 901
1574440 901
1574450 908
1574460 914
1574470 914
1574480 920
1574490 926
1574500 926
1574510 931
1574520 936
1574530 936
1574540 941
1574550 945
1574560 945
1574570 948
1574580 951
1574590 951
1574600 955
1574610 959
1574620 959
1574630 963
1574640 968
1574650 968
1574660 972
1574670 977
1574680 977
1574690 981
1574700 985
1574710 985
1574720 989
1574730 993
1574740 993
1574750 998
1574760 1001
1574770 1004
1574780 1004
1574790 1009
1574800 1014
1574810 1014
1574820 1018
1574830 1021
1574840 1021
1574850 1025
1574860 1028
1574870 1028
1574880 1031
1574890 1034
1574900 1034
1574910 1036
1574920 1038
1574930 1038
1574940 1039
1574950 1040
1574960 1040
1574970 1041
1574980 1041
1574990 1041
1575000 1035
1575010 1034
1575020 1034
1575030 1033
1575040 1034
1575050 1034
1575060 1036
1575070 1037
1575080 1037
1575090 1039
1575100 1041
1575110 1041
1575120 1043
1575130 1047
1575140 1047
1575150 1049
1575160 1052
1575170 1052
1575180 1056
1575190 1060
1575200 1063
1575210 1063
1575220 1068
1575230 1072
1575240 1072
1575250 1076
1575260 1081
1575270 1081
1575280 1085
1575290 1090
1575300 1090
1575310 1094
1575320 1099
1575330 1099
1575340 1103
1575350 1109
1575360 1109
1575370 1115
1575380 1121
1575390 1121
1575400 1128
1575410 1132
1575420 1132
1575430 1134
1575440 1136
1575450 1136
1575460 1138
1575470 1139
1575480 1139
1575490 1142
1575500 1145
1575510 1145
1575520 1150
1575530 1154
1575540 1154
1575550 1158
1575560 1161
1575570 1161
1575580 1166
1575590 1173
1575600 1175
1575610 1175
1575620 1178
1575630 1179
1575640 1179
1575650 1180
1575660 1183
1575670 1183
1575680 1183
1575690 1184
1575700 1184
1575710 1185
1575720 1185
1575730 1185
1575740 1185
1575750 1186
1575760 1186
1575770 1190
1575780 1197
1575790 1197
1575800 1203
1575810 1210
1575820 1210
1575830 1215
1575840 1221
1575850 1221
1575860 1225
1575870 1227
1575880 1227
1575890 1227
1575900 1228
1575910 1228
1575920 1230
1575930 1232
1575940 1232
1575950 1234
1575960 1234
1575970 1234
1575980 1235
1575990 1237
1576000 1237
1576010 1239
1576020 1243
1576030 1245
1576040 1245
1576050 1249
1576060 1253
1576070 1253
1576080 1258
1576090 1264
1576100 1264
1576110 1270
1576120 1276
1576130 1276
1576140 1281
1576150 1286
1576160 1286
1576170 1291
1576180 1296
1576190 1296
1576200 1301
1576210 1306
1576220 1306
1576230 1310
1576240 1313
1576250 1313
1576260 1316
1576270 1319
1576280 1319
1576290 1321
1576300 1322
1576310 1322
1576320 1322
1576330 1323
1576340 1323
1576350 1323
1576360 1324
1576370 1324
1576380 1325
1576390 1325
1576400 1325
1576410 1323
1576420 1324
1576430 1324
1576440 1326
1576450 1330
1576460 1337
1576470 1337
1576480 1344
1576490 1350
1576500 1350
1576510 1354
1576520 1356
1576530 1356
1576540 1356
1576550 1360
1576560 1360
1576570 1369
1576580 1379
1576590 1379
1576600 1386
1576610 1391
1576620 1391
1576630 1394
1576640 1393
1576650 1393
1576660 1393
1576670 1394
1576680 1394
1576690 1394
1576700 1395
1576710 1395
1576720 1399
1576730 1407
1576740 1407
1576750 1415
1576760 1423
1576770 1423
1576780 1431
1576790 1438
1576800 1438
1576810 1446
1576820 1454
1576830 1454
1576840 1462
1576850 1470
1576860 1470
1576870 1478
1576880 1485
1576890 1493
1576900 1493
1576910 1501
1576920 1510
1576930 1510
1576940 1519
1576950 1526
1576960 1526
1576970 1532
1576980 1537
1576990 1537
1577000 1542
1577010 1546
1577020 1546
1577030 1550
1577040 1555
1577050 1555
1577060 1558
1577070 1563
1577080 1563
1577090 1571
1577100 1577
1577110 1577
1577120 1582
1577130 1587
1577140 1587
1577150 1593
1577160 1600
1577170 1600
1577180 1608
1577190 1616
1577200 1616
1577210 1622
1577220 1626
1577230 1626
1577240 1632
1577250 1638
1577260 1638
1577270 1644
1577280 1648
1577290 1648
1577300 1654
1577310 1661
1577320 1668
1577330 1668
1577340 1676
1577350 1684
1577360 1684
1577370 1689
1577380 1695
1577390 1695
1577400 1700
1577410 1707
1577420 1707
1577430 1714
1577440 1723
1577450 1723
1577460 1733
1577470 1745
1577480 1745
1577490 1755
1577500 1763
1577510 1763
1577520 1769
1577530 1776
1577540 1776
1577550 1782
1577560 1788
1577570 1788
1577580 1792
1577590 1797
1577600 1797
1577610 1805
1577620 1813
1577630 1813
1577640 1822
1577650 1829
1577660 1829
1577670 1837
1577680 1843
1577690 1843
1577700 1849
1577710 1855
1577720 1861
1577730 1861
1577740 1868
1577750 1875
1577760 1875
1577770 1882
1577780 1889
1577790 1889
1577800 1892
1577810 1901
1577820 1901
1577830 1910
1577840 1922
1577850 1922
1577860 1932
1577870 1941
1577880 1941
1577890 1946
1577900 1945
1577910 1945
1577920 1944
1577930 1943
1577940 1943
1577950 1942
1577960 1941
1577970 1941
1577980 1939
1577990 1938
1578000 1938
1578010 1938
1578020 1938
1578030 1938
1578040 1938
1578050 1938
1578060 1938
1578070 1939
1578080 1941
1578090 1941
1578100 1942
1578110 1943
1578120 1943
1578130 1945
1578140 1947
1578150 1949
1578160 1949
1578170 1952
1578180 1954
1578190 1954
1578200 1957
1578210 1960
1578220 1960
1578230 1962
1578240 1964
1578250 1964
1578260 1965
1578270 1964
1578280 1964
1578290 1962
1578300 1959
1578310 1959
1578320 1957
1578330 1954
1578340 1954
1578350 1951
1578360 1949
1578370 1949
1578380 1945
1578390 1943
1578400 1943
1578410 1942
1578420 1939
1578430 1939
1578440 1936
1578450 1938
1578460 1938
1578470 1942
1578480 1944
1578490 1944
1578500 1944
1578510 1938
1578520 1938
1578530 1925
1578540 1913
1578550 1913
1578560 1903
1578570 1894
1578580 1886
1578590 1886
1578600 1878
1578610 1870
1578620 1870
1578630 1863
1578640 1856
1578650 1856
1578660 1850
1578670 1844
1578680 1844
1578690 1838
1578700 1832
1578710 1832
1578720 1825
1578730 1819
1578740 1819
1578750 1813
1578760 1807
1578770 1807
1578780 1801
1578790 1795
1578800 1795
1578810 1790
1578820 1787
1578830 1787
1578840 1784
1578850 1780
1578860 1780
1578870 1776
1578880 1771
1578890 1771
1578900 1764
1578910 1756
1578920 1756
1578930 1749
1578940 1745
1578950 1745
1578960 1742
1578970 1741
1578980 1741
1578990 1739
1579000 1739
1579010 1742
1579020 1742
1579030 1745
1579040 1749
1579050 1749
1579060 1754
1579070 1758
1579080 1758
1579090 1761
1579100 1760
1579110 1760
1579120 1757
1579130 1753
1579140 1753
1579150 1750
1579160 1746
1579170 1748
1579180 1744
1579190 1744
1579200 1744
1579210 1745
1579220 1746
1579230 1746
1579240 1749
1579250 1752
1579260 1752
1579270 1752
1579280 1752
1579290 1752
1579300 1751
1579310 1751
1579320 1751
1579330 1752
1579340 1752
1579350 1752
1579360 1750
1579370 1749
1579380 1749
1579390 1748
1579400 1744
1579410 1742
1579420 1742
1579430 1743
1579440 1745
1579450 1745
1579460 1746
1579470 1744
1579480 1744
1579490 1740
1579500 1734
1579510 1734
1579520 1729
1579530 1728
1579540 1728
1579550 1732
1579560 1738
1579570 1738
1579580 1743
1579590 1744
1579600 1744
1579610 1744
1579620 1746
1579630 1746
1579640 1748
1579650 1750
1579660 1750
1579670 1753
1579680 1756
1579690 1756
1579700 1757
1579710 1757
1579720 1757
1579730 1759
1579740 1760
1579750 1760
1579760 1763
1579770 1766
1579780 1766
1579790 1766
1579800 1770
1579810 1770
1579820 1775
1579830 1777
1579840 1776
1579850 1776
1579860 1775
1579870 1774
1579880 1774
1579890 1772
1579900 1769
1579910 1769
1579920 1768
1579930 1764
1579940 1764
1579950 1762
1579960 1762
1579970 1762
1579980 1761
1579990 1758
