1560000 1839
1560010 1839
1560020 1839
1560030 1842
1560040 1851
1560050 1851
1560060 1858
1560070 1862
1560080 1862
1560090 1866
1560100 1871
1560110 1871
1560120 1873
1560130 1873
1560140 1873
1560150 1874
1560160 1875
1560170 1876
1560180 1876
1560190 1878
1560200 1876
1560210 1876
1560220 1877
1560230 1877
1560240 1877
1560250 1875
1560260 1873
1560270 1873
1560280 1875
1560290 1874
1560300 1874
1560310 1872
1560320 1869
1560330 1869
1560340 1869
1560350 1864
1560360 1864
1560370 1858
1560380 1853
1560390 1853
1560400 1851
1560410 1851
1560420 1851
1560430 1851
1560440 1849
1560450 1849
1560460 1843
1560470 1833
1560480 1833
1560490 1832
1560500 1831
1560510 1831
1560520 1832
1560530 1838
1560540 1838
1560550 1842
1560560 1843
1560570 1842
1560580 1842
1560590 1844
1560600 1844
1560610 1844
1560620 1843
1560630 1842
1560640 1842
1560650 1839
1560660 1838
1560670 1838
1560680 1839
1560690 1840
1560700 1840
1560710 1844
1560720 1846
1560730 1846
1560740 1849
1560750 1849
1560760 1849
1560770 1845
1560780 1842
1560790 1842
1560800 1838
1560810 1837
1560820 1837
1560830 1836
1560840 1834
1560850 1834
1560860 1832
1560870 1832
1560880 1832
1560890 1832
1560900 1833
1560910 1838
1560920 1839
1560930 1839
1560940 1839
1560950 1838
1560960 1839
1560970 1839
1560980 1840
1560990 1840
1561000 1839
1561010 1839
1561020 1839
1561030 1838
1561040 1838
1561050 1838
1561060 1838
1561070 1838
1561080 1838
1561090 1839
1561100 1839
1561110 1838
1561120 1839
1561130 1839
1561140 1841
1561150 1843
1561160 1843
1561170 1845
1561180 1845
1561190 1845
1561200 1848
1561210 1847
1561220 1847
1561230 1845
1561240 1840
1561250 1840
1561260 1836
1561270 1836
1561280 1836
1561290 1836
1561300 1836
1561310 1836
1561320 1834
1561330 1830
1561340 1830
1561350 1823
1561360 1818
1561370 1818
1561380 1815
1561390 1812
1561400 1812
1561410 1812
1561420 1813
1561430 1813
1561440 1813
1561450 1815
1561460 1820
1561470 1820
1561480 1828
1561490 1835
1561500 1835
1561510 1837
1561520 1838
1561530 1838
1561540 1842
1561550 1846
1561560 1846
1561570 1847
1561580 1847
1561590 1847
1561600 1846
1561610 1846
1561620 1846
1561630 1850
1561640 1853
1561650 1853
1561660 1853
1561670 1855
1561680 1855
1561690 1859
1561700 1861
1561710 1861
1561720 1861
1561730 1862
1561740 1862
1561750 1864
1561760 1866
1561770 1866
1561780 1867
1561790 1865
1561800 1865
1561810 1862
1561820 1863
1561830 1863
1561840 1866
1561850 1870
1561860 1876
1561870 1876
1561880 1877
1561890 1881
1561900 1881
1561910 1884
1561920 1883
1561930 1883
1561940 1882
1561950 1884
1561960 1884
1561970 1885
1561980 1888
1561990 1888
1562000 1890
1562010 1889
1562020 1889
1562030 1886
1562040 1886
1562050 1886
1562060 1887
1562070 1888
1562080 1888
1562090 1887
1562100 1888
1562110 1888
1562120 1888
1562130 1889
1562140 1889
1562150 1888
1562160 1889
1562170 1889
1562180 1887
1562190 1884
1562200 1884
1562210 1881
1562220 1876
1562230 1876
1562240 1875
1562250 1876
1562260 1876
1562270 1876
1562280 1873
1562290 1873
1562300 1873
1562310 1874
1562320 1876
1562330 1876
1562340 1876
1562350 1874
1562360 1874
1562370 1870
1562380 1868
1562390 1868
1562400 1867
1562410 1866
1562420 1866
1562430 1864
1562440 1861
1562450 1861
1562460 1861
1562470 1862
1562480 1862
1562490 1860
1562500 1859
1562510 1859
1562520 1856
1562530 1853
1562540 1853
1562550 1852
1562560 1853
1562570 1850
1562580 1847
1562590 1846
1562600 1846
1562610 1846
1562620 1848
1562630 1848
1562640 1849
1562650 1850
1562660 1850
1562670 1850
1562680 1847
1562690 1846
1562700 1846
1562710 1847
1562720 1848
1562730 1848
1562740 1849
1562750 1851
1562760 1851
1562770 1855
1562780 1857
1562790 1857
1562800 1857
1562810 1858
1562820 1858
1562830 1859
1562840 1862
1562850 1862
1562860 1870
1562870 1872
1562880 1872
1562890 1870
1562900 1872
1562910 1872
1562920 1879
1562930 1881
1562940 1881
1562950 1883
1562960 1885
1562970 1885
1562980 1889
1562990 1892
1563000 1892
1563010 1893
1563020 1892
1563030 1892
1563040 1891
1563050 1891
1563060 1891
1563070 1890
1563080 1892
1563090 1892
1563100 1897
1563110 1905
1563120 1905
1563130 1905
1563140 1901
1563150 1901
1563160 1901
1563170 1903
1563180 1904
1563190 1904
1563200 1906
1563210 1910
1563220 1910
1563230 1914
1563240 1918
1563250 1918
1563260 1921
1563270 1924
1563280 1924
1563290 1931
1563300 1936
1563310 1936
1563320 1941
1563330 1944
1563340 1944
1563350 1947
1563360 1952
1563370 1952
1563380 1963
1563390 1967
1563400 1967
1563410 1968
1563420 1973
1563430 1973
1563440 1984
1563450 1996
1563460 1996
1563470 2009
1563480 2017
1563490 2017
1563500 2026
1563510 2031
1563520 2031
1563530 2036
1563540 2043
1563550 2050
1563560 2050
1563570 2055
1563580 2059
1563590 2059
1563600 2061
1563610 2064
1563620 2064
1563630 2070
1563640 2074
1563650 2074
1563660 2078
1563670 2081
1563680 2081
1563690 2088
1563700 2091
1563710 2091
1563720 2091
1563730 2093
1563740 2093
1563750 2099
1563760 2104
1563770 2104
1563780 2107
1563790 2109
1563800 2109
1563810 2110
1563820 2111
1563830 2111
1563840 2111
1563850 2110
1563860 2110
1563870 2107
1563880 2105
1563890 2105
1563900 2105
1563910 2103
1563920 2103
1563930 2101
1563940 2104
1563950 2104
1563960 2111
1563970 2113
1563980 2115
1563990 2115
1564000 2113
1564010 2114
1564020 2114
1564030 2117
1564040 2118
1564050 2118
1564060 2117
1564070 2117
1564080 2117
1564090 2121
1564100 2127
1564110 2127
1564120 2129
1564130 2129
1564140 2129
1564150 2131
1564160 2132
1564170 2132
1564180 2136
1564190 2141
1564200 2144
1564210 2149
1564220 2152
1564230 2152
1564240 2151
1564250 2152
1564260 2152
1564270 2152
1564280 2152
1564290 2152
1564300 2151
1564310 2150
1564320 2150
1564330 2146
1564340 2145
1564350 2145
1564360 2148
1564370 2153
1564380 2153
1564390 2158
1564400 2162
1564410 2162
1564420 2162
1564430 2162
1564440 2162
1564450 2162
1564460 2160
1564470 2158
1564480 2158
1564490 2158
1564500 2162
1564510 2162
1564520 2167
1564530 2171
1564540 2171
1564550 2174
1564560 2176
1564570 2176
1564580 2179
1564590 2180
1564600 2180
1564610 2181
1564620 2181
1564630 2181
1564640 2180
1564650 2179
1564660 2179
1564670 2179
1564680 2179
1564690 2179
1564700 2180
1564710 2184
1564720 2184
1564730 2184
1564740 2183
1564750 2183
1564760 2186
1564770 2189
1564780 2189
1564790 2192
1564800 2195
1564810 2202
1564820 2202
1564830 2205
1564840 2206
1564850 2206
1564860 2206
1564870 2204
1564880 2204
1564890 2204
1564900 2204
1564910 2204
1564920 2205
1564930 2206
1564940 2206
1564950 2206
1564960 2207
1564970 2207
1564980 2208
1564990 2209
1565000 2209
1565010 2211
1565020 2212
1565030 2212
1565040 2214
1565050 2215
1565060 2215
1565070 2214
1565080 2213
1565090 2213
1565100 2211
1565110 2208
1565120 2208
1565130 2205
1565140 2202
1565150 2202
1565160 2198
1565170 2195
1565180 2195
1565190 2191
1565200 2187
1565210 2187
1565220 2184
1565230 2180
1565240 2180
1565250 2180
1565260 2176
1565270 2176
1565280 2176
1565290 2176
1565300 2180
1565310 2180
1565320 2186
1565330 2193
1565340 2193
1565350 2201
1565360 2209
1565370 2209
1565380 2217
1565390 2223
1565400 2223
1565410 2225
1565420 2226
1565430 2226
1565440 2226
1565450 2227
1565460 2227
1565470 2230
1565480 2231
1565490 2231
1565500 2227
1565510 2216
1565520 2216
1565530 2205
1565540 2195
1565550 2195
1565560 2186
1565570 2177
1565580 2177
1565590 2169
1565600 2161
1565610 2161
1565620 2153
1565630 2147
1565640 2147
1565650 2140
1565660 2131
1565670 2122
1565680 2122
1565690 2112
1565700 2098
1565710 2098
1565720 2071
1565730 2039
1565740 2039
1565750 2029
1565760 2025
1565770 2025
1565780 2017
1565790 2016
1565800 2016
1565810 2012
1565820 2007
1565830 2007
1565840 2003
1565850 1999
1565860 1999
1565870 1995
1565880 1991
1565890 1991
1565900 1988
1565910 1984
1565920 1984
1565930 1980
1565940 1974
1565950 1974
1565960 1969
1565970 1965
1565980 1965
1565990 1962
1566000 1960
1566010 1960
1566020 1960
1566030 1962
1566040 1962
1566050 1963
1566060 1964
1566070 1964
1566080 1964
1566090 1968
1566100 1975
1566110 1975
1566120 1983
1566130 1989
1566140 1989
1566150 1993
1566160 1996
1566170 1996
1566180 1996
1566190 1998
1566200 1998
1566210 2001
1566220 2008
1566230 2008
1566240 2011
1566250 2011
1566260 2011
1566270 2013
1566280 2015
1566290 2015
1566300 2016
1566310 2017
1566320 2017
1566330 2022
1566340 2031
1566350 2031
1566360 2041
1566370 2039
1566380 2039
1566390 2026
1566400 2015
1566410 2015
1566420 2008
1566430 2002
1566440 2002
1566450 1997
1566460 1992
1566470 1992
1566480 1986
1566490 1967
1566500 1967
1566510 1943
1566520 1928
1566530 1928
1566540 1928
1566550 1921
1566560 1895
1566570 1895
1566580 1873
1566590 1852
1566600 1852
1566610 1829
1566620 1815
1566630 1815
1566640 1806
1566650 1798
1566660 1798
1566670 1786
1566680 1775
1566690 1775
1566700 1767
1566710 1759
1566720 1759
1566730 1751
1566740 1742
1566750 1742
1566760 1735
1566770 1728
1566780 1728
1566790 1721
1566800 1714
1566810 1714
1566820 1708
1566830 1702
1566840 1702
1566850 1698
1566860 1696
1566870 1696
1566880 1693
1566890 1691
1566900 1691
1566910 1690
1566920 1689
1566930 1682
1566940 1682
1566950 1676
1566960 1667
1566970 1667
1566980 1659
1566990 1653
1567000 1653
1567010 1653
1567020 1654
1567030 1654
1567040 1640
1567050 1629
1567060 1629
1567070 1620
1567080 1611
1567090 1611
1567100 1604
1567110 1602
1567120 1602
1567130 1603
1567140 1599
1567150 1599
1567160 1597
1567170 1597
1567180 1597
1567190 1596
1567200 1588
1567210 1588
1567220 1579
1567230 1570
1567240 1570
1567250 1554
1567260 1539
1567270 1539
1567280 1523
1567290 1513
1567300 1513
1567310 1504
1567320 1497
1567330 1497
1567340 1491
1567350 1481
1567360 1481
1567370 1481
1567380 1482
1567390 1483
1567400 1483
1567410 1488
1567420 1480
1567430 1480
1567440 1462
1567450 1446
1567460 1446
1567470 1437
1567480 1431
1567490 1431
1567500 1425
1567510 1421
1567520 1421
1567530 1416
1567540 1407
1567550 1407
1567560 1398
1567570 1388
1567580 1388
1567590 1379
1567600 1367
1567610 1367
1567620 1357
1567630 1349
1567640 1349
1567650 1341
1567660 1333
1567670 1333
1567680 1318
1567690 1303
1567700 1303
1567710 1294
1567720 1286
1567730 1286
1567740 1277
1567750 1270
1567760 1270
1567770 1262
1567780 1255
1567790 1247
1567800 1247
1567810 1241
1567820 1242
1567830 1242
1567840 1238
1567850 1225
1567860 1225
1567870 1216
1567880 1208
1567890 1208
1567900 1196
1567910 1189
1567920 1189
1567930 1195
1567940 1204
1567950 1204
1567960 1210
1567970 1205
1567980 1205
1567990 1197
1568000 1187
1568010 1187
1568020 1177
1568030 1167
1568040 1167
1568050 1159
1568060 1149
1568070 1149
1568080 1137
1568090 1124
1568100 1124
1568110 1111
1568120 1099
1568130 1099
1568140 1080
1568150 1058
1568160 1058
1568170 1042
1568180 1024
1568190 1024
1568200 1010
1568210 1001
1568220 996
1568230 996
1568240 991
1568250 985
1568260 985
1568270 979
1568280 975
1568290 975
1568300 972
1568310 969
1568320 969
1568330 968
1568340 966
1568350 966
1568360 966
1568370 965
1568380 965
1568390 966
1568400 965
1568410 965
1568420 965
1568430 965
1568440 965
1568450 965
1568460 964
1568470 964
1568480 963
1568490 962
1568500 962
1568510 960
1568520 959
1568530 959
1568540 957
1568550 954
1568560 954
1568570 952
1568580 950
1568590 950
1568600 948
1568610 945
1568620 945
1568630 943
1568640 940
1568650 937
1568660 937
1568670 933
1568680 929
1568690 929
1568700 925
1568710 920
1568720 920
1568730 917
1568740 913
1568750 913
1568760 910
1568770 908
1568780 908
1568790 906
1568800 906
1568810 906
1568820 906
1568830 905
1568840 905
1568850 904
1568860 903
1568870 903
1568880 904
1568890 909
1568900 909
1568910 915
1568920 923
1568930 923
1568940 936
1568950 933
1568960 933
1568970 926
1568980 919
1568990 919
1569000 913
1569010 906
1569020 906
1569030 898
1569040 890
1569050 881
1569060 881
1569070 873
1569080 865
1569090 865
1569100 857
1569110 849
1569120 849
1569130 841
1569140 833
1569150 833
1569160 826
1569170 819
1569180 819
1569190 812
1569200 806
1569210 806
1569220 800
1569230 798
1569240 798
1569250 797
1569260 801
1569270 801
1569280 801
1569290 799
1569300 799
1569310 797
1569320 793
1569330 793
1569340 787
1569350 780
1569360 780
1569370 776
1569380 775
1569390 775
1569400 773
1569410 772
1569420 772
1569430 768
1569440 762
1569450 762
1569460 756
1569470 748
1569480 741
1569490 741
1569500 734
1569510 727
1569520 727
1569530 723
1569540 721
1569550 721
1569560 717
1569570 713
1569580 713
1569590 708
1569600 705
1569610 705
1569620 703
1569630 701
1569640 701
1569650 697
1569660 693
1569670 693
1569680 686
1569690 678
1569700 678
1569710 672
1569720 672
1569730 672
1569740 672
1569750 671
1569760 671
1569770 671
1569780 671
1569790 671
1569800 671
1569810 671
1569820 671
1569830 673
1569840 678
1569850 678
1569860 684
1569870 689
1569880 689
1569890 693
1569900 695
1569910 695
1569920 695
1569930 695
1569940 698
1569950 698
1569960 701
1569970 705
1569980 705
1569990 709
1570000 712
1570010 712
1570020 715
1570030 717
1570040 717
1570050 719
1570060 720
1570070 720
1570080 719
1570090 717
1570100 717
1570110 714
1570120 713
1570130 713
1570140 713
1570150 714
1570160 714
1570170 715
1570180 716
1570190 716
1570200 718
1570210 720
1570220 720
1570230 722
1570240 726
1570250 726
1570260 730
1570270 735
1570280 735
1570290 740
1570300 745
1570310 745
1570320 746
1570330 747
1570340 750
1570350 750
1570360 753
1570370 750
1570380 750
1570390 741
1570400 736
1570410 736
1570420 737
1570430 742
1570440 742
1570450 749
1570460 757
1570470 757
1570480 765
1570490 773
1570500 773
1570510 778
1570520 783
1570530 783
1570540 788
1570550 793
1570560 793
1570570 796
1570580 799
1570590 799
1570600 802
1570610 805
1570620 805
1570630 806
1570640 808
1570650 808
1570660 811
1570670 815
1570680 815
1570690 819
1570700 824
1570710 824
1570720 828
1570730 831
1570740 831
1570750 835
1570760 840
1570770 846
1570780 846
1570790 850
1570800 856
1570810 856
1570820 860
1570830 865
1570840 865
1570850 868
1570860 868
1570870 868
1570880 864
1570890 860
1570900 860
1570910 859
1570920 860
1570930 860
1570940 862
1570950 865
1570960 865
1570970 869
1570980 875
1570990 875
1571000 881
1571010 888
1571020 888
1571030 895
1571040 900
1571050 900
1571060 904
1571070 911
1571080 911
1571090 917
1571100 923
1571110 923
1571120 928
1571130 932
1571140 932
1571150 936
1571160 939
1571170 939
1571180 942
1571190 944
1571200 947
1571210 947
1571220 949
1571230 952
1571240 952
1571250 954
1571260 956
1571270 956
1571280 958
1571290 960
1571300 960
1571310 960
1571320 961
1571330 961
1571340 962
1571350 962
1571360 962
1571370 964
1571380 966
1571390 966
1571400 968
1571410 970
1571420 970
1571430 973
1571440 975
1571450 975
1571460 978
1571470 980
1571480 980
1571490 983
1571500 986
1571510 986
1571520 989
1571530 992
1571540 992
1571550 996
1571560 999
1571570 999
1571580 1002
1571590 1005
1571600 1008
1571610 1008
1571620 1011
1571630 1014
1571640 1014
1571650 1016
1571660 1017
1571670 1017
1571680 1018
1571690 1018
1571700 1018
1571710 1018
1571720 1019
1571730 1019
1571740 1019
1571750 1018
1571760 1018
1571770 1013
1571780 1009
1571790 1009
1571800 1006
1571810 1004
1571820 1004
1571830 1002
1571840 997
1571850 997
1571860 991
1571870 985
1571880 983
1571890 977
1571900 971
1571910 971
1571920 964
1571930 958
1571940 958
1571950 952
1571960 946
1571970 946
1571980 940
1571990 934
1572000 934
1572010 928
1572020 926
1572030 928
1572040 928
1572050 929
1572060 929
1572070 929
1572080 927
1572090 926
1572100 926
1572110 923
1572120 919
1572130 919
1572140 913
1572150 908
1572160 908
1572170 905
1572180 904
1572190 904
1572200 903
1572210 903
1572220 903
1572230 904
1572240 906
1572250 906
1572260 906
1572270 906
1572280 906
1572290 907
1572300 907
1572310 907
1572320 908
1572330 908
1572340 908
1572350 907
1572360 907
1572370 907
1572380 906
1572390 906
1572400 906
1572410 905
1572420 905
1572430 905
1572440 904
1572450 902
1572460 900
1572470 900
1572480 894
1572490 886
1572500 886
1572510 879
1572520 873
1572530 873
1572540 869
1572550 865
1572560 865
1572570 860
1572580 856
1572590 856
1572600 851
1572610 845
1572620 845
1572630 838
1572640 832
1572650 832
1572660 828
1572670 825
1572680 825
1572690 823
1572700 819
1572710 819
1572720 815
1572730 810
1572740 810
1572750 805
1572760 800
1572770 800
1572780 795
1572790 790
1572800 790
1572810 785
1572820 780
1572830 780
1572840 776
1572850 774
1572860 774
1572870 769
1572880 763
1572890 754
1572900 754
1572910 746
1572920 739
1572930 739
1572940 738
1572950 737
1572960 737
1572970 737
1572980 739
1572990 739
1573000 740
1573010 740
1573020 740
1573030 741
1573040 742
1573050 742
1573060 743
1573070 745
1573080 745
1573090 747
1573100 749
1573110 749
1573120 752
1573130 757
1573140 757
1573150 764
1573160 773
1573170 773
1573180 781
1573190 789
1573200 789
1573210 795
1573220 801
1573230 801
1573240 806
1573250 813
1573260 813
1573270 818
1573280 822
1573290 822
1573300 825
1573310 828
1573320 831
1573330 831
1573340 834
1573350 835
1573360 835
1573370 837
1573380 838
1573390 838
1573400 840
1573410 841
1573420 841
1573430 842
1573440 844
1573450 844
1573460 845
1573470 846
1573480 846
1573490 847
1573500 848
1573510 848
1573520 850
1573530 851
1573540 851
1573550 853
1573560 854
1573570 854
1573580 855
1573590 856
1573600 856
1573610 857
1573620 858
1573630 858
1573640 860
1573650 861
1573660 861
1573670 862
1573680 863
1573690 863
1573700 865
1573710 866
1573720 867
1573730 867
1573740 869
1573750 870
1573760 870
1573770 871
1573780 872
1573790 872
1573800 873
1573810 875
1573820 875
1573830 876
1573840 876
1573850 876
1573860 878
1573870 880
1573880 880
1573890 882
1573900 884
1573910 884
1573920 885
1573930 887
1573940 887
1573950 888
1573960 888
1573970 888
1573980 889
1573990 889
1574000 889
1574010 889
1574020 888
1574030 888
1574040 887
1574050 885
1574060 885
1574070 884
1574080 883
1574090 883
1574100 882
1574110 881
1574120 881
1574130 879
1574140 877
1574150 875
1574160 875
1574170 874
1574180 875
1574190 875
1574200 875
1574210 876
1574220 876
1574230 877
1574240 878
1574250 878
1574260 880
1574270 881
1574280 881
1574290 882
1574300 883
1574310 883
1574320 884
1574330 885
1574340 885
1574350 887
1574360 888
1574370 888
1574380 890
1574390 892
1574400 892
1574410 893
1574420 895
1574430 895
1574440 896
1574450 898
1574460 898
1574470 900
1574480 901
1574490 901
1574500 903
1574510 905
1574520 905
1574530 907
1574540 908
1574550 908
1574560 910
1574570 912
1574580 914
1574590 914
1574600 916
1574610 918
1574620 918
1574630 919
1574640 920
1574650 920
1574660 920
1574670 919
1574680 919
1574690 919
1574700 920
1574710 920
1574720 920
1574730 921
1574740 921
1574750 922
1574760 924
1574770 927
1574780 927
1574790 930
1574800 930
1574810 935
1574820 939
1574830 939
1574840 943
1574850 946
1574860 946
1574870 949
1574880 951
1574890 951
1574900 954
1574910 956
1574920 956
1574930 958
1574940 962
1574950 962
1574960 965
1574970 970
1574980 970
1574990 975
1575000 979
1575010 983
1575020 983
1575030 983
1575040 980
1575050 980
1575060 977
1575070 978
1575080 978
1575090 980
1575100 982
1575110 982
1575120 985
1575130 989
1575140 989
1575150 994
1575160 998
1575170 998
1575180 1001
1575190 1003
1575200 1003
1575210 1006
1575220 1010
1575230 1010
1575240 1014
1575250 1019
1575260 1019
1575270 1023
1575280 1028
1575290 1028
1575300 1033
1575310 1037
1575320 1037
1575330 1041
1575340 1047
1575350 1047
1575360 1052
1575370 1058
1575380 1058
1575390 1063
1575400 1068
1575410 1068
1575420 1074
1575430 1080
1575440 1085
1575450 1085
1575460 1090
1575470 1095
1575480 1095
1575490 1100
1575500 1105
1575510 1105
1575520 1109
1575530 1113
1575540 1113
1575550 1117
1575560 1121
1575570 1121
1575580 1124
1575590 1126
1575600 1126
1575610 1127
1575620 1129
1575630 1129
1575640 1133
1575650 1137
1575660 1137
1575670 1142
1575680 1146
1575690 1146
1575700 1148
1575710 1150
1575720 1150
1575730 1150
1575740 1149
1575750 1149
1575760 1149
1575770 1151
1575780 1151
1575790 1153
1575800 1152
1575810 1152
1575820 1149
1575830 1147
1575840 1154
1575850 1154
1575860 1159
1575870 1164
1575880 1164
1575890 1167
1575900 1169
1575910 1169
1575920 1172
1575930 1173
1575940 1173
1575950 1174
1575960 1176
1575970 1176
1575980 1179
1575990 1183
1576000 1183
1576010 1185
1576020 1188
1576030 1188
1576040 1191
1576050 1193
1576060 1193
1576070 1196
1576080 1198
1576090 1198
1576100 1200
1576110 1202
1576120 1202
1576130 1204
1576140 1206
1576150 1206
1576160 1210
1576170 1215
1576180 1215
1576190 1225
1576200 1232
1576210 1232
1576220 1238
1576230 1244
1576240 1244
1576250 1249
1576260 1254
1576270 1258
1576280 1258
1576290 1263
1576300 1268
1576310 1268
1576320 1272
1576330 1276
1576340 1276
1576350 1279
1576360 1282
1576370 1282
1576380 1286
1576390 1289
1576400 1289
1576410 1294
1576420 1300
1576430 1300
1576440 1306
1576450 1312
1576460 1312
1576470 1316
1576480 1320
1576490 1320
1576500 1324
1576510 1328
1576520 1328
1576530 1333
1576540 1339
1576550 1339
1576560 1344
1576570 1351
1576580 1351
1576590 1357
1576600 1364
1576610 1364
1576620 1370
1576630 1377
1576640 1377
1576650 1384
1576660 1390
1576670 1390
1576680 1397
1576690 1404
1576700 1410
1576710 1410
1576720 1417
1576730 1424
1576740 1424
1576750 1430
1576760 1436
1576770 1436
1576780 1442
1576790 1447
1576800 1447
1576810 1454
1576820 1461
1576830 1461
1576840 1468
1576850 1476
1576860 1476
1576870 1483
1576880 1488
1576890 1488
1576900 1494
1576910 1502
1576920 1502
1576930 1510
1576940 1517
1576950 1517
1576960 1524
1576970 1532
1576980 1532
1576990 1539
1577000 1547
1577010 1547
1577020 1555
1577030 1562
1577040 1562
1577050 1571
1577060 1580
1577070 1580
1577080 1589
1577090 1599
1577100 1599
1577110 1605
1577120 1609
1577130 1612
1577140 1612
1577150 1614
1577160 1618
1577170 1618
1577180 1624
1577190 1629
1577200 1629
1577210 1636
1577220 1643
1577230 1643
1577240 1651
1577250 1659
1577260 1659
1577270 1668
1577280 1675
1577290 1675
1577300 1683
1577310 1691
1577320 1691
1577330 1699
1577340 1707
1577350 1707
1577360 1715
1577370 1723
1577380 1723
1577390 1730
1577400 1738
1577410 1738
1577420 1746
1577430 1753
1577440 1753
1577450 1761
1577460 1769
1577470 1769
1577480 1776
1577490 1784
1577500 1784
1577510 1792
1577520 1799
1577530 1799
1577540 1807
1577550 1814
1577560 1821
1577570 1821
1577580 1830
1577590 1838
1577600 1838
1577610 1848
1577620 1859
1577630 1859
1577640 1864
1577650 1871
1577660 1871
1577670 1876
1577680 1881
1577690 1881
1577700 1887
1577710 1894
1577720 1894
1577730 1901
1577740 1912
1577750 1912
1577760 1921
1577770 1919
1577780 1919
1577790 1915
1577800 1913
1577810 1913
1577820 1913
1577830 1913
1577840 1913
1577850 1912
1577860 1910
1577870 1910
1577880 1909
1577890 1907
1577900 1907
1577910 1907
1577920 1907
1577930 1907
1577940 1908
1577950 1907
1577960 1907
1577970 1906
1577980 1905
1577990 1904
1578000 1904
1578010 1904
1578020 1903
1578030 1903
1578040 1903
1578050 1899
1578060 1899
1578070 1899
1578080 1898
1578090 1898
1578100 1894
1578110 1894
1578120 1894
1578130 1895
1578140 1896
1578150 1896
1578160 1894
1578170 1892
1578180 1892
1578190 1892
1578200 1893
1578210 1893
1578220 1892
1578230 1893
1578240 1893
1578250 1895
1578260 1896
1578270 1896
1578280 1898
1578290 1901
1578300 1901
1578310 1903
1578320 1905
1578330 1905
1578340 1906
1578350 1909
1578360 1909
1578370 1911
1578380 1912
1578390 1914
1578400 1914
1578410 1917
1578420 1920
1578430 1920
1578440 1923
1578450 1927
1578460 1927
1578470 1927
1578480 1919
1578490 1919
1578500 1902
1578510 1891
1578520 1891
1578530 1877
1578540 1866
1578550 1866
1578560 1858
1578570 1854
1578580 1854
1578590 1846
1578600 1840
1578610 1840
1578620 1834
1578630 1826
1578640 1826
1578650 1820
1578660 1814
1578670 1814
1578680 1808
1578690 1802
1578700 1802
1578710 1796
1578720 1789
1578730 1789
1578740 1783
1578750 1777
1578760 1777
1578770 1771
1578780 1767
1578790 1767
1578800 1763
1578810 1760
1578820 1758
1578830 1758
1578840 1757
1578850 1755
1578860 1755
1578870 1750
1578880 1746
1578890 1746
1578900 1747
1578910 1749
1578920 1749
1578930 1747
1578940 1744
1578950 1742
1578960 1739
1578970 1737
1578980 1737
1578990 1733
1579000 1729
1579010 1729
1579020 1725
1579030 1723
1579040 1723
1579050 1722
1579060 1724
1579070 1724
1579080 1724
1579090 1723
1579100 1723
1579110 1717
1579120 1712
1579130 1712
1579140 1710
1579150 1712
1579160 1712
1579170 1715
1579180 1719
1579190 1719
1579200 1725
1579210 1728
1579220 1728
1579230 1727
1579240 1727
1579250 1729
1579260 1729
1579270 1729
1579280 1727
1579290 1727
1579300 1721
1579310 1715
1579320 1715
1579330 1710
1579340 1708
1579350 1708
1579360 1707
1579370 1706
1579380 1706
1579390 1705
1579400 1704
1579410 1704
1579420 1704
1579430 1702
1579440 1702
1579450 1698
1579460 1697
1579470 1697
1579480 1699
1579490 1704
1579500 1704
1579510 1707
1579520 1706
1579530 1706
1579540 1705
1579550 1707
1579560 1707
1579570 1712
1579580 1719
1579590 1719
1579600 1723
1579610 1726
1579620 1726
1579630 1730
1579640 1741
1579650 1741
1579660 1755
1579670 1759
1579680 1763
1579690 1763
1579700 1766
1579710 1770
1579720 1770
1579730 1772
1579740 1773
1579750 1773
1579760 1771
1579770 1768
1579780 1768
1579790 1765
1579800 1762
1579810 1762
1579820 1759
1579830 1756
1579840 1756
1579850 1753
1579860 1749
1579870 1749
1579880 1744
1579890 1740
1579900 1740
1579910 1738
1579920 1739
1579930 1739
1579940 1739
1579950 1737
1579960 1737
1579970 1735
1579980 1731
1579990 1731
