1560000 1984
1560010 1982
1560020 1982
1560030 1981
1560040 1983
1560050 1983
1560060 1983
1560070 1981
1560080 1979
1560090 1979
1560100 1976
1560110 1970
1560120 1970
1560130 1967
1560140 1968
1560150 1968
1560160 1964
1560170 1959
1560180 1959
1560190 1960
1560200 1958
1560210 1958
1560220 1959
1560230 1962
1560240 1962
1560250 1965
1560260 1965
1560270 1965
1560280 1964
1560290 1962
1560300 1962
1560310 1959
1560320 1956
1560330 1956
1560340 1954
1560350 1954
1560360 1954
1560370 1954
1560380 1958
1560390 1958
1560400 1964
1560410 1970
1560420 1970
1560430 1976
1560440 1985
1560450 1985
1560460 1994
1560470 1999
1560480 1999
1560490 1999
1560500 2002
1560510 2001
1560520 2001
1560530 2002
1560540 2007
1560550 2007
1560560 2015
1560570 2021
1560580 2021
1560590 2026
1560600 2026
1560610 2026
1560620 2027
1560630 2025
1560640 2025
1560650 2024
1560660 2019
1560670 2019
1560680 2015
1560690 2011
1560700 2011
1560710 2008
1560720 2008
1560730 2008
1560740 2014
1560750 2016
1560760 2016
1560770 2016
1560780 2015
1560790 2015
1560800 2014
1560810 2013
1560820 2013
1560830 2012
1560840 2012
1560850 2012
1560860 2011
1560870 2010
1560880 2010
1560890 2005
1560900 2010
1560910 2010
1560920 2010
1560930 2008
1560940 2007
1560950 2007
1560960 2009
1560970 2007
1560980 2007
1560990 2007
1561000 2010
1561010 2010
1561020 2011
1561030 2009
1561040 2009
1561050 2007
1561060 2004
1561070 2004
1561080 2008
1561090 2007
1561100 2007
1561110 2009
1561120 2010
1561130 2010
1561140 2010
1561150 2010
1561160 2010
1561170 2008
1561180 2007
1561190 2007
1561200 2010
1561210 2009
1561220 2009
1561230 2010
1561240 2018
1561250 2018
1561260 2017
1561270 2021
1561280 2021
1561290 2022
1561300 2024
1561310 2024
1561320 2021
1561330 2018
1561340 2015
1561350 2015
1561360 2011
1561370 2003
1561380 2003
1561390 2000
1561400 1998
1561410 1998
1561420 1998
1561430 1996
1561440 1996
1561450 1991
1561460 1991
1561470 1991
1561480 1991
1561490 1991
1561500 1991
1561510 1986
1561520 1987
1561530 1987
1561540 1988
1561550 1991
1561560 1991
1561570 1995
1561580 1996
1561590 1996
1561600 1999
1561610 2001
1561620 2001
1561630 2002
1561640 2003
1561650 2003
1561660 2003
1561670 2001
1561680 2001
1561690 2002
1561700 2002
1561710 2002
1561720 2004
1561730 2007
1561740 2007
1561750 2010
1561760 2014
1561770 2019
1561780 2019
1561790 2024
1561800 2030
1561810 2030
1561820 2042
1561830 2051
1561840 2051
1561850 2069
1561860 2077
1561870 2077
1561880 2081
1561890 2086
1561900 2086
1561910 2087
1561920 2086
1561930 2086
1561940 2088
1561950 2087
1561960 2087
1561970 2087
1561980 2090
1561990 2090
1562000 2092
1562010 2092
1562020 2092
1562030 2091
1562040 2091
1562050 2091
1562060 2092
1562070 2092
1562080 2092
1562090 2093
1562100 2092
1562110 2092
1562120 2091
1562130 2090
1562140 2090
1562150 2090
1562160 2090
1562170 2090
1562180 2092
1562190 2094
1562200 2100
1562210 2100
1562220 2105
1562230 2112
1562240 2112
1562250 2125
1562260 2129
1562270 2129
1562280 2136
1562290 2145
1562300 2145
1562310 2155
1562320 2162
1562330 2162
1562340 2162
1562350 2168
1562360 2168
1562370 2170
1562380 2164
1562390 2164
1562400 2150
1562410 2144
1562420 2144
1562430 2139
1562440 2140
1562450 2140
1562460 2148
1562470 2163
1562480 2163
1562490 2167
1562500 2171
1562510 2171
1562520 2173
1562530 2176
1562540 2176
1562550 2182
1562560 2182
1562570 2182
1562580 2189
1562590 2194
1562600 2194
1562610 2193
1562620 2193
1562630 2191
1562640 2191
1562650 2189
1562660 2190
1562670 2190
1562680 2189
1562690 2187
1562700 2187
1562710 2184
1562720 2182
1562730 2182
1562740 2184
1562750 2184
1562760 2184
1562770 2184
1562780 2182
1562790 2182
1562800 2183
1562810 2182
1562820 2182
1562830 2182
1562840 2183
1562850 2183
1562860 2184
1562870 2183
1562880 2183
1562890 2186
1562900 2190
1562910 2190
1562920 2191
1562930 2191
1562940 2191
1562950 2191
1562960 2193
1562970 2193
1562980 2193
1562990 2191
1563000 2191
1563010 2189
1563020 2187
1563030 2187
1563040 2186
1563050 2181
1563060 2179
1563070 2179
1563080 2174
1563090 2169
1563100 2169
1563110 2163
1563120 2158
1563130 2158
1563140 2155
1563150 2151
1563160 2151
1563170 2147
1563180 2143
1563190 2143
1563200 2145
1563210 2142
1563220 2142
1563230 2141
1563240 2141
1563250 2141
1563260 2139
1563270 2136
1563280 2136
1563290 2135
1563300 2137
1563310 2138
1563320 2138
1563330 2135
1563340 2135
1563350 2131
1563360 2129
1563370 2129
1563380 2122
1563390 2114
1563400 2114
1563410 2112
1563420 2111
1563430 2111
1563440 2108
1563450 2105
1563460 2105
1563470 2099
1563480 2096
1563490 2097
1563500 2097
1563510 2099
1563520 2100
1563530 2100
1563540 2102
1563550 2104
1563560 2104
1563570 2108
1563580 2116
1563590 2116
1563600 2120
1563610 2120
1563620 2120
1563630 2125
1563640 2136
1563650 2136
1563660 2145
1563670 2152
1563680 2152
1563690 2155
1563700 2159
1563710 2159
1563720 2164
1563730 2168
1563740 2168
1563750 2168
1563760 2172
1563770 2172
1563780 2175
1563790 2176
1563800 2176
1563810 2177
1563820 2178
1563830 2178
1563840 2179
1563850 2180
1563860 2180
1563870 2179
1563880 2176
1563890 2176
1563900 2175
1563910 2175
1563920 2173
1563930 2173
1563940 2175
1563950 2175
1563960 2175
1563970 2175
1563980 2173
1563990 2173
1564000 2171
1564010 2174
1564020 2174
1564030 2177
1564040 2180
1564050 2180
1564060 2184
1564070 2187
1564080 2187
1564090 2193
1564100 2198
1564110 2198
1564120 2203
1564130 2208
1564140 2208
1564150 2213
1564160 2217
1564170 2217
1564180 2222
1564190 2227
1564200 2227
1564210 2232
1564220 2237
1564230 2237
1564240 2242
1564250 2247
1564260 2247
1564270 2252
1564280 2257
1564290 2257
1564300 2262
1564310 2268
1564320 2268
1564330 2273
1564340 2278
1564350 2283
1564360 2283
1564370 2288
1564380 2293
1564390 2293
1564400 2298
1564410 2303
1564420 2303
1564430 2307
1564440 2312
1564450 2312
1564460 2316
1564470 2320
1564480 2320
1564490 2324
1564500 2327
1564510 2327
1564520 2330
1564530 2333
1564540 2333
1564550 2336
1564560 2333
1564570 2333
1564580 2330
1564590 2328
1564600 2328
1564610 2330
1564620 2335
1564630 2335
1564640 2337
1564650 2339
1564660 2339
1564670 2338
1564680 2337
1564690 2337
1564700 2333
1564710 2329
1564720 2329
1564730 2325
1564740 2318
1564750 2318
1564760 2310
1564770 2304
1564780 2303
1564790 2303
1564800 2303
1564810 2305
1564820 2305
1564830 2302
1564840 2295
1564850 2295
1564860 2288
1564870 2279
1564880 2279
1564890 2272
1564900 2266
1564910 2266
1564920 2264
1564930 2258
1564940 2258
1564950 2252
1564960 2245
1564970 2245
1564980 2237
1564990 2228
1565000 2228
1565010 2217
1565020 2205
1565030 2205
1565040 2193
1565050 2181
1565060 2181
1565070 2170
1565080 2159
1565090 2159
1565100 2148
1565110 2135
1565120 2135
1565130 2126
1565140 2120
1565150 2120
1565160 2114
1565170 2106
1565180 2106
1565190 2097
1565200 2092
1565210 2084
1565220 2084
1565230 2075
1565240 2058
1565250 2058
1565260 2042
1565270 2031
1565280 2031
1565290 2024
1565300 2019
1565310 2019
1565320 2014
1565330 2003
1565340 2003
1565350 1983
1565360 1965
1565370 1965
1565380 1948
1565390 1961
1565400 1961
1565410 1973
1565420 1962
1565430 1962
1565440 1949
1565450 1945
1565460 1945
1565470 1961
1565480 1964
1565490 1964
1565500 1970
1565510 1968
1565520 1968
1565530 1966
1565540 1961
1565550 1961
1565560 1956
1565570 1951
1565580 1951
1565590 1941
1565600 1910
1565610 1910
1565620 1892
1565630 1890
1565640 1892
1565650 1892
1565660 1878
1565670 1870
1565680 1870
1565690 1858
1565700 1843
1565710 1843
1565720 1830
1565730 1821
1565740 1821
1565750 1805
1565760 1792
1565770 1792
1565780 1782
1565790 1770
1565800 1770
1565810 1763
1565820 1745
1565830 1745
1565840 1731
1565850 1723
1565860 1723
1565870 1716
1565880 1709
1565890 1709
1565900 1703
1565910 1696
1565920 1696
1565930 1684
1565940 1672
1565950 1672
1565960 1661
1565970 1651
1565980 1651
1565990 1638
1566000 1629
1566010 1629
1566020 1622
1566030 1617
1566040 1617
1566050 1612
1566060 1605
1566070 1597
1566080 1597
1566090 1588
1566100 1580
1566110 1580
1566120 1572
1566130 1565
1566140 1565
1566150 1558
1566160 1550
1566170 1550
1566180 1542
1566190 1532
1566200 1532
1566210 1524
1566220 1517
1566230 1517
1566240 1510
1566250 1503
1566260 1503
1566270 1496
1566280 1485
1566290 1485
1566300 1476
1566310 1469
1566320 1469
1566330 1463
1566340 1454
1566350 1454
1566360 1445
1566370 1436
1566380 1436
1566390 1430
1566400 1421
1566410 1421
1566420 1414
1566430 1401
1566440 1401
1566450 1388
1566460 1369
1566470 1369
1566480 1353
1566490 1344
1566500 1338
1566510 1338
1566520 1322
1566530 1304
1566540 1304
1566550 1289
1566560 1276
1566570 1276
1566580 1260
1566590 1251
1566600 1251
1566610 1243
1566620 1236
1566630 1236
1566640 1230
1566650 1224
1566660 1224
1566670 1217
1566680 1210
1566690 1210
1566700 1204
1566710 1199
1566720 1199
1566730 1192
1566740 1185
1566750 1185
1566760 1180
1566770 1176
1566780 1176
1566790 1173
1566800 1169
1566810 1169
1566820 1166
1566830 1161
1566840 1161
1566850 1155
1566860 1150
1566870 1150
1566880 1148
1566890 1146
1566900 1146
1566910 1143
1566920 1140
1566930 1137
1566940 1137
1566950 1134
1566960 1132
1566970 1132
1566980 1130
1566990 1126
1567000 1126
1567010 1120
1567020 1115
1567030 1115
1567040 1110
1567050 1105
1567060 1105
1567070 1102
1567080 1099
1567090 1099
1567100 1095
1567110 1087
1567120 1087
1567130 1070
1567140 1053
1567150 1053
1567160 1045
1567170 1038
1567180 1038
1567190 1032
1567200 1026
1567210 1026
1567220 1020
1567230 1016
1567240 1016
1567250 1012
1567260 1015
1567270 1015
1567280 1016
1567290 1014
1567300 1014
1567310 1011
1567320 1005
1567330 1005
1567340 1002
1567350 998
1567360 991
1567370 991
1567380 979
1567390 974
1567400 974
1567410 969
1567420 963
1567430 963
1567440 955
1567450 947
1567460 947
1567470 941
1567480 936
1567490 936
1567500 932
1567510 928
1567520 928
1567530 920
1567540 913
1567550 913
1567560 905
1567570 903
1567580 903
1567590 902
1567600 900
1567610 900
1567620 898
1567630 895
1567640 895
1567650 892
1567660 888
1567670 888
1567680 884
1567690 879
1567700 879
1567710 874
1567720 868
1567730 868
1567740 863
1567750 858
1567760 858
1567770 854
1567780 850
1567790 845
1567800 845
1567810 841
1567820 835
1567830 835
1567840 831
1567850 828
1567860 828
1567870 825
1567880 823
1567890 823
1567900 820
1567910 818
1567920 818
1567930 817
1567940 816
1567950 816
1567960 815
1567970 815
1567980 815
1567990 814
1568000 812
1568010 812
1568020 810
1568030 805
1568040 805
1568050 798
1568060 792
1568070 792
1568080 787
1568090 785
1568100 785
1568110 784
1568120 782
1568130 782
1568140 778
1568150 774
1568160 774
1568170 770
1568180 765
1568190 765
1568200 762
1568210 759
1568220 756
1568230 756
1568240 753
1568250 750
1568260 750
1568270 748
1568280 745
1568290 745
1568300 743
1568310 741
1568320 741
1568330 740
1568340 741
1568350 741
1568360 741
1568370 741
1568380 741
1568390 738
1568400 737
1568410 737
1568420 736
1568430 735
1568440 735
1568450 734
1568460 733
1568470 733
1568480 731
1568490 729
1568500 729
1568510 727
1568520 726
1568530 726
1568540 725
1568550 724
1568560 724
1568570 724
1568580 724
1568590 724
1568600 724
1568610 725
1568620 725
1568630 727
1568640 726
1568650 726
1568660 726
1568670 725
1568680 723
1568690 723
1568700 722
1568710 721
1568720 721
1568730 720
1568740 721
1568750 721
1568760 721
1568770 722
1568780 722
1568790 723
1568800 723
1568810 723
1568820 725
1568830 725
1568840 725
1568850 725
1568860 726
1568870 726
1568880 726
1568890 726
1568900 726
1568910 727
1568920 729
1568930 729
1568940 730
1568950 731
1568960 731
1568970 735
1568980 739
1568990 739
1569000 743
1569010 743
1569020 743
1569030 742
1569040 742
1569050 742
1569060 744
1569070 748
1569080 752
1569090 752
1569100 751
1569110 750
1569120 750
1569130 746
1569140 737
1569150 737
1569160 725
1569170 714
1569180 714
1569190 705
1569200 698
1569210 698
1569220 692
1569230 692
1569240 692
1569250 696
1569260 699
1569270 699
1569280 701
1569290 701
1569300 701
1569310 701
1569320 698
1569330 698
1569340 694
1569350 691
1569360 691
1569370 686
1569380 682
1569390 682
1569400 682
1569410 685
1569420 685
1569430 687
1569440 688
1569450 688
1569460 687
1569470 685
1569480 685
1569490 683
1569500 683
1569510 681
1569520 681
1569530 678
1569540 676
1569550 676
1569560 675
1569570 673
1569580 673
1569590 673
1569600 673
1569610 673
1569620 671
1569630 668
1569640 668
1569650 670
1569660 672
1569670 672
1569680 674
1569690 676
1569700 676
1569710 677
1569720 678
1569730 678
1569740 678
1569750 679
1569760 679
1569770 677
1569780 676
1569790 676
1569800 674
1569810 672
1569820 672
1569830 670
1569840 669
1569850 669
1569860 668
1569870 666
1569880 666
1569890 663
1569900 658
1569910 658
1569920 654
1569930 652
1569940 652
1569950 652
1569960 652
1569970 651
1569980 651
1569990 651
1570000 651
1570010 651
1570020 651
1570030 651
1570040 651
1570050 651
1570060 650
1570070 650
1570080 650
1570090 650
1570100 650
1570110 650
1570120 650
1570130 650
1570140 649
1570150 649
1570160 649
1570170 648
1570180 649
1570190 649
1570200 648
1570210 648
1570220 648
1570230 647
1570240 647
1570250 647
1570260 647
1570270 647
1570280 647
1570290 647
1570300 647
1570310 647
1570320 646
1570330 646
1570340 646
1570350 646
1570360 646
1570370 646
1570380 646
1570390 646
1570400 645
1570410 645
1570420 645
1570430 645
1570440 645
1570450 645
1570460 644
1570470 644
1570480 644
1570490 645
1570500 645
1570510 645
1570520 645
1570530 645
1570540 645
1570550 645
1570560 645
1570570 645
1570580 645
1570590 645
1570600 645
1570610 645
1570620 645
1570630 646
1570640 646
1570650 646
1570660 647
1570670 647
1570680 647
1570690 647
1570700 647
1570710 647
1570720 647
1570730 647
1570740 647
1570750 647
1570760 647
1570770 647
1570780 647
1570790 647
1570800 647
1570810 647
1570820 647
1570830 647
1570840 647
1570850 647
1570860 647
1570870 647
1570880 646
1570890 646
1570900 646
1570910 646
1570920 646
1570930 646
1570940 646
1570950 646
1570960 646
1570970 646
1570980 646
1570990 646
1571000 646
1571010 646
1571020 646
1571030 646
1571040 647
1571050 647
1571060 647
1571070 648
1571080 648
1571090 649
1571100 650
1571110 650
1571120 651
1571130 653
1571140 653
1571150 655
1571160 657
1571170 657
1571180 659
1571190 661
1571200 661
1571210 663
1571220 665
1571230 667
1571240 667
1571250 669
1571260 671
1571270 671
1571280 672
1571290 673
1571300 673
1571310 673
1571320 676
1571330 676
1571340 678
1571350 681
1571360 681
1571370 686
1571380 691
1571390 691
1571400 697
1571410 703
1571420 703
1571430 708
1571440 714
1571450 714
1571460 719
1571470 725
1571480 725
1571490 731
1571500 737
1571510 737
1571520 742
1571530 748
1571540 748
1571550 757
1571560 767
1571570 767
1571580 774
1571590 786
1571600 786
1571610 792
1571620 790
1571630 790
1571640 796
1571650 802
1571660 807
1571670 807
1571680 812
1571690 817
1571700 817
1571710 823
1571720 829
1571730 829
1571740 836
1571750 845
1571760 845
1571770 857
1571780 872
1571790 872
1571800 879
1571810 876
1571820 876
1571830 881
1571840 888
1571850 888
1571860 890
1571870 894
1571880 894
1571890 902
1571900 912
1571910 912
1571920 912
1571930 909
1571940 909
1571950 907
1571960 908
1571970 908
1571980 911
1571990 915
1572000 915
1572010 921
1572020 929
1572030 929
1572040 946
1572050 949
1572060 949
1572070 944
1572080 941
1572090 940
1572100 940
1572110 943
1572120 948
1572130 948
1572140 958
1572150 972
1572160 972
1572170 979
1572180 981
1572190 981
1572200 981
1572210 980
1572220 980
1572230 976
1572240 978
1572250 978
1572260 984
1572270 983
1572280 983
1572290 983
1572300 982
1572310 982
1572320 976
1572330 968
1572340 968
1572350 958
1572360 952
1572370 952
1572380 951
1572390 950
1572400 950
1572410 951
1572420 956
1572430 956
1572440 962
1572450 962
1572460 962
1572470 957
1572480 953
1572490 953
1572500 956
1572510 951
1572520 950
1572530 950
1572540 943
1572550 951
1572560 951
1572570 956
1572580 950
1572590 950
1572600 943
1572610 937
1572620 937
1572630 930
1572640 924
1572650 924
1572660 908
1572670 896
1572680 896
1572690 887
1572700 880
1572710 880
1572720 873
1572730 868
1572740 868
1572750 865
1572760 865
1572770 865
1572780 863
1572790 856
1572800 856
1572810 849
1572820 842
1572830 842
1572840 835
1572850 827
1572860 827
1572870 820
1572880 813
1572890 813
1572900 805
1572910 798
1572920 798
1572930 788
1572940 778
1572950 769
1572960 769
1572970 761
1572980 753
1572990 753
1573000 747
1573010 740
1573020 740
1573030 733
1573040 723
1573050 723
1573060 712
1573070 703
1573080 703
1573090 698
1573100 704
1573110 704
1573120 712
1573130 721
1573140 721
1573150 730
1573160 739
1573170 739
1573180 747
1573190 756
1573200 756
1573210 766
1573220 778
1573230 778
1573240 787
1573250 795
1573260 795
1573270 803
1573280 808
1573290 808
1573300 814
1573310 819
1573320 819
1573330 820
1573340 822
1573350 822
1573360 826
1573370 832
1573380 839
1573390 839
1573400 844
1573410 849
1573420 849
1573430 855
1573440 860
1573450 860
1573460 865
1573470 869
1573480 869
1573490 874
1573500 880
1573510 880
1573520 887
1573530 895
1573540 895
1573550 901
1573560 908
1573570 908
1573580 915
1573590 921
1573600 921
1573610 925
1573620 930
1573630 930
1573640 936
1573650 941
1573660 941
1573670 946
1573680 951
1573690 951
1573700 956
1573710 962
1573720 962
1573730 968
1573740 975
1573750 975
1573760 981
1573770 988
1573780 988
1573790 994
1573800 999
1573810 1002
1573820 1002
1573830 1005
1573840 1007
1573850 1007
1573860 1010
1573870 1013
1573880 1013
1573890 1016
1573900 1020
1573910 1020
1573920 1024
1573930 1029
1573940 1029
1573950 1032
1573960 1034
1573970 1034
1573980 1037
1573990 1048
1574000 1048
1574010 1046
1574020 1050
1574030 1050
1574040 1052
1574050 1054
1574060 1054
1574070 1054
1574080 1056
1574090 1056
1574100 1058
1574110 1061
1574120 1061
1574130 1063
1574140 1065
1574150 1065
1574160 1068
1574170 1071
1574180 1071
1574190 1074
1574200 1079
1574210 1079
1574220 1084
1574230 1089
1574240 1097
1574250 1097
1574260 1104
1574270 1111
1574280 1111
1574290 1119
1574300 1125
1574310 1125
1574320 1128
1574330 1131
1574340 1131
1574350 1136
1574360 1140
1574370 1140
1574380 1145
1574390 1152
1574400 1152
1574410 1160
1574420 1167
1574430 1167
1574440 1174
1574450 1183
1574460 1183
1574470 1198
1574480 1214
1574490 1214
1574500 1224
1574510 1230
1574520 1230
1574530 1235
1574540 1235
1574550 1235
1574560 1232
1574570 1231
1574580 1231
1574590 1231
1574600 1233
1574610 1233
1574620 1237
1574630 1240
1574640 1240
1574650 1244
1574660 1248
1574670 1253
1574680 1253
1574690 1259
1574700 1264
1574710 1264
1574720 1268
1574730 1271
1574740 1271
1574750 1275
1574760 1280
1574770 1280
1574780 1287
1574790 1295
1574800 1295
1574810 1304
1574820 1313
1574830 1313
1574840 1321
1574850 1328
1574860 1328
1574870 1336
1574880 1343
1574890 1343
1574900 1348
1574910 1350
1574920 1350
1574930 1353
1574940 1356
1574950 1356
1574960 1363
1574970 1367
1574980 1367
1574990 1369
1575000 1372
1575010 1372
1575020 1374
1575030 1378
1575040 1378
1575050 1381
1575060 1383
1575070 1383
1575080 1383
1575090 1385
1575100 1390
1575110 1390
1575120 1396
1575130 1402
1575140 1402
1575150 1409
1575160 1415
1575170 1415
1575180 1420
1575190 1425
1575200 1425
1575210 1431
1575220 1436
1575230 1436
1575240 1440
1575250 1445
1575260 1445
1575270 1453
1575280 1461
1575290 1461
1575300 1467
1575310 1473
1575320 1473
1575330 1479
1575340 1485
1575350 1485
1575360 1492
1575370 1497
1575380 1497
1575390 1500
1575400 1500
1575410 1506
1575420 1504
1575430 1501
1575440 1501
1575450 1498
1575460 1496
1575470 1496
1575480 1497
1575490 1500
1575500 1500
1575510 1502
1575520 1506
1575530 1506
1575540 1511
1575550 1513
1575560 1518
1575570 1518
1575580 1524
1575590 1525
1575600 1525
1575610 1524
1575620 1527
1575630 1527
1575640 1533
1575650 1539
1575660 1539
1575670 1544
1575680 1545
1575690 1545
1575700 1549
1575710 1553
1575720 1553
1575730 1554
1575740 1557
1575750 1557
1575760 1561
1575770 1562
1575780 1562
1575790 1564
1575800 1566
1575810 1566
1575820 1569
1575830 1572
1575840 1572
1575850 1573
1575860 1576
1575870 1576
1575880 1579
1575890 1580
1575900 1580
1575910 1582
1575920 1583
1575930 1583
1575940 1585
1575950 1588
1575960 1588
1575970 1590
1575980 1591
1575990 1593
1576000 1593
1576010 1594
1576020 1596
1576030 1596
1576040 1597
1576050 1598
1576060 1598
1576070 1600
1576080 1601
1576090 1601
1576100 1602
1576110 1603
1576120 1603
1576130 1604
1576140 1605
1576150 1605
1576160 1605
1576170 1606
1576180 1606
1576190 1607
1576200 1607
1576210 1607
1576220 1608
1576230 1609
1576240 1609
1576250 1610
1576260 1611
1576270 1611
1576280 1612
1576290 1613
1576300 1613
1576310 1613
1576320 1614
1576330 1614
1576340 1615
1576350 1616
1576360 1616
1576370 1617
1576380 1618
1576390 1618
1576400 1619
1576410 1619
1576420 1620
1576430 1620
1576440 1622
1576450 1622
1576460 1622
1576470 1623
1576480 1624
1576490 1624
1576500 1625
1576510 1627
1576520 1627
1576530 1629
1576540 1631
1576550 1631
1576560 1632
1576570 1632
1576580 1632
1576590 1633
1576600 1635
1576610 1635
1576620 1637
1576630 1638
1576640 1638
1576650 1640
1576660 1642
1576670 1642
1576680 1644
1576690 1646
1576700 1646
1576710 1648
1576720 1650
1576730 1650
1576740 1652
1576750 1654
1576760 1654
1576770 1655
1576780 1655
1576790 1655
1576800 1655
1576810 1654
1576820 1651
1576830 1651
1576840 1652
1576850 1652
1576860 1652
1576870 1652
1576880 1653
1576890 1653
1576900 1655
1576910 1657
1576920 1657
1576930 1659
1576940 1661
1576950 1661
1576960 1663
1576970 1664
1576980 1664
1576990 1664
1577000 1665
1577010 1665
1577020 1666
1577030 1668
1577040 1668
1577050 1669
1577060 1671
1577070 1671
1577080 1672
1577090 1674
1577100 1674
1577110 1676
1577120 1677
1577130 1677
1577140 1679
1577150 1681
1577160 1681
1577170 1684
1577180 1687
1577190 1687
1577200 1689
1577210 1691
1577220 1691
1577230 1693
1577240 1696
1577250 1696
1577260 1699
1577270 1701
1577280 1704
1577290 1704
1577300 1707
1577310 1710
1577320 1710
1577330 1713
1577340 1715
1577350 1715
1577360 1718
1577370 1720
1577380 1720
1577390 1723
1577400 1725
1577410 1725
1577420 1727
1577430 1729
1577440 1729
1577450 1731
1577460 1733
1577470 1733
1577480 1736
1577490 1737
1577500 1737
1577510 1738
1577520 1738
1577530 1738
1577540 1736
1577550 1735
1577560 1735
1577570 1734
1577580 1736
1577590 1736
1577600 1739
1577610 1742
1577620 1742
1577630 1745
1577640 1747
1577650 1747
1577660 1751
1577670 1755
1577680 1755
1577690 1760
1577700 1766
1577710 1771
1577720 1771
1577730 1775
1577740 1779
1577750 1779
1577760 1783
1577770 1786
1577780 1786
1577790 1789
1577800 1792
1577810 1792
1577820 1795
1577830 1798
1577840 1798
1577850 1800
1577860 1802
1577870 1802
1577880 1804
1577890 1807
1577900 1807
1577910 1808
1577920 1810
1577930 1810
1577940 1812
1577950 1814
1577960 1814
1577970 1816
1577980 1817
1577990 1817
1578000 1818
1578010 1819
1578020 1819
1578030 1820
1578040 1821
1578050 1821
1578060 1821
1578070 1821
1578080 1821
1578090 1822
1578100 1822
1578110 1822
1578120 1822
1578130 1822
1578140 1821
1578150 1821
1578160 1821
1578170 1820
1578180 1820
1578190 1820
1578200 1817
1578210 1817
1578220 1815
1578230 1811
1578240 1811
1578250 1805
1578260 1798
1578270 1798
1578280 1791
1578290 1783
1578300 1783
1578310 1776
1578320 1769
1578330 1769
1578340 1761
1578350 1754
1578360 1754
1578370 1747
1578380 1739
1578390 1739
1578400 1731
1578410 1724
1578420 1724
1578430 1717
1578440 1709
1578450 1709
1578460 1701
1578470 1694
1578480 1694
1578490 1686
1578500 1679
1578510 1679
1578520 1671
1578530 1664
1578540 1664
1578550 1657
1578560 1650
1578570 1642
1578580 1642
1578590 1635
1578600 1628
1578610 1628
1578620 1621
1578630 1615
1578640 1615
1578650 1608
1578660 1600
1578670 1600
1578680 1591
1578690 1584
1578700 1584
1578710 1576
1578720 1570
1578730 1570
1578740 1563
1578750 1555
1578760 1555
1578770 1547
1578780 1541
1578790 1541
1578800 1533
1578810 1525
1578820 1525
1578830 1517
1578840 1508
1578850 1508
1578860 1500
1578870 1492
1578880 1492
1578890 1484
1578900 1477
1578910 1477
1578920 1471
1578930 1464
1578940 1464
1578950 1458
1578960 1451
1578970 1451
1578980 1444
1578990 1437
1579000 1428
1579010 1428
1579020 1419
1579030 1410
1579040 1410
1579050 1404
1579060 1397
1579070 1397
1579080 1391
1579090 1384
1579100 1384
1579110 1378
1579120 1374
1579130 1374
1579140 1370
1579150 1362
1579160 1362
1579170 1355
1579180 1347
1579190 1347
1579200 1339
1579210 1332
1579220 1332
1579230 1326
1579240 1321
1579250 1321
1579260 1316
1579270 1311
1579280 1311
1579290 1306
1579300 1303
1579310 1303
1579320 1299
1579330 1296
1579340 1296
1579350 1293
1579360 1289
1579370 1289
1579380 1286
1579390 1283
1579400 1283
1579410 1281
1579420 1280
1579430 1279
1579440 1279
1579450 1277
1579460 1276
1579470 1276
1579480 1275
1579490 1274
1579500 1274
1579510 1272
1579520 1271
1579530 1271
1579540 1272
1579550 1273
1579560 1272
1579570 1274
1579580 1276
1579590 1276
1579600 1278
1579610 1282
1579620 1282
1579630 1285
1579640 1289
1579650 1289
1579660 1294
1579670 1298
1579680 1298
1579690 1303
1579700 1308
1579710 1308
1579720 1314
1579730 1320
1579740 1320
1579750 1325
1579760 1331
1579770 1331
1579780 1337
1579790 1342
1579800 1342
1579810 1349
1579820 1356
1579830 1356
1579840 1363
1579850 1370
1579860 1377
1579870 1377
1579880 1385
1579890 1392
1579900 1392
1579910 1399
1579920 1406
1579930 1406
1579940 1411
1579950 1417
1579960 1417
1579970 1422
1579980 1426
1579990 1426
