1560000 2219
1560010 2219
1560020 2219
1560030 2217
1560040 2209
1560050 2209
1560060 2197
1560070 2182
1560080 2182
1560090 2164
1560100 2151
1560110 2151
1560120 2140
1560130 2130
1560140 2130
1560150 2121
1560160 2116
1560170 2116
1560180 2112
1560190 2109
1560200 2109
1560210 2106
1560220 2102
1560230 2102
1560240 2098
1560250 2097
1560260 2097
1560270 2097
1560280 2096
1560290 2096
1560300 2092
1560310 2090
1560320 2090
1560330 2089
1560340 2088
1560350 2088
1560360 2088
1560370 2090
1560380 2090
1560390 2094
1560400 2097
1560410 2097
1560420 2100
1560430 2101
1560440 2101
1560450 2101
1560460 2100
1560470 2099
1560480 2099
1560490 2097
1560500 2096
1560510 2096
1560520 2100
1560530 2100
1560540 2100
1560550 2099
1560560 2101
1560570 2101
1560580 2101
1560590 2100
1560600 2100
1560610 2099
1560620 2098
1560630 2098
1560640 2100
1560650 2101
1560660 2101
1560670 2103
1560680 2104
1560690 2104
1560700 2102
1560710 2098
1560720 2098
1560730 2096
1560740 2093
1560750 2093
1560760 2091
1560770 2089
1560780 2089
1560790 2087
1560800 2087
1560810 2087
1560820 2087
1560830 2085
1560840 2085
1560850 2084
1560860 2082
1560870 2082
1560880 2079
1560890 2079
1560900 2080
1560910 2080
1560920 2082
1560930 2083
1560940 2083
1560950 2085
1560960 2089
1560970 2089
1560980 2095
1560990 2101
1561000 2101
1561010 2110
1561020 2118
1561030 2118
1561040 2122
1561050 2125
1561060 2125
1561070 2125
1561080 2125
1561090 2125
1561100 2126
1561110 2128
1561120 2128
1561130 2128
1561140 2127
1561150 2127
1561160 2126
1561170 2122
1561180 2122
1561190 2120
1561200 2118
1561210 2118
1561220 2115
1561230 2117
1561240 2117
1561250 2116
1561260 2113
1561270 2113
1561280 2111
1561290 2110
1561300 2110
1561310 2109
1561320 2108
1561330 2108
1561340 2108
1561350 2109
1561360 2110
1561370 2110
1561380 2111
1561390 2113
1561400 2113
1561410 2114
1561420 2116
1561430 2116
1561440 2118
1561450 2119
1561460 2119
1561470 2119
1561480 2118
1561490 2118
1561500 2116
1561510 2114
1561520 2114
1561530 2111
1561540 2110
1561550 2110
1561560 2107
1561570 2103
1561580 2103
1561590 2101
1561600 2098
1561610 2098
1561620 2093
1561630 2087
1561640 2087
1561650 2083
1561660 2082
1561670 2082
1561680 2077
1561690 2076
1561700 2076
1561710 2074
1561720 2074
1561730 2074
1561740 2075
1561750 2074
1561760 2074
1561770 2072
1561780 2074
1561790 2074
1561800 2074
1561810 2073
1561820 2072
1561830 2072
1561840 2071
1561850 2069
1561860 2069
1561870 2064
1561880 2054
1561890 2054
1561900 2045
1561910 2042
1561920 2042
1561930 2044
1561940 2047
1561950 2047
1561960 2049
1561970 2048
1561980 2048
1561990 2045
1562000 2046
1562010 2046
1562020 2050
1562030 2054
1562040 2054
1562050 2054
1562060 2054
1562070 2054
1562080 2055
1562090 2058
1562100 2058
1562110 2060
1562120 2059
1562130 2059
1562140 2059
1562150 2063
1562160 2063
1562170 2067
1562180 2073
1562190 2073
1562200 2077
1562210 2078
1562220 2078
1562230 2078
1562240 2079
1562250 2080
1562260 2080
1562270 2080
1562280 2078
1562290 2078
1562300 2073
1562310 2064
1562320 2064
1562330 2057
1562340 2052
1562350 2052
1562360 2050
1562370 2050
1562380 2050
1562390 2050
1562400 2050
1562410 2050
1562420 2048
1562430 2046
1562440 2046
1562450 2045
1562460 2044
1562470 2044
1562480 2043
1562490 2043
1562500 2043
1562510 2042
1562520 2041
1562530 2041
1562540 2041
1562550 2040
1562560 2040
1562570 2040
1562580 2039
1562590 2039
1562600 2038
1562610 2038
1562620 2038
1562630 2036
1562640 2036
1562650 2037
1562660 2037
1562670 2042
1562680 2042
1562690 2042
1562700 2040
1562710 2034
1562720 2034
1562730 2029
1562740 2022
1562750 2022
1562760 2015
1562770 2011
1562780 2011
1562790 2007
1562800 2003
1562810 2003
1562820 2001
1562830 1999
1562840 1999
1562850 1996
1562860 1993
1562870 1993
1562880 1987
1562890 1984
1562900 1984
1562910 1983
1562920 1981
1562930 1981
1562940 1980
1562950 1979
1562960 1979
1562970 1978
1562980 1976
1562990 1976
1563000 1973
1563010 1971
1563020 1971
1563030 1969
1563040 1965
1563050 1965
1563060 1960
1563070 1956
1563080 1956
1563090 1954
1563100 1954
1563110 1955
1563120 1955
1563130 1955
1563140 1954
1563150 1954
1563160 1953
1563170 1951
1563180 1951
1563190 1950
1563200 1948
1563210 1948
1563220 1946
1563230 1943
1563240 1943
1563250 1941
1563260 1936
1563270 1936
1563280 1932
1563290 1928
1563300 1928
1563310 1923
1563320 1918
1563330 1918
1563340 1917
1563350 1915
1563360 1915
1563370 1909
1563380 1903
1563390 1903
1563400 1895
1563410 1888
1563420 1888
1563430 1882
1563440 1876
1563450 1876
1563460 1869
1563470 1863
1563480 1863
1563490 1860
1563500 1859
1563510 1859
1563520 1861
1563530 1861
1563540 1859
1563550 1859
1563560 1856
1563570 1855
1563580 1855
1563590 1853
1563600 1849
1563610 1849
1563620 1847
1563630 1843
1563640 1843
1563650 1838
1563660 1834
1563670 1834
1563680 1830
1563690 1828
1563700 1828
1563710 1827
1563720 1822
1563730 1822
1563740 1818
1563750 1814
1563760 1814
1563770 1810
1563780 1804
1563790 1804
1563800 1800
1563810 1798
1563820 1798
1563830 1794
1563840 1795
1563850 1795
1563860 1796
1563870 1794
1563880 1794
1563890 1791
1563900 1788
1563910 1788
1563920 1784
1563930 1781
1563940 1781
1563950 1779
1563960 1776
1563970 1776
1563980 1771
1563990 1765
1564000 1759
1564010 1759
1564020 1754
1564030 1750
1564040 1750
1564050 1746
1564060 1739
1564070 1739
1564080 1734
1564090 1732
1564100 1732
1564110 1729
1564120 1726
1564130 1726
1564140 1722
1564150 1719
1564160 1719
1564170 1716
1564180 1710
1564190 1710
1564200 1702
1564210 1690
1564220 1690
1564230 1673
1564240 1662
1564250 1662
1564260 1651
1564270 1641
1564280 1641
1564290 1636
1564300 1633
1564310 1633
1564320 1627
1564330 1618
1564340 1618
1564350 1611
1564360 1610
1564370 1610
1564380 1610
1564390 1611
1564400 1611
1564410 1613
1564420 1615
1564430 1614
1564440 1614
1564450 1612
1564460 1612
1564470 1612
1564480 1605
1564490 1597
1564500 1605
1564510 1602
1564520 1598
1564530 1598
1564540 1594
1564550 1591
1564560 1591
1564570 1588
1564580 1585
1564590 1585
1564600 1582
1564610 1580
1564620 1580
1564630 1577
1564640 1572
1564650 1572
1564660 1570
1564670 1567
1564680 1567
1564690 1561
1564700 1555
1564710 1555
1564720 1551
1564730 1550
1564740 1550
1564750 1546
1564760 1541
1564770 1541
1564780 1535
1564790 1532
1564800 1532
1564810 1531
1564820 1530
1564830 1530
1564840 1531
1564850 1526
1564860 1508
1564870 1508
1564880 1496
1564890 1483
1564900 1483
1564910 1464
1564920 1447
1564930 1447
1564940 1432
1564950 1413
1564960 1413
1564970 1403
1564980 1399
1564990 1399
1565000 1394
1565010 1390
1565020 1390
1565030 1386
1565040 1383
1565050 1383
1565060 1381
1565070 1379
1565080 1379
1565090 1378
1565100 1377
1565110 1377
1565120 1374
1565130 1372
1565140 1372
1565150 1369
1565160 1365
1565170 1365
1565180 1361
1565190 1356
1565200 1356
1565210 1351
1565220 1345
1565230 1345
1565240 1338
1565250 1329
1565260 1329
1565270 1320
1565280 1311
1565290 1302
1565300 1302
1565310 1293
1565320 1284
1565330 1284
1565340 1277
1565350 1270
1565360 1270
1565370 1265
1565380 1261
1565390 1261
1565400 1262
1565410 1263
1565420 1263
1565430 1266
1565440 1268
1565450 1268
1565460 1267
1565470 1263
1565480 1263
1565490 1257
1565500 1248
1565510 1248
1565520 1230
1565530 1218
1565540 1218
1565550 1212
1565560 1206
1565570 1206
1565580 1198
1565590 1191
1565600 1191
1565610 1182
1565620 1175
1565630 1175
1565640 1171
1565650 1169
1565660 1169
1565670 1169
1565680 1169
1565690 1169
1565700 1168
1565710 1167
1565720 1167
1565730 1169
1565740 1170
1565750 1171
1565760 1171
1565770 1168
1565780 1164
1565790 1164
1565800 1160
1565810 1155
1565820 1155
1565830 1151
1565840 1147
1565850 1147
1565860 1141
1565870 1141
1565880 1141
1565890 1148
1565900 1155
1565910 1155
1565920 1158
1565930 1159
1565940 1159
1565950 1159
1565960 1158
1565970 1158
1565980 1153
1565990 1147
1566000 1147
1566010 1142
1566020 1140
1566030 1140
1566040 1149
1566050 1146
1566060 1146
1566070 1142
1566080 1136
1566090 1168
1566100 1159
1566110 1146
1566120 1146
1566130 1147
1566140 1156
1566150 1156
1566160 1159
1566170 1166
1566180 1170
1566190 1170
1566200 1169
1566210 1168
1566220 1168
1566230 1160
1566240 1157
1566250 1157
1566260 1164
1566270 1177
1566280 1177
1566290 1179
1566300 1177
1566310 1177
1566320 1177
1566330 1176
1566340 1176
1566350 1174
1566360 1170
1566370 1170
1566380 1164
1566390 1159
1566400 1159
1566410 1153
1566420 1146
1566430 1146
1566440 1134
1566450 1119
1566460 1119
1566470 1110
1566480 1104
1566490 1104
1566500 1096
1566510 1088
1566520 1088
1566530 1074
1566540 1061
1566550 1061
1566560 1050
1566570 1039
1566580 1039
1566590 1031
1566600 1029
1566610 1029
1566620 1037
1566630 1041
1566640 1041
1566650 1041
1566660 1037
1566670 1024
1566680 1024
1566690 1011
1566700 995
1566710 995
1566720 981
1566730 983
1566740 983
1566750 992
1566760 1002
1566770 1002
1566780 1010
1566790 1015
1566800 1015
1566810 1013
1566820 1012
1566830 1012
1566840 1017
1566850 1028
1566860 1028
1566870 1042
1566880 1050
1566890 1050
1566900 1052
1566910 1052
1566920 1052
1566930 1047
1566940 1039
1566950 1039
1566960 1029
1566970 1030
1566980 1030
1566990 1040
1567000 1046
1567010 1046
1567020 1042
1567030 1038
1567040 1038
1567050 1027
1567060 1020
1567070 1022
1567080 1022
1567090 1032
1567100 1039
1567110 1039
1567120 1046
1567130 1044
1567140 1044
1567150 1043
1567160 1039
1567170 1039
1567180 1038
1567190 1046
1567200 1046
1567210 1059
1567220 1071
1567230 1071
1567240 1086
1567250 1100
1567260 1100
1567270 1111
1567280 1120
1567290 1120
1567300 1128
1567310 1139
1567320 1139
1567330 1148
1567340 1155
1567350 1155
1567360 1160
1567370 1162
1567380 1162
1567390 1159
1567400 1157
1567410 1157
1567420 1156
1567430 1152
1567440 1152
1567450 1149
1567460 1149
1567470 1149
1567480 1150
1567490 1152
1567500 1153
1567510 1153
1567520 1155
1567530 1160
1567540 1160
1567550 1165
1567560 1168
1567570 1168
1567580 1170
1567590 1173
1567600 1173
1567610 1175
1567620 1178
1567630 1178
1567640 1183
1567650 1196
1567660 1196
1567670 1192
1567680 1185
1567690 1185
1567700 1190
1567710 1201
1567720 1201
1567730 1210
1567740 1218
1567750 1218
1567760 1224
1567770 1226
1567780 1226
1567790 1228
1567800 1230
1567810 1230
1567820 1232
1567830 1234
1567840 1234
1567850 1240
1567860 1248
1567870 1248
1567880 1255
1567890 1260
1567900 1260
1567910 1267
1567920 1272
1567930 1272
1567940 1278
1567950 1284
1567960 1290
1567970 1290
1567980 1296
1567990 1301
1568000 1301
1568010 1306
1568020 1312
1568030 1312
1568040 1318
1568050 1325
1568060 1325
1568070 1331
1568080 1338
1568090 1338
1568100 1345
1568110 1352
1568120 1352
1568130 1359
1568140 1363
1568150 1363
1568160 1368
1568170 1374
1568180 1374
1568190 1387
1568200 1408
1568210 1408
1568220 1426
1568230 1450
1568240 1450
1568250 1473
1568260 1482
1568270 1482
1568280 1483
1568290 1485
1568300 1485
1568310 1496
1568320 1532
1568330 1532
1568340 1579
1568350 1608
1568360 1608
1568370 1625
1568380 1639
1568390 1653
1568400 1653
1568410 1664
1568420 1651
1568430 1651
1568440 1652
1568450 1649
1568460 1649
1568470 1642
1568480 1628
1568490 1628
1568500 1613
1568510 1603
1568520 1603
1568530 1593
1568540 1583
1568550 1583
1568560 1574
1568570 1564
1568580 1564
1568590 1556
1568600 1549
1568610 1549
1568620 1546
1568630 1538
1568640 1538
1568650 1528
1568660 1518
1568670 1518
1568680 1513
1568690 1511
1568700 1511
1568710 1503
1568720 1494
1568730 1494
1568740 1484
1568750 1472
1568760 1472
1568770 1461
1568780 1451
1568790 1451
1568800 1448
1568810 1444
1568820 1439
1568830 1439
1568840 1437
1568850 1436
1568860 1436
1568870 1433
1568880 1425
1568890 1425
1568900 1420
1568910 1411
1568920 1411
1568930 1395
1568940 1382
1568950 1382
1568960 1369
1568970 1357
1568980 1357
1568990 1348
1569000 1345
1569010 1345
1569020 1344
1569030 1343
1569040 1343
1569050 1343
1569060 1343
1569070 1343
1569080 1342
1569090 1337
1569100 1337
1569110 1332
1569120 1331
1569130 1331
1569140 1324
1569150 1315
1569160 1315
1569170 1314
1569180 1328
1569190 1328
1569200 1325
1569210 1320
1569220 1320
1569230 1313
1569240 1307
1569250 1307
1569260 1304
1569270 1301
1569280 1298
1569290 1298
1569300 1289
1569310 1281
1569320 1281
1569330 1273
1569340 1264
1569350 1264
1569360 1255
1569370 1246
1569380 1246
1569390 1238
1569400 1233
1569410 1233
1569420 1231
1569430 1234
1569440 1234
1569450 1234
1569460 1234
1569470 1234
1569480 1236
1569490 1237
1569500 1237
1569510 1226
1569520 1206
1569530 1206
1569540 1189
1569550 1171
1569560 1171
1569570 1157
1569580 1145
1569590 1145
1569600 1131
1569610 1121
1569620 1121
1569630 1111
1569640 1102
1569650 1102
1569660 1094
1569670 1087
1569680 1087
1569690 1083
1569700 1080
1569710 1074
1569720 1074
1569730 1066
1569740 1057
1569750 1057
1569760 1046
1569770 1036
1569780 1036
1569790 1026
1569800 1019
1569810 1019
1569820 1012
1569830 1006
1569840 1006
1569850 1000
1569860 995
1569870 995
1569880 989
1569890 984
1569900 984
1569910 979
1569920 974
1569930 974
1569940 968
1569950 963
1569960 963
1569970 956
1569980 950
1569990 950
1570000 944
1570010 938
1570020 938
1570030 932
1570040 925
1570050 925
1570060 920
1570070 914
1570080 914
1570090 908
1570100 902
1570110 902
1570120 896
1570130 891
1570140 885
1570150 885
1570160 879
1570170 873
1570180 873
1570190 868
1570200 863
1570210 863
1570220 857
1570230 853
1570240 853
1570250 849
1570260 845
1570270 845
1570280 841
1570290 835
1570300 835
1570310 829
1570320 824
1570330 824
1570340 820
1570350 818
1570360 818
1570370 815
1570380 812
1570390 812
1570400 809
1570410 806
1570420 806
1570430 802
1570440 798
1570450 798
1570460 794
1570470 789
1570480 789
1570490 784
1570500 780
1570510 780
1570520 775
1570530 770
1570540 770
1570550 765
1570560 761
1570570 761
1570580 759
1570590 756
1570600 753
1570610 753
1570620 750
1570630 748
1570640 748
1570650 745
1570660 742
1570670 742
1570680 742
1570690 738
1570700 738
1570710 735
1570720 732
1570730 732
1570740 730
1570750 727
1570760 727
1570770 724
1570780 721
1570790 721
1570800 719
1570810 716
1570820 716
1570830 714
1570840 711
1570850 711
1570860 708
1570870 705
1570880 705
1570890 701
1570900 697
1570910 697
1570920 693
1570930 690
1570940 690
1570950 686
1570960 683
1570970 683
1570980 680
1570990 678
1571000 678
1571010 677
1571020 675
1571030 673
1571040 673
1571050 671
1571060 669
1571070 669
1571080 667
1571090 664
1571100 664
1571110 661
1571120 660
1571130 660
1571140 658
1571150 656
1571160 656
1571170 655
1571180 653
1571190 653
1571200 651
1571210 649
1571220 649
1571230 647
1571240 645
1571250 645
1571260 643
1571270 642
1571280 642
1571290 641
1571300 639
1571310 639
1571320 638
1571330 637
1571340 637
1571350 636
1571360 635
1571370 635
1571380 634
1571390 634
1571400 634
1571410 633
1571420 633
1571430 633
1571440 633
1571450 633
1571460 633
1571470 634
1571480 635
1571490 634
1571500 634
1571510 634
1571520 633
1571530 633
1571540 631
1571550 630
1571560 630
1571570 630
1571580 630
1571590 630
1571600 629
1571610 628
1571620 628
1571630 628
1571640 627
1571650 627
1571660 627
1571670 627
1571680 627
1571690 627
1571700 628
1571710 628
1571720 629
1571730 630
1571740 630
1571750 631
1571760 631
1571770 631
1571780 631
1571790 630
1571800 630
1571810 626
1571820 624
1571830 624
1571840 623
1571850 622
1571860 622
1571870 622
1571880 621
1571890 621
1571900 622
1571910 623
1571920 623
1571930 623
1571940 622
1571950 623
1571960 623
1571970 623
1571980 622
1571990 622
1572000 622
1572010 622
1572020 622
1572030 622
1572040 622
1572050 622
1572060 622
1572070 622
1572080 622
1572090 622
1572100 621
1572110 621
1572120 621
1572130 621
1572140 621
1572150 621
1572160 621
1572170 621
1572180 621
1572190 621
1572200 621
1572210 621
1572220 620
1572230 620
1572240 621
1572250 623
1572260 623
1572270 623
1572280 623
1572290 623
1572300 624
1572310 624
1572320 624
1572330 628
1572340 629
1572350 629
1572360 629
1572370 629
1572380 629
1572390 629
1572400 629
1572410 629
1572420 629
1572430 629
1572440 629
1572450 629
1572460 629
1572470 629
1572480 629
1572490 629
1572500 629
1572510 629
1572520 629
1572530 629
1572540 629
1572550 629
1572560 629
1572570 629
1572580 630
1572590 631
1572600 631
1572610 631
1572620 632
1572630 632
1572640 633
1572650 634
1572660 634
1572670 636
1572680 637
1572690 637
1572700 639
1572710 642
1572720 642
1572730 646
1572740 649
1572750 649
1572760 651
1572770 653
1572780 653
1572790 654
1572800 656
1572810 658
1572820 658
1572830 660
1572840 661
1572850 661
1572860 663
1572870 665
1572880 665
1572890 667
1572900 669
1572910 669
1572920 672
1572930 675
1572940 675
1572950 678
1572960 680
1572970 680
1572980 683
1572990 686
1573000 686
1573010 689
1573020 692
1573030 692
1573040 695
1573050 699
1573060 699
1573070 703
1573080 707
1573090 707
1573100 710
1573110 714
1573120 714
1573130 717
1573140 719
1573150 719
1573160 722
1573170 724
1573180 724
1573190 727
1573200 729
1573210 729
1573220 732
1573230 738
1573240 742
1573250 742
1573260 747
1573270 750
1573280 750
1573290 751
1573300 753
1573310 753
1573320 755
1573330 758
1573340 758
1573350 761
1573360 764
1573370 764
1573380 771
1573390 779
1573400 779
1573410 786
1573420 793
1573430 793
1573440 801
1573450 811
1573460 811
1573470 822
1573480 833
1573490 833
1573500 844
1573510 852
1573520 852
1573530 857
1573540 861
1573550 861
1573560 867
1573570 872
1573580 872
1573590 877
1573600 882
1573610 878
1573620 883
1573630 887
1573640 887
1573650 891
1573660 896
1573670 901
1573680 901
1573690 904
1573700 908
1573710 908
1573720 912
1573730 916
1573740 916
1573750 919
1573760 921
1573770 921
1573780 924
1573790 926
1573800 926
1573810 928
1573820 931
1573830 931
1573840 935
1573850 938
1573860 938
1573870 942
1573880 947
1573890 947
1573900 951
1573910 955
1573920 955
1573930 959
1573940 962
1573950 962
1573960 962
1573970 961
1573980 961
1573990 962
1574000 967
1574010 967
1574020 975
1574030 981
1574040 981
1574050 987
1574060 992
1574070 992
1574080 996
1574090 1000
1574100 1000
1574110 1003
1574120 1007
1574130 1010
1574140 1010
1574150 1013
1574160 1016
1574170 1016
1574180 1019
1574190 1022
1574200 1022
1574210 1025
1574220 1027
1574230 1027
1574240 1029
1574250 1031
1574260 1031
1574270 1033
1574280 1036
1574290 1036
1574300 1038
1574310 1040
1574320 1040
1574330 1042
1574340 1043
1574350 1043
1574360 1044
1574370 1044
1574380 1044
1574390 1045
1574400 1045
1574410 1045
1574420 1044
1574430 1044
1574440 1044
1574450 1042
1574460 1040
1574470 1040
1574480 1037
1574490 1034
1574500 1034
1574510 1030
1574520 1023
1574530 1023
1574540 1019
1574550 1020
1574560 1022
1574570 1022
1574580 1022
1574590 1020
1574600 1020
1574610 1017
1574620 1015
1574630 1015
1574640 1012
1574650 1010
1574660 1010
1574670 1007
1574680 1004
1574690 1004
1574700 1001
1574710 998
1574720 998
1574730 996
1574740 994
1574750 994
1574760 994
1574770 995
1574780 995
1574790 998
1574800 1003
1574810 1003
1574820 1009
1574830 1016
1574840 1016
1574850 1021
1574860 1029
1574870 1029
1574880 1036
1574890 1043
1574900 1043
1574910 1050
1574920 1057
1574930 1057
1574940 1065
1574950 1072
1574960 1072
1574970 1079
1574980 1087
1574990 1094
1575000 1094
1575010 1101
1575020 1109
1575030 1109
1575040 1115
1575050 1122
1575060 1122
1575070 1129
1575080 1136
1575090 1136
1575100 1141
1575110 1144
1575120 1144
1575130 1148
1575140 1150
1575150 1150
1575160 1153
1575170 1156
1575180 1156
1575190 1159
1575200 1162
1575210 1162
1575220 1166
1575230 1168
1575240 1168
1575250 1170
1575260 1170
1575270 1170
1575280 1169
1575290 1166
1575300 1166
1575310 1163
1575320 1158
1575330 1158
1575340 1154
1575350 1149
1575360 1149
1575370 1145
1575380 1143
1575390 1143
1575400 1142
1575410 1144
1575420 1144
1575430 1147
1575440 1150
1575450 1157
1575460 1157
1575470 1165
1575480 1175
1575490 1175
1575500 1185
1575510 1192
1575520 1192
1575530 1199
1575540 1206
1575550 1206
1575560 1212
1575570 1217
1575580 1217
1575590 1220
1575600 1223
1575610 1223
1575620 1226
1575630 1229
1575640 1229
1575650 1232
1575660 1234
1575670 1234
1575680 1236
1575690 1237
1575700 1237
1575710 1239
1575720 1241
1575730 1241
1575740 1242
1575750 1244
1575760 1244
1575770 1246
1575780 1247
1575790 1247
1575800 1248
1575810 1249
1575820 1249
1575830 1251
1575840 1253
1575850 1253
1575860 1253
1575870 1254
1575880 1256
1575890 1256
1575900 1256
1575910 1257
1575920 1257
1575930 1257
1575940 1258
1575950 1258
1575960 1259
1575970 1259
1575980 1259
1575990 1260
1576000 1261
1576010 1261
1576020 1262
1576030 1263
1576040 1263
1576050 1263
1576060 1264
1576070 1264
1576080 1266
1576090 1269
1576100 1269
1576110 1273
1576120 1276
1576130 1276
1576140 1279
1576150 1283
1576160 1283
1576170 1286
1576180 1290
1576190 1290
1576200 1293
1576210 1297
1576220 1297
1576230 1300
1576240 1303
1576250 1303
1576260 1305
1576270 1306
1576280 1306
1576290 1307
1576300 1308
1576310 1308
1576320 1308
1576330 1308
1576340 1308
1576350 1308
1576360 1309
1576370 1309
1576380 1309
1576390 1309
1576400 1309
1576410 1309
1576420 1309
1576430 1310
1576440 1310
1576450 1310
1576460 1311
1576470 1311
1576480 1313
1576490 1314
1576500 1314
1576510 1315
1576520 1318
1576530 1318
1576540 1320
1576550 1322
1576560 1322
1576570 1324
1576580 1326
1576590 1326
1576600 1328
1576610 1330
1576620 1330
1576630 1332
1576640 1334
1576650 1334
1576660 1334
1576670 1335
1576680 1335
1576690 1335
1576700 1336
1576710 1336
1576720 1336
1576730 1337
1576740 1337
1576750 1338
1576760 1338
1576770 1339
1576780 1339
1576790 1340
1576800 1340
1576810 1340
1576820 1341
1576830 1341
1576840 1341
1576850 1341
1576860 1342
1576870 1342
1576880 1342
1576890 1343
1576900 1343
1576910 1342
1576920 1342
1576930 1342
1576940 1341
1576950 1340
1576960 1340
1576970 1339
1576980 1338
1576990 1338
1577000 1337
1577010 1334
1577020 1334
1577030 1333
1577040 1332
1577050 1332
1577060 1331
1577070 1329
1577080 1329
1577090 1327
1577100 1326
1577110 1326
1577120 1325
1577130 1324
1577140 1324
1577150 1324
1577160 1323
1577170 1323
1577180 1322
1577190 1322
1577200 1321
1577210 1321
1577220 1321
1577230 1321
1577240 1321
1577250 1321
1577260 1321
1577270 1321
1577280 1321
1577290 1321
1577300 1321
1577310 1322
1577320 1323
1577330 1323
1577340 1324
1577350 1326
1577360 1326
1577370 1327
1577380 1328
1577390 1328
1577400 1329
1577410 1330
1577420 1330
1577430 1331
1577440 1333
1577450 1333
1577460 1333
1577470 1334
1577480 1334
1577490 1335
1577500 1335
1577510 1335
1577520 1335
1577530 1336
1577540 1336
1577550 1336
1577560 1336
1577570 1336
1577580 1337
1577590 1338
1577600 1338
1577610 1339
1577620 1338
1577630 1338
1577640 1339
1577650 1341
1577660 1341
1577670 1341
1577680 1341
1577690 1341
1577700 1341
1577710 1341
1577720 1341
1577730 1341
1577740 1341
1577750 1340
1577760 1340
1577770 1339
1577780 1339
1577790 1339
1577800 1339
1577810 1339
1577820 1339
1577830 1338
1577840 1333
1577850 1333
1577860 1332
1577870 1332
1577880 1332
1577890 1331
1577900 1331
1577910 1331
1577920 1330
1577930 1330
1577940 1330
1577950 1329
1577960 1328
1577970 1328
1577980 1328
1577990 1328
1578000 1328
1578010 1327
1578020 1328
1578030 1328
1578040 1328
1578050 1328
1578060 1328
1578070 1330
1578080 1330
1578090 1331
1578100 1331
1578110 1332
1578120 1333
1578130 1333
1578140 1334
1578150 1334
1578160 1334
1578170 1334
1578180 1335
1578190 1335
1578200 1335
1578210 1335
1578220 1335
1578230 1335
1578240 1334
1578250 1334
1578260 1334
1578270 1333
1578280 1333
1578290 1332
1578300 1331
1578310 1331
1578320 1331
1578330 1332
1578340 1332
1578350 1333
1578360 1333
1578370 1333
1578380 1334
1578390 1334
1578400 1334
1578410 1335
1578420 1334
1578430 1334
1578440 1334
1578450 1334
1578460 1334
1578470 1334
1578480 1334
1578490 1334
1578500 1334
1578510 1333
1578520 1332
1578530 1332
1578540 1332
1578550 1332
1578560 1332
1578570 1331
1578580 1330
1578590 1330
1578600 1328
1578610 1327
1578620 1327
1578630 1324
1578640 1322
1578650 1322
1578660 1318
1578670 1315
1578680 1315
1578690 1312
1578700 1309
1578710 1309
1578720 1307
1578730 1305
1578740 1305
1578750 1303
1578760 1301
1578770 1301
1578780 1299
1578790 1296
1578800 1296
1578810 1295
1578820 1293
1578830 1293
1578840 1290
1578850 1288
1578860 1288
1578870 1285
1578880 1280
1578890 1280
1578900 1272
1578910 1266
1578920 1266
1578930 1265
1578940 1261
1578950 1261
1578960 1260
1578970 1260
1578980 1260
1578990 1260
1579000 1260
1579010 1260
1579020 1260
1579030 1257
1579040 1242
1579050 1242
1579060 1223
1579070 1209
1579080 1209
1579090 1201
1579100 1193
1579110 1193
1579120 1186
1579130 1178
1579140 1178
1579150 1171
1579160 1164
1579170 1164
1579180 1157
1579190 1150
1579200 1150
1579210 1139
1579220 1132
1579230 1132
1579240 1125
1579250 1118
1579260 1118
1579270 1111
1579280 1105
1579290 1105
1579300 1100
1579310 1094
1579320 1094
1579330 1089
1579340 1084
1579350 1084
1579360 1078
1579370 1073
1579380 1073
1579390 1067
1579400 1061
1579410 1055
1579420 1055
1579430 1049
1579440 1044
1579450 1044
1579460 1039
1579470 1035
1579480 1035
1579490 1032
1579500 1030
1579510 1030
1579520 1027
1579530 1024
1579540 1024
1579550 1020
1579560 1018
1579570 1018
1579580 1016
1579590 1016
1579600 1016
1579610 1016
1579620 1018
1579630 1018
1579640 1022
1579650 1025
1579660 1025
1579670 1027
1579680 1030
1579690 1030
1579700 1033
1579710 1036
1579720 1036
1579730 1037
1579740 1038
1579750 1038
1579760 1040
1579770 1044
1579780 1044
1579790 1049
1579800 1057
1579810 1057
1579820 1063
1579830 1071
1579840 1083
1579850 1083
1579860 1092
1579870 1097
1579880 1097
1579890 1099
1579900 1104
1579910 1104
1579920 1111
1579930 1118
1579940 1118
1579950 1125
1579960 1131
1579970 1131
1579980 1135
1579990 1140
