1560000 1825
1560010 1825
1560020 1828
1560030 1833
1560040 1833
1560050 1839
1560060 1847
1560070 1847
1560080 1858
1560090 1869
1560100 1869
1560110 1875
1560120 1878
1560130 1882
1560140 1882
1560150 1885
1560160 1890
1560170 1890
1560180 1894
1560190 1899
1560200 1899
1560210 1906
1560220 1915
1560230 1915
1560240 1923
1560250 1934
1560260 1934
1560270 1954
1560280 1981
1560290 1981
1560300 2008
1560310 2017
1560320 2017
1560330 2024
1560340 2033
1560350 2033
1560360 2044
1560370 2055
1560380 2055
1560390 2067
1560400 2077
1560410 2077
1560420 2086
1560430 2098
1560440 2098
1560450 2102
1560460 2104
1560470 2104
1560480 2109
1560490 2114
1560500 2114
1560510 2118
1560520 2120
1560530 2120
1560540 2121
1560550 2121
1560560 2121
1560570 2123
1560580 2125
1560590 2130
1560600 2130
1560610 2133
1560620 2135
1560630 2135
1560640 2136
1560650 2146
1560660 2146
1560670 2153
1560680 2153
1560690 2153
1560700 2154
1560710 2159
1560720 2159
1560730 2164
1560740 2166
1560750 2166
1560760 2167
1560770 2166
1560780 2166
1560790 2165
1560800 2167
1560810 2167
1560820 2171
1560830 2177
1560840 2177
1560850 2180
1560860 2183
1560870 2183
1560880 2182
1560890 2181
1560900 2181
1560910 2179
1560920 2180
1560930 2180
1560940 2181
1560950 2181
1560960 2181
1560970 2181
1560980 2180
1560990 2180
1561000 2183
1561010 2187
1561020 2187
1561030 2191
1561040 2192
1561050 2197
1561060 2197
1561070 2201
1561080 2204
1561090 2204
1561100 2207
1561110 2211
1561120 2211
1561130 2213
1561140 2213
1561150 2213
1561160 2212
1561170 2213
1561180 2213
1561190 2215
1561200 2211
1561210 2211
1561220 2208
1561230 2205
1561240 2205
1561250 2201
1561260 2198
1561270 2198
1561280 2192
1561290 2178
1561300 2178
1561310 2167
1561320 2158
1561330 2158
1561340 2150
1561350 2141
1561360 2141
1561370 2134
1561380 2127
1561390 2127
1561400 2122
1561410 2119
1561420 2119
1561430 2116
1561440 2109
1561450 2109
1561460 2105
1561470 2100
1561480 2094
1561490 2094
1561500 2089
1561510 2085
1561520 2085
1561530 2082
1561540 2079
1561550 2079
1561560 2078
1561570 2073
1561580 2073
1561590 2071
1561600 2069
1561610 2069
1561620 2067
1561630 2064
1561640 2064
1561650 2059
1561660 2055
1561670 2055
1561680 2055
1561690 2057
1561700 2057
1561710 2058
1561720 2059
1561730 2059
1561740 2060
1561750 2060
1561760 2060
1561770 2060
1561780 2059
1561790 2059
1561800 2059
1561810 2061
1561820 2061
1561830 2063
1561840 2064
1561850 2064
1561860 2066
1561870 2068
1561880 2068
1561890 2071
1561900 2074
1561910 2074
1561920 2075
1561930 2076
1561940 2076
1561950 2076
1561960 2077
1561970 2077
1561980 2077
1561990 2077
1562000 2077
1562010 2077
1562020 2074
1562030 2072
1562040 2072
1562050 2072
1562060 2072
1562070 2072
1562080 2072
1562090 2073
1562100 2073
1562110 2074
1562120 2076
1562130 2076
1562140 2078
1562150 2079
1562160 2079
1562170 2081
1562180 2082
1562190 2082
1562200 2082
1562210 2082
1562220 2082
1562230 2084
1562240 2084
1562250 2084
1562260 2083
1562270 2082
1562280 2082
1562290 2080
1562300 2077
1562310 2077
1562320 2074
1562330 2071
1562340 2071
1562350 2067
1562360 2066
1562370 2066
1562380 2064
1562390 2061
1562400 2058
1562410 2058
1562420 2057
1562430 2054
1562440 2054
1562450 2051
1562460 2044
1562470 2044
1562480 2034
1562490 2029
1562500 2029
1562510 2025
1562520 2019
1562530 2019
1562540 2014
1562550 2009
1562560 2009
1562570 1999
1562580 1992
1562590 1992
1562600 1982
1562610 1968
1562620 1968
1562630 1959
1562640 1956
1562650 1956
1562660 1951
1562670 1943
1562680 1943
1562690 1937
1562700 1932
1562710 1932
1562720 1928
1562730 1924
1562740 1924
1562750 1920
1562760 1919
1562770 1919
1562780 1918
1562790 1916
1562800 1916
1562810 1914
1562820 1910
1562830 1902
1562840 1902
1562850 1897
1562860 1898
1562870 1898
1562880 1895
1562890 1890
1562900 1890
1562910 1886
1562920 1884
1562930 1884
1562940 1881
1562950 1875
1562960 1875
1562970 1868
1562980 1861
1562990 1861
1563000 1855
1563010 1850
1563020 1850
1563030 1846
1563040 1845
1563050 1845
1563060 1844
1563070 1843
1563080 1843
1563090 1845
1563100 1846
1563110 1846
1563120 1845
1563130 1846
1563140 1846
1563150 1844
1563160 1841
1563170 1841
1563180 1841
1563190 1840
1563200 1840
1563210 1838
1563220 1837
1563230 1837
1563240 1837
1563250 1837
1563260 1837
1563270 1839
1563280 1841
1563290 1842
1563300 1842
1563310 1843
1563320 1844
1563330 1844
1563340 1846
1563350 1849
1563360 1849
1563370 1854
1563380 1858
1563390 1858
1563400 1862
1563410 1865
1563420 1865
1563430 1870
1563440 1874
1563450 1874
1563460 1877
1563470 1881
1563480 1881
1563490 1885
1563500 1890
1563510 1890
1563520 1894
1563530 1896
1563540 1896
1563550 1898
1563560 1898
1563570 1898
1563580 1900
1563590 1901
1563600 1901
1563610 1903
1563620 1904
1563630 1904
1563640 1903
1563650 1902
1563660 1902
1563670 1904
1563680 1904
1563690 1904
1563700 1906
1563710 1905
1563720 1903
1563730 1903
1563740 1902
1563750 1902
1563760 1902
1563770 1902
1563780 1903
1563790 1903
1563800 1905
1563810 1908
1563820 1908
1563830 1910
1563840 1913
1563850 1913
1563860 1917
1563870 1919
1563880 1919
1563890 1920
1563900 1923
1563910 1923
1563920 1928
1563930 1932
1563940 1932
1563950 1937
1563960 1941
1563970 1941
1563980 1945
1563990 1950
1564000 1950
1564010 1956
1564020 1963
1564030 1963
1564040 1970
1564050 1977
1564060 1977
1564070 1985
1564080 1995
1564090 1995
1564100 2006
1564110 2015
1564120 2015
1564130 2024
1564140 2038
1564150 2038
1564160 2054
1564170 2064
1564180 2072
1564190 2072
1564200 2076
1564210 2076
1564220 2076
1564230 2075
1564240 2073
1564250 2073
1564260 2067
1564270 2060
1564280 2060
1564290 2055
1564300 2050
1564310 2050
1564320 2044
1564330 2038
1564340 2038
1564350 2034
1564360 2030
1564370 2030
1564380 2026
1564390 2023
1564400 2023
1564410 2021
1564420 2016
1564430 2016
1564440 2012
1564450 2013
1564460 2013
1564470 2011
1564480 2010
1564490 2010
1564500 2010
1564510 2012
1564520 2012
1564530 2016
1564540 2018
1564550 2018
1564560 2022
1564570 2026
1564580 2026
1564590 2030
1564600 2035
1564610 2035
1564620 2038
1564630 2042
1564640 2045
1564650 2045
1564660 2048
1564670 2051
1564680 2051
1564690 2053
1564700 2055
1564710 2055
1564720 2057
1564730 2058
1564740 2058
1564750 2059
1564760 2061
1564770 2061
1564780 2063
1564790 2064
1564800 2064
1564810 2066
1564820 2068
1564830 2068
1564840 2070
1564850 2073
1564860 2073
1564870 2074
1564880 2075
1564890 2075
1564900 2076
1564910 2076
1564920 2076
1564930 2079
1564940 2081
1564950 2081
1564960 2085
1564970 2089
1564980 2089
1564990 2093
1565000 2099
1565010 2099
1565020 2106
1565030 2110
1565040 2110
1565050 2118
1565060 2113
1565070 2111
1565080 2111
1565090 2118
1565100 2127
1565110 2127
1565120 2130
1565130 2131
1565140 2131
1565150 2135
1565160 2145
1565170 2145
1565180 2158
1565190 2161
1565200 2161
1565210 2163
1565220 2171
1565230 2171
1565240 2187
1565250 2168
1565260 2168
1565270 2155
1565280 2150
1565290 2150
1565300 2149
1565310 2150
1565320 2150
1565330 2154
1565340 2156
1565350 2156
1565360 2161
1565370 2168
1565380 2168
1565390 2176
1565400 2183
1565410 2183
1565420 2199
1565430 2213
1565440 2213
1565450 2210
1565460 2200
1565470 2200
1565480 2199
1565490 2201
1565500 2201
1565510 2202
1565520 2210
1565530 2201
1565540 2201
1565550 2187
1565560 2172
1565570 2172
1565580 2154
1565590 2142
1565600 2142
1565610 2131
1565620 2118
1565630 2118
1565640 2092
1565650 2071
1565660 2071
1565670 2054
1565680 2035
1565690 2035
1565700 2021
1565710 2007
1565720 2007
1565730 1995
1565740 1984
1565750 1984
1565760 1974
1565770 1965
1565780 1965
1565790 1956
1565800 1946
1565810 1946
1565820 1937
1565830 1927
1565840 1927
1565850 1915
1565860 1905
1565870 1905
1565880 1894
1565890 1885
1565900 1885
1565910 1874
1565920 1864
1565930 1864
1565940 1856
1565950 1846
1565960 1846
1565970 1835
1565980 1825
1565990 1817
1566000 1817
1566010 1807
1566020 1800
1566030 1800
1566040 1794
1566050 1788
1566060 1788
1566070 1777
1566080 1762
1566090 1762
1566100 1738
1566110 1706
1566120 1706
1566130 1692
1566140 1685
1566150 1685
1566160 1679
1566170 1673
1566180 1673
1566190 1666
1566200 1660
1566210 1660
1566220 1654
1566230 1648
1566240 1648
1566250 1641
1566260 1636
1566270 1636
1566280 1630
1566290 1625
1566300 1625
1566310 1620
1566320 1615
1566330 1615
1566340 1611
1566350 1607
1566360 1607
1566370 1603
1566380 1599
1566390 1599
1566400 1594
1566410 1586
1566420 1578
1566430 1578
1566440 1572
1566450 1567
1566460 1567
1566470 1561
1566480 1556
1566490 1556
1566500 1552
1566510 1546
1566520 1546
1566530 1539
1566540 1531
1566550 1531
1566560 1525
1566570 1519
1566580 1519
1566590 1514
1566600 1508
1566610 1508
1566620 1503
1566630 1497
1566640 1497
1566650 1491
1566660 1485
1566670 1485
1566680 1480
1566690 1476
1566700 1476
1566710 1473
1566720 1469
1566730 1469
1566740 1463
1566750 1457
1566760 1457
1566770 1450
1566780 1443
1566790 1443
1566800 1434
1566810 1427
1566820 1427
1566830 1420
1566840 1414
1566850 1414
1566860 1408
1566870 1404
1566880 1401
1566890 1401
1566900 1398
1566910 1393
1566920 1393
1566930 1389
1566940 1382
1566950 1382
1566960 1376
1566970 1370
1566980 1370
1566990 1363
1567000 1357
1567010 1357
1567020 1352
1567030 1347
1567040 1347
1567050 1342
1567060 1334
1567070 1334
1567080 1328
1567090 1322
1567100 1322
1567110 1315
1567120 1309
1567130 1309
1567140 1303
1567150 1297
1567160 1297
1567170 1292
1567180 1288
1567190 1288
1567200 1284
1567210 1278
1567220 1278
1567230 1271
1567240 1264
1567250 1264
1567260 1256
1567270 1250
1567280 1250
1567290 1245
1567300 1240
1567310 1240
1567320 1233
1567330 1226
1567340 1222
1567350 1222
1567360 1216
1567370 1211
1567380 1211
1567390 1206
1567400 1200
1567410 1200
1567420 1196
1567430 1193
1567440 1193
1567450 1189
1567460 1183
1567470 1183
1567480 1174
1567490 1170
1567500 1170
1567510 1170
1567520 1168
1567530 1168
1567540 1165
1567550 1162
1567560 1162
1567570 1157
1567580 1150
1567590 1150
1567600 1143
1567610 1139
1567620 1139
1567630 1130
1567640 1128
1567650 1128
1567660 1127
1567670 1125
1567680 1125
1567690 1122
1567700 1120
1567710 1120
1567720 1121
1567730 1121
1567740 1121
1567750 1120
1567760 1121
1567770 1122
1567780 1122
1567790 1122
1567800 1122
1567810 1122
1567820 1122
1567830 1123
1567840 1123
1567850 1123
1567860 1122
1567870 1122
1567880 1123
1567890 1124
1567900 1124
1567910 1126
1567920 1125
1567930 1125
1567940 1125
1567950 1125
1567960 1125
1567970 1123
1567980 1121
1567990 1121
1568000 1118
1568010 1115
1568020 1115
1568030 1113
1568040 1111
1568050 1111
1568060 1109
1568070 1106
1568080 1106
1568090 1102
1568100 1099
1568110 1099
1568120 1096
1568130 1092
1568140 1092
1568150 1088
1568160 1083
1568170 1083
1568180 1079
1568190 1075
1568200 1075
1568210 1072
1568220 1068
1568230 1065
1568240 1065
1568250 1062
1568260 1058
1568270 1058
1568280 1054
1568290 1049
1568300 1049
1568310 1044
1568320 1040
1568330 1040
1568340 1037
1568350 1034
1568360 1034
1568370 1029
1568380 1025
1568390 1025
1568400 1021
1568410 1021
1568420 1021
1568430 1021
1568440 1019
1568450 1019
1568460 1016
1568470 1013
1568480 1013
1568490 1011
1568500 1009
1568510 1009
1568520 1008
1568530 1006
1568540 1006
1568550 1004
1568560 1002
1568570 1002
1568580 1000
1568590 997
1568600 997
1568610 994
1568620 991
1568630 991
1568640 987
1568650 983
1568660 978
1568670 978
1568680 966
1568690 952
1568700 952
1568710 946
1568720 945
1568730 945
1568740 945
1568750 944
1568760 944
1568770 944
1568780 948
1568790 948
1568800 955
1568810 957
1568820 957
1568830 955
1568840 951
1568850 951
1568860 951
1568870 952
1568880 952
1568890 951
1568900 950
1568910 950
1568920 946
1568930 942
1568940 942
1568950 939
1568960 935
1568970 935
1568980 930
1568990 926
1569000 926
1569010 926
1569020 924
1569030 924
1569040 919
1569050 915
1569060 915
1569070 912
1569080 911
1569090 911
1569100 902
1569110 900
1569120 909
1569130 909
1569140 917
1569150 921
1569160 914
1569170 913
1569180 911
1569190 911
1569200 910
1569210 916
1569220 916
1569230 919
1569240 918
1569250 918
1569260 917
1569270 915
1569280 915
1569290 914
1569300 914
1569310 914
1569320 912
1569330 909
1569340 909
1569350 907
1569360 902
1569370 902
1569380 901
1569390 898
1569400 898
1569410 897
1569420 898
1569430 898
1569440 896
1569450 891
1569460 891
1569470 884
1569480 879
1569490 879
1569500 877
1569510 880
1569520 880
1569530 886
1569540 886
1569550 886
1569560 888
1569570 890
1569580 888
1569590 888
1569600 882
1569610 880
1569620 880
1569630 877
1569640 876
1569650 876
1569660 876
1569670 874
1569680 874
1569690 877
1569700 891
1569710 891
1569720 904
1569730 913
1569740 913
1569750 917
1569760 919
1569770 919
1569780 924
1569790 927
1569800 927
1569810 929
1569820 933
1569830 933
1569840 940
1569850 950
1569860 950
1569870 960
1569880 971
1569890 971
1569900 980
1569910 993
1569920 993
1569930 1018
1569940 1025
1569950 1025
1569960 1010
1569970 989
1569980 989
1569990 973
1570000 965
1570010 954
1570020 954
1570030 944
1570040 936
1570050 936
1570060 928
1570070 921
1570080 921
1570090 915
1570100 907
1570110 907
1570120 897
1570130 889
1570140 889
1570150 877
1570160 867
1570170 867
1570180 861
1570190 856
1570200 856
1570210 851
1570220 846
1570230 846
1570240 839
1570250 827
1570260 827
1570270 809
1570280 798
1570290 798
1570300 791
1570310 784
1570320 784
1570330 779
1570340 773
1570350 773
1570360 768
1570370 762
1570380 762
1570390 757
1570400 751
1570410 751
1570420 746
1570430 742
1570440 742
1570450 737
1570460 732
1570470 725
1570480 725
1570490 719
1570500 712
1570510 712
1570520 705
1570530 698
1570540 698
1570550 695
1570560 693
1570570 693
1570580 692
1570590 690
1570600 690
1570610 688
1570620 686
1570630 686
1570640 683
1570650 682
1570660 680
1570670 677
1570680 675
1570690 675
1570700 673
1570710 672
1570720 672
1570730 672
1570740 670
1570750 670
1570760 667
1570770 663
1570780 663
1570790 661
1570800 660
1570810 660
1570820 659
1570830 658
1570840 658
1570850 657
1570860 655
1570870 655
1570880 653
1570890 651
1570900 651
1570910 647
1570920 643
1570930 638
1570940 638
1570950 633
1570960 626
1570970 626
1570980 620
1570990 616
1571000 616
1571010 616
1571020 616
1571030 616
1571040 616
1571050 616
1571060 616
1571070 616
1571080 616
1571090 616
1571100 616
1571110 616
1571120 616
1571130 616
1571140 616
1571150 616
1571160 616
1571170 616
1571180 616
1571190 616
1571200 616
1571210 616
1571220 616
1571230 616
1571240 616
1571250 616
1571260 616
1571270 616
1571280 616
1571290 616
1571300 616
1571310 616
1571320 616
1571330 616
1571340 616
1571350 616
1571360 616
1571370 616
1571380 616
1571390 616
1571400 616
1571410 616
1571420 616
1571430 616
1571440 616
1571450 616
1571460 616
1571470 617
1571480 616
1571490 616
1571500 617
1571510 617
1571520 617
1571530 617
1571540 616
1571550 616
1571560 616
1571570 616
1571580 616
1571590 616
1571600 615
1571610 615
1571620 615
1571630 615
1571640 615
1571650 615
1571660 615
1571670 615
1571680 614
1571690 614
1571700 614
1571710 613
1571720 613
1571730 613
1571740 613
1571750 613
1571760 613
1571770 613
1571780 613
1571790 613
1571800 614
1571810 615
1571820 616
1571830 616
1571840 616
1571850 616
1571860 616
1571870 616
1571880 615
1571890 615
1571900 616
1571910 615
1571920 615
1571930 616
1571940 616
1571950 616
1571960 616
1571970 616
1571980 616
1571990 616
1572000 617
1572010 617
1572020 618
1572030 619
1572040 619
1572050 620
1572060 621
1572070 621
1572080 621
1572090 623
1572100 623
1572110 626
1572120 628
1572130 628
1572140 636
1572150 637
1572160 637
1572170 638
1572180 639
1572190 639
1572200 640
1572210 640
1572220 640
1572230 641
1572240 643
1572250 643
1572260 644
1572270 645
1572280 645
1572290 645
1572300 646
1572310 646
1572320 646
1572330 644
1572340 644
1572350 644
1572360 643
1572370 643
1572380 643
1572390 643
1572400 642
1572410 642
1572420 642
1572430 639
1572440 639
1572450 633
1572460 628
1572470 628
1572480 630
1572490 632
1572500 632
1572510 634
1572520 635
1572530 635
1572540 634
1572550 634
1572560 634
1572570 634
1572580 634
1572590 634
1572600 634
1572610 632
1572620 632
1572630 630
1572640 628
1572650 628
1572660 629
1572670 630
1572680 630
1572690 630
1572700 630
1572710 629
1572720 629
1572730 630
1572740 631
1572750 631
1572760 634
1572770 636
1572780 636
1572790 638
1572800 640
1572810 640
1572820 642
1572830 645
1572840 645
1572850 646
1572860 650
1572870 650
1572880 655
1572890 658
1572900 658
1572910 659
1572920 660
1572930 660
1572940 662
1572950 664
1572960 664
1572970 667
1572980 669
1572990 669
1573000 671
1573010 672
1573020 672
1573030 674
1573040 675
1573050 675
1573060 677
1573070 679
1573080 679
1573090 681
1573100 682
1573110 682
1573120 684
1573130 685
1573140 685
1573150 686
1573160 687
1573170 688
1573180 688
1573190 689
1573200 690
1573210 690
1573220 690
1573230 690
1573240 690
1573250 691
1573260 691
1573270 691
1573280 691
1573290 690
1573300 690
1573310 687
1573320 681
1573330 681
1573340 674
1573350 667
1573360 667
1573370 660
1573380 654
1573390 654
1573400 650
1573410 646
1573420 646
1573430 642
1573440 639
1573450 639
1573460 637
1573470 635
1573480 635
1573490 634
1573500 633
1573510 633
1573520 631
1573530 628
1573540 628
1573550 625
1573560 622
1573570 622
1573580 618
1573590 617
1573600 617
1573610 613
1573620 611
1573630 609
1573640 609
1573650 607
1573660 605
1573670 605
1573680 603
1573690 602
1573700 602
1573710 602
1573720 602
1573730 602
1573740 602
1573750 602
1573760 602
1573770 602
1573780 602
1573790 602
1573800 603
1573810 603
1573820 603
1573830 603
1573840 603
1573850 603
1573860 603
1573870 604
1573880 604
1573890 604
1573900 603
1573910 603
1573920 602
1573930 602
1573940 602
1573950 602
1573960 602
1573970 602
1573980 602
1573990 602
1574000 602
1574010 602
1574020 602
1574030 602
1574040 602
1574050 602
1574060 602
1574070 602
1574080 601
1574090 601
1574100 601
1574110 602
1574120 602
1574130 602
1574140 602
1574150 602
1574160 602
1574170 602
1574180 605
1574190 605
1574200 610
1574210 614
1574220 614
1574230 614
1574240 615
1574250 615
1574260 615
1574270 616
1574280 616
1574290 616
1574300 617
1574310 617
1574320 618
1574330 618
1574340 618
1574350 619
1574360 619
1574370 619
1574380 619
1574390 619
1574400 619
1574410 619
1574420 620
1574430 620
1574440 620
1574450 619
1574460 619
1574470 618
1574480 617
1574490 617
1574500 620
1574510 621
1574520 623
1574530 623
1574540 625
1574550 628
1574560 628
1574570 632
1574580 635
1574590 635
1574600 638
1574610 641
1574620 641
1574630 644
1574640 646
1574650 646
1574660 647
1574670 647
1574680 647
1574690 649
1574700 652
1574710 652
1574720 654
1574730 656
1574740 656
1574750 657
1574760 657
1574770 657
1574780 655
1574790 653
1574800 653
1574810 650
1574820 648
1574830 648
1574840 647
1574850 647
1574860 647
1574870 648
1574880 649
1574890 649
1574900 650
1574910 650
1574920 650
1574930 655
1574940 658
1574950 658
1574960 662
1574970 665
1574980 669
1574990 669
1575000 673
1575010 676
1575020 676
1575030 680
1575040 685
1575050 685
1575060 688
1575070 692
1575080 692
1575090 696
1575100 699
1575110 699
1575120 702
1575130 705
1575140 705
1575150 709
1575160 713
1575170 713
1575180 716
1575190 719
1575200 719
1575210 722
1575220 727
1575230 727
1575240 729
1575250 730
1575260 730
1575270 730
1575280 730
1575290 730
1575300 731
1575310 732
1575320 732
1575330 732
1575340 731
1575350 731
1575360 730
1575370 728
1575380 728
1575390 726
1575400 726
1575410 726
1575420 726
1575430 726
1575440 725
1575450 725
1575460 724
1575470 722
1575480 722
1575490 721
1575500 719
1575510 719
1575520 718
1575530 718
1575540 718
1575550 719
1575560 719
1575570 719
1575580 720
1575590 718
1575600 718
1575610 715
1575620 713
1575630 713
1575640 712
1575650 713
1575660 713
1575670 713
1575680 714
1575690 714
1575700 716
1575710 719
1575720 719
1575730 724
1575740 729
1575750 729
1575760 735
1575770 740
1575780 740
1575790 743
1575800 745
1575810 745
1575820 748
1575830 750
1575840 750
1575850 753
1575860 756
1575870 758
1575880 758
1575890 761
1575900 763
1575910 763
1575920 764
1575930 766
1575940 766
1575950 767
1575960 769
1575970 769
1575980 770
1575990 772
1576000 772
1576010 773
1576020 774
1576030 774
1576040 776
1576050 777
1576060 777
1576070 779
1576080 780
1576090 780
1576100 781
1576110 782
1576120 782
1576130 783
1576140 784
1576150 784
1576160 785
1576170 786
1576180 786
1576190 788
1576200 789
1576210 789
1576220 789
1576230 790
1576240 790
1576250 790
1576260 792
1576270 792
1576280 793
1576290 794
1576300 794
1576310 795
1576320 795
1576330 795
1576340 795
1576350 796
1576360 796
1576370 796
1576380 797
1576390 798
1576400 798
1576410 798
1576420 797
1576430 797
1576440 791
1576450 788
1576460 788
1576470 787
1576480 787
1576490 787
1576500 786
1576510 787
1576520 787
1576530 788
1576540 788
1576550 788
1576560 787
1576570 787
1576580 787
1576590 787
1576600 786
1576610 786
1576620 786
1576630 786
1576640 786
1576650 787
1576660 790
1576670 790
1576680 792
1576690 793
1576700 793
1576710 796
1576720 798
1576730 798
1576740 801
1576750 801
1576760 801
1576770 801
1576780 802
1576790 804
1576800 804
1576810 805
1576820 806
1576830 806
1576840 807
1576850 809
1576860 809
1576870 812
1576880 815
1576890 815
1576900 819
1576910 824
1576920 824
1576930 827
1576940 829
1576950 829
1576960 830
1576970 830
1576980 830
1576990 831
1577000 832
1577010 832
1577020 832
1577030 832
1577040 832
1577050 832
1577060 832
1577070 832
1577080 833
1577090 834
1577100 834
1577110 835
1577120 835
1577130 835
1577140 837
1577150 837
1577160 837
1577170 839
1577180 841
1577190 841
1577200 843
1577210 844
1577220 846
1577230 846
1577240 847
1577250 849
1577260 849
1577270 849
1577280 850
1577290 850
1577300 852
1577310 852
1577320 852
1577330 854
1577340 855
1577350 855
1577360 856
1577370 857
1577380 857
1577390 857
1577400 858
1577410 858
1577420 858
1577430 859
1577440 859
1577450 860
1577460 861
1577470 861
1577480 863
1577490 864
1577500 864
1577510 864
1577520 865
1577530 865
1577540 867
1577550 867
1577560 867
1577570 867
1577580 868
1577590 868
1577600 869
1577610 870
1577620 870
1577630 870
1577640 870
1577650 870
1577660 870
1577670 870
1577680 870
1577690 870
1577700 870
1577710 870
1577720 870
1577730 870
1577740 870
1577750 870
1577760 870
1577770 871
1577780 871
1577790 871
1577800 871
1577810 871
1577820 871
1577830 868
1577840 868
1577850 867
1577860 868
1577870 868
1577880 868
1577890 868
1577900 868
1577910 868
1577920 869
1577930 869
1577940 869
1577950 869
1577960 869
1577970 869
1577980 869
1577990 869
1578000 868
1578010 868
1578020 868
1578030 867
1578040 867
1578050 867
1578060 868
1578070 868
1578080 868
1578090 869
1578100 869
1578110 870
1578120 870
1578130 872
1578140 872
1578150 872
1578160 873
1578170 874
1578180 874
1578190 875
1578200 876
1578210 876
1578220 877
1578230 878
1578240 878
1578250 878
1578260 879
1578270 879
1578280 880
1578290 880
1578300 880
1578310 881
1578320 880
1578330 880
1578340 880
1578350 880
1578360 880
1578370 879
1578380 878
1578390 878
1578400 876
1578410 874
1578420 874
1578430 873
1578440 873
1578450 873
1578460 871
1578470 871
1578480 871
1578490 872
1578500 873
1578510 873
1578520 873
1578530 872
1578540 872
1578550 872
1578560 871
1578570 872
1578580 872
1578590 875
1578600 879
1578610 879
1578620 883
1578630 887
1578640 887
1578650 889
1578660 889
1578670 889
1578680 887
1578690 882
1578700 882
1578710 878
1578720 874
1578730 874
1578740 871
1578750 868
1578760 868
1578770 862
1578780 856
1578790 856
1578800 852
1578810 851
1578820 851
1578830 854
1578840 859
1578850 859
1578860 866
1578870 872
1578880 872
1578890 877
1578900 880
1578910 880
1578920 880
1578930 880
1578940 880
1578950 881
1578960 882
1578970 882
1578980 883
1578990 884
1579000 886
1579010 886
1579020 887
1579030 888
1579040 888
1579050 889
1579060 891
1579070 891
1579080 892
1579090 894
1579100 894
1579110 895
1579120 896
1579130 896
1579140 898
1579150 899
1579160 899
1579170 899
1579180 899
1579190 899
1579200 897
1579210 895
1579220 895
1579230 894
1579240 894
1579250 894
1579260 894
1579270 894
1579280 894
1579290 896
1579300 899
1579310 899
1579320 902
1579330 906
1579340 906
1579350 910
1579360 913
1579370 913
1579380 917
1579390 921
1579400 921
1579410 924
1579420 927
1579430 927
1579440 928
1579450 929
1579460 928
1579470 928
1579480 927
1579490 927
1579500 927
1579510 927
1579520 930
1579530 930
1579540 932
1579550 934
1579560 934
1579570 934
1579580 932
1579590 932
1579600 931
1579610 930
1579620 930
1579630 928
1579640 926
1579650 926
1579660 925
1579670 924
1579680 924
1579690 924
1579700 927
1579710 927
1579720 932
1579730 937
1579740 937
1579750 942
1579760 948
1579770 948
1579780 953
1579790 959
1579800 959
1579810 965
1579820 970
1579830 970
1579840 975
1579850 981
1579860 981
1579870 986
1579880 991
1579890 991
1579900 996
1579910 1001
1579920 1006
1579930 1006
1579940 1010
1579950 1014
1579960 1014
1579970 1018
1579980 1021
1579990 1021
