1560000 1980
1560010 1974
1560020 1974
1560030 1970
1560040 1965
1560050 1965
1560060 1959
1560070 1954
1560080 1954
1560090 1948
1560100 1943
1560110 1943
1560120 1939
1560130 1936
1560140 1936
1560150 1933
1560160 1929
1560170 1924
1560180 1924
1560190 1905
1560200 1892
1560210 1892
1560220 1887
1560230 1881
1560240 1881
1560250 1875
1560260 1869
1560270 1869
1560280 1864
1560290 1860
1560300 1860
1560310 1852
1560320 1845
1560330 1845
1560340 1840
1560350 1836
1560360 1836
1560370 1832
1560380 1830
1560390 1830
1560400 1830
1560410 1828
1560420 1828
1560430 1825
1560440 1824
1560450 1824
1560460 1822
1560470 1823
1560480 1823
1560490 1822
1560500 1819
1560510 1819
1560520 1827
1560530 1841
1560540 1841
1560550 1851
1560560 1855
1560570 1855
1560580 1862
1560590 1869
1560600 1869
1560610 1879
1560620 1888
1560630 1894
1560640 1894
1560650 1902
1560660 1906
1560670 1906
1560680 1909
1560690 1912
1560700 1912
1560710 1921
1560720 1928
1560730 1928
1560740 1932
1560750 1936
1560760 1936
1560770 1939
1560780 1942
1560790 1942
1560800 1944
1560810 1948
1560820 1948
1560830 1951
1560840 1955
1560850 1955
1560860 1960
1560870 1967
1560880 1967
1560890 1974
1560900 1979
1560910 1979
1560920 1983
1560930 1988
1560940 1988
1560950 1993
1560960 1998
1560970 1998
1560980 2005
1560990 2012
1561000 2012
1561010 2023
1561020 2039
1561030 2039
1561040 2074
1561050 2096
1561060 2096
1561070 2106
1561080 2115
1561090 2129
1561100 2129
1561110 2140
1561120 2147
1561130 2147
1561140 2150
1561150 2154
1561160 2154
1561170 2157
1561180 2160
1561190 2160
1561200 2167
1561210 2182
1561220 2182
1561230 2195
1561240 2209
1561250 2209
1561260 2218
1561270 2223
1561280 2223
1561290 2226
1561300 2226
1561310 2226
1561320 2224
1561330 2222
1561340 2222
1561350 2220
1561360 2219
1561370 2219
1561380 2216
1561390 2216
1561400 2216
1561410 2213
1561420 2210
1561430 2210
1561440 2207
1561450 2208
1561460 2209
1561470 2211
1561480 2212
1561490 2212
1561500 2213
1561510 2211
1561520 2211
1561530 2205
1561540 2201
1561550 2204
1561560 2204
1561570 2204
1561580 2202
1561590 2202
1561600 2197
1561610 2194
1561620 2194
1561630 2196
1561640 2196
1561650 2196
1561660 2197
1561670 2197
1561680 2197
1561690 2195
1561700 2191
1561710 2191
1561720 2186
1561730 2185
1561740 2185
1561750 2183
1561760 2181
1561770 2181
1561780 2179
1561790 2177
1561800 2177
1561810 2175
1561820 2174
1561830 2174
1561840 2176
1561850 2178
1561860 2178
1561870 2181
1561880 2183
1561890 2183
1561900 2184
1561910 2184
1561920 2184
1561930 2183
1561940 2182
1561950 2182
1561960 2180
1561970 2178
1561980 2178
1561990 2175
1562000 2171
1562010 2170
1562020 2170
1562030 2167
1562040 2162
1562050 2162
1562060 2160
1562070 2158
1562080 2158
1562090 2156
1562100 2150
1562110 2150
1562120 2145
1562130 2145
1562140 2145
1562150 2145
1562160 2142
1562170 2142
1562180 2139
1562190 2138
1562200 2138
1562210 2137
1562220 2133
1562230 2133
1562240 2128
1562250 2128
1562260 2128
1562270 2127
1562280 2125
1562290 2125
1562300 2122
1562310 2121
1562320 2121
1562330 2117
1562340 2118
1562350 2118
1562360 2117
1562370 2117
1562380 2117
1562390 2117
1562400 2114
1562410 2114
1562420 2111
1562430 2107
1562440 2107
1562450 2103
1562460 2099
1562470 2098
1562480 2098
1562490 2095
1562500 2092
1562510 2092
1562520 2088
1562530 2084
1562540 2084
1562550 2080
1562560 2077
1562570 2077
1562580 2074
1562590 2071
1562600 2071
1562610 2070
1562620 2068
1562630 2068
1562640 2068
1562650 2070
1562660 2070
1562670 2073
1562680 2076
1562690 2076
1562700 2077
1562710 2076
1562720 2076
1562730 2075
1562740 2073
1562750 2073
1562760 2073
1562770 2072
1562780 2072
1562790 2070
1562800 2070
1562810 2070
1562820 2068
1562830 2068
1562840 2068
1562850 2072
1562860 2077
1562870 2077
1562880 2077
1562890 2078
1562900 2078
1562910 2079
1562920 2079
1562930 2079
1562940 2079
1562950 2079
1562960 2076
1562970 2076
1562980 2079
1562990 2079
1563000 2079
1563010 2077
1563020 2078
1563030 2078
1563040 2077
1563050 2072
1563060 2072
1563070 2065
1563080 2065
1563090 2065
1563100 2067
1563110 2068
1563120 2078
1563130 2082
1563140 2079
1563150 2079
1563160 2074
1563170 2071
1563180 2071
1563190 2069
1563200 2067
1563210 2067
1563220 2067
1563230 2068
1563240 2068
1563250 2069
1563260 2067
1563270 2067
1563280 2063
1563290 2062
1563300 2062
1563310 2062
1563320 2061
1563330 2061
1563340 2061
1563350 2066
1563360 2066
1563370 2070
1563380 2071
1563390 2071
1563400 2070
1563410 2068
1563420 2066
1563430 2066
1563440 2066
1563450 2064
1563460 2064
1563470 2066
1563480 2069
1563490 2069
1563500 2070
1563510 2070
1563520 2070
1563530 2068
1563540 2066
1563550 2066
1563560 2067
1563570 2068
1563580 2068
1563590 2070
1563600 2073
1563610 2073
1563620 2076
1563630 2079
1563640 2079
1563650 2082
1563660 2085
1563670 2085
1563680 2089
1563690 2095
1563700 2095
1563710 2101
1563720 2106
1563730 2106
1563740 2112
1563750 2116
1563760 2116
1563770 2122
1563780 2127
1563790 2127
1563800 2131
1563810 2136
1563820 2136
1563830 2142
1563840 2147
1563850 2147
1563860 2151
1563870 2156
1563880 2161
1563890 2161
1563900 2162
1563910 2161
1563920 2161
1563930 2163
1563940 2165
1563950 2165
1563960 2165
1563970 2168
1563980 2168
1563990 2170
1564000 2168
1564010 2168
1564020 2169
1564030 2171
1564040 2171
1564050 2172
1564060 2173
1564070 2173
1564080 2175
1564090 2176
1564100 2176
1564110 2176
1564120 2175
1564130 2175
1564140 2172
1564150 2170
1564160 2170
1564170 2170
1564180 2169
1564190 2169
1564200 2171
1564210 2176
1564220 2176
1564230 2181
1564240 2182
1564250 2182
1564260 2183
1564270 2183
1564280 2183
1564290 2184
1564300 2185
1564310 2185
1564320 2188
1564330 2194
1564340 2197
1564350 2197
1564360 2194
1564370 2196
1564380 2196
1564390 2197
1564400 2199
1564410 2199
1564420 2201
1564430 2204
1564440 2204
1564450 2206
1564460 2207
1564470 2207
1564480 2204
1564490 2203
1564500 2203
1564510 2204
1564520 2205
1564530 2205
1564540 2205
1564550 2205
1564560 2205
1564570 2206
1564580 2210
1564590 2210
1564600 2216
1564610 2223
1564620 2223
1564630 2231
1564640 2239
1564650 2239
1564660 2247
1564670 2254
1564680 2254
1564690 2261
1564700 2267
1564710 2267
1564720 2273
1564730 2281
1564740 2281
1564750 2288
1564760 2294
1564770 2294
1564780 2301
1564790 2308
1564800 2314
1564810 2314
1564820 2320
1564830 2326
1564840 2326
1564850 2332
1564860 2337
1564870 2337
1564880 2342
1564890 2347
1564900 2347
1564910 2352
1564920 2356
1564930 2356
1564940 2357
1564950 2352
1564960 2352
1564970 2347
1564980 2342
1564990 2342
1565000 2336
1565010 2331
1565020 2331
1565030 2325
1565040 2317
1565050 2317
1565060 2312
1565070 2308
1565080 2308
1565090 2300
1565100 2289
1565110 2289
1565120 2276
1565130 2266
1565140 2266
1565150 2259
1565160 2251
1565170 2251
1565180 2245
1565190 2241
1565200 2241
1565210 2236
1565220 2229
1565230 2229
1565240 2216
1565250 2199
1565260 2184
1565270 2184
1565280 2171
1565290 2154
1565300 2154
1565310 2132
1565320 2115
1565330 2115
1565340 2102
1565350 2095
1565360 2095
1565370 2089
1565380 2083
1565390 2083
1565400 2077
1565410 2070
1565420 2070
1565430 2064
1565440 2058
1565450 2058
1565460 2052
1565470 2045
1565480 2045
1565490 2039
1565500 2033
1565510 2033
1565520 2028
1565530 2023
1565540 2023
1565550 2018
1565560 2014
1565570 2014
1565580 2011
1565590 2008
1565600 2008
1565610 2005
1565620 2001
1565630 2001
1565640 1996
1565650 1993
1565660 1993
1565670 1989
1565680 1986
1565690 1986
1565700 1982
1565710 1977
1565720 1972
1565730 1972
1565740 1967
1565750 1962
1565760 1962
1565770 1957
1565780 1954
1565790 1954
1565800 1950
1565810 1946
1565820 1946
1565830 1943
1565840 1940
1565850 1940
1565860 1937
1565870 1933
1565880 1933
1565890 1930
1565900 1928
1565910 1928
1565920 1924
1565930 1920
1565940 1920
1565950 1916
1565960 1912
1565970 1912
1565980 1908
1565990 1901
1566000 1901
1566010 1892
1566020 1878
1566030 1878
1566040 1869
1566050 1862
1566060 1862
1566070 1854
1566080 1848
1566090 1848
1566100 1842
1566110 1837
1566120 1837
1566130 1832
1566140 1827
1566150 1827
1566160 1823
1566170 1819
1566180 1816
1566190 1816
1566200 1815
1566210 1814
1566220 1814
1566230 1813
1566240 1811
1566250 1811
1566260 1808
1566270 1806
1566280 1806
1566290 1803
1566300 1800
1566310 1800
1566320 1799
1566330 1796
1566340 1796
1566350 1796
1566360 1797
1566370 1797
1566380 1797
1566390 1796
1566400 1796
1566410 1796
1566420 1796
1566430 1796
1566440 1796
1566450 1797
1566460 1797
1566470 1797
1566480 1795
1566490 1795
1566500 1793
1566510 1790
1566520 1790
1566530 1787
1566540 1783
1566550 1783
1566560 1778
1566570 1773
1566580 1773
1566590 1769
1566600 1768
1566610 1768
1566620 1767
1566630 1766
1566640 1762
1566650 1762
1566660 1756
1566670 1760
1566680 1760
1566690 1760
1566700 1760
1566710 1760
1566720 1766
1566730 1766
1566740 1766
1566750 1766
1566760 1759
1566770 1759
1566780 1751
1566790 1741
1566800 1741
1566810 1726
1566820 1720
1566830 1720
1566840 1717
1566850 1713
1566860 1713
1566870 1709
1566880 1704
1566890 1704
1566900 1699
1566910 1694
1566920 1694
1566930 1689
1566940 1683
1566950 1683
1566960 1678
1566970 1672
1566980 1672
1566990 1667
1567000 1661
1567010 1661
1567020 1656
1567030 1651
1567040 1651
1567050 1647
1567060 1644
1567070 1644
1567080 1640
1567090 1637
1567100 1634
1567110 1634
1567120 1634
1567130 1635
1567140 1635
1567150 1635
1567160 1635
1567170 1635
1567180 1633
1567190 1632
1567200 1632
1567210 1630
1567220 1627
1567230 1627
1567240 1622
1567250 1615
1567260 1615
1567270 1608
1567280 1602
1567290 1602
1567300 1596
1567310 1591
1567320 1591
1567330 1587
1567340 1582
1567350 1582
1567360 1577
1567370 1570
1567380 1570
1567390 1564
1567400 1560
1567410 1560
1567420 1556
1567430 1553
1567440 1553
1567450 1551
1567460 1547
1567470 1547
1567480 1544
1567490 1541
1567500 1541
1567510 1539
1567520 1535
1567530 1535
1567540 1531
1567550 1525
1567560 1519
1567570 1519
1567580 1514
1567590 1510
1567600 1510
1567610 1506
1567620 1503
1567630 1503
1567640 1502
1567650 1500
1567660 1500
1567670 1499
1567680 1497
1567690 1497
1567700 1495
1567710 1495
1567720 1495
1567730 1493
1567740 1489
1567750 1489
1567760 1485
1567770 1481
1567780 1481
1567790 1478
1567800 1475
1567810 1475
1567820 1471
1567830 1465
1567840 1465
1567850 1462
1567860 1460
1567870 1460
1567880 1465
1567890 1463
1567900 1463
1567910 1464
1567920 1466
1567930 1466
1567940 1469
1567950 1469
1567960 1469
1567970 1469
1567980 1468
1567990 1468
1568000 1467
1568010 1464
1568020 1464
1568030 1462
1568040 1458
1568050 1453
1568060 1453
1568070 1448
1568080 1443
1568090 1443
1568100 1437
1568110 1432
1568120 1432
1568130 1429
1568140 1426
1568150 1426
1568160 1423
1568170 1419
1568180 1419
1568190 1415
1568200 1409
1568210 1409
1568220 1403
1568230 1398
1568240 1398
1568250 1393
1568260 1388
1568270 1388
1568280 1383
1568290 1378
1568300 1378
1568310 1373
1568320 1369
1568330 1369
1568340 1364
1568350 1359
1568360 1359
1568370 1354
1568380 1349
1568390 1349
1568400 1344
1568410 1338
1568420 1338
1568430 1331
1568440 1327
1568450 1327
1568460 1323
1568470 1317
1568480 1317
1568490 1311
1568500 1306
1568510 1301
1568520 1301
1568530 1297
1568540 1293
1568550 1293
1568560 1287
1568570 1282
1568580 1282
1568590 1277
1568600 1273
1568610 1273
1568620 1269
1568630 1264
1568640 1264
1568650 1260
1568660 1255
1568670 1255
1568680 1251
1568690 1247
1568700 1247
1568710 1244
1568720 1241
1568730 1241
1568740 1237
1568750 1234
1568760 1234
1568770 1231
1568780 1227
1568790 1227
1568800 1224
1568810 1221
1568820 1221
1568830 1218
1568840 1216
1568850 1216
1568860 1212
1568870 1207
1568880 1207
1568890 1203
1568900 1199
1568910 1199
1568920 1195
1568930 1191
1568940 1191
1568950 1187
1568960 1183
1568970 1178
1568980 1178
1568990 1173
1569000 1169
1569010 1169
1569020 1166
1569030 1166
1569040 1166
1569050 1169
1569060 1172
1569070 1172
1569080 1175
1569090 1178
1569100 1178
1569110 1178
1569120 1178
1569130 1178
1569140 1178
1569150 1179
1569160 1179
1569170 1180
1569180 1180
1569190 1180
1569200 1178
1569210 1176
1569220 1176
1569230 1175
1569240 1172
1569250 1172
1569260 1169
1569270 1166
1569280 1166
1569290 1163
1569300 1161
1569310 1161
1569320 1158
1569330 1155
1569340 1155
1569350 1151
1569360 1143
1569370 1143
1569380 1136
1569390 1131
1569400 1136
1569410 1138
1569420 1141
1569430 1145
1569440 1145
1569450 1148
1569460 1149
1569470 1149
1569480 1150
1569490 1153
1569500 1153
1569510 1156
1569520 1156
1569530 1156
1569540 1154
1569550 1155
1569560 1155
1569570 1159
1569580 1164
1569590 1164
1569600 1170
1569610 1177
1569620 1177
1569630 1183
1569640 1189
1569650 1189
1569660 1190
1569670 1183
1569680 1183
1569690 1180
1569700 1181
1569710 1181
1569720 1186
1569730 1196
1569740 1196
1569750 1200
1569760 1203
1569770 1203
1569780 1205
1569790 1206
1569800 1206
1569810 1205
1569820 1205
1569830 1205
1569840 1206
1569850 1208
1569860 1208
1569870 1210
1569880 1212
1569890 1213
1569900 1213
1569910 1213
1569920 1212
1569930 1212
1569940 1214
1569950 1219
1569960 1219
1569970 1224
1569980 1230
1569990 1230
1570000 1236
1570010 1243
1570020 1243
1570030 1249
1570040 1254
1570050 1254
1570060 1260
1570070 1265
1570080 1265
1570090 1268
1570100 1269
1570110 1269
1570120 1270
1570130 1271
1570140 1271
1570150 1271
1570160 1272
1570170 1272
1570180 1272
1570190 1273
1570200 1273
1570210 1273
1570220 1275
1570230 1275
1570240 1276
1570250 1276
1570260 1276
1570270 1276
1570280 1277
1570290 1277
1570300 1277
1570310 1278
1570320 1278
1570330 1278
1570340 1278
1570350 1279
1570360 1279
1570370 1279
1570380 1280
1570390 1280
1570400 1280
1570410 1279
1570420 1279
1570430 1277
1570440 1274
1570450 1274
1570460 1271
1570470 1267
1570480 1267
1570490 1264
1570500 1261
1570510 1261
1570520 1259
1570530 1256
1570540 1256
1570550 1255
1570560 1253
1570570 1253
1570580 1251
1570590 1249
1570600 1249
1570610 1246
1570620 1243
1570630 1243
1570640 1240
1570650 1238
1570660 1238
1570670 1238
1570680 1237
1570690 1237
1570700 1235
1570710 1232
1570720 1232
1570730 1231
1570740 1231
1570750 1231
1570760 1232
1570770 1229
1570780 1229
1570790 1226
1570800 1222
1570810 1221
1570820 1221
1570830 1221
1570840 1219
1570850 1219
1570860 1217
1570870 1215
1570880 1215
1570890 1212
1570900 1207
1570910 1207
1570920 1204
1570930 1202
1570940 1202
1570950 1200
1570960 1198
1570970 1198
1570980 1197
1570990 1194
1571000 1194
1571010 1192
1571020 1189
1571030 1189
1571040 1186
1571050 1184
1571060 1184
1571070 1180
1571080 1177
1571090 1177
1571100 1176
1571110 1176
1571120 1176
1571130 1175
1571140 1174
1571150 1174
1571160 1172
1571170 1171
1571180 1171
1571190 1171
1571200 1172
1571210 1172
1571220 1172
1571230 1172
1571240 1172
1571250 1171
1571260 1170
1571270 1170
1571280 1170
1571290 1169
1571300 1169
1571310 1169
1571320 1168
1571330 1168
1571340 1168
1571350 1169
1571360 1170
1571370 1170
1571380 1172
1571390 1172
1571400 1172
1571410 1170
1571420 1168
1571430 1168
1571440 1166
1571450 1163
1571460 1163
1571470 1161
1571480 1158
1571490 1158
1571500 1155
1571510 1152
1571520 1152
1571530 1147
1571540 1140
1571550 1140
1571560 1136
1571570 1134
1571580 1134
1571590 1131
1571600 1130
1571610 1130
1571620 1127
1571630 1122
1571640 1122
1571650 1117
1571660 1113
1571670 1113
1571680 1109
1571690 1104
1571700 1104
1571710 1099
1571720 1093
1571730 1087
1571740 1087
1571750 1081
1571760 1074
1571770 1074
1571780 1069
1571790 1066
1571800 1066
1571810 1061
1571820 1055
1571830 1055
1571840 1048
1571850 1042
1571860 1042
1571870 1037
1571880 1029
1571890 1029
1571900 1022
1571910 1016
1571920 1016
1571930 1010
1571940 1004
1571950 1004
1571960 998
1571970 993
1571980 993
1571990 987
1572000 980
1572010 980
1572020 975
1572030 971
1572040 971
1572050 969
1572060 967
1572070 967
1572080 965
1572090 961
1572100 961
1572110 956
1572120 950
1572130 950
1572140 944
1572150 940
1572160 940
1572170 937
1572180 933
1572190 930
1572200 930
1572210 929
1572220 933
1572230 933
1572240 941
1572250 945
1572260 945
1572270 948
1572280 945
1572290 945
1572300 947
1572310 953
1572320 953
1572330 956
1572340 954
1572350 954
1572360 953
1572370 950
1572380 943
1572390 938
1572400 935
1572410 935
1572420 931
1572430 929
1572440 929
1572450 923
1572460 917
1572470 917
1572480 911
1572490 905
1572500 905
1572510 895
1572520 890
1572530 890
1572540 887
1572550 882
1572560 882
1572570 876
1572580 870
1572590 870
1572600 872
1572610 876
1572620 876
1572630 875
1572640 871
1572650 871
1572660 868
1572670 868
1572680 870
1572690 870
1572700 868
1572710 866
1572720 866
1572730 867
1572740 869
1572750 869
1572760 870
1572770 868
1572780 868
1572790 865
1572800 863
1572810 863
1572820 866
1572830 871
1572840 871
1572850 874
1572860 876
1572870 876
1572880 876
1572890 876
1572900 876
1572910 876
1572920 875
1572930 875
1572940 873
1572950 872
1572960 872
1572970 873
1572980 876
1572990 876
1573000 878
1573010 879
1573020 879
1573030 879
1573040 879
1573050 879
1573060 879
1573070 879
1573080 879
1573090 878
1573100 878
1573110 878
1573120 880
1573130 882
1573140 884
1573150 884
1573160 884
1573170 882
1573180 882
1573190 882
1573200 882
1573210 882
1573220 883
1573230 884
1573240 884
1573250 884
1573260 882
1573270 882
1573280 880
1573290 879
1573300 879
1573310 878
1573320 877
1573330 877
1573340 876
1573350 874
1573360 874
1573370 870
1573380 865
1573390 865
1573400 861
1573410 858
1573420 858
1573430 856
1573440 855
1573450 855
1573460 856
1573470 856
1573480 856
1573490 857
1573500 863
1573510 863
1573520 867
1573530 870
1573540 870
1573550 872
1573560 874
1573570 874
1573580 877
1573590 879
1573600 881
1573610 881
1573620 884
1573630 886
1573640 886
1573650 889
1573660 892
1573670 892
1573680 894
1573690 896
1573700 896
1573710 897
1573720 898
1573730 898
1573740 899
1573750 900
1573760 900
1573770 900
1573780 899
1573790 899
1573800 898
1573810 895
1573820 895
1573830 899
1573840 897
1573850 897
1573860 897
1573870 894
1573880 894
1573890 894
1573900 894
1573910 894
1573920 894
1573930 894
1573940 894
1573950 893
1573960 892
1573970 892
1573980 890
1573990 889
1574000 889
1574010 887
1574020 887
1574030 887
1574040 889
1574050 892
1574060 895
1574070 895
1574080 896
1574090 896
1574100 896
1574110 895
1574120 893
1574130 893
1574140 891
1574150 890
1574160 890
1574170 888
1574180 885
1574190 885
1574200 882
1574210 880
1574220 880
1574230 879
1574240 878
1574250 878
1574260 878
1574270 876
1574280 876
1574290 873
1574300 869
1574310 869
1574320 863
1574330 855
1574340 855
1574350 847
1574360 840
1574370 840
1574380 834
1574390 830
1574400 830
1574410 827
1574420 825
1574430 825
1574440 823
1574450 822
1574460 822
1574470 820
1574480 817
1574490 817
1574500 815
1574510 813
1574520 810
1574530 810
1574540 808
1574550 806
1574560 806
1574570 805
1574580 804
1574590 804
1574600 804
1574610 804
1574620 804
1574630 804
1574640 804
1574650 804
1574660 803
1574670 802
1574680 802
1574690 802
1574700 803
1574710 803
1574720 805
1574730 805
1574740 805
1574750 806
1574760 806
1574770 806
1574780 807
1574790 807
1574800 807
1574810 807
1574820 807
1574830 807
1574840 807
1574850 808
1574860 808
1574870 808
1574880 808
1574890 808
1574900 807
1574910 807
1574920 807
1574930 806
1574940 806
1574950 806
1574960 805
1574970 804
1574980 802
1574990 802
1575000 801
1575010 799
1575020 799
1575030 798
1575040 796
1575050 796
1575060 795
1575070 793
1575080 793
1575090 792
1575100 791
1575110 791
1575120 790
1575130 789
1575140 789
1575150 788
1575160 787
1575170 787
1575180 786
1575190 784
1575200 784
1575210 782
1575220 780
1575230 780
1575240 778
1575250 775
1575260 780
1575270 777
1575280 774
1575290 774
1575300 771
1575310 769
1575320 769
1575330 769
1575340 771
1575350 771
1575360 771
1575370 771
1575380 771
1575390 770
1575400 769
1575410 769
1575420 768
1575430 766
1575440 765
1575450 765
1575460 762
1575470 760
1575480 760
1575490 758
1575500 756
1575510 756
1575520 754
1575530 752
1575540 752
1575550 750
1575560 748
1575570 748
1575580 744
1575590 741
1575600 741
1575610 741
1575620 741
1575630 741
1575640 740
1575650 738
1575660 738
1575670 736
1575680 736
1575690 736
1575700 732
1575710 727
1575720 727
1575730 721
1575740 718
1575750 718
1575760 720
1575770 724
1575780 724
1575790 728
1575800 732
1575810 732
1575820 738
1575830 743
1575840 743
1575850 747
1575860 750
1575870 750
1575880 752
1575890 753
1575900 754
1575910 754
1575920 755
1575930 756
1575940 756
1575950 757
1575960 758
1575970 758
1575980 759
1575990 761
1576000 761
1576010 763
1576020 766
1576030 766
1576040 768
1576050 771
1576060 771
1576070 774
1576080 776
1576090 776
1576100 779
1576110 781
1576120 781
1576130 784
1576140 787
1576150 787
1576160 790
1576170 793
1576180 793
1576190 795
1576200 798
1576210 798
1576220 800
1576230 802
1576240 802
1576250 803
1576260 805
1576270 805
1576280 806
1576290 806
1576300 806
1576310 806
1576320 806
1576330 806
1576340 806
1576350 808
1576360 808
1576370 810
1576380 809
1576390 805
1576400 805
1576410 802
1576420 800
1576430 800
1576440 798
1576450 796
1576460 796
1576470 792
1576480 786
1576490 786
1576500 778
1576510 767
1576520 767
1576530 751
1576540 723
1576550 723
1576560 705
1576570 693
1576580 693
1576590 680
1576600 667
1576610 667
1576620 657
1576630 648
1576640 648
1576650 640
1576660 629
1576670 629
1576680 621
1576690 610
1576700 610
1576710 601
1576720 595
1576730 595
1576740 590
1576750 586
1576760 586
1576770 583
1576780 581
1576790 581
1576800 579
1576810 577
1576820 577
1576830 572
1576840 568
1576850 567
1576860 567
1576870 569
1576880 574
1576890 574
1576900 581
1576910 587
1576920 587
1576930 593
1576940 606
1576950 606
1576960 621
1576970 630
1576980 630
1576990 634
1577000 638
1577010 638
1577020 647
1577030 653
1577040 653
1577050 659
1577060 665
1577070 665
1577080 673
1577090 681
1577100 681
1577110 688
1577120 695
1577130 695
1577140 701
1577150 708
1577160 708
1577170 717
1577180 734
1577190 734
1577200 734
1577210 732
1577220 732
1577230 736
1577240 740
1577250 740
1577260 745
1577270 752
1577280 752
1577290 760
1577300 769
1577310 775
1577320 775
1577330 781
1577340 789
1577350 789
1577360 798
1577370 809
1577380 809
1577390 827
1577400 846
1577410 846
1577420 853
1577430 855
1577440 855
1577450 854
1577460 853
1577470 853
1577480 853
1577490 851
1577500 851
1577510 847
1577520 842
1577530 842
1577540 836
1577550 830
1577560 830
1577570 824
1577580 817
1577590 817
1577600 809
1577610 803
1577620 803
1577630 798
1577640 793
1577650 793
1577660 790
1577670 787
1577680 787
1577690 780
1577700 770
1577710 770
1577720 762
1577730 758
1577740 758
1577750 754
1577760 749
1577770 744
1577780 744
1577790 740
1577800 736
1577810 736
1577820 734
1577830 732
1577840 732
1577850 731
1577860 730
1577870 730
1577880 729
1577890 729
1577900 729
1577910 730
1577920 730
1577930 730
1577940 731
1577950 733
1577960 733
1577970 736
1577980 738
1577990 738
1578000 741
1578010 744
1578020 744
1578030 748
1578040 756
1578050 756
1578060 760
1578070 765
1578080 765
1578090 770
1578100 775
1578110 775
1578120 779
1578130 785
1578140 785
1578150 790
1578160 793
1578170 793
1578180 793
1578190 792
1578200 792
1578210 790
1578220 789
1578230 788
1578240 788
1578250 788
1578260 787
1578270 787
1578280 785
1578290 783
1578300 783
1578310 781
1578320 779
1578330 779
1578340 777
1578350 775
1578360 775
1578370 773
1578380 770
1578390 770
1578400 767
1578410 763
1578420 763
1578430 761
1578440 759
1578450 759
1578460 758
1578470 757
1578480 757
1578490 755
1578500 754
1578510 754
1578520 753
1578530 751
1578540 751
1578550 749
1578560 746
1578570 746
1578580 743
1578590 740
1578600 740
1578610 736
1578620 734
1578630 734
1578640 731
1578650 728
1578660 728
1578670 725
1578680 721
1578690 716
1578700 716
1578710 710
1578720 704
1578730 704
1578740 700
1578750 696
1578760 696
1578770 692
1578780 688
1578790 688
1578800 685
1578810 681
1578820 681
1578830 678
1578840 675
1578850 675
1578860 671
1578870 669
1578880 669
1578890 668
1578900 668
1578910 668
1578920 670
1578930 669
1578940 669
1578950 668
1578960 667
1578970 667
1578980 665
1578990 664
1579000 664
1579010 663
1579020 661
1579030 661
1579040 658
1579050 662
1579060 662
1579070 669
1579080 673
1579090 673
1579100 678
1579110 682
1579120 682
1579130 686
1579140 690
1579150 694
1579160 694
1579170 698
1579180 702
1579190 702
1579200 706
1579210 709
1579220 709
1579230 712
1579240 715
1579250 715
1579260 717
1579270 721
1579280 721
1579290 722
1579300 722
1579310 722
1579320 720
1579330 718
1579340 718
1579350 715
1579360 713
1579370 713
1579380 711
1579390 708
1579400 708
1579410 708
1579420 706
1579430 706
1579440 705
1579450 705
1579460 705
1579470 707
1579480 710
1579490 710
1579500 712
1579510 714
1579520 714
1579530 717
1579540 719
1579550 719
1579560 724
1579570 729
1579580 729
1579590 734
1579600 740
1579610 745
1579620 745
1579630 749
1579640 753
1579650 753
1579660 758
1579670 762
1579680 762
1579690 766
1579700 770
1579710 770
1579720 775
1579730 779
1579740 779
1579750 784
1579760 787
1579770 787
1579780 790
1579790 794
1579800 794
1579810 796
1579820 797
1579830 797
1579840 798
1579850 798
1579860 798
1579870 798
1579880 798
1579890 798
1579900 798
1579910 797
1579920 797
1579930 797
1579940 796
1579950 796
1579960 796
1579970 795
1579980 795
1579990 795
