1560000 1310
1560010 1310
1560020 1304
1560030 1298
1560040 1298
1560050 1291
1560060 1284
1560070 1284
1560080 1279
1560090 1273
1560100 1273
1560110 1270
1560120 1264
1560130 1264
1560140 1256
1560150 1252
1560160 1252
1560170 1248
1560180 1243
1560190 1243
1560200 1237
1560210 1233
1560220 1233
1560230 1229
1560240 1225
1560250 1225
1560260 1220
1560270 1214
1560280 1214
1560290 1208
1560300 1205
1560310 1205
1560320 1201
1560330 1198
1560340 1198
1560350 1192
1560360 1184
1560370 1171
1560380 1171
1560390 1161
1560400 1153
1560410 1153
1560420 1146
1560430 1135
1560440 1135
1560450 1126
1560460 1112
1560470 1112
1560480 1100
1560490 1092
1560500 1092
1560510 1084
1560520 1076
1560530 1076
1560540 1067
1560550 1061
1560560 1061
1560570 1059
1560580 1062
1560590 1062
1560600 1068
1560610 1074
1560620 1074
1560630 1080
1560640 1087
1560650 1087
1560660 1089
1560670 1084
1560680 1084
1560690 1079
1560700 1077
1560710 1077
1560720 1075
1560730 1071
1560740 1071
1560750 1068
1560760 1062
1560770 1062
1560780 1055
1560790 1047
1560800 1047
1560810 1040
1560820 1035
1560830 1035
1560840 1030
1560850 1023
1560860 1014
1560870 1014
1560880 1004
1560890 989
1560900 989
1560910 977
1560920 969
1560930 969
1560940 962
1560950 958
1560960 958
1560970 955
1560980 953
1560990 953
1561000 952
1561010 951
1561020 951
1561030 951
1561040 950
1561050 950
1561060 949
1561070 949
1561080 949
1561090 949
1561100 949
1561110 949
1561120 949
1561130 949
1561140 949
1561150 949
1561160 950
1561170 950
1561180 950
1561190 950
1561200 950
1561210 950
1561220 950
1561230 950
1561240 950
1561250 951
1561260 951
1561270 951
1561280 950
1561290 950
1561300 950
1561310 951
1561320 950
1561330 950
1561340 950
1561350 949
1561360 949
1561370 950
1561380 951
1561390 951
1561400 953
1561410 954
1561420 954
1561430 955
1561440 954
1561450 954
1561460 953
1561470 953
1561480 953
1561490 952
1561500 953
1561510 953
1561520 954
1561530 954
1561540 954
1561550 958
1561560 960
1561570 960
1561580 960
1561590 961
1561600 961
1561610 962
1561620 963
1561630 963
1561640 964
1561650 963
1561660 963
1561670 964
1561680 966
1561690 966
1561700 967
1561710 968
1561720 968
1561730 969
1561740 970
1561750 970
1561760 970
1561770 970
1561780 970
1561790 970
1561800 970
1561810 970
1561820 970
1561830 969
1561840 970
1561850 970
1561860 970
1561870 970
1561880 970
1561890 970
1561900 970
1561910 970
1561920 969
1561930 969
1561940 969
1561950 970
1561960 972
1561970 972
1561980 974
1561990 976
1562000 976
1562010 976
1562020 976
1562030 976
1562040 976
1562050 977
1562060 977
1562070 977
1562080 978
1562090 978
1562100 977
1562110 977
1562120 977
1562130 977
1562140 980
1562150 980
1562160 981
1562170 983
1562180 983
1562190 986
1562200 991
1562210 991
1562220 997
1562230 1001
1562240 1001
1562250 1006
1562260 1009
1562270 1011
1562280 1011
1562290 1013
1562300 1017
1562310 1017
1562320 1023
1562330 1030
1562340 1030
1562350 1039
1562360 1047
1562370 1047
1562380 1058
1562390 1064
1562400 1064
1562410 1062
1562420 1063
1562430 1063
1562440 1067
1562450 1075
1562460 1075
1562470 1086
1562480 1087
1562490 1087
1562500 1085
1562510 1088
1562520 1088
1562530 1094
1562540 1100
1562550 1100
1562560 1111
1562570 1124
1562580 1124
1562590 1136
1562600 1145
1562610 1145
1562620 1153
1562630 1156
1562640 1156
1562650 1161
1562660 1166
1562670 1166
1562680 1168
1562690 1171
1562700 1171
1562710 1178
1562720 1185
1562730 1185
1562740 1192
1562750 1199
1562760 1206
1562770 1206
1562780 1213
1562790 1217
1562800 1217
1562810 1220
1562820 1222
1562830 1222
1562840 1223
1562850 1223
1562860 1223
1562870 1226
1562880 1231
1562890 1231
1562900 1237
1562910 1244
1562920 1244
1562930 1251
1562940 1259
1562950 1259
1562960 1266
1562970 1273
1562980 1273
1562990 1283
1563000 1290
1563010 1290
1563020 1295
1563030 1300
1563040 1300
1563050 1305
1563060 1311
1563070 1311
1563080 1316
1563090 1321
1563100 1321
1563110 1324
1563120 1329
1563130 1329
1563140 1335
1563150 1340
1563160 1340
1563170 1344
1563180 1347
1563190 1347
1563200 1343
1563210 1349
1563220 1349
1563230 1362
1563240 1373
1563250 1382
1563260 1382
1563270 1390
1563280 1395
1563290 1395
1563300 1397
1563310 1400
1563320 1400
1563330 1401
1563340 1401
1563350 1401
1563360 1403
1563370 1405
1563380 1405
1563390 1407
1563400 1404
1563410 1404
1563420 1403
1563430 1404
1563440 1404
1563450 1405
1563460 1411
1563470 1411
1563480 1417
1563490 1423
1563500 1423
1563510 1430
1563520 1436
1563530 1436
1563540 1443
1563550 1450
1563560 1450
1563570 1459
1563580 1473
1563590 1473
1563600 1482
1563610 1486
1563620 1486
1563630 1492
1563640 1525
1563650 1525
1563660 1567
1563670 1598
1563680 1598
1563690 1606
1563700 1615
1563710 1632
1563720 1632
1563730 1639
1563740 1657
1563750 1657
1563760 1698
1563770 1715
1563780 1715
1563790 1718
1563800 1719
1563810 1719
1563820 1726
1563830 1751
1563840 1751
1563850 1766
1563860 1773
1563870 1773
1563880 1777
1563890 1781
1563900 1781
1563910 1786
1563920 1789
1563930 1789
1563940 1792
1563950 1796
1563960 1796
1563970 1797
1563980 1796
1563990 1796
1564000 1798
1564010 1796
1564020 1796
1564030 1793
1564040 1787
1564050 1787
1564060 1790
1564070 1793
1564080 1793
1564090 1791
1564100 1793
1564110 1793
1564120 1797
1564130 1802
1564140 1802
1564150 1808
1564160 1809
1564170 1809
1564180 1806
1564190 1803
1564200 1795
1564210 1795
1564220 1795
1564230 1805
1564240 1805
1564250 1820
1564260 1831
1564270 1831
1564280 1833
1564290 1834
1564300 1834
1564310 1836
1564320 1840
1564330 1840
1564340 1836
1564350 1832
1564360 1832
1564370 1832
1564380 1834
1564390 1834
1564400 1839
1564410 1840
1564420 1840
1564430 1839
1564440 1837
1564450 1837
1564460 1838
1564470 1841
1564480 1841
1564490 1841
1564500 1840
1564510 1840
1564520 1840
1564530 1840
1564540 1840
1564550 1841
1564560 1842
1564570 1842
1564580 1841
1564590 1843
1564600 1843
1564610 1844
1564620 1846
1564630 1846
1564640 1845
1564650 1844
1564660 1844
1564670 1844
1564680 1845
1564690 1845
1564700 1845
1564710 1846
1564720 1848
1564730 1848
1564740 1850
1564750 1852
1564760 1852
1564770 1856
1564780 1860
1564790 1860
1564800 1863
1564810 1865
1564820 1872
1564830 1874
1564840 1877
1564850 1877
1564860 1880
1564870 1884
1564880 1884
1564890 1887
1564900 1891
1564910 1891
1564920 1895
1564930 1899
1564940 1899
1564950 1904
1564960 1910
1564970 1910
1564980 1914
1564990 1917
1565000 1917
1565010 1919
1565020 1922
1565030 1922
1565040 1927
1565050 1931
1565060 1931
1565070 1934
1565080 1937
1565090 1937
1565100 1941
1565110 1946
1565120 1946
1565130 1950
1565140 1954
1565150 1959
1565160 1959
1565170 1964
1565180 1969
1565190 1969
1565200 1975
1565210 1981
1565220 1981
1565230 1988
1565240 1995
1565250 1995
1565260 2001
1565270 2007
1565280 2007
1565290 2013
1565300 2019
1565310 2019
1565320 2023
1565330 2027
1565340 2027
1565350 2027
1565360 2026
1565370 2026
1565380 2022
1565390 2019
1565400 2019
1565410 2014
1565420 2009
1565430 2009
1565440 2005
1565450 2000
1565460 2000
1565470 1996
1565480 1993
1565490 1993
1565500 1989
1565510 1985
1565520 1985
1565530 1983
1565540 1979
1565550 1979
1565560 1977
1565570 1975
1565580 1975
1565590 1974
1565600 1973
1565610 1972
1565620 1972
1565630 1972
1565640 1970
1565650 1970
1565660 1969
1565670 1971
1565680 1971
1565690 1971
1565700 1970
1565710 1970
1565720 1967
1565730 1964
1565740 1964
1565750 1961
1565760 1959
1565770 1959
1565780 1959
1565790 1957
1565800 1957
1565810 1955
1565820 1951
1565830 1951
1565840 1947
1565850 1944
1565860 1944
1565870 1938
1565880 1935
1565890 1935
1565900 1931
1565910 1926
1565920 1926
1565930 1922
1565940 1917
1565950 1917
1565960 1912
1565970 1910
1565980 1910
1565990 1908
1566000 1904
1566010 1904
1566020 1898
1566030 1892
1566040 1892
1566050 1886
1566060 1882
1566070 1882
1566080 1881
1566090 1882
1566100 1881
1566110 1881
1566120 1880
1566130 1878
1566140 1878
1566150 1876
1566160 1873
1566170 1873
1566180 1871
1566190 1870
1566200 1870
1566210 1870
1566220 1871
1566230 1871
1566240 1870
1566250 1869
1566260 1869
1566270 1870
1566280 1873
1566290 1873
1566300 1875
1566310 1877
1566320 1877
1566330 1876
1566340 1874
1566350 1874
1566360 1871
1566370 1868
1566380 1868
1566390 1863
1566400 1857
1566410 1861
1566420 1855
1566430 1852
1566440 1852
1566450 1848
1566460 1845
1566470 1845
1566480 1843
1566490 1843
1566500 1843
1566510 1849
1566520 1855
1566530 1855
1566540 1860
1566550 1865
1566560 1864
1566570 1864
1566580 1862
1566590 1865
1566600 1865
1566610 1877
1566620 1888
1566630 1888
1566640 1891
1566650 1894
1566660 1894
1566670 1893
1566680 1889
1566690 1889
1566700 1886
1566710 1886
1566720 1886
1566730 1895
1566740 1900
1566750 1900
1566760 1901
1566770 1901
1566780 1901
1566790 1902
1566800 1901
1566810 1901
1566820 1900
1566830 1903
1566840 1903
1566850 1915
1566860 1920
1566870 1920
1566880 1917
1566890 1914
1566900 1914
1566910 1913
1566920 1886
1566930 1886
1566940 1871
1566950 1862
1566960 1862
1566970 1853
1566980 1839
1566990 1839
1567000 1822
1567010 1815
1567020 1815
1567030 1812
1567040 1808
1567050 1804
1567060 1804
1567070 1800
1567080 1797
1567090 1797
1567100 1794
1567110 1791
1567120 1791
1567130 1789
1567140 1786
1567150 1786
1567160 1783
1567170 1781
1567180 1781
1567190 1779
1567200 1778
1567210 1778
1567220 1776
1567230 1774
1567240 1774
1567250 1772
1567260 1769
1567270 1769
1567280 1766
1567290 1764
1567300 1764
1567310 1763
1567320 1762
1567330 1762
1567340 1762
1567350 1762
1567360 1762
1567370 1763
1567380 1763
1567390 1763
1567400 1763
1567410 1761
1567420 1761
1567430 1759
1567440 1756
1567450 1756
1567460 1753
1567470 1750
1567480 1750
1567490 1748
1567500 1746
1567510 1745
1567520 1745
1567530 1745
1567540 1745
1567550 1745
1567560 1744
1567570 1743
1567580 1743
1567590 1742
1567600 1742
1567610 1742
1567620 1743
1567630 1743
1567640 1743
1567650 1744
1567660 1744
1567670 1744
1567680 1744
1567690 1743
1567700 1743
1567710 1743
1567720 1742
1567730 1742
1567740 1742
1567750 1744
1567760 1744
1567770 1746
1567780 1748
1567790 1748
1567800 1751
1567810 1756
1567820 1756
1567830 1762
1567840 1772
1567850 1772
1567860 1780
1567870 1782
1567880 1782
1567890 1783
1567900 1788
1567910 1788
1567920 1801
1567930 1824
1567940 1824
1567950 1841
1567960 1857
1567970 1857
1567980 1868
1567990 1876
1568000 1882
1568010 1882
1568020 1890
1568030 1893
1568040 1893
1568050 1894
1568060 1892
1568070 1892
1568080 1884
1568090 1877
1568100 1877
1568110 1870
1568120 1867
1568130 1867
1568140 1867
1568150 1866
1568160 1866
1568170 1863
1568180 1856
1568190 1856
1568200 1856
1568210 1856
1568220 1856
1568230 1858
1568240 1856
1568250 1856
1568260 1825
1568270 1787
1568280 1787
1568290 1731
1568300 1716
1568310 1716
1568320 1712
1568330 1708
1568340 1708
1568350 1705
1568360 1700
1568370 1700
1568380 1696
1568390 1693
1568400 1693
1568410 1690
1568420 1687
1568430 1687
1568440 1684
1568450 1682
1568460 1679
1568470 1679
1568480 1675
1568490 1670
1568500 1670
1568510 1665
1568520 1659
1568530 1659
1568540 1654
1568550 1650
1568560 1650
1568570 1648
1568580 1645
1568590 1645
1568600 1644
1568610 1644
1568620 1644
1568630 1645
1568640 1647
1568650 1647
1568660 1647
1568670 1647
1568680 1647
1568690 1646
1568700 1648
1568710 1648
1568720 1650
1568730 1655
1568740 1655
1568750 1663
1568760 1668
1568770 1668
1568780 1673
1568790 1677
1568800 1677
1568810 1681
1568820 1685
1568830 1685
1568840 1686
1568850 1688
1568860 1688
1568870 1689
1568880 1689
1568890 1689
1568900 1689
1568910 1691
1568920 1691
1568930 1691
1568940 1691
1568950 1691
1568960 1691
1568970 1693
1568980 1694
1568990 1694
1569000 1693
1569010 1690
1569020 1690
1569030 1685
1569040 1679
1569050 1679
1569060 1673
1569070 1665
1569080 1665
1569090 1659
1569100 1655
1569110 1655
1569120 1648
1569130 1641
1569140 1641
1569150 1635
1569160 1628
1569170 1628
1569180 1622
1569190 1616
1569200 1616
1569210 1610
1569220 1607
1569230 1607
1569240 1606
1569250 1606
1569260 1606
1569270 1602
1569280 1600
1569290 1600
1569300 1594
1569310 1588
1569320 1588
1569330 1586
1569340 1584
1569350 1584
1569360 1586
1569370 1589
1569380 1589
1569390 1594
1569400 1597
1569410 1600
1569420 1600
1569430 1603
1569440 1605
1569450 1605
1569460 1604
1569470 1603
1569480 1603
1569490 1610
1569500 1611
1569510 1611
1569520 1613
1569530 1616
1569540 1616
1569550 1618
1569560 1620
1569570 1620
1569580 1622
1569590 1623
1569600 1623
1569610 1625
1569620 1628
1569630 1628
1569640 1632
1569650 1637
1569660 1637
1569670 1644
1569680 1652
1569690 1652
1569700 1658
1569710 1659
1569720 1659
1569730 1657
1569740 1654
1569750 1654
1569760 1655
1569770 1654
1569780 1654
1569790 1652
1569800 1649
1569810 1649
1569820 1646
1569830 1640
1569840 1640
1569850 1635
1569860 1629
1569870 1629
1569880 1624
1569890 1620
1569900 1615
1569910 1615
1569920 1612
1569930 1609
1569940 1609
1569950 1608
1569960 1607
1569970 1607
1569980 1607
1569990 1605
1570000 1605
1570010 1600
1570020 1598
1570030 1598
1570040 1597
1570050 1597
1570060 1597
1570070 1598
1570080 1598
1570090 1598
1570100 1597
1570110 1598
1570120 1598
1570130 1601
1570140 1604
1570150 1604
1570160 1605
1570170 1605
1570180 1605
1570190 1607
1570200 1609
1570210 1609
1570220 1610
1570230 1611
1570240 1611
1570250 1611
1570260 1610
1570270 1610
1570280 1610
1570290 1610
1570300 1610
1570310 1611
1570320 1610
1570330 1610
1570340 1611
1570350 1613
1570360 1613
1570370 1614
1570380 1617
1570390 1623
1570400 1623
1570410 1628
1570420 1633
1570430 1633
1570440 1638
1570450 1640
1570460 1640
1570470 1641
1570480 1642
1570490 1642
1570500 1642
1570510 1641
1570520 1641
1570530 1643
1570540 1646
1570550 1646
1570560 1646
1570570 1643
1570580 1643
1570590 1638
1570600 1634
1570610 1634
1570620 1629
1570630 1624
1570640 1624
1570650 1618
1570660 1611
1570670 1611
1570680 1601
1570690 1586
1570700 1586
1570710 1579
1570720 1574
1570730 1574
1570740 1569
1570750 1566
1570760 1566
1570770 1565
1570780 1565
1570790 1565
1570800 1565
1570810 1564
1570820 1564
1570830 1561
1570840 1555
1570850 1553
1570860 1553
1570870 1552
1570880 1548
1570890 1548
1570900 1545
1570910 1545
1570920 1545
1570930 1545
1570940 1545
1570950 1545
1570960 1544
1570970 1542
1570980 1542
1570990 1539
1571000 1535
1571010 1535
1571020 1532
1571030 1531
1571040 1531
1571050 1535
1571060 1539
1571070 1539
1571080 1543
1571090 1546
1571100 1546
1571110 1547
1571120 1545
1571130 1545
1571140 1543
1571150 1547
1571160 1547
1571170 1551
1571180 1555
1571190 1555
1571200 1558
1571210 1561
1571220 1561
1571230 1563
1571240 1564
1571250 1564
1571260 1567
1571270 1570
1571280 1570
1571290 1572
1571300 1574
1571310 1574
1571320 1574
1571330 1572
1571340 1572
1571350 1572
1571360 1575
1571370 1578
1571380 1578
1571390 1583
1571400 1587
1571410 1587
1571420 1592
1571430 1598
1571440 1598
1571450 1604
1571460 1610
1571470 1610
1571480 1616
1571490 1622
1571500 1622
1571510 1628
1571520 1634
1571530 1634
1571540 1641
1571550 1653
1571560 1653
1571570 1665
1571580 1674
1571590 1674
1571600 1682
1571610 1688
1571620 1688
1571630 1693
1571640 1699
1571650 1699
1571660 1698
1571670 1690
1571680 1690
1571690 1671
1571700 1655
1571710 1655
1571720 1640
1571730 1613
1571740 1613
1571750 1583
1571760 1572
1571770 1572
1571780 1566
1571790 1560
1571800 1555
1571810 1555
1571820 1551
1571830 1546
1571840 1546
1571850 1542
1571860 1539
1571870 1539
1571880 1537
1571890 1539
1571900 1539
1571910 1543
1571920 1547
1571930 1547
1571940 1549
1571950 1551
1571960 1551
1571970 1554
1571980 1557
1571990 1557
1572000 1559
1572010 1560
1572020 1560
1572030 1562
1572040 1564
1572050 1564
1572060 1565
1572070 1566
1572080 1566
1572090 1566
1572100 1565
1572110 1565
1572120 1565
1572130 1566
1572140 1566
1572150 1568
1572160 1570
1572170 1570
1572180 1573
1572190 1578
1572200 1578
1572210 1583
1572220 1588
1572230 1588
1572240 1594
1572250 1601
1572260 1601
1572270 1608
1572280 1615
1572290 1621
1572300 1621
1572310 1628
1572320 1635
1572330 1635
1572340 1643
1572350 1651
1572360 1651
1572370 1660
1572380 1668
1572390 1668
1572400 1675
1572410 1682
1572420 1682
1572430 1685
1572440 1689
1572450 1689
1572460 1695
1572470 1705
1572480 1705
1572490 1711
1572500 1720
1572510 1720
1572520 1739
1572530 1751
1572540 1751
1572550 1764
1572560 1775
1572570 1775
1572580 1795
1572590 1805
1572600 1805
1572610 1806
1572620 1798
1572630 1798
1572640 1788
1572650 1778
1572660 1778
1572670 1769
1572680 1761
1572690 1761
1572700 1753
1572710 1744
1572720 1744
1572730 1736
1572740 1728
1572750 1721
1572760 1721
1572770 1714
1572780 1707
1572790 1707
1572800 1701
1572810 1695
1572820 1695
1572830 1688
1572840 1682
1572850 1682
1572860 1676
1572870 1670
1572880 1670
1572890 1664
1572900 1658
1572910 1658
1572920 1653
1572930 1647
1572940 1647
1572950 1641
1572960 1636
1572970 1636
1572980 1630
1572990 1625
1573000 1625
1573010 1621
1573020 1616
1573030 1616
1573040 1612
1573050 1609
1573060 1609
1573070 1605
1573080 1602
1573090 1602
1573100 1600
1573110 1597
1573120 1597
1573130 1594
1573140 1591
1573150 1591
1573160 1587
1573170 1585
1573180 1585
1573190 1583
1573200 1581
1573210 1581
1573220 1580
1573230 1578
1573240 1576
1573250 1576
1573260 1573
1573270 1570
1573280 1570
1573290 1568
1573300 1566
1573310 1566
1573320 1563
1573330 1561
1573340 1561
1573350 1558
1573360 1554
1573370 1554
1573380 1546
1573390 1538
1573400 1538
1573410 1531
1573420 1523
1573430 1523
1573440 1516
1573450 1509
1573460 1509
1573470 1503
1573480 1498
1573490 1498
1573500 1493
1573510 1488
1573520 1488
1573530 1483
1573540 1478
1573550 1478
1573560 1474
1573570 1472
1573580 1472
1573590 1470
1573600 1469
1573610 1469
1573620 1468
1573630 1468
1573640 1468
1573650 1467
1573660 1467
1573670 1467
1573680 1468
1573690 1466
1573700 1465
1573710 1465
1573720 1465
1573730 1464
1573740 1464
1573750 1466
1573760 1468
1573770 1468
1573780 1468
1573790 1469
1573800 1469
1573810 1470
1573820 1472
1573830 1472
1573840 1474
1573850 1476
1573860 1476
1573870 1478
1573880 1480
1573890 1480
1573900 1483
1573910 1491
1573920 1491
1573930 1494
1573940 1498
1573950 1498
1573960 1501
1573970 1504
1573980 1504
1573990 1507
1574000 1509
1574010 1509
1574020 1511
1574030 1514
1574040 1514
1574050 1515
1574060 1518
1574070 1518
1574080 1520
1574090 1526
1574100 1526
1574110 1530
1574120 1531
1574130 1531
1574140 1534
1574150 1534
1574160 1534
1574170 1533
1574180 1533
1574190 1533
1574200 1533
1574210 1533
1574220 1535
1574230 1535
1574240 1536
1574250 1536
1574260 1536
1574270 1534
1574280 1535
1574290 1535
1574300 1538
1574310 1541
1574320 1541
1574330 1544
1574340 1547
1574350 1547
1574360 1550
1574370 1552
1574380 1552
1574390 1554
1574400 1556
1574410 1556
1574420 1560
1574430 1563
1574440 1563
1574450 1566
1574460 1568
1574470 1568
1574480 1571
1574490 1573
1574500 1573
1574510 1576
1574520 1580
1574530 1580
1574540 1585
1574550 1587
1574560 1587
1574570 1586
1574580 1588
1574590 1588
1574600 1592
1574610 1600
1574620 1600
1574630 1604
1574640 1602
1574650 1600
1574660 1600
1574670 1598
1574680 1597
1574690 1597
1574700 1594
1574710 1591
1574720 1591
1574730 1589
1574740 1589
1574750 1589
1574760 1590
1574770 1589
1574780 1589
1574790 1586
1574800 1582
1574810 1582
1574820 1579
1574830 1573
1574840 1573
1574850 1566
1574860 1562
1574870 1562
1574880 1558
1574890 1555
1574900 1555
1574910 1553
1574920 1551
1574930 1551
1574940 1549
1574950 1548
1574960 1548
1574970 1547
1574980 1546
1574990 1546
1575000 1546
1575010 1544
1575020 1544
1575030 1542
1575040 1540
1575050 1540
1575060 1536
1575070 1533
1575080 1533
1575090 1529
1575100 1527
1575110 1527
1575120 1525
1575130 1521
1575140 1518
1575150 1518
1575160 1514
1575170 1511
1575180 1511
1575190 1508
1575200 1503
1575210 1503
1575220 1499
1575230 1494
1575240 1494
1575250 1489
1575260 1483
1575270 1483
1575280 1477
1575290 1473
1575300 1473
1575310 1468
1575320 1464
1575330 1464
1575340 1464
1575350 1460
1575360 1460
1575370 1457
1575380 1454
1575390 1454
1575400 1451
1575410 1449
1575420 1449
1575430 1447
1575440 1444
1575450 1444
1575460 1442
1575470 1439
1575480 1439
1575490 1436
1575500 1433
1575510 1433
1575520 1430
1575530 1427
1575540 1427
1575550 1424
1575560 1421
1575570 1421
1575580 1417
1575590 1410
1575600 1410
1575610 1405
1575620 1399
1575630 1392
1575640 1392
1575650 1387
1575660 1380
1575670 1380
1575680 1374
1575690 1368
1575700 1368
1575710 1362
1575720 1355
1575730 1355
1575740 1349
1575750 1343
1575760 1343
1575770 1336
1575780 1329
1575790 1329
1575800 1324
1575810 1318
1575820 1318
1575830 1313
1575840 1309
1575850 1309
1575860 1305
1575870 1300
1575880 1300
1575890 1293
1575900 1286
1575910 1286
1575920 1279
1575930 1271
1575940 1271
1575950 1263
1575960 1253
1575970 1253
1575980 1244
1575990 1237
1576000 1237
1576010 1231
1576020 1225
1576030 1225
1576040 1218
1576050 1211
1576060 1211
1576070 1206
1576080 1200
1576090 1193
1576100 1193
1576110 1189
1576120 1184
1576130 1184
1576140 1177
1576150 1170
1576160 1170
1576170 1165
1576180 1160
1576190 1160
1576200 1156
1576210 1150
1576220 1150
1576230 1144
1576240 1139
1576250 1139
1576260 1132
1576270 1125
1576280 1125
1576290 1119
1576300 1112
1576310 1112
1576320 1104
1576330 1096
1576340 1096
1576350 1089
1576360 1082
1576370 1082
1576380 1075
1576390 1069
1576400 1069
1576410 1063
1576420 1056
1576430 1056
1576440 1049
1576450 1043
1576460 1043
1576470 1037
1576480 1030
1576490 1030
1576500 1024
1576510 1017
1576520 1017
1576530 1011
1576540 1005
1576550 1005
1576560 998
1576570 992
1576580 986
1576590 986
1576600 980
1576610 973
1576620 973
1576630 967
1576640 961
1576650 961
1576660 955
1576670 948
1576680 948
1576690 943
1576700 938
1576710 938
1576720 933
1576730 928
1576740 932
1576750 928
1576760 923
1576770 923
1576780 919
1576790 914
1576800 914
1576810 909
1576820 903
1576830 903
1576840 897
1576850 892
1576860 892
1576870 887
1576880 881
1576890 881
1576900 876
1576910 872
1576920 872
1576930 866
1576940 859
1576950 859
1576960 853
1576970 847
1576980 847
1576990 841
1577000 834
1577010 834
1577020 827
1577030 821
1577040 815
1577050 815
1577060 810
1577070 804
1577080 804
1577090 798
1577100 792
1577110 792
1577120 786
1577130 779
1577140 779
1577150 772
1577160 766
1577170 766
1577180 759
1577190 753
1577200 753
1577210 747
1577220 741
1577230 741
1577240 735
1577250 729
1577260 729
1577270 723
1577280 717
1577290 717
1577300 710
1577310 703
1577320 703
1577330 695
1577340 687
1577350 687
1577360 677
1577370 667
1577380 667
1577390 658
1577400 650
1577410 650
1577420 641
1577430 636
1577440 636
1577450 631
1577460 626
1577470 626
1577480 622
1577490 618
1577500 618
1577510 615
1577520 612
1577530 610
1577540 610
1577550 608
1577560 607
1577570 607
1577580 605
1577590 602
1577600 602
1577610 600
1577620 598
1577630 598
1577640 596
1577650 594
1577660 594
1577670 592
1577680 590
1577690 590
1577700 588
1577710 585
1577720 585
1577730 583
1577740 581
1577750 581
1577760 579
1577770 577
1577780 577
1577790 575
1577800 572
1577810 572
1577820 570
1577830 569
1577840 569
1577850 567
1577860 566
1577870 566
1577880 565
1577890 564
1577900 564
1577910 562
1577920 561
1577930 561
1577940 559
1577950 558
1577960 558
1577970 557
1577980 556
1577990 552
1578000 552
1578010 548
1578020 545
1578030 545
1578040 537
1578050 531
1578060 531
1578070 528
1578080 528
1578090 528
1578100 528
1578110 527
1578120 527
1578130 526
1578140 526
1578150 526
1578160 528
1578170 536
1578180 536
1578190 544
1578200 545
1578210 545
1578220 546
1578230 547
1578240 547
1578250 547
1578260 547
1578270 547
1578280 548
1578290 547
1578300 547
1578310 542
1578320 535
1578330 535
1578340 532
1578350 531
1578360 531
1578370 531
1578380 531
1578390 531
1578400 531
1578410 532
1578420 532
1578430 535
1578440 539
1578450 539
1578460 544
1578470 549
1578480 549
1578490 549
1578500 548
1578510 552
1578520 552
1578530 555
1578540 556
1578550 556
1578560 556
1578570 556
1578580 556
1578590 557
1578600 557
1578610 557
1578620 557
1578630 558
1578640 558
1578650 558
1578660 558
1578670 558
1578680 558
1578690 558
1578700 558
1578710 559
1578720 559
1578730 559
1578740 559
1578750 559
1578760 559
1578770 560
1578780 560
1578790 560
1578800 560
1578810 561
1578820 561
1578830 561
1578840 561
1578850 561
1578860 562
1578870 562
1578880 562
1578890 562
1578900 562
1578910 562
1578920 563
1578930 563
1578940 563
1578950 563
1578960 564
1578970 564
1578980 564
1578990 564
1579000 565
1579010 565
1579020 565
1579030 566
1579040 566
1579050 566
1579060 567
1579070 567
1579080 568
1579090 569
1579100 569
1579110 570
1579120 571
1579130 571
1579140 572
1579150 573
1579160 573
1579170 575
1579180 577
1579190 577
1579200 579
1579210 581
1579220 581
1579230 583
1579240 585
1579250 585
1579260 587
1579270 589
1579280 589
1579290 591
1579300 593
1579310 593
1579320 595
1579330 596
1579340 596
1579350 598
1579360 600
1579370 600
1579380 601
1579390 603
1579400 603
1579410 604
1579420 604
1579430 605
1579440 605
1579450 605
1579460 606
1579470 606
1579480 607
1579490 610
1579500 610
1579510 611
1579520 612
1579530 612
1579540 613
1579550 614
1579560 614
1579570 615
1579580 616
1579590 616
1579600 617
1579610 619
1579620 619
1579630 620
1579640 620
1579650 620
1579660 620
1579670 620
1579680 620
1579690 621
1579700 621
1579710 621
1579720 616
1579730 611
1579740 611
1579750 610
1579760 611
1579770 611
1579780 610
1579790 613
1579800 613
1579810 618
1579820 621
1579830 621
1579840 625
1579850 629
1579860 629
1579870 634
1579880 638
1579890 643
1579900 643
1579910 648
1579920 655
1579930 655
1579940 658
1579950 661
1579960 661
1579970 665
1579980 669
1579990 669
