1560000 703
1560010 704
1560020 704
1560030 704
1560040 704
1560050 703
1560060 702
1560070 702
1560080 702
1560090 702
1560100 702
1560110 702
1560120 702
1560130 702
1560140 703
1560150 703
1560160 703
1560170 705
1560180 707
1560190 707
1560200 707
1560210 707
1560220 707
1560230 706
1560240 704
1560250 704
1560260 704
1560270 704
1560280 704
1560290 705
1560300 705
1560310 705
1560320 705
1560330 705
1560340 705
1560350 705
1560360 705
1560370 705
1560380 705
1560390 705
1560400 705
1560410 705
1560420 705
1560430 705
1560440 706
1560450 706
1560460 706
1560470 706
1560480 706
1560490 706
1560500 706
1560510 706
1560520 706
1560530 706
1560540 706
1560550 706
1560560 706
1560570 706
1560580 706
1560590 706
1560600 707
1560610 707
1560620 707
1560630 707
1560640 707
1560650 707
1560660 707
1560670 707
1560680 707
1560690 707
1560700 707
1560710 707
1560720 706
1560730 706
1560740 706
1560750 706
1560760 706
1560770 706
1560780 706
1560790 705
1560800 705
1560810 705
1560820 705
1560830 705
1560840 705
1560850 705
1560860 705
1560870 704
1560880 704
1560890 704
1560900 704
1560910 707
1560920 707
1560930 710
1560940 710
1560950 710
1560960 710
1560970 711
1560980 711
1560990 713
1561000 716
1561010 716
1561020 716
1561030 713
1561040 713
1561050 712
1561060 712
1561070 715
1561080 715
1561090 718
1561100 720
1561110 720
1561120 723
1561130 727
1561140 727
1561150 730
1561160 734
1561170 734
1561180 739
1561190 743
1561200 743
1561210 748
1561220 754
1561230 754
1561240 759
1561250 763
1561260 763
1561270 766
1561280 769
1561290 769
1561300 774
1561310 777
1561320 777
1561330 779
1561340 782
1561350 782
1561360 785
1561370 787
1561380 787
1561390 789
1561400 791
1561410 791
1561420 795
1561430 801
1561440 801
1561450 807
1561460 814
1561470 814
1561480 825
1561490 833
1561500 833
1561510 841
1561520 848
1561530 848
1561540 856
1561550 864
1561560 864
1561570 871
1561580 878
1561590 884
1561600 884
1561610 891
1561620 898
1561630 898
1561640 903
1561650 909
1561660 909
1561670 915
1561680 922
1561690 922
1561700 929
1561710 937
1561720 937
1561730 945
1561740 954
1561750 954
1561760 966
1561770 979
1561780 979
1561790 988
1561800 993
1561810 993
1561820 995
1561830 997
1561840 997
1561850 998
1561860 1001
1561870 1001
1561880 1004
1561890 1005
1561900 1005
1561910 1006
1561920 1009
1561930 1009
1561940 1011
1561950 1013
1561960 1013
1561970 1016
1561980 1017
1561990 1017
1562000 1017
1562010 1019
1562020 1019
1562030 1023
1562040 1025
1562050 1025
1562060 1027
1562070 1029
1562080 1029
1562090 1029
1562100 1031
1562110 1034
1562120 1034
1562130 1036
1562140 1037
1562150 1037
1562160 1036
1562170 1036
1562180 1036
1562190 1034
1562200 1029
1562210 1029
1562220 1027
1562230 1025
1562240 1025
1562250 1023
1562260 1021
1562270 1021
1562280 1023
1562290 1025
1562300 1025
1562310 1026
1562320 1027
1562330 1027
1562340 1030
1562350 1034
1562360 1034
1562370 1039
1562380 1043
1562390 1043
1562400 1046
1562410 1050
1562420 1050
1562430 1055
1562440 1059
1562450 1059
1562460 1063
1562470 1066
1562480 1066
1562490 1068
1562500 1069
1562510 1069
1562520 1069
1562530 1072
1562540 1072
1562550 1074
1562560 1074
1562570 1074
1562580 1073
1562590 1072
1562600 1071
1562610 1071
1562620 1068
1562630 1064
1562640 1064
1562650 1059
1562660 1055
1562670 1055
1562680 1050
1562690 1046
1562700 1046
1562710 1043
1562720 1039
1562730 1039
1562740 1037
1562750 1035
1562760 1035
1562770 1032
1562780 1029
1562790 1029
1562800 1025
1562810 1021
1562820 1021
1562830 1017
1562840 1015
1562850 1015
1562860 1011
1562870 1005
1562880 1006
1562890 1001
1562900 995
1562910 995
1562920 991
1562930 989
1562940 989
1562950 988
1562960 987
1562970 987
1562980 984
1562990 980
1563000 980
1563010 980
1563020 982
1563030 982
1563040 986
1563050 991
1563060 991
1563070 996
1563080 1001
1563090 1001
1563100 1006
1563110 1011
1563120 1017
1563130 1017
1563140 1021
1563150 1026
1563160 1026
1563170 1029
1563180 1030
1563190 1030
1563200 1030
1563210 1032
1563220 1032
1563230 1034
1563240 1036
1563250 1036
1563260 1039
1563270 1041
1563280 1041
1563290 1043
1563300 1046
1563310 1046
1563320 1049
1563330 1052
1563340 1052
1563350 1055
1563360 1059
1563370 1059
1563380 1062
1563390 1066
1563400 1066
1563410 1069
1563420 1073
1563430 1073
1563440 1076
1563450 1079
1563460 1079
1563470 1080
1563480 1080
1563490 1080
1563500 1078
1563510 1075
1563520 1075
1563530 1071
1563540 1065
1563550 1065
1563560 1060
1563570 1058
1563580 1058
1563590 1055
1563600 1049
1563610 1042
1563620 1042
1563630 1034
1563640 1029
1563650 1029
1563660 1023
1563670 1017
1563680 1017
1563690 1012
1563700 1007
1563710 1007
1563720 1001
1563730 996
1563740 996
1563750 992
1563760 989
1563770 989
1563780 985
1563790 981
1563800 981
1563810 977
1563820 972
1563830 972
1563840 967
1563850 961
1563860 961
1563870 955
1563880 949
1563890 949
1563900 943
1563910 938
1563920 938
1563930 932
1563940 925
1563950 925
1563960 919
1563970 913
1563980 913
1563990 906
1564000 899
1564010 899
1564020 893
1564030 887
1564040 887
1564050 880
1564060 874
1564070 874
1564080 867
1564090 861
1564100 861
1564110 854
1564120 848
1564130 842
1564140 842
1564150 837
1564160 832
1564170 832
1564180 827
1564190 823
1564200 823
1564210 820
1564220 815
1564230 815
1564240 808
1564250 801
1564260 801
1564270 795
1564280 789
1564290 789
1564300 782
1564310 774
1564320 774
1564330 768
1564340 764
1564350 764
1564360 760
1564370 755
1564380 755
1564390 753
1564400 758
1564410 758
1564420 765
1564430 772
1564440 772
1564450 780
1564460 786
1564470 786
1564480 792
1564490 797
1564500 794
1564510 797
1564520 801
1564530 801
1564540 804
1564550 807
1564560 807
1564570 811
1564580 815
1564590 815
1564600 820
1564610 825
1564620 831
1564630 831
1564640 836
1564650 841
1564660 841
1564670 846
1564680 852
1564690 852
1564700 857
1564710 862
1564720 862
1564730 867
1564740 872
1564750 872
1564760 878
1564770 884
1564780 884
1564790 889
1564800 895
1564810 895
1564820 902
1564830 909
1564840 909
1564850 914
1564860 921
1564870 921
1564880 928
1564890 935
1564900 935
1564910 941
1564920 948
1564930 948
1564940 954
1564950 961
1564960 961
1564970 967
1564980 973
1564990 973
1565000 978
1565010 983
1565020 983
1565030 988
1565040 992
1565050 992
1565060 994
1565070 995
1565080 995
1565090 993
1565100 991
1565110 991
1565120 988
1565130 984
1565140 979
1565150 979
1565160 973
1565170 967
1565180 967
1565190 960
1565200 953
1565210 953
1565220 946
1565230 939
1565240 939
1565250 933
1565260 926
1565270 926
1565280 921
1565290 916
1565300 916
1565310 911
1565320 906
1565330 906
1565340 900
1565350 896
1565360 896
1565370 897
1565380 901
1565390 901
1565400 905
1565410 911
1565420 911
1565430 915
1565440 920
1565450 920
1565460 924
1565470 927
1565480 927
1565490 931
1565500 935
1565510 935
1565520 939
1565530 944
1565540 944
1565550 949
1565560 954
1565570 954
1565580 959
1565590 964
1565600 964
1565610 968
1565620 971
1565630 975
1565640 975
1565650 977
1565660 980
1565670 980
1565680 982
1565690 985
1565700 985
1565710 987
1565720 990
1565730 990
1565740 992
1565750 996
1565760 996
1565770 1001
1565780 1005
1565790 1005
1565800 1009
1565810 1013
1565820 1013
1565830 1017
1565840 1016
1565850 1016
1565860 1012
1565870 1008
1565880 1008
1565890 1003
1565900 999
1565910 999
1565920 995
1565930 992
1565940 992
1565950 988
1565960 985
1565970 985
1565980 981
1565990 977
1566000 977
1566010 973
1566020 969
1566030 969
1566040 965
1566050 962
1566060 962
1566070 961
1566080 959
1566090 968
1566100 962
1566110 958
1566120 958
1566130 955
1566140 955
1566150 954
1566160 954
1566170 951
1566180 949
1566190 949
1566200 947
1566210 945
1566220 945
1566230 942
1566240 937
1566250 937
1566260 932
1566270 926
1566280 926
1566290 919
1566300 914
1566310 914
1566320 906
1566330 899
1566340 899
1566350 892
1566360 882
1566370 882
1566380 872
1566390 863
1566400 863
1566410 855
1566420 848
1566430 848
1566440 841
1566450 836
1566460 836
1566470 831
1566480 825
1566490 825
1566500 819
1566510 814
1566520 814
1566530 807
1566540 800
1566550 800
1566560 792
1566570 789
1566580 789
1566590 785
1566600 781
1566610 781
1566620 777
1566630 773
1566640 769
1566650 769
1566660 765
1566670 762
1566680 762
1566690 759
1566700 756
1566710 756
1566720 753
1566730 750
1566740 750
1566750 747
1566760 743
1566770 743
1566780 740
1566790 737
1566800 737
1566810 735
1566820 729
1566830 729
1566840 724
1566850 718
1566860 718
1566870 711
1566880 705
1566890 705
1566900 699
1566910 696
1566920 696
1566930 692
1566940 689
1566950 689
1566960 687
1566970 686
1566980 686
1566990 686
1567000 686
1567010 686
1567020 686
1567030 687
1567040 687
1567050 688
1567060 689
1567070 689
1567080 691
1567090 692
1567100 692
1567110 691
1567120 691
1567130 691
1567140 694
1567150 699
1567160 706
1567170 706
1567180 713
1567190 717
1567200 717
1567210 719
1567220 720
1567230 720
1567240 724
1567250 730
1567260 730
1567270 737
1567280 742
1567290 742
1567300 746
1567310 751
1567320 751
1567330 755
1567340 759
1567350 759
1567360 762
1567370 767
1567380 767
1567390 774
1567400 780
1567410 780
1567420 787
1567430 793
1567440 793
1567450 801
1567460 807
1567470 807
1567480 814
1567490 822
1567500 822
1567510 831
1567520 841
1567530 841
1567540 851
1567550 858
1567560 858
1567570 865
1567580 870
1567590 870
1567600 875
1567610 881
1567620 881
1567630 888
1567640 896
1567650 905
1567660 903
1567670 909
1567680 917
1567690 917
1567700 927
1567710 936
1567720 936
1567730 944
1567740 951
1567750 951
1567760 959
1567770 967
1567780 967
1567790 973
1567800 978
1567810 978
1567820 978
1567830 975
1567840 975
1567850 973
1567860 972
1567870 972
1567880 970
1567890 968
1567900 968
1567910 965
1567920 962
1567930 962
1567940 958
1567950 955
1567960 955
1567970 951
1567980 948
1567990 948
1568000 943
1568010 939
1568020 939
1568030 932
1568040 926
1568050 926
1568060 920
1568070 917
1568080 917
1568090 913
1568100 912
1568110 912
1568120 910
1568130 908
1568140 908
1568150 906
1568160 903
1568170 900
1568180 900
1568190 896
1568200 888
1568210 888
1568220 880
1568230 879
1568240 879
1568250 882
1568260 886
1568270 886
1568280 890
1568290 895
1568300 895
1568310 898
1568320 901
1568330 901
1568340 901
1568350 898
1568360 898
1568370 893
1568380 888
1568390 888
1568400 882
1568410 876
1568420 876
1568430 871
1568440 873
1568450 873
1568460 880
1568470 890
1568480 890
1568490 901
1568500 909
1568510 909
1568520 916
1568530 923
1568540 923
1568550 928
1568560 933
1568570 933
1568580 937
1568590 942
1568600 942
1568610 947
1568620 952
1568630 952
1568640 957
1568650 962
1568660 967
1568670 967
1568680 969
1568690 971
1568700 971
1568710 972
1568720 966
1568730 966
1568740 962
1568750 960
1568760 960
1568770 961
1568780 968
1568790 968
1568800 976
1568810 982
1568820 982
1568830 989
1568840 997
1568850 997
1568860 1002
1568870 1005
1568880 1005
1568890 1008
1568900 1010
1568910 1010
1568920 1012
1568930 1015
1568940 1015
1568950 1018
1568960 1022
1568970 1022
1568980 1025
1568990 1026
1569000 1026
1569010 1029
1569020 1032
1569030 1032
1569040 1032
1569050 1028
1569060 1028
1569070 1022
1569080 1015
1569090 1015
1569100 1018
1569110 1030
1569120 1030
1569130 1038
1569140 1045
1569150 1045
1569160 1051
1569170 1056
1569180 1060
1569190 1055
1569200 1057
1569210 1059
1569220 1059
1569230 1061
1569240 1063
1569250 1063
1569260 1066
1569270 1068
1569280 1068
1569290 1070
1569300 1072
1569310 1072
1569320 1073
1569330 1073
1569340 1073
1569350 1073
1569360 1073
1569370 1073
1569380 1073
1569390 1074
1569400 1074
1569410 1074
1569420 1074
1569430 1074
1569440 1074
1569450 1075
1569460 1075
1569470 1075
1569480 1076
1569490 1076
1569500 1077
1569510 1078
1569520 1078
1569530 1079
1569540 1080
1569550 1080
1569560 1080
1569570 1080
1569580 1080
1569590 1080
1569600 1079
1569610 1079
1569620 1077
1569630 1075
1569640 1075
1569650 1072
1569660 1071
1569670 1065
1569680 1065
1569690 1054
1569700 1048
1569710 1048
1569720 1042
1569730 1032
1569740 1032
1569750 1017
1569760 1010
1569770 1010
1569780 1001
1569790 994
1569800 994
1569810 991
1569820 988
1569830 988
1569840 985
1569850 975
1569860 975
1569870 964
1569880 954
1569890 954
1569900 949
1569910 946
1569920 946
1569930 942
1569940 937
1569950 937
1569960 932
1569970 927
1569980 927
1569990 923
1570000 920
1570010 920
1570020 916
1570030 911
1570040 911
1570050 906
1570060 901
1570070 901
1570080 894
1570090 888
1570100 888
1570110 882
1570120 876
1570130 876
1570140 872
1570150 866
1570160 866
1570170 861
1570180 855
1570190 849
1570200 849
1570210 842
1570220 835
1570230 835
1570240 829
1570250 822
1570260 822
1570270 815
1570280 809
1570290 809
1570300 803
1570310 797
1570320 797
1570330 791
1570340 787
1570350 787
1570360 782
1570370 778
1570380 778
1570390 772
1570400 767
1570410 767
1570420 763
1570430 760
1570440 760
1570450 756
1570460 753
1570470 753
1570480 749
1570490 745
1570500 745
1570510 739
1570520 732
1570530 732
1570540 734
1570550 738
1570560 738
1570570 741
1570580 745
1570590 745
1570600 750
1570610 753
1570620 753
1570630 757
1570640 761
1570650 761
1570660 765
1570670 769
1570680 769
1570690 774
1570700 777
1570710 784
1570720 784
1570730 791
1570740 798
1570750 798
1570760 806
1570770 813
1570780 813
1570790 818
1570800 817
1570810 817
1570820 815
1570830 815
1570840 815
1570850 821
1570860 828
1570870 828
1570880 834
1570890 839
1570900 839
1570910 843
1570920 848
1570930 848
1570940 855
1570950 863
1570960 863
1570970 872
1570980 881
1570990 881
1571000 893
1571010 904
1571020 904
1571030 909
1571040 914
1571050 914
1571060 922
1571070 928
1571080 928
1571090 930
1571100 935
1571110 935
1571120 939
1571130 944
1571140 944
1571150 950
1571160 956
1571170 956
1571180 963
1571190 972
1571200 983
1571210 983
1571220 991
1571230 1001
1571240 1001
1571250 1009
1571260 1015
1571270 1015
1571280 1015
1571290 1018
1571300 1018
1571310 1023
1571320 1020
1571330 1020
1571340 1011
1571350 1002
1571360 1002
1571370 993
1571380 983
1571390 983
1571400 970
1571410 959
1571420 959
1571430 950
1571440 943
1571450 943
1571460 940
1571470 941
1571480 941
1571490 939
1571500 935
1571510 935
1571520 927
1571530 918
1571540 918
1571550 909
1571560 900
1571570 900
1571580 890
1571590 883
1571600 883
1571610 878
1571620 877
1571630 877
1571640 884
1571650 894
1571660 894
1571670 906
1571680 916
1571690 916
1571700 927
1571710 938
1571720 946
1571730 946
1571740 951
1571750 954
1571760 954
1571770 956
1571780 957
1571790 957
1571800 958
1571810 960
1571820 960
1571830 963
1571840 965
1571850 965
1571860 965
1571870 963
1571880 963
1571890 959
1571900 959
1571910 959
1571920 964
1571930 969
1571940 969
1571950 973
1571960 979
1571970 979
1571980 986
1571990 994
1572000 994
1572010 1002
1572020 1007
1572030 1007
1572040 1013
1572050 1017
1572060 1017
1572070 1016
1572080 1012
1572090 1012
1572100 1007
1572110 1002
1572120 1002
1572130 997
1572140 992
1572150 992
1572160 988
1572170 982
1572180 980
1572190 974
1572200 971
1572210 974
1572220 974
1572230 981
1572240 990
1572250 990
1572260 997
1572270 1002
1572280 1002
1572290 1004
1572300 1005
1572310 1005
1572320 1005
1572330 1005
1572340 1005
1572350 1006
1572360 1013
1572370 1013
1572380 1017
1572390 1019
1572400 1019
1572410 1021
1572420 1025
1572430 1025
1572440 1028
1572450 1030
1572460 1030
1572470 1031
1572480 1033
1572490 1033
1572500 1036
1572510 1039
1572520 1039
1572530 1041
1572540 1044
1572550 1044
1572560 1046
1572570 1048
1572580 1048
1572590 1049
1572600 1049
1572610 1049
1572620 1048
1572630 1046
1572640 1046
1572650 1038
1572660 1029
1572670 1029
1572680 1022
1572690 1018
1572700 1018
1572710 1016
1572720 1015
1572730 1014
1572740 1014
1572750 1014
1572760 1014
1572770 1014
1572780 1011
1572790 1007
1572800 1007
1572810 1005
1572820 1004
1572830 1004
1572840 1003
1572850 1002
1572860 1002
1572870 1001
1572880 1001
1572890 1001
1572900 1003
1572910 1008
1572920 1008
1572930 1013
1572940 1013
1572950 1013
1572960 1012
1572970 1012
1572980 1012
1572990 1011
1573000 1012
1573010 1012
1573020 1012
1573030 1012
1573040 1012
1573050 1014
1573060 1016
1573070 1016
1573080 1018
1573090 1019
1573100 1019
1573110 1020
1573120 1021
1573130 1021
1573140 1021
1573150 1022
1573160 1022
1573170 1023
1573180 1023
1573190 1023
1573200 1023
1573210 1024
1573220 1024
1573230 1024
1573240 1024
1573250 1022
1573260 1022
1573270 1020
1573280 1019
1573290 1019
1573300 1016
1573310 1009
1573320 1009
1573330 1001
1573340 994
1573350 994
1573360 988
1573370 981
1573380 981
1573390 973
1573400 966
1573410 966
1573420 960
1573430 951
1573440 951
1573450 936
1573460 927
1573470 927
1573480 920
1573490 912
1573500 912
1573510 907
1573520 896
1573530 896
1573540 884
1573550 875
1573560 875
1573570 860
1573580 842
1573590 842
1573600 834
1573610 827
1573620 827
1573630 815
1573640 806
1573650 806
1573660 798
1573670 791
1573680 791
1573690 786
1573700 781
1573710 781
1573720 777
1573730 773
1573740 769
1573750 769
1573760 766
1573770 763
1573780 763
1573790 760
1573800 757
1573810 757
1573820 753
1573830 750
1573840 750
1573850 746
1573860 743
1573870 743
1573880 741
1573890 736
1573900 736
1573910 728
1573920 721
1573930 721
1573940 714
1573950 706
1573960 706
1573970 698
1573980 689
1573990 689
1574000 680
1574010 669
1574020 669
1574030 656
1574040 640
1574050 640
1574060 621
1574070 602
1574080 602
1574090 591
1574100 588
1574110 588
1574120 591
1574130 592
1574140 592
1574150 602
1574160 610
1574170 610
1574180 616
1574190 628
1574200 628
1574210 635
1574220 636
1574230 637
1574240 637
1574250 635
1574260 634
1574270 634
1574280 637
1574290 640
1574300 640
1574310 642
1574320 645
1574330 645
1574340 646
1574350 643
1574360 643
1574370 643
1574380 645
1574390 645
1574400 645
1574410 650
1574420 650
1574430 656
1574440 659
1574450 659
1574460 663
1574470 666
1574480 666
1574490 667
1574500 661
1574510 661
1574520 652
1574530 655
1574540 655
1574550 668
1574560 680
1574570 680
1574580 691
1574590 701
1574600 701
1574610 712
1574620 721
1574630 721
1574640 729
1574650 738
1574660 738
1574670 751
1574680 773
1574690 773
1574700 785
1574710 798
1574720 798
1574730 806
1574740 818
1574750 827
1574760 827
1574770 830
1574780 834
1574790 834
1574800 840
1574810 846
1574820 846
1574830 844
1574840 843
1574850 843
1574860 844
1574870 841
1574880 841
1574890 831
1574900 821
1574910 821
1574920 816
1574930 815
1574940 815
1574950 817
1574960 820
1574970 820
1574980 823
1574990 820
1575000 820
1575010 815
1575020 814
1575030 814
1575040 812
1575050 810
1575060 810
1575070 799
1575080 797
1575090 797
1575100 798
1575110 800
1575120 800
1575130 802
1575140 804
1575150 804
1575160 805
1575170 805
1575180 805
1575190 808
1575200 811
1575210 811
1575220 808
1575230 804
1575240 798
1575250 798
1575260 791
1575270 784
1575280 784
1575290 777
1575300 770
1575310 770
1575320 764
1575330 757
1575340 757
1575350 749
1575360 738
1575370 738
1575380 730
1575390 723
1575400 723
1575410 717
1575420 710
1575430 710
1575440 702
1575450 694
1575460 694
1575470 686
1575480 678
1575490 678
1575500 670
1575510 663
1575520 663
1575530 655
1575540 647
1575550 647
1575560 641
1575570 634
1575580 634
1575590 625
1575600 618
1575610 618
1575620 613
1575630 613
1575640 613
1575650 616
1575660 612
1575670 612
1575680 606
1575690 599
1575700 599
1575710 608
1575720 616
1575730 616
1575740 621
1575750 622
1575760 620
1575770 620
1575780 615
1575790 610
1575800 610
1575810 604
1575820 597
1575830 597
1575840 590
1575850 583
1575860 583
1575870 575
1575880 568
1575890 568
1575900 561
1575910 554
1575920 554
1575930 546
1575940 538
1575950 538
1575960 530
1575970 521
1575980 521
1575990 512
1576000 502
1576010 502
1576020 497
1576030 498
1576040 498
1576050 502
1576060 507
1576070 507
1576080 512
1576090 514
1576100 514
1576110 513
1576120 510
1576130 510
1576140 507
1576150 503
1576160 503
1576170 503
1576180 501
1576190 501
1576200 500
1576210 502
1576220 502
1576230 504
1576240 507
1576250 509
1576260 509
1576270 509
1576280 512
1576290 512
1576300 514
1576310 522
1576320 522
1576330 526
1576340 528
1576350 528
1576360 530
1576370 530
1576380 530
1576390 530
1576400 530
1576410 530
1576420 532
1576430 534
1576440 534
1576450 534
1576460 533
1576470 533
1576480 534
1576490 529
1576500 529
1576510 526
1576520 521
1576530 521
1576540 517
1576550 512
1576560 512
1576570 509
1576580 503
1576590 503
1576600 494
1576610 485
1576620 485
1576630 485
1576640 486
1576650 486
1576660 486
1576670 484
1576680 484
1576690 482
1576700 482
1576710 482
1576720 482
1576730 483
1576740 483
1576750 483
1576760 486
1576770 491
1576780 491
1576790 498
1576800 506
1576810 506
1576820 510
1576830 515
1576840 515
1576850 521
1576860 528
1576870 528
1576880 534
1576890 539
1576900 539
1576910 544
1576920 549
1576930 549
1576940 555
1576950 561
1576960 561
1576970 567
1576980 573
1576990 573
1577000 580
1577010 587
1577020 587
1577030 593
1577040 596
1577050 596
1577060 600
1577070 605
1577080 605
1577090 610
1577100 614
1577110 614
1577120 620
1577130 626
1577140 626
1577150 630
1577160 634
1577170 634
1577180 640
1577190 646
1577200 646
1577210 652
1577220 657
1577230 657
1577240 664
1577250 670
1577260 670
1577270 676
1577280 682
1577290 688
1577300 688
1577310 694
1577320 699
1577330 699
1577340 703
1577350 704
1577360 704
1577370 702
1577380 704
1577390 704
1577400 706
1577410 708
1577420 708
1577430 711
1577440 714
1577450 714
1577460 716
1577470 720
1577480 720
1577490 725
1577500 730
1577510 730
1577520 736
1577530 746
1577540 746
1577550 759
1577560 768
1577570 768
1577580 776
1577590 782
1577600 782
1577610 788
1577620 794
1577630 794
1577640 799
1577650 804
1577660 804
1577670 808
1577680 814
1577690 814
1577700 821
1577710 828
1577720 828
1577730 835
1577740 842
1577750 842
1577760 849
1577770 856
1577780 863
1577790 863
1577800 871
1577810 879
1577820 879
1577830 886
1577840 891
1577850 891
1577860 898
1577870 905
1577880 905
1577890 912
1577900 919
1577910 919
1577920 924
1577930 927
1577940 927
1577950 928
1577960 929
1577970 929
1577980 930
1577990 932
1578000 932
1578010 933
1578020 937
1578030 937
1578040 943
1578050 944
1578060 944
1578070 946
1578080 950
1578090 950
1578100 952
1578110 954
1578120 954
1578130 955
1578140 957
1578150 957
1578160 960
1578170 965
1578180 965
1578190 973
1578200 980
1578210 980
1578220 986
1578230 991
1578240 991
1578250 998
1578260 1005
1578270 1005
1578280 1011
1578290 1015
1578300 1019
1578310 1019
1578320 1020
1578330 1020
1578340 1020
1578350 1019
1578360 1018
1578370 1018
1578380 1017
1578390 1017
1578400 1017
1578410 1014
1578420 1007
1578430 1007
1578440 1002
1578450 1003
1578460 1003
1578470 1003
1578480 997
1578490 997
1578500 989
1578510 985
1578520 985
1578530 985
1578540 985
1578550 985
1578560 979
1578570 972
1578580 972
1578590 966
1578600 959
1578610 959
1578620 952
1578630 944
1578640 944
1578650 934
1578660 930
1578670 930
1578680 923
1578690 914
1578700 914
1578710 905
1578720 897
1578730 897
1578740 886
1578750 879
1578760 879
1578770 873
1578780 866
1578790 860
1578800 860
1578810 856
1578820 853
1578830 853
1578840 855
1578850 851
1578860 851
1578870 841
1578880 834
1578890 834
1578900 826
1578910 815
1578920 815
1578930 806
1578940 799
1578950 799
1578960 792
1578970 776
1578980 776
1578990 760
1579000 752
1579010 752
1579020 749
1579030 747
1579040 747
1579050 743
1579060 746
1579070 746
1579080 748
1579090 742
1579100 742
1579110 734
1579120 726
1579130 726
1579140 721
1579150 711
1579160 711
1579170 702
1579180 701
1579190 701
1579200 702
1579210 713
1579220 713
1579230 735
1579240 744
1579250 744
1579260 750
1579270 756
1579280 756
1579290 763
1579300 769
1579310 776
1579320 776
1579330 785
1579340 797
1579350 797
1579360 810
1579370 816
1579380 816
1579390 820
1579400 825
1579410 825
1579420 830
1579430 836
1579440 836
1579450 843
1579460 850
1579470 850
1579480 854
1579490 858
1579500 858
1579510 861
1579520 864
1579530 864
1579540 868
1579550 874
1579560 874
1579570 880
1579580 885
1579590 885
1579600 888
1579610 886
1579620 886
1579630 883
1579640 878
1579650 878
1579660 873
1579670 869
1579680 869
1579690 864
1579700 859
1579710 859
1579720 856
1579730 852
1579740 852
1579750 849
1579760 848
1579770 848
1579780 840
1579790 833
1579800 834
1579810 834
1579820 839
1579830 843
1579840 843
1579850 847
1579860 853
1579870 853
1579880 860
1579890 868
1579900 868
1579910 874
1579920 879
1579930 879
1579940 884
1579950 888
1579960 888
1579970 892
1579980 897
1579990 897
