1560000 1009
1560010 1009
1560020 1005
1560030 1000
1560040 1000
1560050 996
1560060 990
1560070 982
1560080 982
1560090 977
1560100 977
1560110 977
1560120 978
1560130 975
1560140 975
1560150 972
1560160 969
1560170 969
1560180 965
1560190 962
1560200 962
1560210 958
1560220 953
1560230 953
1560240 948
1560250 945
1560260 945
1560270 941
1560280 937
1560290 937
1560300 933
1560310 931
1560320 931
1560330 929
1560340 927
1560350 927
1560360 925
1560370 924
1560380 924
1560390 922
1560400 920
1560410 920
1560420 918
1560430 915
1560440 915
1560450 913
1560460 910
1560470 910
1560480 906
1560490 904
1560500 904
1560510 901
1560520 897
1560530 897
1560540 893
1560550 890
1560560 890
1560570 887
1560580 885
1560590 885
1560600 883
1560610 879
1560620 876
1560630 876
1560640 876
1560650 879
1560660 879
1560670 880
1560680 881
1560690 881
1560700 880
1560710 879
1560720 879
1560730 878
1560740 875
1560750 875
1560760 874
1560770 872
1560780 872
1560790 870
1560800 869
1560810 869
1560820 867
1560830 865
1560840 865
1560850 864
1560860 863
1560870 863
1560880 862
1560890 862
1560900 862
1560910 860
1560920 860
1560930 860
1560940 860
1560950 861
1560960 861
1560970 860
1560980 858
1560990 858
1561000 856
1561010 855
1561020 855
1561030 854
1561040 854
1561050 854
1561060 854
1561070 855
1561080 855
1561090 856
1561100 856
1561110 856
1561120 855
1561130 854
1561140 853
1561150 853
1561160 852
1561170 851
1561180 851
1561190 849
1561200 849
1561210 849
1561220 849
1561230 855
1561240 855
1561250 857
1561260 857
1561270 857
1561280 858
1561290 859
1561300 859
1561310 860
1561320 861
1561330 861
1561340 862
1561350 864
1561360 864
1561370 865
1561380 867
1561390 867
1561400 869
1561410 871
1561420 871
1561430 871
1561440 871
1561450 871
1561460 870
1561470 868
1561480 868
1561490 867
1561500 866
1561510 866
1561520 864
1561530 864
1561540 864
1561550 863
1561560 863
1561570 863
1561580 864
1561590 864
1561600 864
1561610 865
1561620 867
1561630 867
1561640 869
1561650 869
1561660 869
1561670 870
1561680 871
1561690 872
1561700 872
1561710 874
1561720 875
1561730 875
1561740 876
1561750 877
1561760 877
1561770 878
1561780 879
1561790 879
1561800 880
1561810 881
1561820 881
1561830 882
1561840 884
1561850 884
1561860 886
1561870 887
1561880 887
1561890 888
1561900 888
1561910 888
1561920 890
1561930 892
1561940 892
1561950 894
1561960 895
1561970 895
1561980 898
1561990 901
1562000 901
1562010 906
1562020 909
1562030 909
1562040 913
1562050 915
1562060 915
1562070 917
1562080 919
1562090 919
1562100 921
1562110 922
1562120 922
1562130 929
1562140 935
1562150 935
1562160 937
1562170 936
1562180 936
1562190 936
1562200 939
1562210 940
1562220 940
1562230 942
1562240 943
1562250 943
1562260 946
1562270 949
1562280 949
1562290 948
1562300 945
1562310 945
1562320 940
1562330 938
1562340 938
1562350 936
1562360 933
1562370 933
1562380 931
1562390 930
1562400 930
1562410 931
1562420 930
1562430 930
1562440 928
1562450 925
1562460 925
1562470 922
1562480 920
1562490 920
1562500 918
1562510 919
1562520 919
1562530 921
1562540 921
1562550 921
1562560 922
1562570 924
1562580 924
1562590 926
1562600 926
1562610 926
1562620 926
1562630 926
1562640 926
1562650 926
1562660 926
1562670 926
1562680 926
1562690 926
1562700 926
1562710 926
1562720 925
1562730 925
1562740 924
1562750 922
1562760 921
1562770 921
1562780 921
1562790 919
1562800 919
1562810 917
1562820 914
1562830 914
1562840 910
1562850 904
1562860 904
1562870 899
1562880 894
1562890 894
1562900 889
1562910 884
1562920 884
1562930 879
1562940 875
1562950 875
1562960 873
1562970 873
1562980 873
1562990 871
1563000 867
1563010 867
1563020 864
1563030 860
1563040 860
1563050 857
1563060 854
1563070 854
1563080 850
1563090 847
1563100 847
1563110 845
1563120 840
1563130 840
1563140 835
1563150 830
1563160 830
1563170 827
1563180 824
1563190 824
1563200 821
1563210 817
1563220 817
1563230 815
1563240 812
1563250 812
1563260 808
1563270 805
1563280 800
1563290 800
1563300 797
1563310 796
1563320 796
1563330 794
1563340 792
1563350 792
1563360 790
1563370 789
1563380 789
1563390 789
1563400 789
1563410 789
1563420 790
1563430 789
1563440 789
1563450 788
1563460 787
1563470 787
1563480 785
1563490 782
1563500 782
1563510 779
1563520 773
1563530 773
1563540 766
1563550 754
1563560 754
1563570 743
1563580 742
1563590 742
1563600 742
1563610 743
1563620 743
1563630 750
1563640 754
1563650 754
1563660 755
1563670 757
1563680 757
1563690 759
1563700 759
1563710 759
1563720 757
1563730 754
1563740 754
1563750 752
1563760 751
1563770 751
1563780 754
1563790 759
1563800 759
1563810 764
1563820 768
1563830 774
1563840 774
1563850 780
1563860 786
1563870 786
1563880 790
1563890 793
1563900 793
1563910 794
1563920 796
1563930 796
1563940 798
1563950 800
1563960 800
1563970 801
1563980 802
1563990 802
1564000 804
1564010 806
1564020 806
1564030 808
1564040 810
1564050 810
1564060 810
1564070 809
1564080 809
1564090 808
1564100 806
1564110 806
1564120 802
1564130 799
1564140 799
1564150 796
1564160 792
1564170 792
1564180 786
1564190 780
1564200 780
1564210 773
1564220 768
1564230 768
1564240 764
1564250 760
1564260 760
1564270 756
1564280 752
1564290 752
1564300 749
1564310 746
1564320 746
1564330 743
1564340 740
1564350 738
1564360 738
1564370 735
1564380 734
1564390 734
1564400 732
1564410 731
1564420 731
1564430 730
1564440 730
1564450 730
1564460 731
1564470 731
1564480 731
1564490 731
1564500 729
1564510 734
1564520 733
1564530 732
1564540 732
1564550 731
1564560 729
1564570 729
1564580 727
1564590 726
1564600 726
1564610 725
1564620 725
1564630 725
1564640 725
1564650 725
1564660 725
1564670 726
1564680 725
1564690 725
1564700 724
1564710 722
1564720 722
1564730 721
1564740 719
1564750 719
1564760 716
1564770 712
1564780 712
1564790 709
1564800 707
1564810 707
1564820 705
1564830 704
1564840 704
1564850 703
1564860 704
1564870 704
1564880 704
1564890 705
1564900 703
1564910 703
1564920 699
1564930 698
1564940 698
1564950 700
1564960 703
1564970 703
1564980 705
1564990 707
1565000 707
1565010 711
1565020 713
1565030 713
1565040 716
1565050 716
1565060 716
1565070 715
1565080 713
1565090 713
1565100 711
1565110 709
1565120 709
1565130 709
1565140 708
1565150 708
1565160 707
1565170 707
1565180 707
1565190 707
1565200 708
1565210 708
1565220 709
1565230 709
1565240 709
1565250 710
1565260 711
1565270 711
1565280 712
1565290 712
1565300 712
1565310 711
1565320 710
1565330 710
1565340 710
1565350 708
1565360 708
1565370 706
1565380 702
1565390 702
1565400 699
1565410 696
1565420 693
1565430 693
1565440 690
1565450 686
1565460 686
1565470 683
1565480 679
1565490 679
1565500 673
1565510 669
1565520 669
1565530 667
1565540 665
1565550 665
1565560 664
1565570 663
1565580 663
1565590 662
1565600 660
1565610 660
1565620 658
1565630 656
1565640 656
1565650 654
1565660 653
1565670 653
1565680 653
1565690 655
1565700 655
1565710 655
1565720 654
1565730 654
1565740 652
1565750 649
1565760 649
1565770 646
1565780 643
1565790 643
1565800 638
1565810 629
1565820 629
1565830 617
1565840 615
1565850 615
1565860 620
1565870 624
1565880 624
1565890 631
1565900 630
1565910 630
1565920 641
1565930 655
1565940 655
1565950 661
1565960 660
1565970 657
1565980 657
1565990 656
1566000 655
1566010 655
1566020 656
1566030 656
1566040 656
1566050 655
1566060 655
1566070 655
1566080 656
1566090 656
1566100 656
1566110 649
1566120 647
1566130 647
1566140 644
1566150 643
1566160 643
1566170 642
1566180 641
1566190 641
1566200 641
1566210 640
1566220 640
1566230 639
1566240 635
1566250 635
1566260 632
1566270 630
1566280 630
1566290 627
1566300 624
1566310 624
1566320 620
1566330 613
1566340 613
1566350 605
1566360 601
1566370 601
1566380 599
1566390 597
1566400 597
1566410 595
1566420 594
1566430 594
1566440 594
1566450 594
1566460 594
1566470 592
1566480 591
1566490 589
1566500 589
1566510 589
1566520 588
1566530 588
1566540 587
1566550 584
1566560 584
1566570 580
1566580 579
1566590 579
1566600 581
1566610 581
1566620 581
1566630 580
1566640 580
1566650 580
1566660 580
1566670 579
1566680 579
1566690 578
1566700 578
1566710 578
1566720 577
1566730 577
1566740 577
1566750 576
1566760 575
1566770 575
1566780 576
1566790 577
1566800 577
1566810 576
1566820 576
1566830 576
1566840 576
1566850 577
1566860 577
1566870 577
1566880 580
1566890 580
1566900 585
1566910 595
1566920 595
1566930 604
1566940 612
1566950 612
1566960 619
1566970 622
1566980 622
1566990 623
1567000 623
1567010 623
1567020 622
1567030 622
1567040 622
1567050 622
1567060 623
1567070 624
1567080 624
1567090 627
1567100 628
1567110 628
1567120 629
1567130 629
1567140 629
1567150 630
1567160 632
1567170 632
1567180 634
1567190 635
1567200 635
1567210 636
1567220 636
1567230 636
1567240 633
1567250 630
1567260 630
1567270 636
1567280 644
1567290 644
1567300 653
1567310 647
1567320 647
1567330 655
1567340 668
1567350 668
1567360 676
1567370 681
1567380 681
1567390 687
1567400 692
1567410 692
1567420 695
1567430 694
1567440 694
1567450 695
1567460 698
1567470 698
1567480 700
1567490 700
1567500 700
1567510 699
1567520 700
1567530 700
1567540 702
1567550 699
1567560 696
1567570 696
1567580 697
1567590 698
1567600 698
1567610 700
1567620 702
1567630 702
1567640 703
1567650 704
1567660 704
1567670 700
1567680 700
1567690 700
1567700 700
1567710 700
1567720 700
1567730 700
1567740 699
1567750 699
1567760 699
1567770 699
1567780 699
1567790 698
1567800 698
1567810 698
1567820 699
1567830 698
1567840 698
1567850 699
1567860 700
1567870 700
1567880 702
1567890 703
1567900 703
1567910 706
1567920 709
1567930 709
1567940 710
1567950 711
1567960 711
1567970 711
1567980 712
1567990 712
1568000 712
1568010 712
1568020 712
1568030 712
1568040 711
1568050 711
1568060 713
1568070 714
1568080 714
1568090 715
1568100 714
1568110 710
1568120 710
1568130 703
1568140 695
1568150 695
1568160 686
1568170 687
1568180 687
1568190 692
1568200 698
1568210 698
1568220 705
1568230 709
1568240 709
1568250 707
1568260 701
1568270 701
1568280 695
1568290 687
1568300 687
1568310 680
1568320 679
1568330 679
1568340 681
1568350 685
1568360 685
1568370 691
1568380 700
1568390 700
1568400 710
1568410 718
1568420 718
1568430 728
1568440 735
1568450 735
1568460 743
1568470 748
1568480 748
1568490 752
1568500 756
1568510 756
1568520 760
1568530 763
1568540 763
1568550 765
1568560 768
1568570 768
1568580 771
1568590 775
1568600 775
1568610 779
1568620 783
1568630 788
1568640 788
1568650 792
1568660 795
1568670 795
1568680 797
1568690 799
1568700 799
1568710 799
1568720 801
1568730 801
1568740 803
1568750 805
1568760 805
1568770 807
1568780 809
1568790 809
1568800 810
1568810 812
1568820 812
1568830 813
1568840 814
1568850 814
1568860 816
1568870 817
1568880 817
1568890 817
1568900 818
1568910 818
1568920 819
1568930 821
1568940 821
1568950 822
1568960 825
1568970 825
1568980 827
1568990 829
1569000 829
1569010 830
1569020 832
1569030 832
1569040 833
1569050 834
1569060 834
1569070 836
1569080 837
1569090 837
1569100 838
1569110 839
1569120 839
1569130 840
1569140 841
1569150 841
1569160 842
1569170 844
1569180 846
1569190 846
1569200 849
1569210 850
1569220 850
1569230 852
1569240 853
1569250 853
1569260 855
1569270 856
1569280 856
1569290 857
1569300 857
1569310 857
1569320 856
1569330 854
1569340 854
1569350 854
1569360 857
1569370 857
1569380 862
1569390 867
1569400 867
1569410 872
1569420 875
1569430 875
1569440 878
1569450 881
1569460 881
1569470 884
1569480 886
1569490 886
1569500 889
1569510 891
1569520 891
1569530 892
1569540 892
1569550 892
1569560 891
1569570 890
1569580 890
1569590 889
1569600 888
1569610 888
1569620 886
1569630 885
1569640 885
1569650 883
1569660 883
1569670 883
1569680 884
1569690 884
1569700 882
1569710 882
1569720 879
1569730 876
1569740 876
1569750 872
1569760 868
1569770 868
1569780 865
1569790 863
1569800 863
1569810 863
1569820 864
1569830 864
1569840 866
1569850 869
1569860 869
1569870 872
1569880 876
1569890 876
1569900 879
1569910 882
1569920 882
1569930 885
1569940 888
1569950 888
1569960 890
1569970 893
1569980 893
1569990 895
1570000 898
1570010 898
1570020 900
1570030 902
1570040 902
1570050 904
1570060 905
1570070 905
1570080 906
1570090 906
1570100 906
1570110 905
1570120 899
1570130 899
1570140 894
1570150 890
1570160 890
1570170 879
1570180 869
1570190 869
1570200 861
1570210 853
1570220 853
1570230 848
1570240 846
1570250 844
1570260 844
1570270 840
1570280 839
1570290 839
1570300 840
1570310 835
1570320 835
1570330 829
1570340 826
1570350 826
1570360 825
1570370 820
1570380 820
1570390 812
1570400 803
1570410 803
1570420 797
1570430 792
1570440 792
1570450 787
1570460 782
1570470 782
1570480 780
1570490 780
1570500 780
1570510 782
1570520 785
1570530 785
1570540 786
1570550 787
1570560 787
1570570 788
1570580 788
1570590 788
1570600 789
1570610 791
1570620 791
1570630 793
1570640 794
1570650 794
1570660 795
1570670 797
1570680 797
1570690 799
1570700 800
1570710 796
1570720 799
1570730 802
1570740 802
1570750 804
1570760 807
1570770 811
1570780 811
1570790 814
1570800 817
1570810 817
1570820 820
1570830 823
1570840 823
1570850 826
1570860 828
1570870 828
1570880 828
1570890 828
1570900 828
1570910 828
1570920 827
1570930 827
1570940 825
1570950 823
1570960 823
1570970 821
1570980 820
1570990 820
1571000 817
1571010 815
1571020 815
1571030 813
1571040 811
1571050 811
1571060 807
1571070 805
1571080 805
1571090 803
1571100 800
1571110 800
1571120 797
1571130 796
1571140 796
1571150 797
1571160 798
1571170 798
1571180 801
1571190 802
1571200 802
1571210 801
1571220 801
1571230 801
1571240 800
1571250 800
1571260 800
1571270 800
1571280 799
1571290 799
1571300 799
1571310 800
1571320 801
1571330 801
1571340 803
1571350 805
1571360 805
1571370 806
1571380 808
1571390 808
1571400 809
1571410 809
1571420 809
1571430 811
1571440 814
1571450 814
1571460 818
1571470 821
1571480 821
1571490 825
1571500 828
1571510 828
1571520 832
1571530 836
1571540 836
1571550 839
1571560 841
1571570 841
1571580 844
1571590 847
1571600 847
1571610 849
1571620 851
1571630 851
1571640 853
1571650 855
1571660 855
1571670 857
1571680 858
1571690 858
1571700 859
1571710 860
1571720 860
1571730 860
1571740 861
1571750 861
1571760 862
1571770 864
1571780 864
1571790 867
1571800 870
1571810 870
1571820 873
1571830 877
1571840 881
1571850 881
1571860 886
1571870 891
1571880 891
1571890 895
1571900 898
1571910 898
1571920 902
1571930 904
1571940 904
1571950 907
1571960 909
1571970 909
1571980 911
1571990 915
1572000 915
1572010 921
1572020 927
1572030 927
1572040 934
1572050 937
1572060 937
1572070 943
1572080 949
1572090 949
1572100 954
1572110 959
1572120 959
1572130 963
1572140 967
1572150 967
1572160 971
1572170 974
1572180 974
1572190 973
1572200 974
1572210 974
1572220 974
1572230 972
1572240 972
1572250 970
1572260 969
1572270 969
1572280 969
1572290 969
1572300 969
1572310 968
1572320 967
1572330 967
1572340 966
1572350 969
1572360 969
1572370 974
1572380 980
1572390 984
1572400 984
1572410 985
1572420 982
1572430 982
1572440 980
1572450 979
1572460 979
1572470 978
1572480 976
1572490 976
1572500 973
1572510 971
1572520 971
1572530 969
1572540 966
1572550 966
1572560 963
1572570 961
1572580 961
1572590 959
1572600 958
1572610 958
1572620 956
1572630 954
1572640 954
1572650 952
1572660 950
1572670 950
1572680 948
1572690 946
1572700 946
1572710 943
1572720 939
1572730 939
1572740 935
1572750 931
1572760 931
1572770 927
1572780 923
1572790 923
1572800 917
1572810 912
1572820 912
1572830 906
1572840 901
1572850 901
1572860 896
1572870 892
1572880 892
1572890 888
1572900 885
1572910 882
1572920 882
1572930 880
1572940 876
1572950 876
1572960 872
1572970 867
1572980 867
1572990 862
1573000 857
1573010 857
1573020 851
1573030 847
1573040 847
1573050 842
1573060 838
1573070 838
1573080 834
1573090 831
1573100 831
1573110 827
1573120 823
1573130 823
1573140 820
1573150 819
1573160 819
1573170 819
1573180 818
1573190 818
1573200 817
1573210 815
1573220 815
1573230 811
1573240 805
1573250 805
1573260 801
1573270 798
1573280 798
1573290 794
1573300 791
1573310 791
1573320 790
1573330 788
1573340 788
1573350 785
1573360 784
1573370 784
1573380 781
1573390 778
1573400 778
1573410 774
1573420 768
1573430 768
1573440 761
1573450 758
1573460 753
1573470 753
1573480 749
1573490 742
1573500 742
1573510 737
1573520 731
1573530 731
1573540 721
1573550 721
1573560 721
1573570 740
1573580 750
1573590 750
1573600 757
1573610 762
1573620 762
1573630 768
1573640 773
1573650 771
1573660 775
1573670 779
1573680 779
1573690 782
1573700 785
1573710 785
1573720 787
1573730 790
1573740 790
1573750 793
1573760 795
1573770 795
1573780 798
1573790 801
1573800 801
1573810 804
1573820 807
1573830 807
1573840 810
1573850 813
1573860 813
1573870 816
1573880 819
1573890 819
1573900 821
1573910 824
1573920 824
1573930 826
1573940 829
1573950 829
1573960 831
1573970 834
1573980 837
1573990 837
1574000 840
1574010 842
1574020 842
1574030 845
1574040 847
1574050 847
1574060 850
1574070 852
1574080 852
1574090 854
1574100 854
1574110 854
1574120 854
1574130 855
1574140 855
1574150 855
1574160 856
1574170 856
1574180 856
1574190 856
1574200 856
1574210 857
1574220 857
1574230 857
1574240 857
1574250 856
1574260 856
1574270 856
1574280 856
1574290 856
1574300 857
1574310 858
1574320 858
1574330 858
1574340 858
1574350 858
1574360 855
1574370 853
1574380 853
1574390 851
1574400 849
1574410 849
1574420 846
1574430 843
1574440 843
1574450 841
1574460 839
1574470 839
1574480 837
1574490 835
1574500 835
1574510 835
1574520 838
1574530 840
1574540 840
1574550 840
1574560 837
1574570 837
1574580 833
1574590 829
1574600 829
1574610 824
1574620 818
1574630 818
1574640 810
1574650 803
1574660 803
1574670 797
1574680 787
1574690 787
1574700 777
1574710 768
1574720 768
1574730 760
1574740 753
1574750 753
1574760 749
1574770 750
1574780 750
1574790 752
1574800 752
1574810 752
1574820 751
1574830 751
1574840 751
1574850 749
1574860 746
1574870 746
1574880 746
1574890 747
1574900 747
1574910 749
1574920 750
1574930 750
1574940 753
1574950 755
1574960 755
1574970 757
1574980 754
1574990 754
1575000 749
1575010 745
1575020 745
1575030 742
1575040 739
1575050 733
1575060 733
1575070 730
1575080 734
1575090 734
1575100 732
1575110 730
1575120 730
1575130 727
1575140 724
1575150 724
1575160 723
1575170 723
1575180 723
1575190 724
1575200 725
1575210 725
1575220 725
1575230 727
1575240 727
1575250 727
1575260 723
1575270 723
1575280 719
1575290 713
1575300 713
1575310 705
1575320 699
1575330 699
1575340 697
1575350 696
1575360 696
1575370 694
1575380 692
1575390 692
1575400 691
1575410 691
1575420 691
1575430 690
1575440 688
1575450 688
1575460 686
1575470 683
1575480 683
1575490 677
1575500 671
1575510 671
1575520 665
1575530 658
1575540 658
1575550 651
1575560 644
1575570 644
1575580 637
1575590 631
1575600 625
1575610 625
1575620 619
1575630 613
1575640 613
1575650 607
1575660 601
1575670 601
1575680 596
1575690 591
1575700 591
1575710 586
1575720 581
1575730 581
1575740 575
1575750 570
1575760 570
1575770 564
1575780 560
1575790 560
1575800 555
1575810 550
1575820 550
1575830 545
1575840 540
1575850 540
1575860 535
1575870 531
1575880 531
1575890 526
1575900 523
1575910 523
1575920 522
1575930 521
1575940 521
1575950 520
1575960 520
1575970 520
1575980 519
1575990 518
1576000 518
1576010 517
1576020 516
1576030 516
1576040 515
1576050 514
1576060 514
1576070 514
1576080 513
1576090 513
1576100 512
1576110 511
1576120 511
1576130 511
1576140 509
1576150 506
1576160 506
1576170 507
1576180 506
1576190 506
1576200 503
1576210 497
1576220 497
1576230 491
1576240 486
1576250 486
1576260 485
1576270 487
1576280 487
1576290 489
1576300 487
1576310 487
1576320 484
1576330 481
1576340 481
1576350 478
1576360 476
1576370 476
1576380 476
1576390 476
1576400 476
1576410 479
1576420 481
1576430 481
1576440 476
1576450 472
1576460 472
1576470 471
1576480 468
1576490 465
1576500 463
1576510 462
1576520 462
1576530 462
1576540 462
1576550 462
1576560 462
1576570 462
1576580 462
1576590 462
1576600 462
1576610 462
1576620 462
1576630 462
1576640 462
1576650 462
1576660 463
1576670 464
1576680 464
1576690 467
1576700 469
1576710 469
1576720 474
1576730 480
1576740 480
1576750 487
1576760 492
1576770 492
1576780 495
1576790 501
1576800 501
1576810 505
1576820 509
1576830 509
1576840 514
1576850 519
1576860 519
1576870 524
1576880 529
1576890 529
1576900 534
1576910 540
1576920 540
1576930 546
1576940 552
1576950 552
1576960 559
1576970 566
1576980 566
1576990 573
1577000 583
1577010 583
1577020 593
1577030 600
1577040 600
1577050 606
1577060 612
1577070 612
1577080 622
1577090 631
1577100 631
1577110 647
1577120 668
1577130 668
1577140 675
1577150 680
1577160 680
1577170 679
1577180 672
1577190 667
1577200 667
1577210 663
1577220 663
1577230 663
1577240 662
1577250 648
1577260 648
1577270 634
1577280 632
1577290 632
1577300 629
1577310 627
1577320 627
1577330 625
1577340 623
1577350 623
1577360 620
1577370 618
1577380 618
1577390 614
1577400 611
1577410 611
1577420 608
1577430 605
1577440 605
1577450 603
1577460 601
1577470 601
1577480 599
1577490 596
1577500 596
1577510 593
1577520 591
1577530 591
1577540 589
1577550 587
1577560 587
1577570 584
1577580 581
1577590 581
1577600 578
1577610 575
1577620 575
1577630 569
1577640 563
1577650 563
1577660 559
1577670 558
1577680 558
1577690 558
1577700 557
1577710 557
1577720 557
1577730 555
1577740 549
1577750 549
1577760 539
1577770 534
1577780 534
1577790 531
1577800 527
1577810 527
1577820 524
1577830 521
1577840 521
1577850 519
1577860 517
1577870 517
1577880 511
1577890 510
1577900 510
1577910 509
1577920 509
1577930 509
1577940 509
1577950 509
1577960 509
1577970 509
1577980 508
1577990 508
1578000 507
1578010 507
1578020 507
1578030 507
1578040 506
1578050 506
1578060 507
1578070 506
1578080 506
1578090 501
1578100 489
1578110 489
1578120 481
1578130 476
1578140 476
1578150 475
1578160 476
1578170 476
1578180 476
1578190 476
1578200 476
1578210 477
1578220 479
1578230 479
1578240 485
1578250 492
1578260 498
1578270 498
1578280 503
1578290 506
1578300 506
1578310 508
1578320 511
1578330 511
1578340 513
1578350 513
1578360 513
1578370 513
1578380 515
1578390 515
1578400 516
1578410 517
1578420 517
1578430 518
1578440 518
1578450 518
1578460 517
1578470 517
1578480 517
1578490 519
1578500 522
1578510 522
1578520 526
1578530 529
1578540 529
1578550 531
1578560 534
1578570 534
1578580 535
1578590 537
1578600 537
1578610 538
1578620 541
1578630 541
1578640 543
1578650 546
1578660 546
1578670 553
1578680 558
1578690 558
1578700 560
1578710 555
1578720 555
1578730 550
1578740 546
1578750 546
1578760 543
1578770 542
1578780 542
1578790 543
1578800 546
1578810 547
1578820 547
1578830 552
1578840 558
1578850 558
1578860 564
1578870 570
1578880 570
1578890 575
1578900 578
1578910 578
1578920 581
1578930 583
1578940 583
1578950 585
1578960 586
1578970 586
1578980 588
1578990 589
1579000 589
1579010 590
1579020 592
1579030 592
1579040 592
1579050 592
1579060 592
1579070 591
1579080 590
1579090 590
1579100 590
1579110 591
1579120 591
1579130 589
1579140 585
1579150 585
1579160 585
1579170 584
1579180 584
1579190 583
1579200 585
1579210 585
1579220 588
1579230 590
1579240 590
1579250 600
1579260 604
1579270 604
1579280 605
1579290 606
1579300 606
1579310 605
1579320 603
1579330 603
1579340 603
1579350 603
1579360 597
1579370 597
1579380 590
1579390 583
1579400 583
1579410 575
1579420 569
1579430 569
1579440 565
1579450 565
1579460 565
1579470 568
1579480 574
1579490 574
1579500 581
1579510 589
1579520 589
1579530 598
1579540 606
1579550 606
1579560 613
1579570 618
1579580 618
1579590 622
1579600 628
1579610 628
1579620 633
1579630 637
1579640 637
1579650 641
1579660 645
1579670 645
1579680 648
1579690 651
1579700 651
1579710 650
1579720 643
1579730 643
1579740 636
1579750 629
1579760 629
1579770 622
1579780 615
1579790 615
1579800 609
1579810 603
1579820 603
1579830 598
1579840 595
1579850 595
1579860 594
1579870 593
1579880 594
1579890 594
1579900 598
1579910 600
1579920 600
1579930 599
1579940 595
1579950 595
1579960 596
1579970 601
1579980 601
1579990 605
