1560000 1189
1560010 1187
1560020 1186
1560030 1186
1560040 1185
1560050 1182
1560060 1182
1560070 1180
1560080 1177
1560090 1177
1560100 1174
1560110 1172
1560120 1172
1560130 1170
1560140 1168
1560150 1168
1560160 1164
1560170 1161
1560180 1161
1560190 1157
1560200 1155
1560210 1155
1560220 1152
1560230 1149
1560240 1149
1560250 1146
1560260 1143
1560270 1143
1560280 1140
1560290 1137
1560300 1135
1560310 1135
1560320 1134
1560330 1135
1560340 1135
1560350 1135
1560360 1134
1560370 1134
1560380 1134
1560390 1133
1560400 1133
1560410 1132
1560420 1133
1560430 1133
1560440 1135
1560450 1138
1560460 1138
1560470 1141
1560480 1147
1560490 1147
1560500 1153
1560510 1154
1560520 1154
1560530 1151
1560540 1148
1560550 1148
1560560 1145
1560570 1144
1560580 1144
1560590 1143
1560600 1143
1560610 1143
1560620 1144
1560630 1144
1560640 1144
1560650 1144
1560660 1144
1560670 1144
1560680 1143
1560690 1143
1560700 1143
1560710 1143
1560720 1143
1560730 1143
1560740 1143
1560750 1142
1560760 1142
1560770 1141
1560780 1138
1560790 1138
1560800 1134
1560810 1129
1560820 1129
1560830 1124
1560840 1120
1560850 1119
1560860 1119
1560870 1118
1560880 1118
1560890 1118
1560900 1116
1560910 1114
1560920 1114
1560930 1110
1560940 1105
1560950 1105
1560960 1102
1560970 1097
1560980 1097
1560990 1093
1561000 1088
1561010 1088
1561020 1084
1561030 1080
1561040 1080
1561050 1075
1561060 1072
1561070 1072
1561080 1070
1561090 1066
1561100 1066
1561110 1061
1561120 1056
1561130 1056
1561140 1051
1561150 1044
1561160 1044
1561170 1038
1561180 1031
1561190 1031
1561200 1025
1561210 1021
1561220 1017
1561230 1014
1561240 1012
1561250 1012
1561260 1009
1561270 1006
1561280 1006
1561290 1002
1561300 1000
1561310 1000
1561320 998
1561330 997
1561340 997
1561350 995
1561360 994
1561370 994
1561380 994
1561390 994
1561400 993
1561410 993
1561420 992
1561430 990
1561440 990
1561450 989
1561460 988
1561470 988
1561480 989
1561490 989
1561500 989
1561510 988
1561520 987
1561530 987
1561540 985
1561550 984
1561560 984
1561570 983
1561580 982
1561590 982
1561600 981
1561610 981
1561620 981
1561630 981
1561640 982
1561650 982
1561660 983
1561670 983
1561680 983
1561690 983
1561700 983
1561710 983
1561720 982
1561730 981
1561740 981
1561750 979
1561760 979
1561770 979
1561780 979
1561790 979
1561800 979
1561810 979
1561820 980
1561830 980
1561840 981
1561850 981
1561860 981
1561870 983
1561880 985
1561890 985
1561900 986
1561910 986
1561920 988
1561930 988
1561940 991
1561950 994
1561960 994
1561970 994
1561980 992
1561990 992
1562000 989
1562010 987
1562020 987
1562030 985
1562040 983
1562050 983
1562060 981
1562070 980
1562080 980
1562090 979
1562100 978
1562110 978
1562120 977
1562130 976
1562140 976
1562150 975
1562160 974
1562170 974
1562180 973
1562190 973
1562200 973
1562210 973
1562220 973
1562230 973
1562240 972
1562250 971
1562260 971
1562270 969
1562280 966
1562290 966
1562300 962
1562310 958
1562320 958
1562330 955
1562340 953
1562350 953
1562360 951
1562370 948
1562380 948
1562390 944
1562400 942
1562410 942
1562420 940
1562430 938
1562440 938
1562450 936
1562460 935
1562470 934
1562480 934
1562490 933
1562500 932
1562510 932
1562520 931
1562530 929
1562540 929
1562550 928
1562560 927
1562570 927
1562580 926
1562590 925
1562600 925
1562610 923
1562620 922
1562630 922
1562640 920
1562650 918
1562660 918
1562670 916
1562680 914
1562690 914
1562700 911
1562710 906
1562720 906
1562730 901
1562740 899
1562750 899
1562760 902
1562770 907
1562780 907
1562790 912
1562800 916
1562810 916
1562820 920
1562830 924
1562840 924
1562850 928
1562860 931
1562870 931
1562880 939
1562890 941
1562900 941
1562910 943
1562920 945
1562930 945
1562940 947
1562950 950
1562960 950
1562970 952
1562980 954
1562990 954
1563000 955
1563010 957
1563020 959
1563030 959
1563040 960
1563050 960
1563060 960
1563070 960
1563080 958
1563090 958
1563100 956
1563110 955
1563120 955
1563130 958
1563140 963
1563150 963
1563160 966
1563170 969
1563180 969
1563190 970
1563200 973
1563210 973
1563220 974
1563230 976
1563240 976
1563250 979
1563260 981
1563270 981
1563280 983
1563290 985
1563300 985
1563310 988
1563320 991
1563330 991
1563340 993
1563350 995
1563360 995
1563370 997
1563380 999
1563390 999
1563400 1001
1563410 1001
1563420 1001
1563430 1002
1563440 1002
1563450 1002
1563460 1001
1563470 1000
1563480 1000
1563490 999
1563500 998
1563510 998
1563520 998
1563530 996
1563540 994
1563550 994
1563560 993
1563570 992
1563580 992
1563590 989
1563600 985
1563610 985
1563620 982
1563630 978
1563640 978
1563650 974
1563660 971
1563670 971
1563680 967
1563690 963
1563700 963
1563710 959
1563720 956
1563730 956
1563740 954
1563750 952
1563760 952
1563770 950
1563780 948
1563790 948
1563800 946
1563810 944
1563820 944
1563830 942
1563840 941
1563850 941
1563860 940
1563870 939
1563880 939
1563890 937
1563900 936
1563910 936
1563920 935
1563930 934
1563940 934
1563950 931
1563960 929
1563970 929
1563980 930
1563990 930
1564000 930
1564010 929
1564020 928
1564030 928
1564040 926
1564050 924
1564060 924
1564070 923
1564080 922
1564090 921
1564100 921
1564110 921
1564120 921
1564130 921
1564140 921
1564150 920
1564160 920
1564170 919
1564180 917
1564190 917
1564200 916
1564210 915
1564220 915
1564230 913
1564240 912
1564250 912
1564260 911
1564270 911
1564280 911
1564290 911
1564300 911
1564310 911
1564320 911
1564330 912
1564340 912
1564350 913
1564360 915
1564370 915
1564380 917
1564390 920
1564400 920
1564410 922
1564420 924
1564430 924
1564440 926
1564450 928
1564460 928
1564470 930
1564480 931
1564490 931
1564500 936
1564510 938
1564520 938
1564530 940
1564540 941
1564550 941
1564560 942
1564570 943
1564580 943
1564590 944
1564600 943
1564610 943
1564620 942
1564630 938
1564640 932
1564650 932
1564660 926
1564670 921
1564680 921
1564690 916
1564700 911
1564710 911
1564720 907
1564730 902
1564740 902
1564750 899
1564760 896
1564770 896
1564780 895
1564790 892
1564800 892
1564810 888
1564820 885
1564830 885
1564840 883
1564850 878
1564860 878
1564870 874
1564880 870
1564890 870
1564900 866
1564910 863
1564920 863
1564930 859
1564940 855
1564950 855
1564960 852
1564970 849
1564980 849
1564990 847
1565000 844
1565010 844
1565020 842
1565030 840
1565040 840
1565050 836
1565060 833
1565070 833
1565080 832
1565090 831
1565100 831
1565110 831
1565120 832
1565130 832
1565140 833
1565150 835
1565160 835
1565170 835
1565180 834
1565190 834
1565200 834
1565210 833
1565220 830
1565230 830
1565240 830
1565250 829
1565260 829
1565270 828
1565280 827
1565290 827
1565300 826
1565310 824
1565320 824
1565330 823
1565340 822
1565350 822
1565360 821
1565370 821
1565380 821
1565390 820
1565400 819
1565410 819
1565420 818
1565430 818
1565440 818
1565450 817
1565460 817
1565470 817
1565480 816
1565490 817
1565500 817
1565510 817
1565520 817
1565530 817
1565540 815
1565550 813
1565560 813
1565570 812
1565580 810
1565590 810
1565600 809
1565610 808
1565620 808
1565630 807
1565640 806
1565650 806
1565660 806
1565670 804
1565680 804
1565690 803
1565700 802
1565710 799
1565720 799
1565730 798
1565740 799
1565750 799
1565760 801
1565770 802
1565780 802
1565790 803
1565800 803
1565810 803
1565820 803
1565830 803
1565840 803
1565850 804
1565860 804
1565870 804
1565880 805
1565890 806
1565900 806
1565910 807
1565920 807
1565930 807
1565940 809
1565950 810
1565960 810
1565970 810
1565980 809
1565990 809
1566000 809
1566010 808
1566020 808
1566030 807
1566040 806
1566050 806
1566060 806
1566070 807
1566080 807
1566090 814
1566100 815
1566110 815
1566120 816
1566130 817
1566140 817
1566150 817
1566160 818
1566170 818
1566180 820
1566190 823
1566200 823
1566210 826
1566220 830
1566230 830
1566240 835
1566250 839
1566260 843
1566270 843
1566280 847
1566290 850
1566300 850
1566310 852
1566320 854
1566330 854
1566340 856
1566350 858
1566360 858
1566370 859
1566380 860
1566390 860
1566400 859
1566410 859
1566420 859
1566430 857
1566440 853
1566450 853
1566460 851
1566470 852
1566480 852
1566490 851
1566500 850
1566510 850
1566520 848
1566530 846
1566540 846
1566550 844
1566560 842
1566570 842
1566580 841
1566590 839
1566600 839
1566610 838
1566620 836
1566630 836
1566640 835
1566650 834
1566660 834
1566670 836
1566680 836
1566690 836
1566700 836
1566710 834
1566720 834
1566730 831
1566740 828
1566750 828
1566760 824
1566770 823
1566780 823
1566790 823
1566800 821
1566810 819
1566820 819
1566830 819
1566840 819
1566850 819
1566860 820
1566870 821
1566880 821
1566890 819
1566900 817
1566910 817
1566920 816
1566930 815
1566940 815
1566950 812
1566960 806
1566970 806
1566980 800
1566990 795
1567000 795
1567010 791
1567020 788
1567030 788
1567040 784
1567050 780
1567060 780
1567070 779
1567080 777
1567090 777
1567100 775
1567110 770
1567120 770
1567130 766
1567140 764
1567150 764
1567160 762
1567170 757
1567180 757
1567190 753
1567200 752
1567210 752
1567220 749
1567230 743
1567240 743
1567250 737
1567260 731
1567270 731
1567280 726
1567290 721
1567300 721
1567310 716
1567320 709
1567330 699
1567340 699
1567350 689
1567360 681
1567370 681
1567380 676
1567390 669
1567400 669
1567410 663
1567420 655
1567430 655
1567440 647
1567450 639
1567460 639
1567470 632
1567480 625
1567490 625
1567500 617
1567510 609
1567520 609
1567530 606
1567540 602
1567550 602
1567560 599
1567570 596
1567580 596
1567590 593
1567600 590
1567610 590
1567620 587
1567630 584
1567640 584
1567650 581
1567660 584
1567670 584
1567680 579
1567690 573
1567700 573
1567710 568
1567720 566
1567730 566
1567740 564
1567750 563
1567760 563
1567770 562
1567780 562
1567790 562
1567800 562
1567810 562
1567820 562
1567830 561
1567840 562
1567850 562
1567860 563
1567870 563
1567880 563
1567890 563
1567900 564
1567910 564
1567920 564
1567930 564
1567940 564
1567950 564
1567960 564
1567970 564
1567980 564
1567990 564
1568000 564
1568010 564
1568020 564
1568030 564
1568040 564
1568050 564
1568060 565
1568070 565
1568080 566
1568090 566
1568100 566
1568110 567
1568120 568
1568130 568
1568140 570
1568150 569
1568160 569
1568170 567
1568180 568
1568190 568
1568200 571
1568210 572
1568220 572
1568230 573
1568240 575
1568250 575
1568260 581
1568270 587
1568280 587
1568290 592
1568300 597
1568310 597
1568320 604
1568330 610
1568340 610
1568350 616
1568360 619
1568370 619
1568380 624
1568390 629
1568400 629
1568410 632
1568420 635
1568430 638
1568440 638
1568450 643
1568460 647
1568470 647
1568480 650
1568490 651
1568500 651
1568510 650
1568520 649
1568530 649
1568540 649
1568550 650
1568560 650
1568570 650
1568580 650
1568590 650
1568600 651
1568610 652
1568620 652
1568630 653
1568640 653
1568650 653
1568660 651
1568670 648
1568680 648
1568690 644
1568700 640
1568710 640
1568720 638
1568730 638
1568740 638
1568750 637
1568760 635
1568770 635
1568780 633
1568790 633
1568800 633
1568810 633
1568820 632
1568830 632
1568840 631
1568850 634
1568860 634
1568870 640
1568880 645
1568890 645
1568900 644
1568910 642
1568920 642
1568930 645
1568940 652
1568950 659
1568960 659
1568970 663
1568980 668
1568990 668
1569000 672
1569010 675
1569020 675
1569030 678
1569040 681
1569050 681
1569060 683
1569070 686
1569080 686
1569090 688
1569100 689
1569110 689
1569120 689
1569130 690
1569140 690
1569150 694
1569160 697
1569170 697
1569180 701
1569190 702
1569200 702
1569210 703
1569220 705
1569230 705
1569240 706
1569250 709
1569260 709
1569270 711
1569280 714
1569290 714
1569300 717
1569310 720
1569320 720
1569330 723
1569340 726
1569350 726
1569360 729
1569370 732
1569380 732
1569390 735
1569400 737
1569410 737
1569420 739
1569430 741
1569440 741
1569450 742
1569460 742
1569470 742
1569480 743
1569490 744
1569500 743
1569510 743
1569520 742
1569530 744
1569540 744
1569550 746
1569560 750
1569570 750
1569580 753
1569590 755
1569600 755
1569610 754
1569620 756
1569630 756
1569640 760
1569650 762
1569660 762
1569670 764
1569680 765
1569690 765
1569700 766
1569710 766
1569720 766
1569730 766
1569740 767
1569750 767
1569760 768
1569770 770
1569780 770
1569790 773
1569800 776
1569810 776
1569820 779
1569830 781
1569840 781
1569850 783
1569860 784
1569870 784
1569880 785
1569890 785
1569900 785
1569910 787
1569920 787
1569930 787
1569940 788
1569950 791
1569960 791
1569970 793
1569980 795
1569990 795
1570000 799
1570010 802
1570020 802
1570030 805
1570040 808
1570050 810
1570060 810
1570070 812
1570080 813
1570090 813
1570100 811
1570110 811
1570120 811
1570130 812
1570140 813
1570150 813
1570160 813
1570170 813
1570180 813
1570190 814
1570200 814
1570210 814
1570220 814
1570230 814
1570240 814
1570250 813
1570260 812
1570270 812
1570280 810
1570290 805
1570300 805
1570310 800
1570320 795
1570330 795
1570340 792
1570350 790
1570360 790
1570370 788
1570380 789
1570390 789
1570400 793
1570410 797
1570420 797
1570430 799
1570440 801
1570450 801
1570460 805
1570470 809
1570480 809
1570490 811
1570500 812
1570510 812
1570520 813
1570530 815
1570540 815
1570550 816
1570560 816
1570570 821
1570580 821
1570590 820
1570600 818
1570610 818
1570620 816
1570630 815
1570640 815
1570650 814
1570660 811
1570670 811
1570680 809
1570690 807
1570700 802
1570710 799
1570720 797
1570730 797
1570740 793
1570750 791
1570760 791
1570770 789
1570780 786
1570790 786
1570800 782
1570810 778
1570820 778
1570830 775
1570840 772
1570850 772
1570860 769
1570870 767
1570880 767
1570890 764
1570900 761
1570910 761
1570920 759
1570930 758
1570940 758
1570950 757
1570960 757
1570970 757
1570980 757
1570990 756
1571000 756
1571010 756
1571020 754
1571030 754
1571040 752
1571050 749
1571060 749
1571070 745
1571080 740
1571090 740
1571100 735
1571110 731
1571120 727
1571130 727
1571140 723
1571150 717
1571160 717
1571170 710
1571180 711
1571190 711
1571200 715
1571210 722
1571220 722
1571230 735
1571240 743
1571250 743
1571260 749
1571270 755
1571280 755
1571290 761
1571300 763
1571310 763
1571320 764
1571330 766
1571340 766
1571350 767
1571360 768
1571370 768
1571380 769
1571390 768
1571400 768
1571410 768
1571420 772
1571430 772
1571440 776
1571450 782
1571460 782
1571470 787
1571480 793
1571490 793
1571500 800
1571510 807
1571520 807
1571530 813
1571540 819
1571550 819
1571560 823
1571570 827
1571580 827
1571590 830
1571600 833
1571610 833
1571620 838
1571630 843
1571640 843
1571650 848
1571660 854
1571670 860
1571680 860
1571690 866
1571700 872
1571710 872
1571720 877
1571730 882
1571740 882
1571750 887
1571760 891
1571770 891
1571780 895
1571790 898
1571800 898
1571810 901
1571820 904
1571830 904
1571840 906
1571850 909
1571860 909
1571870 911
1571880 913
1571890 913
1571900 915
1571910 916
1571920 916
1571930 915
1571940 912
1571950 912
1571960 906
1571970 901
1571980 901
1571990 896
1572000 891
1572010 891
1572020 887
1572030 882
1572040 882
1572050 877
1572060 872
1572070 872
1572080 869
1572090 866
1572100 866
1572110 863
1572120 860
1572130 860
1572140 856
1572150 851
1572160 851
1572170 846
1572180 844
1572190 844
1572200 839
1572210 833
1572220 828
1572230 828
1572240 822
1572250 816
1572260 816
1572270 810
1572280 804
1572290 804
1572300 797
1572310 791
1572320 791
1572330 783
1572340 777
1572350 777
1572360 774
1572370 773
1572380 773
1572390 773
1572400 775
1572410 775
1572420 775
1572430 772
1572440 772
1572450 769
1572460 767
1572470 767
1572480 766
1572490 766
1572500 766
1572510 764
1572520 762
1572530 762
1572540 758
1572550 755
1572560 755
1572570 751
1572580 747
1572590 747
1572600 744
1572610 735
1572620 735
1572630 723
1572640 716
1572650 716
1572660 712
1572670 709
1572680 709
1572690 706
1572700 703
1572710 703
1572720 700
1572730 694
1572740 691
1572750 691
1572760 688
1572770 685
1572780 685
1572790 681
1572800 675
1572810 675
1572820 670
1572830 665
1572840 665
1572850 659
1572860 653
1572870 653
1572880 647
1572890 642
1572900 642
1572910 641
1572920 642
1572930 642
1572940 642
1572950 642
1572960 642
1572970 641
1572980 639
1572990 639
1573000 637
1573010 635
1573020 635
1573030 639
1573040 646
1573050 646
1573060 652
1573070 655
1573080 655
1573090 655
1573100 652
1573110 652
1573120 645
1573130 638
1573140 638
1573150 629
1573160 619
1573170 619
1573180 613
1573190 615
1573200 615
1573210 622
1573220 629
1573230 629
1573240 634
1573250 637
1573260 637
1573270 639
1573280 641
1573290 641
1573300 641
1573310 641
1573320 641
1573330 641
1573340 640
1573350 639
1573360 639
1573370 639
1573380 638
1573390 638
1573400 638
1573410 637
1573420 637
1573430 635
1573440 636
1573450 636
1573460 638
1573470 641
1573480 641
1573490 644
1573500 648
1573510 648
1573520 651
1573530 655
1573540 655
1573550 658
1573560 662
1573570 662
1573580 666
1573590 671
1573600 671
1573610 675
1573620 679
1573630 679
1573640 686
1573650 691
1573660 691
1573670 696
1573680 703
1573690 703
1573700 710
1573710 718
1573720 718
1573730 728
1573740 740
1573750 740
1573760 745
1573770 748
1573780 748
1573790 752
1573800 757
1573810 757
1573820 761
1573830 763
1573840 766
1573850 766
1573860 771
1573870 775
1573880 775
1573890 780
1573900 784
1573910 784
1573920 789
1573930 794
1573940 794
1573950 799
1573960 804
1573970 804
1573980 810
1573990 816
1574000 816
1574010 822
1574020 828
1574030 828
1574040 833
1574050 839
1574060 839
1574070 844
1574080 850
1574090 850
1574100 855
1574110 859
1574120 859
1574130 864
1574140 869
1574150 869
1574160 874
1574170 879
1574180 879
1574190 885
1574200 891
1574210 891
1574220 898
1574230 905
1574240 905
1574250 913
1574260 920
1574270 920
1574280 928
1574290 935
1574300 935
1574310 942
1574320 948
1574330 948
1574340 954
1574350 959
1574360 964
1574370 964
1574380 968
1574390 973
1574400 973
1574410 976
1574420 979
1574430 979
1574440 982
1574450 985
1574460 985
1574470 988
1574480 992
1574490 992
1574500 995
1574510 1000
1574520 1000
1574530 1004
1574540 1009
1574550 1009
1574560 1013
1574570 1018
1574580 1018
1574590 1023
1574600 1023
1574610 1023
1574620 1023
1574630 1023
1574640 1023
1574650 1023
1574660 1023
1574670 1023
1574680 1023
1574690 1022
1574700 1022
1574710 1021
1574720 1022
1574730 1022
1574740 1024
1574750 1026
1574760 1026
1574770 1028
1574780 1030
1574790 1030
1574800 1031
1574810 1030
1574820 1030
1574830 1028
1574840 1025
1574850 1025
1574860 1022
1574870 1018
1574880 1018
1574890 1015
1574900 1011
1574910 1006
1574920 1006
1574930 1002
1574940 998
1574950 998
1574960 993
1574970 987
1574980 987
1574990 981
1575000 976
1575010 976
1575020 969
1575030 962
1575040 962
1575050 956
1575060 950
1575070 954
1575080 949
1575090 943
1575100 943
1575110 934
1575120 926
1575130 926
1575140 917
1575150 906
1575160 906
1575170 901
1575180 896
1575190 896
1575200 884
1575210 870
1575220 870
1575230 862
1575240 852
1575250 852
1575260 837
1575270 829
1575280 829
1575290 821
1575300 814
1575310 814
1575320 809
1575330 802
1575340 802
1575350 795
1575360 788
1575370 788
1575380 781
1575390 773
1575400 773
1575410 764
1575420 755
1575430 755
1575440 747
1575450 740
1575460 733
1575470 733
1575480 726
1575490 720
1575500 720
1575510 713
1575520 706
1575530 706
1575540 698
1575550 691
1575560 691
1575570 685
1575580 679
1575590 679
1575600 672
1575610 665
1575620 665
1575630 659
1575640 652
1575650 652
1575660 647
1575670 642
1575680 642
1575690 636
1575700 631
1575710 631
1575720 625
1575730 620
1575740 620
1575750 615
1575760 610
1575770 610
1575780 606
1575790 601
1575800 601
1575810 597
1575820 594
1575830 594
1575840 591
1575850 589
1575860 589
1575870 587
1575880 584
1575890 584
1575900 582
1575910 578
1575920 578
1575930 576
1575940 573
1575950 573
1575960 569
1575970 565
1575980 561
1575990 561
1576000 558
1576010 555
1576020 555
1576030 552
1576040 551
1576050 551
1576060 549
1576070 548
1576080 548
1576090 548
1576100 548
1576110 548
1576120 549
1576130 550
1576140 550
1576150 550
1576160 549
1576170 549
1576180 545
1576190 541
1576200 541
1576210 537
1576220 535
1576230 535
1576240 535
1576250 535
1576260 535
1576270 537
1576280 539
1576290 539
1576300 541
1576310 541
1576320 541
1576330 541
1576340 540
1576350 540
1576360 537
1576370 532
1576380 532
1576390 525
1576400 517
1576410 517
1576420 516
1576430 514
1576440 514
1576450 508
1576460 500
1576470 500
1576480 494
1576490 493
1576500 493
1576510 488
1576520 481
1576530 477
1576540 477
1576550 474
1576560 469
1576570 469
1576580 464
1576590 463
1576600 463
1576610 463
1576620 463
1576630 463
1576640 462
1576650 463
1576660 463
1576670 463
1576680 463
1576690 463
1576700 462
1576710 462
1576720 462
1576730 462
1576740 462
1576750 462
1576760 462
1576770 462
1576780 462
1576790 462
1576800 462
1576810 462
1576820 463
1576830 463
1576840 463
1576850 463
1576860 463
1576870 463
1576880 463
1576890 462
1576900 462
1576910 462
1576920 462
1576930 462
1576940 462
1576950 462
1576960 462
1576970 462
1576980 462
1576990 462
1577000 462
1577010 463
1577020 463
1577030 466
1577040 472
1577050 472
1577060 478
1577070 481
1577080 485
1577090 485
1577100 472
1577110 466
1577120 466
1577130 463
1577140 463
1577150 463
1577160 462
1577170 462
1577180 462
1577190 463
1577200 465
1577210 465
1577220 474
1577230 489
1577240 489
1577250 498
1577260 499
1577270 499
1577280 499
1577290 499
1577300 499
1577310 499
1577320 499
1577330 499
1577340 500
1577350 500
1577360 500
1577370 501
1577380 501
1577390 501
1577400 502
1577410 502
1577420 502
1577430 503
1577440 503
1577450 503
1577460 504
1577470 505
1577480 505
1577490 508
1577500 511
1577510 511
1577520 516
1577530 522
1577540 522
1577550 527
1577560 533
1577570 533
1577580 537
1577590 542
1577600 548
1577610 548
1577620 553
1577630 555
1577640 555
1577650 554
1577660 552
1577670 552
1577680 552
1577690 553
1577700 553
1577710 553
1577720 553
1577730 553
1577740 555
1577750 556
1577760 556
1577770 549
1577780 548
1577790 548
1577800 549
1577810 550
1577820 550
1577830 551
1577840 552
1577850 552
1577860 553
1577870 555
1577880 555
1577890 556
1577900 558
1577910 558
1577920 559
1577930 561
1577940 561
1577950 567
1577960 573
1577970 573
1577980 579
1577990 585
1578000 585
1578010 593
1578020 601
1578030 601
1578040 611
1578050 621
1578060 621
1578070 634
1578080 646
1578090 646
1578100 653
1578110 658
1578120 658
1578130 663
1578140 667
1578150 670
1578160 670
1578170 673
1578180 676
1578190 676
1578200 679
1578210 682
1578220 682
1578230 686
1578240 691
1578250 691
1578260 695
1578270 699
1578280 699
1578290 702
1578300 705
1578310 705
1578320 708
1578330 712
1578340 712
1578350 715
1578360 719
1578370 719
1578380 724
1578390 729
1578400 729
1578410 736
1578420 743
1578430 743
1578440 747
1578450 752
1578460 752
1578470 756
1578480 760
1578490 760
1578500 765
1578510 769
1578520 769
1578530 773
1578540 778
1578550 778
1578560 781
1578570 783
1578580 783
1578590 783
1578600 783
1578610 783
1578620 782
1578630 780
1578640 780
1578650 776
1578660 771
1578670 771
1578680 766
1578690 761
1578700 757
1578710 757
1578720 753
1578730 748
1578740 748
1578750 744
1578760 739
1578770 739
1578780 733
1578790 727
1578800 727
1578810 721
1578820 713
1578830 713
1578840 709
1578850 705
1578860 705
1578870 703
1578880 705
1578890 705
1578900 714
1578910 722
1578920 722
1578930 730
1578940 740
1578950 740
1578960 748
1578970 755
1578980 755
1578990 761
1579000 766
1579010 766
1579020 771
1579030 777
1579040 777
1579050 781
1579060 786
1579070 786
1579080 789
1579090 788
1579100 788
1579110 784
1579120 781
1579130 781
1579140 781
1579150 782
1579160 782
1579170 786
1579180 792
1579190 792
1579200 798
1579210 803
1579220 803
1579230 805
1579240 810
1579250 811
1579260 811
1579270 812
1579280 812
1579290 812
1579300 810
1579310 810
1579320 810
1579330 810
1579340 811
1579350 811
1579360 811
1579370 810
1579380 810
1579390 809
1579400 808
1579410 808
1579420 806
1579430 806
1579440 806
1579450 805
1579460 803
1579470 803
1579480 806
1579490 811
1579500 811
1579510 814
1579520 811
1579530 811
1579540 799
1579550 790
1579560 790
1579570 783
1579580 776
1579590 776
1579600 768
1579610 762
1579620 762
1579630 757
1579640 753
1579650 753
1579660 751
1579670 748
1579680 748
1579690 747
1579700 747
1579710 747
1579720 750
1579730 757
1579740 757
1579750 763
1579760 770
1579770 778
1579780 778
1579790 785
1579800 791
1579810 791
1579820 796
1579830 801
1579840 801
1579850 805
1579860 808
1579870 808
1579880 811
1579890 814
1579900 814
1579910 816
1579920 817
1579930 817
1579940 816
1579950 813
1579960 813
1579970 807
1579980 802
1579990 802
