1560000 1164
1560010 1164
1560020 1157
1560030 1150
1560040 1150
1560050 1145
1560060 1140
1560070 1140
1560080 1136
1560090 1131
1560100 1131
1560110 1123
1560120 1115
1560130 1115
1560140 1108
1560150 1102
1560160 1102
1560170 1093
1560180 1082
1560190 1082
1560200 1075
1560210 1069
1560220 1069
1560230 1065
1560240 1060
1560250 1060
1560260 1058
1560270 1054
1560280 1054
1560290 1054
1560300 1056
1560310 1056
1560320 1058
1560330 1058
1560340 1058
1560350 1056
1560360 1054
1560370 1054
1560380 1049
1560390 1044
1560400 1044
1560410 1039
1560420 1033
1560430 1027
1560440 1027
1560450 1022
1560460 1015
1560470 1015
1560480 1007
1560490 1001
1560500 1001
1560510 996
1560520 997
1560530 997
1560540 1000
1560550 998
1560560 998
1560570 996
1560580 996
1560590 996
1560600 996
1560610 994
1560620 994
1560630 994
1560640 992
1560650 992
1560660 989
1560670 988
1560680 988
1560690 987
1560700 986
1560710 986
1560720 984
1560730 981
1560740 981
1560750 974
1560760 968
1560770 968
1560780 980
1560790 990
1560800 990
1560810 995
1560820 997
1560830 997
1560840 997
1560850 996
1560860 996
1560870 994
1560880 992
1560890 992
1560900 989
1560910 990
1560920 990
1560930 991
1560940 989
1560950 989
1560960 983
1560970 985
1560980 988
1560990 988
1561000 989
1561010 991
1561020 991
1561030 993
1561040 994
1561050 994
1561060 992
1561070 991
1561080 991
1561090 997
1561100 1001
1561110 1001
1561120 1003
1561130 1004
1561140 1004
1561150 1006
1561160 1007
1561170 1007
1561180 1008
1561190 1009
1561200 1009
1561210 1010
1561220 1010
1561230 1010
1561240 1010
1561250 1009
1561260 1009
1561270 1006
1561280 1007
1561290 1007
1561300 1008
1561310 1006
1561320 1006
1561330 1002
1561340 996
1561350 996
1561360 990
1561370 982
1561380 982
1561390 974
1561400 976
1561410 976
1561420 987
1561430 991
1561440 991
1561450 993
1561460 1000
1561470 985
1561480 1014
1561490 1037
1561500 1037
1561510 1048
1561520 1057
1561530 1065
1561540 1065
1561550 1075
1561560 1078
1561570 1078
1561580 1077
1561590 1076
1561600 1076
1561610 1077
1561620 1077
1561630 1077
1561640 1072
1561650 1067
1561660 1067
1561670 1065
1561680 1073
1561690 1073
1561700 1084
1561710 1089
1561720 1089
1561730 1088
1561740 1089
1561750 1089
1561760 1088
1561770 1091
1561780 1091
1561790 1099
1561800 1110
1561810 1110
1561820 1120
1561830 1131
1561840 1131
1561850 1140
1561860 1148
1561870 1148
1561880 1155
1561890 1164
1561900 1164
1561910 1172
1561920 1180
1561930 1180
1561940 1188
1561950 1195
1561960 1195
1561970 1208
1561980 1220
1561990 1220
1562000 1228
1562010 1235
1562020 1235
1562030 1242
1562040 1252
1562050 1252
1562060 1261
1562070 1273
1562080 1273
1562090 1303
1562100 1327
1562110 1335
1562120 1335
1562130 1340
1562140 1342
1562150 1342
1562160 1340
1562170 1337
1562180 1337
1562190 1336
1562200 1334
1562210 1334
1562220 1340
1562230 1347
1562240 1347
1562250 1351
1562260 1357
1562270 1357
1562280 1367
1562290 1379
1562300 1379
1562310 1390
1562320 1399
1562330 1399
1562340 1408
1562350 1424
1562360 1424
1562370 1438
1562380 1439
1562390 1439
1562400 1425
1562410 1411
1562420 1411
1562430 1404
1562440 1399
1562450 1399
1562460 1395
1562470 1390
1562480 1390
1562490 1385
1562500 1381
1562510 1381
1562520 1378
1562530 1375
1562540 1375
1562550 1372
1562560 1368
1562570 1368
1562580 1364
1562590 1360
1562600 1360
1562610 1357
1562620 1355
1562630 1355
1562640 1352
1562650 1350
1562660 1350
1562670 1350
1562680 1349
1562690 1350
1562700 1350
1562710 1351
1562720 1352
1562730 1352
1562740 1353
1562750 1355
1562760 1355
1562770 1358
1562780 1361
1562790 1361
1562800 1363
1562810 1365
1562820 1365
1562830 1368
1562840 1372
1562850 1372
1562860 1377
1562870 1382
1562880 1382
1562890 1387
1562900 1393
1562910 1393
1562920 1399
1562930 1405
1562940 1405
1562950 1411
1562960 1417
1562970 1417
1562980 1423
1562990 1427
1563000 1427
1563010 1430
1563020 1432
1563030 1432
1563040 1435
1563050 1436
1563060 1436
1563070 1436
1563080 1435
1563090 1435
1563100 1433
1563110 1430
1563120 1433
1563130 1429
1563140 1425
1563150 1425
1563160 1420
1563170 1414
1563180 1414
1563190 1410
1563200 1408
1563210 1408
1563220 1408
1563230 1413
1563240 1416
1563250 1416
1563260 1418
1563270 1420
1563280 1420
1563290 1421
1563300 1423
1563310 1423
1563320 1424
1563330 1424
1563340 1424
1563350 1427
1563360 1430
1563370 1430
1563380 1433
1563390 1436
1563400 1436
1563410 1441
1563420 1446
1563430 1446
1563440 1450
1563450 1454
1563460 1454
1563470 1458
1563480 1462
1563490 1462
1563500 1465
1563510 1469
1563520 1469
1563530 1472
1563540 1474
1563550 1474
1563560 1477
1563570 1479
1563580 1479
1563590 1482
1563600 1485
1563610 1485
1563620 1487
1563630 1489
1563640 1489
1563650 1490
1563660 1490
1563670 1490
1563680 1488
1563690 1483
1563700 1483
1563710 1473
1563720 1461
1563730 1461
1563740 1449
1563750 1442
1563760 1442
1563770 1436
1563780 1431
1563790 1426
1563800 1426
1563810 1421
1563820 1415
1563830 1415
1563840 1411
1563850 1407
1563860 1407
1563870 1403
1563880 1400
1563890 1400
1563900 1397
1563910 1395
1563920 1395
1563930 1393
1563940 1391
1563950 1391
1563960 1389
1563970 1387
1563980 1387
1563990 1384
1564000 1380
1564010 1380
1564020 1377
1564030 1374
1564040 1374
1564050 1372
1564060 1369
1564070 1369
1564080 1368
1564090 1366
1564100 1366
1564110 1365
1564120 1362
1564130 1362
1564140 1358
1564150 1354
1564160 1354
1564170 1349
1564180 1346
1564190 1346
1564200 1343
1564210 1339
1564220 1339
1564230 1335
1564240 1332
1564250 1332
1564260 1330
1564270 1328
1564280 1328
1564290 1326
1564300 1324
1564310 1324
1564320 1322
1564330 1321
1564340 1321
1564350 1321
1564360 1319
1564370 1318
1564380 1318
1564390 1318
1564400 1319
1564410 1319
1564420 1319
1564430 1319
1564440 1319
1564450 1318
1564460 1316
1564470 1316
1564480 1315
1564490 1316
1564500 1316
1564510 1316
1564520 1317
1564530 1317
1564540 1318
1564550 1318
1564560 1318
1564570 1320
1564580 1321
1564590 1321
1564600 1322
1564610 1324
1564620 1324
1564630 1325
1564640 1325
1564650 1325
1564660 1326
1564670 1326
1564680 1326
1564690 1326
1564700 1327
1564710 1327
1564720 1326
1564730 1326
1564740 1320
1564750 1319
1564760 1318
1564770 1318
1564780 1317
1564790 1315
1564800 1315
1564810 1313
1564820 1311
1564830 1311
1564840 1309
1564850 1306
1564860 1306
1564870 1303
1564880 1300
1564890 1300
1564900 1296
1564910 1292
1564920 1288
1564930 1288
1564940 1283
1564950 1278
1564960 1278
1564970 1273
1564980 1269
1564990 1269
1565000 1265
1565010 1261
1565020 1261
1565030 1255
1565040 1244
1565050 1244
1565060 1228
1565070 1215
1565080 1215
1565090 1205
1565100 1197
1565110 1197
1565120 1191
1565130 1187
1565140 1187
1565150 1184
1565160 1182
1565170 1182
1565180 1179
1565190 1177
1565200 1177
1565210 1177
1565220 1179
1565230 1179
1565240 1181
1565250 1181
1565260 1181
1565270 1181
1565280 1181
1565290 1181
1565300 1180
1565310 1178
1565320 1178
1565330 1181
1565340 1198
1565350 1198
1565360 1216
1565370 1209
1565380 1209
1565390 1196
1565400 1188
1565410 1188
1565420 1182
1565430 1176
1565440 1176
1565450 1169
1565460 1165
1565470 1161
1565480 1161
1565490 1158
1565500 1153
1565510 1153
1565520 1148
1565530 1146
1565540 1146
1565550 1147
1565560 1148
1565570 1148
1565580 1151
1565590 1153
1565600 1153
1565610 1155
1565620 1157
1565630 1157
1565640 1154
1565650 1148
1565660 1148
1565670 1142
1565680 1136
1565690 1136
1565700 1132
1565710 1131
1565720 1131
1565730 1133
1565740 1135
1565750 1135
1565760 1137
1565770 1139
1565780 1139
1565790 1140
1565800 1139
1565810 1139
1565820 1140
1565830 1142
1565840 1142
1565850 1146
1565860 1152
1565870 1152
1565880 1158
1565890 1155
1565900 1155
1565910 1152
1565920 1154
1565930 1154
1565940 1159
1565950 1165
1565960 1165
1565970 1166
1565980 1169
1565990 1169
1566000 1174
1566010 1180
1566020 1172
1566030 1172
1566040 1161
1566050 1151
1566060 1151
1566070 1139
1566080 1131
1566090 1131
1566100 1125
1566110 1117
1566120 1117
1566130 1110
1566140 1104
1566150 1104
1566160 1101
1566170 1096
1566180 1096
1566190 1087
1566200 1080
1566210 1080
1566220 1077
1566230 1076
1566240 1076
1566250 1076
1566260 1074
1566270 1074
1566280 1073
1566290 1073
1566300 1073
1566310 1072
1566320 1072
1566330 1064
1566340 1063
1566350 1062
1566360 1062
1566370 1061
1566380 1060
1566390 1060
1566400 1059
1566410 1058
1566420 1058
1566430 1056
1566440 1055
1566450 1055
1566460 1053
1566470 1051
1566480 1051
1566490 1048
1566500 1045
1566510 1045
1566520 1042
1566530 1039
1566540 1039
1566550 1035
1566560 1032
1566570 1032
1566580 1028
1566590 1025
1566600 1023
1566610 1023
1566620 1021
1566630 1019
1566640 1019
1566650 1018
1566660 1017
1566670 1017
1566680 1016
1566690 1014
1566700 1014
1566710 1012
1566720 1009
1566730 1009
1566740 1005
1566750 1001
1566760 1001
1566770 996
1566780 990
1566790 990
1566800 985
1566810 980
1566820 980
1566830 975
1566840 971
1566850 971
1566860 967
1566870 964
1566880 964
1566890 961
1566900 957
1566910 957
1566920 955
1566930 955
1566940 955
1566950 956
1566960 957
1566970 957
1566980 957
1566990 956
1567000 956
1567010 954
1567020 952
1567030 952
1567040 949
1567050 946
1567060 946
1567070 943
1567080 939
1567090 939
1567100 935
1567110 931
1567120 931
1567130 927
1567140 923
1567150 919
1567160 919
1567170 915
1567180 910
1567190 910
1567200 907
1567210 903
1567220 903
1567230 899
1567240 897
1567250 897
1567260 893
1567270 891
1567280 891
1567290 890
1567300 890
1567310 890
1567320 890
1567330 890
1567340 890
1567350 890
1567360 890
1567370 890
1567380 889
1567390 888
1567400 888
1567410 886
1567420 884
1567430 884
1567440 882
1567450 879
1567460 879
1567470 877
1567480 874
1567490 874
1567500 871
1567510 868
1567520 868
1567530 866
1567540 864
1567550 864
1567560 861
1567570 858
1567580 858
1567590 855
1567600 852
1567610 852
1567620 848
1567630 846
1567640 846
1567650 844
1567660 841
1567670 841
1567680 838
1567690 835
1567700 835
1567710 833
1567720 831
1567730 825
1567740 825
1567750 815
1567760 807
1567770 807
1567780 799
1567790 792
1567800 792
1567810 785
1567820 779
1567830 779
1567840 774
1567850 766
1567860 766
1567870 760
1567880 757
1567890 748
1567900 745
1567910 741
1567920 741
1567930 737
1567940 734
1567950 734
1567960 731
1567970 727
1567980 727
1567990 723
1568000 720
1568010 720
1568020 716
1568030 713
1568040 713
1568050 710
1568060 709
1568070 709
1568080 705
1568090 701
1568100 701
1568110 697
1568120 694
1568130 694
1568140 689
1568150 687
1568160 687
1568170 686
1568180 683
1568190 683
1568200 679
1568210 674
1568220 674
1568230 668
1568240 665
1568250 665
1568260 665
1568270 665
1568280 663
1568290 663
1568300 662
1568310 659
1568320 659
1568330 654
1568340 650
1568350 650
1568360 646
1568370 641
1568380 641
1568390 637
1568400 633
1568410 633
1568420 630
1568430 626
1568440 626
1568450 622
1568460 618
1568470 618
1568480 615
1568490 611
1568500 611
1568510 606
1568520 600
1568530 600
1568540 595
1568550 590
1568560 590
1568570 586
1568580 582
1568590 582
1568600 577
1568610 572
1568620 572
1568630 568
1568640 565
1568650 565
1568660 563
1568670 562
1568680 562
1568690 561
1568700 561
1568710 561
1568720 561
1568730 561
1568740 561
1568750 560
1568760 560
1568770 560
1568780 562
1568790 566
1568800 566
1568810 568
1568820 569
1568830 568
1568840 568
1568850 569
1568860 568
1568870 568
1568880 568
1568890 569
1568900 569
1568910 566
1568920 566
1568930 566
1568940 565
1568950 565
1568960 565
1568970 564
1568980 563
1568990 563
1569000 562
1569010 563
1569020 563
1569030 565
1569040 566
1569050 566
1569060 565
1569070 565
1569080 565
1569090 566
1569100 568
1569110 568
1569120 570
1569130 571
1569140 571
1569150 573
1569160 575
1569170 575
1569180 577
1569190 579
1569200 579
1569210 580
1569220 582
1569230 582
1569240 583
1569250 583
1569260 583
1569270 583
1569280 582
1569290 582
1569300 582
1569310 583
1569320 583
1569330 585
1569340 586
1569350 586
1569360 586
1569370 586
1569380 586
1569390 585
1569400 585
1569410 585
1569420 593
1569430 595
1569440 597
1569450 597
1569460 601
1569470 605
1569480 605
1569490 608
1569500 609
1569510 609
1569520 609
1569530 610
1569540 610
1569550 610
1569560 610
1569570 610
1569580 609
1569590 609
1569600 609
1569610 608
1569620 606
1569630 606
1569640 605
1569650 604
1569660 604
1569670 602
1569680 599
1569690 599
1569700 597
1569710 595
1569720 595
1569730 593
1569740 591
1569750 591
1569760 589
1569770 587
1569780 587
1569790 583
1569800 580
1569810 580
1569820 578
1569830 576
1569840 576
1569850 573
1569860 567
1569870 567
1569880 560
1569890 555
1569900 555
1569910 550
1569920 547
1569930 547
1569940 543
1569950 544
1569960 548
1569970 548
1569980 550
1569990 551
1570000 551
1570010 552
1570020 552
1570030 552
1570040 551
1570050 549
1570060 549
1570070 547
1570080 546
1570090 546
1570100 546
1570110 547
1570120 547
1570130 547
1570140 548
1570150 548
1570160 549
1570170 549
1570180 549
1570190 550
1570200 549
1570210 549
1570220 549
1570230 548
1570240 548
1570250 546
1570260 544
1570270 544
1570280 543
1570290 542
1570300 542
1570310 540
1570320 538
1570330 538
1570340 536
1570350 535
1570360 535
1570370 535
1570380 536
1570390 536
1570400 535
1570410 537
1570420 537
1570430 539
1570440 541
1570450 541
1570460 543
1570470 543
1570480 543
1570490 544
1570500 549
1570510 549
1570520 556
1570530 562
1570540 565
1570550 565
1570560 568
1570570 569
1570580 569
1570590 570
1570600 572
1570610 572
1570620 575
1570630 578
1570640 578
1570650 581
1570660 584
1570670 584
1570680 586
1570690 588
1570700 588
1570710 590
1570720 592
1570730 592
1570740 592
1570750 592
1570760 592
1570770 593
1570780 596
1570790 596
1570800 601
1570810 606
1570820 606
1570830 609
1570840 610
1570850 610
1570860 612
1570870 617
1570880 617
1570890 622
1570900 626
1570910 626
1570920 627
1570930 635
1570940 635
1570950 637
1570960 637
1570970 637
1570980 637
1570990 638
1571000 638
1571010 640
1571020 643
1571030 643
1571040 644
1571050 646
1571060 646
1571070 646
1571080 646
1571090 648
1571100 648
1571110 649
1571120 648
1571130 648
1571140 643
1571150 636
1571160 636
1571170 628
1571180 623
1571190 623
1571200 619
1571210 616
1571220 616
1571230 614
1571240 612
1571250 612
1571260 616
1571270 620
1571280 620
1571290 624
1571300 629
1571310 629
1571320 634
1571330 638
1571340 638
1571350 641
1571360 642
1571370 642
1571380 645
1571390 646
1571400 646
1571410 647
1571420 648
1571430 648
1571440 647
1571450 645
1571460 645
1571470 642
1571480 637
1571490 637
1571500 633
1571510 628
1571520 628
1571530 624
1571540 620
1571550 620
1571560 617
1571570 614
1571580 614
1571590 611
1571600 607
1571610 607
1571620 604
1571630 601
1571640 599
1571650 599
1571660 597
1571670 596
1571680 596
1571690 595
1571700 593
1571710 593
1571720 591
1571730 587
1571740 587
1571750 582
1571760 578
1571770 578
1571780 575
1571790 574
1571800 574
1571810 574
1571820 575
1571830 575
1571840 575
1571850 575
1571860 575
1571870 575
1571880 574
1571890 574
1571900 572
1571910 571
1571920 571
1571930 569
1571940 568
1571950 568
1571960 567
1571970 566
1571980 566
1571990 565
1572000 565
1572010 565
1572020 566
1572030 567
1572040 567
1572050 568
1572060 569
1572070 569
1572080 570
1572090 571
1572100 571
1572110 572
1572120 572
1572130 572
1572140 571
1572150 571
1572160 571
1572170 571
1572180 571
1572190 571
1572200 570
1572210 569
1572220 569
1572230 569
1572240 571
1572250 572
1572260 572
1572270 575
1572280 577
1572290 577
1572300 579
1572310 580
1572320 580
1572330 581
1572340 581
1572350 581
1572360 581
1572370 581
1572380 581
1572390 580
1572400 579
1572410 579
1572420 577
1572430 576
1572440 576
1572450 574
1572460 573
1572470 573
1572480 571
1572490 570
1572500 570
1572510 569
1572520 568
1572530 568
1572540 567
1572550 566
1572560 566
1572570 565
1572580 562
1572590 562
1572600 556
1572610 550
1572620 550
1572630 546
1572640 545
1572650 545
1572660 544
1572670 545
1572680 545
1572690 546
1572700 549
1572710 549
1572720 553
1572730 556
1572740 556
1572750 558
1572760 558
1572770 555
1572780 555
1572790 552
1572800 548
1572810 548
1572820 543
1572830 540
1572840 540
1572850 537
1572860 535
1572870 535
1572880 534
1572890 534
1572900 534
1572910 533
1572920 532
1572930 532
1572940 532
1572950 531
1572960 531
1572970 531
1572980 531
1572990 531
1573000 531
1573010 531
1573020 531
1573030 531
1573040 531
1573050 531
1573060 531
1573070 532
1573080 532
1573090 530
1573100 526
1573110 526
1573120 524
1573130 527
1573140 527
1573150 528
1573160 529
1573170 529
1573180 531
1573190 536
1573200 536
1573210 540
1573220 545
1573230 545
1573240 548
1573250 552
1573260 552
1573270 555
1573280 558
1573290 558
1573300 560
1573310 563
1573320 563
1573330 564
1573340 568
1573350 571
1573360 571
1573370 574
1573380 578
1573390 578
1573400 581
1573410 585
1573420 585
1573430 591
1573440 598
1573450 598
1573460 605
1573470 612
1573480 612
1573490 620
1573500 628
1573510 628
1573520 635
1573530 643
1573540 643
1573550 650
1573560 655
1573570 655
1573580 659
1573590 663
1573600 663
1573610 667
1573620 670
1573630 670
1573640 675
1573650 684
1573660 684
1573670 687
1573680 689
1573690 689
1573700 693
1573710 698
1573720 698
1573730 703
1573740 706
1573750 706
1573760 709
1573770 714
1573780 714
1573790 712
1573800 703
1573810 703
1573820 694
1573830 686
1573840 686
1573850 677
1573860 670
1573870 670
1573880 665
1573890 659
1573900 654
1573910 654
1573920 648
1573930 643
1573940 643
1573950 639
1573960 634
1573970 634
1573980 630
1573990 626
1574000 626
1574010 621
1574020 616
1574030 616
1574040 610
1574050 604
1574060 604
1574070 598
1574080 591
1574090 591
1574100 576
1574110 567
1574120 567
1574130 562
1574140 560
1574150 560
1574160 560
1574170 561
1574180 561
1574190 566
1574200 572
1574210 572
1574220 576
1574230 578
1574240 578
1574250 582
1574260 586
1574270 586
1574280 590
1574290 594
1574300 594
1574310 599
1574320 603
1574330 603
1574340 607
1574350 611
1574360 611
1574370 615
1574380 619
1574390 619
1574400 623
1574410 627
1574420 627
1574430 631
1574440 635
1574450 637
1574460 637
1574470 639
1574480 640
1574490 640
1574500 641
1574510 641
1574520 641
1574530 641
1574540 641
1574550 641
1574560 642
1574570 642
1574580 642
1574590 642
1574600 642
1574610 642
1574620 642
1574630 642
1574640 642
1574650 641
1574660 641
1574670 641
1574680 640
1574690 640
1574700 640
1574710 639
1574720 638
1574730 638
1574740 635
1574750 631
1574760 631
1574770 627
1574780 625
1574790 625
1574800 624
1574810 624
1574820 624
1574830 621
1574840 615
1574850 615
1574860 616
1574870 619
1574880 619
1574890 623
1574900 625
1574910 625
1574920 626
1574930 628
1574940 628
1574950 631
1574960 633
1574970 633
1574980 635
1574990 638
1575000 638
1575010 641
1575020 643
1575030 645
1575040 645
1575050 648
1575060 651
1575070 651
1575080 653
1575090 654
1575100 654
1575110 656
1575120 657
1575130 657
1575140 656
1575150 655
1575160 655
1575170 654
1575180 653
1575190 653
1575200 652
1575210 652
1575220 652
1575230 651
1575240 649
1575250 649
1575260 646
1575270 646
1575280 646
1575290 653
1575300 656
1575310 656
1575320 657
1575330 656
1575340 656
1575350 655
1575360 653
1575370 653
1575380 652
1575390 652
1575400 652
1575410 652
1575420 653
1575430 653
1575440 654
1575450 656
1575460 656
1575470 657
1575480 660
1575490 660
1575500 662
1575510 665
1575520 665
1575530 667
1575540 669
1575550 669
1575560 672
1575570 674
1575580 676
1575590 676
1575600 677
1575610 679
1575620 679
1575630 681
1575640 682
1575650 682
1575660 683
1575670 684
1575680 684
1575690 685
1575700 686
1575710 686
1575720 685
1575730 684
1575740 684
1575750 682
1575760 680
1575770 680
1575780 675
1575790 671
1575800 671
1575810 666
1575820 656
1575830 656
1575840 652
1575850 650
1575860 650
1575870 640
1575880 633
1575890 633
1575900 631
1575910 624
1575920 624
1575930 614
1575940 602
1575950 602
1575960 591
1575970 580
1575980 580
1575990 570
1576000 565
1576010 565
1576020 561
1576030 559
1576040 559
1576050 558
1576060 558
1576070 558
1576080 561
1576090 560
1576100 560
1576110 553
1576120 547
1576130 547
1576140 541
1576150 535
1576160 529
1576170 529
1576180 523
1576190 518
1576200 518
1576210 512
1576220 507
1576230 507
1576240 505
1576250 502
1576260 502
1576270 496
1576280 494
1576290 494
1576300 492
1576310 491
1576320 491
1576330 490
1576340 490
1576350 490
1576360 490
1576370 489
1576380 489
1576390 488
1576400 488
1576410 488
1576420 488
1576430 489
1576440 489
1576450 490
1576460 491
1576470 491
1576480 490
1576490 491
1576500 491
1576510 493
1576520 495
1576530 495
1576540 494
1576550 491
1576560 491
1576570 490
1576580 491
1576590 491
1576600 491
1576610 491
1576620 491
1576630 491
1576640 491
1576650 491
1576660 490
1576670 490
1576680 490
1576690 490
1576700 487
1576710 482
1576720 482
1576730 481
1576740 481
1576750 481
1576760 482
1576770 482
1576780 482
1576790 481
1576800 481
1576810 481
1576820 477
1576830 468
1576840 468
1576850 463
1576860 462
1576870 462
1576880 462
1576890 462
1576900 462
1576910 462
1576920 462
1576930 462
1576940 462
1576950 462
1576960 462
1576970 463
1576980 464
1576990 464
1577000 466
1577010 472
1577020 472
1577030 481
1577040 490
1577050 490
1577060 495
1577070 499
1577080 499
1577090 503
1577100 507
1577110 507
1577120 511
1577130 514
1577140 514
1577150 518
1577160 522
1577170 522
1577180 527
1577190 531
1577200 531
1577210 536
1577220 541
1577230 541
1577240 545
1577250 549
1577260 552
1577270 552
1577280 557
1577290 561
1577300 561
1577310 565
1577320 569
1577330 569
1577340 573
1577350 577
1577360 577
1577370 582
1577380 588
1577390 588
1577400 594
1577410 599
1577420 599
1577430 604
1577440 608
1577450 608
1577460 613
1577470 618
1577480 618
1577490 623
1577500 627
1577510 627
1577520 632
1577530 637
1577540 637
1577550 643
1577560 648
1577570 648
1577580 652
1577590 655
1577600 655
1577610 662
1577620 668
1577630 668
1577640 672
1577650 677
1577660 677
1577670 681
1577680 685
1577690 685
1577700 689
1577710 693
1577720 693
1577730 696
1577740 701
1577750 701
1577760 711
1577770 721
1577780 721
1577790 735
1577800 744
1577810 744
1577820 750
1577830 756
1577840 761
1577850 761
1577860 768
1577870 775
1577880 775
1577890 781
1577900 787
1577910 787
1577920 792
1577930 798
1577940 798
1577950 802
1577960 807
1577970 807
1577980 813
1577990 818
1578000 818
1578010 825
1578020 834
1578030 834
1578040 844
1578050 850
1578060 850
1578070 856
1578080 857
1578090 857
1578100 862
1578110 866
1578120 866
1578130 872
1578140 882
1578150 882
1578160 896
1578170 901
1578180 901
1578190 902
1578200 900
1578210 900
1578220 902
1578230 905
1578240 905
1578250 909
1578260 912
1578270 912
1578280 915
1578290 920
1578300 920
1578310 927
1578320 934
1578330 934
1578340 942
1578350 950
1578360 950
1578370 960
1578380 972
1578390 982
1578400 982
1578410 989
1578420 996
1578430 996
1578440 1003
1578450 1009
1578460 1009
1578470 1017
1578480 1024
1578490 1024
1578500 1030
1578510 1039
1578520 1039
1578530 1047
1578540 1054
1578550 1054
1578560 1055
1578570 1054
1578580 1054
1578590 1056
1578600 1063
1578610 1063
1578620 1070
1578630 1074
1578640 1074
1578650 1077
1578660 1079
1578670 1079
1578680 1081
1578690 1080
1578700 1080
1578710 1066
1578720 1049
1578730 1049
1578740 1040
1578750 1041
1578760 1041
1578770 1043
1578780 1044
1578790 1044
1578800 1050
1578810 1056
1578820 1056
1578830 1059
1578840 1059
1578850 1059
1578860 1059
1578870 1062
1578880 1062
1578890 1065
1578900 1066
1578910 1066
1578920 1067
1578930 1066
1578940 1066
1578950 1065
1578960 1065
1578970 1070
1578980 1070
1578990 1075
1579000 1072
1579010 1072
1579020 1061
1579030 1064
1579040 1064
1579050 1067
1579060 1068
1579070 1068
1579080 1068
1579090 1067
1579100 1067
1579110 1069
1579120 1074
1579130 1074
1579140 1080
1579150 1087
1579160 1087
1579170 1095
1579180 1103
1579190 1103
1579200 1114
1579210 1124
1579220 1124
1579230 1136
1579240 1145
1579250 1145
1579260 1143
1579270 1134
1579280 1134
1579290 1133
1579300 1140
1579310 1140
1579320 1149
1579330 1157
1579340 1157
1579350 1164
1579360 1171
1579370 1171
1579380 1178
1579390 1185
1579400 1185
1579410 1192
1579420 1199
1579430 1199
1579440 1206
1579450 1207
1579460 1207
1579470 1210
1579480 1208
1579490 1208
1579500 1205
1579510 1202
1579520 1199
1579530 1199
1579540 1197
1579550 1194
1579560 1194
1579570 1191
1579580 1188
1579590 1188
1579600 1190
1579610 1195
1579620 1195
1579630 1196
1579640 1197
1579650 1197
1579660 1197
1579670 1196
1579680 1196
1579690 1196
1579700 1197
1579710 1197
1579720 1199
1579730 1200
1579740 1200
1579750 1198
1579760 1191
1579770 1191
1579780 1184
1579790 1181
1579800 1181
1579810 1181
1579820 1181
1579830 1181
1579840 1181
1579850 1180
1579860 1180
1579870 1181
1579880 1181
1579890 1181
1579900 1182
1579910 1182
1579920 1182
1579930 1186
1579940 1190
1579950 1190
1579960 1194
1579970 1196
1579980 1196
1579990 1197
