1560000 1539
1560010 1539
1560020 1539
1560030 1538
1560040 1536
1560050 1536
1560060 1535
1560070 1536
1560080 1536
1560090 1536
1560100 1536
1560110 1536
1560120 1535
1560130 1532
1560140 1532
1560150 1530
1560160 1531
1560170 1533
1560180 1533
1560190 1533
1560200 1531
1560210 1531
1560220 1531
1560230 1533
1560240 1533
1560250 1534
1560260 1534
1560270 1534
1560280 1531
1560290 1531
1560300 1531
1560310 1536
1560320 1537
1560330 1537
1560340 1533
1560350 1534
1560360 1534
1560370 1540
1560380 1552
1560390 1552
1560400 1553
1560410 1551
1560420 1551
1560430 1560
1560440 1565
1560450 1565
1560460 1566
1560470 1567
1560480 1567
1560490 1569
1560500 1566
1560510 1566
1560520 1562
1560530 1559
1560540 1559
1560550 1559
1560560 1558
1560570 1558
1560580 1558
1560590 1557
1560600 1557
1560610 1557
1560620 1554
1560630 1554
1560640 1550
1560650 1549
1560660 1549
1560670 1546
1560680 1541
1560690 1541
1560700 1539
1560710 1537
1560720 1536
1560730 1536
1560740 1535
1560750 1533
1560760 1533
1560770 1534
1560780 1536
1560790 1536
1560800 1536
1560810 1539
1560820 1539
1560830 1543
1560840 1543
1560850 1543
1560860 1543
1560870 1549
1560880 1549
1560890 1556
1560900 1565
1560910 1565
1560920 1576
1560930 1599
1560940 1599
1560950 1611
1560960 1609
1560970 1609
1560980 1604
1560990 1598
1561000 1598
1561010 1593
1561020 1588
1561030 1588
1561040 1583
1561050 1577
1561060 1577
1561070 1572
1561080 1568
1561090 1568
1561100 1565
1561110 1560
1561120 1560
1561130 1556
1561140 1551
1561150 1551
1561160 1546
1561170 1541
1561180 1541
1561190 1537
1561200 1531
1561210 1531
1561220 1526
1561230 1522
1561240 1522
1561250 1517
1561260 1512
1561270 1508
1561280 1508
1561290 1505
1561300 1500
1561310 1500
1561320 1496
1561330 1491
1561340 1491
1561350 1488
1561360 1483
1561370 1483
1561380 1478
1561390 1476
1561400 1476
1561410 1473
1561420 1470
1561430 1470
1561440 1467
1561450 1464
1561460 1464
1561470 1461
1561480 1458
1561490 1458
1561500 1456
1561510 1454
1561520 1454
1561530 1451
1561540 1449
1561550 1449
1561560 1446
1561570 1443
1561580 1443
1561590 1439
1561600 1436
1561610 1436
1561620 1433
1561630 1429
1561640 1429
1561650 1426
1561660 1423
1561670 1423
1561680 1421
1561690 1419
1561700 1419
1561710 1416
1561720 1414
1561730 1414
1561740 1412
1561750 1411
1561760 1411
1561770 1409
1561780 1408
1561790 1408
1561800 1405
1561810 1404
1561820 1402
1561830 1402
1561840 1400
1561850 1399
1561860 1399
1561870 1396
1561880 1394
1561890 1394
1561900 1392
1561910 1389
1561920 1389
1561930 1386
1561940 1383
1561950 1383
1561960 1379
1561970 1376
1561980 1376
1561990 1373
1562000 1369
1562010 1369
1562020 1367
1562030 1362
1562040 1362
1562050 1357
1562060 1352
1562070 1352
1562080 1348
1562090 1345
1562100 1345
1562110 1342
1562120 1339
1562130 1339
1562140 1337
1562150 1334
1562160 1334
1562170 1332
1562180 1331
1562190 1331
1562200 1329
1562210 1327
1562220 1327
1562230 1326
1562240 1325
1562250 1325
1562260 1324
1562270 1323
1562280 1323
1562290 1322
1562300 1320
1562310 1320
1562320 1319
1562330 1317
1562340 1317
1562350 1316
1562360 1315
1562370 1314
1562380 1314
1562390 1312
1562400 1311
1562410 1311
1562420 1308
1562430 1307
1562440 1307
1562450 1307
1562460 1307
1562470 1307
1562480 1306
1562490 1306
1562500 1306
1562510 1305
1562520 1304
1562530 1304
1562540 1300
1562550 1295
1562560 1295
1562570 1287
1562580 1277
1562590 1277
1562600 1268
1562610 1259
1562620 1259
1562630 1252
1562640 1246
1562650 1246
1562660 1241
1562670 1236
1562680 1236
1562690 1232
1562700 1229
1562710 1229
1562720 1225
1562730 1221
1562740 1221
1562750 1217
1562760 1213
1562770 1213
1562780 1209
1562790 1205
1562800 1205
1562810 1200
1562820 1194
1562830 1194
1562840 1190
1562850 1186
1562860 1186
1562870 1183
1562880 1182
1562890 1182
1562900 1180
1562910 1179
1562920 1177
1562930 1177
1562940 1176
1562950 1176
1562960 1176
1562970 1176
1562980 1177
1562990 1177
1563000 1179
1563010 1181
1563020 1181
1563030 1183
1563040 1185
1563050 1185
1563060 1187
1563070 1187
1563080 1187
1563090 1187
1563100 1188
1563110 1188
1563120 1189
1563130 1191
1563140 1191
1563150 1194
1563160 1197
1563170 1197
1563180 1201
1563190 1205
1563200 1205
1563210 1209
1563220 1214
1563230 1214
1563240 1218
1563250 1220
1563260 1220
1563270 1221
1563280 1220
1563290 1220
1563300 1219
1563310 1217
1563320 1217
1563330 1214
1563340 1210
1563350 1210
1563360 1205
1563370 1202
1563380 1202
1563390 1203
1563400 1205
1563410 1205
1563420 1207
1563430 1208
1563440 1208
1563450 1208
1563460 1207
1563470 1207
1563480 1207
1563490 1206
1563500 1204
1563510 1204
1563520 1203
1563530 1200
1563540 1200
1563550 1198
1563560 1195
1563570 1195
1563580 1193
1563590 1191
1563600 1191
1563610 1188
1563620 1185
1563630 1185
1563640 1182
1563650 1179
1563660 1183
1563670 1180
1563680 1177
1563690 1177
1563700 1175
1563710 1173
1563720 1173
1563730 1171
1563740 1169
1563750 1169
1563760 1167
1563770 1165
1563780 1165
1563790 1163
1563800 1161
1563810 1161
1563820 1160
1563830 1158
1563840 1158
1563850 1157
1563860 1155
1563870 1155
1563880 1154
1563890 1153
1563900 1153
1563910 1151
1563920 1150
1563930 1150
1563940 1148
1563950 1146
1563960 1146
1563970 1143
1563980 1139
1563990 1139
1564000 1134
1564010 1131
1564020 1131
1564030 1129
1564040 1126
1564050 1124
1564060 1124
1564070 1121
1564080 1119
1564090 1119
1564100 1116
1564110 1115
1564120 1115
1564130 1114
1564140 1114
1564150 1114
1564160 1114
1564170 1115
1564180 1115
1564190 1114
1564200 1114
1564210 1114
1564220 1114
1564230 1114
1564240 1114
1564250 1113
1564260 1113
1564270 1113
1564280 1112
1564290 1111
1564300 1111
1564310 1110
1564320 1110
1564330 1110
1564340 1110
1564350 1109
1564360 1109
1564370 1108
1564380 1108
1564390 1108
1564400 1109
1564410 1109
1564420 1109
1564430 1110
1564440 1111
1564450 1111
1564460 1112
1564470 1113
1564480 1113
1564490 1115
1564500 1116
1564510 1116
1564520 1118
1564530 1119
1564540 1119
1564550 1120
1564560 1120
1564570 1120
1564580 1121
1564590 1121
1564600 1121
1564610 1121
1564620 1122
1564630 1123
1564640 1123
1564650 1123
1564660 1123
1564670 1123
1564680 1124
1564690 1124
1564700 1124
1564710 1124
1564720 1124
1564730 1124
1564740 1123
1564750 1122
1564760 1122
1564770 1121
1564780 1121
1564790 1121
1564800 1120
1564810 1118
1564820 1118
1564830 1117
1564840 1114
1564850 1114
1564860 1110
1564870 1108
1564880 1108
1564890 1107
1564900 1107
1564910 1107
1564920 1108
1564930 1109
1564940 1109
1564950 1111
1564960 1112
1564970 1112
1564980 1114
1564990 1115
1565000 1115
1565010 1116
1565020 1116
1565030 1116
1565040 1115
1565050 1115
1565060 1115
1565070 1114
1565080 1113
1565090 1113
1565100 1112
1565110 1110
1565120 1110
1565130 1108
1565140 1107
1565150 1105
1565160 1105
1565170 1103
1565180 1102
1565190 1102
1565200 1100
1565210 1098
1565220 1098
1565230 1096
1565240 1096
1565250 1096
1565260 1095
1565270 1101
1565280 1101
1565290 1100
1565300 1100
1565310 1100
1565320 1100
1565330 1099
1565340 1099
1565350 1099
1565360 1098
1565370 1098
1565380 1098
1565390 1097
1565400 1097
1565410 1097
1565420 1096
1565430 1096
1565440 1096
1565450 1095
1565460 1095
1565470 1095
1565480 1094
1565490 1094
1565500 1093
1565510 1092
1565520 1092
1565530 1091
1565540 1088
1565550 1088
1565560 1086
1565570 1083
1565580 1083
1565590 1081
1565600 1077
1565610 1077
1565620 1072
1565630 1068
1565640 1068
1565650 1063
1565660 1060
1565670 1060
1565680 1058
1565690 1056
1565700 1054
1565710 1054
1565720 1052
1565730 1052
1565740 1052
1565750 1051
1565760 1050
1565770 1050
1565780 1049
1565790 1048
1565800 1048
1565810 1048
1565820 1048
1565830 1048
1565840 1047
1565850 1047
1565860 1047
1565870 1047
1565880 1046
1565890 1046
1565900 1045
1565910 1045
1565920 1045
1565930 1043
1565940 1042
1565950 1042
1565960 1041
1565970 1039
1565980 1039
1565990 1038
1566000 1037
1566010 1037
1566020 1037
1566030 1036
1566040 1036
1566050 1035
1566060 1035
1566070 1035
1566080 1034
1566090 1034
1566100 1034
1566110 1032
1566120 1031
1566130 1031
1566140 1030
1566150 1029
1566160 1029
1566170 1028
1566180 1026
1566190 1026
1566200 1023
1566210 1018
1566220 1018
1566230 1012
1566240 1008
1566250 1005
1566260 1005
1566270 1004
1566280 1002
1566290 1002
1566300 1000
1566310 998
1566320 998
1566330 996
1566340 994
1566350 994
1566360 994
1566370 993
1566380 993
1566390 993
1566400 992
1566410 992
1566420 993
1566430 994
1566440 994
1566450 995
1566460 997
1566470 997
1566480 998
1566490 1000
1566500 1000
1566510 1002
1566520 1003
1566530 1003
1566540 1005
1566550 1007
1566560 1007
1566570 1009
1566580 1009
1566590 1009
1566600 1009
1566610 1009
1566620 1009
1566630 1008
1566640 1008
1566650 1008
1566660 1008
1566670 1008
1566680 1008
1566690 1009
1566700 1011
1566710 1011
1566720 1013
1566730 1015
1566740 1015
1566750 1017
1566760 1019
1566770 1019
1566780 1021
1566790 1023
1566800 1025
1566810 1025
1566820 1027
1566830 1029
1566840 1029
1566850 1036
1566860 1038
1566870 1038
1566880 1041
1566890 1043
1566900 1043
1566910 1044
1566920 1045
1566930 1045
1566940 1048
1566950 1050
1566960 1050
1566970 1052
1566980 1053
1566990 1053
1567000 1054
1567010 1055
1567020 1055
1567030 1056
1567040 1056
1567050 1056
1567060 1056
1567070 1056
1567080 1056
1567090 1053
1567100 1049
1567110 1049
1567120 1042
1567130 1035
1567140 1035
1567150 1031
1567160 1026
1567170 1026
1567180 1023
1567190 1020
1567200 1020
1567210 1017
1567220 1015
1567230 1015
1567240 1012
1567250 1009
1567260 1009
1567270 1007
1567280 1004
1567290 1004
1567300 1001
1567310 998
1567320 998
1567330 994
1567340 991
1567350 991
1567360 988
1567370 984
1567380 981
1567390 981
1567400 978
1567410 974
1567420 974
1567430 970
1567440 966
1567450 966
1567460 961
1567470 956
1567480 956
1567490 951
1567500 947
1567510 947
1567520 943
1567530 938
1567540 938
1567550 935
1567560 932
1567570 932
1567580 928
1567590 925
1567600 925
1567610 921
1567620 918
1567630 918
1567640 914
1567650 911
1567660 911
1567670 906
1567680 899
1567690 899
1567700 892
1567710 886
1567720 886
1567730 880
1567740 875
1567750 875
1567760 870
1567770 864
1567780 864
1567790 859
1567800 854
1567810 854
1567820 849
1567830 844
1567840 844
1567850 841
1567860 836
1567870 836
1567880 831
1567890 825
1567900 825
1567910 819
1567920 814
1567930 812
1567940 812
1567950 807
1567960 803
1567970 803
1567980 799
1567990 796
1568000 796
1568010 792
1568020 788
1568030 788
1568040 783
1568050 778
1568060 778
1568070 774
1568080 770
1568090 770
1568100 766
1568110 763
1568120 763
1568130 759
1568140 756
1568150 756
1568160 753
1568170 749
1568180 749
1568190 746
1568200 742
1568210 742
1568220 738
1568230 735
1568240 735
1568250 730
1568260 725
1568270 725
1568280 720
1568290 714
1568300 714
1568310 709
1568320 703
1568330 703
1568340 698
1568350 693
1568360 693
1568370 687
1568380 680
1568390 680
1568400 676
1568410 666
1568420 666
1568430 656
1568440 647
1568450 647
1568460 635
1568470 622
1568480 614
1568490 614
1568500 608
1568510 601
1568520 601
1568530 595
1568540 590
1568550 590
1568560 584
1568570 577
1568580 577
1568590 571
1568600 565
1568610 565
1568620 559
1568630 552
1568640 552
1568650 547
1568660 544
1568670 544
1568680 544
1568690 543
1568700 543
1568710 542
1568720 542
1568730 542
1568740 543
1568750 544
1568760 544
1568770 544
1568780 544
1568790 544
1568800 543
1568810 543
1568820 543
1568830 543
1568840 543
1568850 543
1568860 543
1568870 543
1568880 543
1568890 543
1568900 542
1568910 542
1568920 542
1568930 542
1568940 542
1568950 542
1568960 542
1568970 542
1568980 543
1568990 542
1569000 542
1569010 542
1569020 542
1569030 542
1569040 542
1569050 542
1569060 544
1569070 544
1569080 550
1569090 557
1569100 557
1569110 562
1569120 567
1569130 567
1569140 571
1569150 576
1569160 576
1569170 581
1569180 587
1569190 587
1569200 592
1569210 598
1569220 598
1569230 604
1569240 611
1569250 611
1569260 618
1569270 625
1569280 625
1569290 632
1569300 640
1569310 640
1569320 647
1569330 654
1569340 654
1569350 662
1569360 670
1569370 670
1569380 679
1569390 687
1569400 687
1569410 694
1569420 700
1569430 700
1569440 706
1569450 710
1569460 710
1569470 715
1569480 720
1569490 720
1569500 725
1569510 730
1569520 730
1569530 735
1569540 739
1569550 739
1569560 743
1569570 748
1569580 748
1569590 754
1569600 760
1569610 765
1569620 765
1569630 767
1569640 771
1569650 771
1569660 773
1569670 776
1569680 776
1569690 778
1569700 780
1569710 780
1569720 782
1569730 784
1569740 784
1569750 785
1569760 785
1569770 785
1569780 785
1569790 784
1569800 784
1569810 783
1569820 783
1569830 783
1569840 782
1569850 781
1569860 781
1569870 779
1569880 777
1569890 777
1569900 775
1569910 773
1569920 773
1569930 770
1569940 768
1569950 768
1569960 765
1569970 762
1569980 762
1569990 759
1570000 756
1570010 756
1570020 753
1570030 751
1570040 751
1570050 749
1570060 747
1570070 747
1570080 744
1570090 742
1570100 742
1570110 741
1570120 740
1570130 740
1570140 740
1570150 741
1570160 742
1570170 742
1570180 744
1570190 745
1570200 745
1570210 747
1570220 749
1570230 749
1570240 752
1570250 754
1570260 754
1570270 757
1570280 759
1570290 759
1570300 761
1570310 763
1570320 763
1570330 764
1570340 766
1570350 766
1570360 767
1570370 768
1570380 768
1570390 769
1570400 769
1570410 769
1570420 769
1570430 768
1570440 768
1570450 766
1570460 764
1570470 764
1570480 762
1570490 759
1570500 759
1570510 755
1570520 750
1570530 750
1570540 747
1570550 743
1570560 743
1570570 741
1570580 740
1570590 740
1570600 739
1570610 739
1570620 739
1570630 739
1570640 740
1570650 740
1570660 742
1570670 743
1570680 743
1570690 744
1570700 745
1570710 745
1570720 745
1570730 746
1570740 746
1570750 746
1570760 746
1570770 746
1570780 746
1570790 745
1570800 744
1570810 744
1570820 743
1570830 741
1570840 741
1570850 739
1570860 736
1570870 736
1570880 732
1570890 728
1570900 728
1570910 724
1570920 721
1570930 721
1570940 717
1570950 712
1570960 712
1570970 707
1570980 702
1570990 702
1571000 698
1571010 694
1571020 694
1571030 689
1571040 685
1571050 685
1571060 680
1571070 676
1571080 676
1571090 672
1571100 668
1571110 668
1571120 664
1571130 660
1571140 660
1571150 656
1571160 652
1571170 652
1571180 647
1571190 644
1571200 644
1571210 640
1571220 635
1571230 635
1571240 628
1571250 620
1571260 614
1571270 614
1571280 611
1571290 607
1571300 607
1571310 600
1571320 594
1571330 594
1571340 587
1571350 580
1571360 580
1571370 574
1571380 568
1571390 568
1571400 562
1571410 555
1571420 558
1571430 550
1571440 544
1571450 544
1571460 543
1571470 545
1571480 545
1571490 547
1571500 550
1571510 550
1571520 555
1571530 560
1571540 560
1571550 567
1571560 574
1571570 574
1571580 581
1571590 589
1571600 589
1571610 597
1571620 603
1571630 603
1571640 610
1571650 616
1571660 616
1571670 620
1571680 626
1571690 626
1571700 633
1571710 639
1571720 639
1571730 646
1571740 653
1571750 653
1571760 659
1571770 664
1571780 664
1571790 668
1571800 671
1571810 675
1571820 675
1571830 678
1571840 681
1571850 681
1571860 683
1571870 685
1571880 685
1571890 687
1571900 688
1571910 688
1571920 688
1571930 687
1571940 687
1571950 686
1571960 683
1571970 683
1571980 681
1571990 682
1572000 682
1572010 686
1572020 690
1572030 690
1572040 689
1572050 687
1572060 687
1572070 685
1572080 683
1572090 683
1572100 681
1572110 679
1572120 679
1572130 675
1572140 670
1572150 670
1572160 663
1572170 656
1572180 656
1572190 649
1572200 644
1572210 644
1572220 638
1572230 631
1572240 631
1572250 625
1572260 619
1572270 619
1572280 614
1572290 609
1572300 609
1572310 605
1572320 600
1572330 600
1572340 593
1572350 586
1572360 580
1572370 580
1572380 576
1572390 572
1572400 572
1572410 568
1572420 568
1572430 568
1572440 566
1572450 563
1572460 563
1572470 561
1572480 559
1572490 559
1572500 556
1572510 554
1572520 554
1572530 552
1572540 551
1572550 551
1572560 550
1572570 548
1572580 548
1572590 546
1572600 545
1572610 545
1572620 545
1572630 546
1572640 546
1572650 545
1572660 544
1572670 544
1572680 543
1572690 541
1572700 541
1572710 539
1572720 537
1572730 537
1572740 535
1572750 533
1572760 533
1572770 531
1572780 529
1572790 529
1572800 527
1572810 526
1572820 526
1572830 524
1572840 523
1572850 523
1572860 522
1572870 521
1572880 520
1572890 520
1572900 519
1572910 519
1572920 519
1572930 519
1572940 518
1572950 518
1572960 518
1572970 518
1572980 518
1572990 518
1573000 518
1573010 518
1573020 518
1573030 518
1573040 518
1573050 518
1573060 517
1573070 517
1573080 517
1573090 517
1573100 517
1573110 517
1573120 517
1573130 517
1573140 517
1573150 517
1573160 517
1573170 517
1573180 517
1573190 517
1573200 517
1573210 515
1573220 515
1573230 513
1573240 510
1573250 510
1573260 512
1573270 513
1573280 513
1573290 516
1573300 516
1573310 516
1573320 517
1573330 517
1573340 517
1573350 517
1573360 516
1573370 516
1573380 516
1573390 516
1573400 516
1573410 517
1573420 517
1573430 517
1573440 516
1573450 516
1573460 516
1573470 516
1573480 516
1573490 516
1573500 516
1573510 516
1573520 516
1573530 516
1573540 516
1573550 516
1573560 516
1573570 516
1573580 516
1573590 516
1573600 516
1573610 516
1573620 516
1573630 516
1573640 516
1573650 516
1573660 516
1573670 516
1573680 516
1573690 516
1573700 516
1573710 516
1573720 516
1573730 516
1573740 516
1573750 516
1573760 516
1573770 516
1573780 515
1573790 515
1573800 515
1573810 515
1573820 516
1573830 516
1573840 518
1573850 520
1573860 520
1573870 520
1573880 521
1573890 521
1573900 521
1573910 521
1573920 521
1573930 521
1573940 521
1573950 521
1573960 521
1573970 521
1573980 521
1573990 521
1574000 523
1574010 523
1574020 524
1574030 522
1574040 524
1574050 524
1574060 524
1574070 526
1574080 526
1574090 529
1574100 535
1574110 535
1574120 541
1574130 549
1574140 549
1574150 558
1574160 566
1574170 566
1574180 572
1574190 573
1574200 573
1574210 574
1574220 573
1574230 573
1574240 572
1574250 569
1574260 569
1574270 566
1574280 562
1574290 562
1574300 559
1574310 556
1574320 556
1574330 546
1574340 543
1574350 543
1574360 540
1574370 537
1574380 537
1574390 533
1574400 530
1574410 530
1574420 528
1574430 527
1574440 527
1574450 526
1574460 526
1574470 526
1574480 525
1574490 524
1574500 524
1574510 523
1574520 522
1574530 522
1574540 521
1574550 521
1574560 521
1574570 521
1574580 521
1574590 522
1574600 522
1574610 524
1574620 525
1574630 525
1574640 527
1574650 529
1574660 529
1574670 534
1574680 538
1574690 538
1574700 544
1574710 548
1574720 548
1574730 551
1574740 552
1574750 552
1574760 552
1574770 551
1574780 551
1574790 551
1574800 551
1574810 551
1574820 551
1574830 551
1574840 551
1574850 550
1574860 550
1574870 550
1574880 550
1574890 549
1574900 549
1574910 549
1574920 548
1574930 548
1574940 546
1574950 544
1574960 544
1574970 542
1574980 542
1574990 542
1575000 543
1575010 544
1575020 544
1575030 547
1575040 552
1575050 552
1575060 558
1575070 562
1575080 562
1575090 560
1575100 552
1575110 552
1575120 547
1575130 544
1575140 542
1575150 542
1575160 540
1575170 538
1575180 538
1575190 535
1575200 533
1575210 533
1575220 533
1575230 533
1575240 533
1575250 532
1575260 532
1575270 532
1575280 532
1575290 531
1575300 531
1575310 531
1575320 531
1575330 531
1575340 531
1575350 530
1575360 530
1575370 530
1575380 529
1575390 529
1575400 526
1575410 523
1575420 523
1575430 519
1575440 517
1575450 517
1575460 515
1575470 511
1575480 511
1575490 507
1575500 505
1575510 505
1575520 503
1575530 500
1575540 500
1575550 499
1575560 499
1575570 499
1575580 498
1575590 497
1575600 497
1575610 499
1575620 499
1575630 499
1575640 496
1575650 497
1575660 497
1575670 496
1575680 498
1575690 498
1575700 502
1575710 503
1575720 499
1575730 499
1575740 493
1575750 489
1575760 489
1575770 485
1575780 480
1575790 480
1575800 475
1575810 471
1575820 471
1575830 469
1575840 467
1575850 467
1575860 466
1575870 466
1575880 466
1575890 467
1575900 470
1575910 470
1575920 471
1575930 473
1575940 473
1575950 475
1575960 474
1575970 474
1575980 473
1575990 472
1576000 472
1576010 470
1576020 469
1576030 469
1576040 469
1576050 471
1576060 471
1576070 472
1576080 469
1576090 469
1576100 466
1576110 467
1576120 467
1576130 471
1576140 478
1576150 478
1576160 485
1576170 488
1576180 488
1576190 490
1576200 491
1576210 491
1576220 490
1576230 490
1576240 490
1576250 491
1576260 491
1576270 493
1576280 493
1576290 494
1576300 495
1576310 495
1576320 495
1576330 494
1576340 494
1576350 494
1576360 494
1576370 494
1576380 494
1576390 495
1576400 495
1576410 495
1576420 495
1576430 495
1576440 495
1576450 494
1576460 494
1576470 494
1576480 493
1576490 493
1576500 493
1576510 493
1576520 493
1576530 493
1576540 493
1576550 493
1576560 493
1576570 493
1576580 493
1576590 492
1576600 492
1576610 492
1576620 492
1576630 492
1576640 492
1576650 492
1576660 492
1576670 492
1576680 492
1576690 492
1576700 492
1576710 492
1576720 492
1576730 492
1576740 492
1576750 492
1576760 492
1576770 492
1576780 492
1576790 492
1576800 492
1576810 490
1576820 482
1576830 482
1576840 469
1576850 463
1576860 463
1576870 462
1576880 462
1576890 462
1576900 462
1576910 462
1576920 462
1576930 462
1576940 462
1576950 462
1576960 462
1576970 462
1576980 462
1576990 462
1577000 462
1577010 462
1577020 462
1577030 462
1577040 462
1577050 462
1577060 463
1577070 463
1577080 463
1577090 464
1577100 464
1577110 468
1577120 474
1577130 474
1577140 480
1577150 486
1577160 486
1577170 491
1577180 496
1577190 496
1577200 501
1577210 507
1577220 507
1577230 513
1577240 519
1577250 519
1577260 525
1577270 531
1577280 531
1577290 537
1577300 543
1577310 543
1577320 549
1577330 555
1577340 555
1577350 561
1577360 567
1577370 572
1577380 572
1577390 578
1577400 584
1577410 584
1577420 591
1577430 599
1577440 599
1577450 607
1577460 615
1577470 615
1577480 621
1577490 629
1577500 629
1577510 636
1577520 643
1577530 643
1577540 651
1577550 658
1577560 658
1577570 665
1577580 672
1577590 672
1577600 679
1577610 686
1577620 686
1577630 693
1577640 700
1577650 700
1577660 707
1577670 715
1577680 715
1577690 722
1577700 729
1577710 729
1577720 737
1577730 744
1577740 744
1577750 753
1577760 762
1577770 762
1577780 771
1577790 779
1577800 779
1577810 789
1577820 801
1577830 801
1577840 813
1577850 832
1577860 832
1577870 844
1577880 849
1577890 849
1577900 856
1577910 855
1577920 850
1577930 850
1577940 855
1577950 864
1577960 864
1577970 873
1577980 881
1577990 881
1578000 891
1578010 901
1578020 901
1578030 913
1578040 922
1578050 922
1578060 930
1578070 939
1578080 939
1578090 949
1578100 961
1578110 961
1578120 968
1578130 978
1578140 978
1578150 988
1578160 996
1578170 996
1578180 1004
1578190 1012
1578200 1012
1578210 1020
1578220 1027
1578230 1027
1578240 1030
1578250 1026
1578260 1026
1578270 1022
1578280 1024
1578290 1024
1578300 1031
1578310 1039
1578320 1039
1578330 1047
1578340 1055
1578350 1055
1578360 1063
1578370 1071
1578380 1071
1578390 1079
1578400 1088
1578410 1088
1578420 1097
1578430 1110
1578440 1110
1578450 1122
1578460 1133
1578470 1133
1578480 1146
1578490 1154
1578500 1162
1578510 1162
1578520 1169
1578530 1181
1578540 1181
1578550 1189
1578560 1200
1578570 1200
1578580 1207
1578590 1216
1578600 1216
1578610 1224
1578620 1230
1578630 1230
1578640 1234
1578650 1238
1578660 1238
1578670 1246
1578680 1254
1578690 1254
1578700 1260
1578710 1259
1578720 1259
1578730 1264
1578740 1269
1578750 1269
1578760 1274
1578770 1281
1578780 1281
1578790 1289
1578800 1295
1578810 1295
1578820 1301
1578830 1308
1578840 1308
1578850 1313
1578860 1315
1578870 1315
1578880 1319
1578890 1322
1578900 1322
1578910 1324
1578920 1326
1578930 1326
1578940 1326
1578950 1328
1578960 1328
1578970 1330
1578980 1335
1578990 1335
1579000 1342
1579010 1347
1579020 1347
1579030 1350
1579040 1353
1579050 1358
1579060 1358
1579070 1362
1579080 1366
1579090 1366
1579100 1371
1579110 1377
1579120 1377
1579130 1382
1579140 1390
1579150 1390
1579160 1398
1579170 1406
1579180 1406
1579190 1414
1579200 1423
1579210 1423
1579220 1430
1579230 1437
1579240 1437
1579250 1440
1579260 1442
1579270 1442
1579280 1446
1579290 1450
1579300 1450
1579310 1452
1579320 1456
1579330 1456
1579340 1460
1579350 1465
1579360 1465
1579370 1472
1579380 1479
1579390 1479
1579400 1486
1579410 1493
1579420 1493
1579430 1501
1579440 1508
1579450 1508
1579460 1515
1579470 1520
1579480 1520
1579490 1523
1579500 1526
1579510 1526
1579520 1529
1579530 1533
1579540 1533
1579550 1537
1579560 1541
1579570 1541
1579580 1545
1579590 1546
1579600 1546
1579610 1546
1579620 1544
1579630 1543
1579640 1543
1579650 1540
1579660 1538
1579670 1538
1579680 1535
1579690 1532
1579700 1532
1579710 1530
1579720 1527
1579730 1527
1579740 1524
1579750 1521
1579760 1521
1579770 1519
1579780 1516
1579790 1516
1579800 1515
1579810 1514
1579820 1514
1579830 1513
1579840 1512
1579850 1512
1579860 1512
1579870 1512
1579880 1512
1579890 1523
1579900 1526
1579910 1526
1579920 1527
1579930 1529
1579940 1529
1579950 1533
1579960 1537
1579970 1537
1579980 1539
1579990 1541
