1560000 1284
1560010 1277
1560020 1277
1560030 1265
1560040 1254
1560050 1254
1560060 1244
1560070 1234
1560080 1234
1560090 1225
1560100 1214
1560110 1214
1560120 1203
1560130 1194
1560140 1194
1560150 1186
1560160 1181
1560170 1181
1560180 1176
1560190 1170
1560200 1170
1560210 1163
1560220 1156
1560230 1156
1560240 1147
1560250 1139
1560260 1139
1560270 1129
1560280 1119
1560290 1119
1560300 1109
1560310 1097
1560320 1097
1560330 1087
1560340 1082
1560350 1082
1560360 1081
1560370 1078
1560380 1078
1560390 1069
1560400 1059
1560410 1059
1560420 1050
1560430 1050
1560440 1050
1560450 1054
1560460 1052
1560470 1052
1560480 1048
1560490 1045
1560500 1045
1560510 1043
1560520 1038
1560530 1038
1560540 1033
1560550 1028
1560560 1023
1560570 1023
1560580 1021
1560590 1016
1560600 1016
1560610 1006
1560620 995
1560630 995
1560640 987
1560650 980
1560660 980
1560670 974
1560680 969
1560690 969
1560700 960
1560710 950
1560720 950
1560730 941
1560740 932
1560750 932
1560760 923
1560770 912
1560780 912
1560790 897
1560800 883
1560810 883
1560820 874
1560830 866
1560840 866
1560850 859
1560860 854
1560870 854
1560880 847
1560890 841
1560900 841
1560910 834
1560920 828
1560930 828
1560940 817
1560950 804
1560960 804
1560970 794
1560980 785
1560990 785
1561000 777
1561010 770
1561020 770
1561030 763
1561040 756
1561050 756
1561060 750
1561070 744
1561080 744
1561090 739
1561100 733
1561110 733
1561120 729
1561130 726
1561140 724
1561150 724
1561160 721
1561170 718
1561180 718
1561190 712
1561200 706
1561210 705
1561220 702
1561230 698
1561240 698
1561250 693
1561260 690
1561270 690
1561280 689
1561290 688
1561300 688
1561310 689
1561320 689
1561330 689
1561340 689
1561350 689
1561360 689
1561370 689
1561380 690
1561390 690
1561400 691
1561410 694
1561420 694
1561430 698
1561440 703
1561450 703
1561460 706
1561470 709
1561480 709
1561490 711
1561500 714
1561510 714
1561520 717
1561530 720
1561540 720
1561550 723
1561560 728
1561570 728
1561580 732
1561590 736
1561600 736
1561610 740
1561620 745
1561630 745
1561640 749
1561650 755
1561660 755
1561670 761
1561680 768
1561690 776
1561700 776
1561710 784
1561720 792
1561730 792
1561740 801
1561750 812
1561760 812
1561770 834
1561780 851
1561790 851
1561800 860
1561810 869
1561820 869
1561830 880
1561840 888
1561850 888
1561860 894
1561870 901
1561880 901
1561890 910
1561900 918
1561910 918
1561920 925
1561930 931
1561940 931
1561950 937
1561960 944
1561970 944
1561980 952
1561990 959
1562000 959
1562010 966
1562020 973
1562030 973
1562040 981
1562050 989
1562060 989
1562070 998
1562080 1008
1562090 1008
1562100 1017
1562110 1027
1562120 1027
1562130 1038
1562140 1053
1562150 1053
1562160 1078
1562170 1088
1562180 1088
1562190 1090
1562200 1090
1562210 1090
1562220 1092
1562230 1094
1562240 1094
1562250 1095
1562260 1097
1562270 1101
1562280 1101
1562290 1104
1562300 1109
1562310 1109
1562320 1115
1562330 1122
1562340 1122
1562350 1127
1562360 1132
1562370 1132
1562380 1139
1562390 1144
1562400 1144
1562410 1149
1562420 1154
1562430 1154
1562440 1156
1562450 1158
1562460 1158
1562470 1161
1562480 1163
1562490 1163
1562500 1165
1562510 1170
1562520 1170
1562530 1175
1562540 1178
1562550 1178
1562560 1184
1562570 1191
1562580 1191
1562590 1198
1562600 1204
1562610 1204
1562620 1210
1562630 1215
1562640 1215
1562650 1219
1562660 1222
1562670 1222
1562680 1223
1562690 1223
1562700 1223
1562710 1227
1562720 1232
1562730 1232
1562740 1235
1562750 1239
1562760 1239
1562770 1242
1562780 1244
1562790 1244
1562800 1248
1562810 1253
1562820 1253
1562830 1259
1562840 1264
1562850 1270
1562860 1270
1562870 1271
1562880 1276
1562890 1276
1562900 1282
1562910 1288
1562920 1288
1562930 1295
1562940 1301
1562950 1301
1562960 1307
1562970 1313
1562980 1313
1562990 1320
1563000 1326
1563010 1326
1563020 1331
1563030 1336
1563040 1336
1563050 1338
1563060 1334
1563070 1334
1563080 1327
1563090 1321
1563100 1321
1563110 1314
1563120 1309
1563130 1309
1563140 1306
1563150 1303
1563160 1303
1563170 1298
1563180 1292
1563190 1292
1563200 1285
1563210 1279
1563220 1279
1563230 1274
1563240 1270
1563250 1270
1563260 1266
1563270 1261
1563280 1261
1563290 1256
1563300 1254
1563310 1254
1563320 1253
1563330 1252
1563340 1252
1563350 1253
1563360 1255
1563370 1255
1563380 1257
1563390 1259
1563400 1262
1563410 1262
1563420 1264
1563430 1266
1563440 1266
1563450 1265
1563460 1261
1563470 1261
1563480 1257
1563490 1253
1563500 1253
1563510 1249
1563520 1245
1563530 1245
1563540 1241
1563550 1246
1563560 1246
1563570 1252
1563580 1258
1563590 1258
1563600 1263
1563610 1269
1563620 1269
1563630 1275
1563640 1278
1563650 1278
1563660 1281
1563670 1286
1563680 1286
1563690 1293
1563700 1299
1563710 1299
1563720 1306
1563730 1312
1563740 1312
1563750 1318
1563760 1324
1563770 1324
1563780 1327
1563790 1328
1563800 1328
1563810 1326
1563820 1322
1563830 1322
1563840 1316
1563850 1309
1563860 1309
1563870 1303
1563880 1297
1563890 1297
1563900 1290
1563910 1284
1563920 1284
1563930 1276
1563940 1269
1563950 1269
1563960 1261
1563970 1254
1563980 1247
1563990 1247
1564000 1240
1564010 1233
1564020 1233
1564030 1227
1564040 1221
1564050 1221
1564060 1214
1564070 1208
1564080 1208
1564090 1202
1564100 1195
1564110 1195
1564120 1189
1564130 1183
1564140 1183
1564150 1177
1564160 1170
1564170 1170
1564180 1165
1564190 1159
1564200 1159
1564210 1153
1564220 1146
1564230 1146
1564240 1140
1564250 1135
1564260 1135
1564270 1129
1564280 1124
1564290 1124
1564300 1120
1564310 1116
1564320 1116
1564330 1111
1564340 1107
1564350 1107
1564360 1103
1564370 1099
1564380 1099
1564390 1094
1564400 1090
1564410 1090
1564420 1086
1564430 1081
1564440 1081
1564450 1077
1564460 1073
1564470 1073
1564480 1068
1564490 1064
1564500 1064
1564510 1059
1564520 1055
1564530 1055
1564540 1051
1564550 1047
1564560 1043
1564570 1043
1564580 1039
1564590 1035
1564600 1035
1564610 1031
1564620 1027
1564630 1027
1564640 1024
1564650 1020
1564660 1020
1564670 1016
1564680 1013
1564690 1013
1564700 1009
1564710 1006
1564720 1006
1564730 1003
1564740 1000
1564750 1000
1564760 997
1564770 994
1564780 994
1564790 991
1564800 988
1564810 988
1564820 985
1564830 983
1564840 983
1564850 981
1564860 978
1564870 978
1564880 976
1564890 974
1564900 974
1564910 971
1564920 969
1564930 969
1564940 966
1564950 962
1564960 962
1564970 960
1564980 957
1564990 957
1565000 954
1565010 951
1565020 951
1565030 948
1565040 946
1565050 946
1565060 944
1565070 941
1565080 941
1565090 939
1565100 936
1565110 933
1565120 933
1565130 929
1565140 926
1565150 926
1565160 924
1565170 922
1565180 922
1565190 919
1565200 917
1565210 917
1565220 915
1565230 916
1565240 916
1565250 917
1565260 918
1565270 918
1565280 917
1565290 917
1565300 917
1565310 916
1565320 916
1565330 916
1565340 916
1565350 916
1565360 916
1565370 916
1565380 916
1565390 916
1565400 916
1565410 917
1565420 917
1565430 918
1565440 919
1565450 919
1565460 920
1565470 921
1565480 921
1565490 923
1565500 924
1565510 924
1565520 926
1565530 926
1565540 926
1565550 927
1565560 928
1565570 928
1565580 929
1565590 930
1565600 930
1565610 931
1565620 933
1565630 933
1565640 934
1565650 936
1565660 936
1565670 937
1565680 939
1565690 940
1565700 940
1565710 941
1565720 942
1565730 942
1565740 941
1565750 940
1565760 940
1565770 938
1565780 935
1565790 935
1565800 932
1565810 928
1565820 928
1565830 924
1565840 918
1565850 918
1565860 910
1565870 905
1565880 905
1565890 899
1565900 894
1565910 894
1565920 890
1565930 884
1565940 884
1565950 879
1565960 875
1565970 875
1565980 870
1565990 867
1566000 867
1566010 863
1566020 859
1566030 859
1566040 855
1566050 851
1566060 851
1566070 847
1566080 843
1566090 849
1566100 844
1566110 839
1566120 839
1566130 835
1566140 831
1566150 831
1566160 827
1566170 823
1566180 823
1566190 819
1566200 815
1566210 815
1566220 810
1566230 807
1566240 807
1566250 803
1566260 800
1566270 798
1566280 798
1566290 796
1566300 794
1566310 794
1566320 792
1566330 786
1566340 786
1566350 783
1566360 783
1566370 783
1566380 785
1566390 789
1566400 789
1566410 791
1566420 794
1566430 794
1566440 796
1566450 798
1566460 798
1566470 800
1566480 802
1566490 802
1566500 805
1566510 808
1566520 808
1566530 810
1566540 813
1566550 813
1566560 817
1566570 820
1566580 820
1566590 824
1566600 828
1566610 828
1566620 835
1566630 842
1566640 842
1566650 849
1566660 856
1566670 856
1566680 862
1566690 868
1566700 868
1566710 874
1566720 878
1566730 878
1566740 883
1566750 887
1566760 887
1566770 890
1566780 894
1566790 894
1566800 898
1566810 902
1566820 902
1566830 907
1566840 911
1566850 915
1566860 915
1566870 919
1566880 923
1566890 923
1566900 927
1566910 930
1566920 930
1566930 934
1566940 937
1566950 937
1566960 940
1566970 944
1566980 944
1566990 949
1567000 953
1567010 953
1567020 956
1567030 958
1567040 958
1567050 959
1567060 960
1567070 960
1567080 959
1567090 959
1567100 959
1567110 959
1567120 961
1567130 961
1567140 964
1567150 966
1567160 966
1567170 968
1567180 970
1567190 970
1567200 972
1567210 974
1567220 974
1567230 977
1567240 980
1567250 980
1567260 982
1567270 985
1567280 985
1567290 986
1567300 986
1567310 986
1567320 984
1567330 980
1567340 980
1567350 976
1567360 970
1567370 970
1567380 964
1567390 959
1567400 956
1567410 956
1567420 952
1567430 948
1567440 948
1567450 943
1567460 939
1567470 939
1567480 935
1567490 931
1567500 931
1567510 929
1567520 926
1567530 926
1567540 923
1567550 919
1567560 919
1567570 913
1567580 906
1567590 906
1567600 898
1567610 890
1567620 890
1567630 882
1567640 874
1567650 873
1567660 867
1567670 862
1567680 862
1567690 857
1567700 851
1567710 851
1567720 846
1567730 841
1567740 841
1567750 837
1567760 831
1567770 831
1567780 825
1567790 822
1567800 822
1567810 821
1567820 824
1567830 824
1567840 824
1567850 823
1567860 823
1567870 821
1567880 820
1567890 820
1567900 821
1567910 827
1567920 827
1567930 831
1567940 836
1567950 836
1567960 840
1567970 845
1567980 848
1567990 848
1568000 851
1568010 854
1568020 854
1568030 858
1568040 862
1568050 862
1568060 866
1568070 870
1568080 870
1568090 873
1568100 877
1568110 877
1568120 880
1568130 882
1568140 882
1568150 883
1568160 883
1568170 883
1568180 885
1568190 889
1568200 889
1568210 894
1568220 900
1568230 900
1568240 904
1568250 909
1568260 909
1568270 913
1568280 917
1568290 917
1568300 921
1568310 925
1568320 925
1568330 929
1568340 932
1568350 932
1568360 935
1568370 938
1568380 938
1568390 940
1568400 943
1568410 943
1568420 946
1568430 948
1568440 948
1568450 950
1568460 951
1568470 951
1568480 951
1568490 949
1568500 949
1568510 944
1568520 938
1568530 938
1568540 933
1568550 931
1568560 931
1568570 931
1568580 932
1568590 933
1568600 933
1568610 933
1568620 935
1568630 935
1568640 938
1568650 943
1568660 943
1568670 947
1568680 952
1568690 952
1568700 956
1568710 960
1568720 960
1568730 964
1568740 967
1568750 967
1568760 970
1568770 972
1568780 972
1568790 973
1568800 974
1568810 974
1568820 976
1568830 976
1568840 976
1568850 976
1568860 974
1568870 974
1568880 972
1568890 972
1568900 972
1568910 971
1568920 971
1568930 971
1568940 974
1568950 977
1568960 977
1568970 979
1568980 982
1568990 982
1569000 985
1569010 989
1569020 989
1569030 993
1569040 998
1569050 998
1569060 1002
1569070 1006
1569080 1006
1569090 1010
1569100 1014
1569110 1017
1569120 1017
1569130 1020
1569140 1022
1569150 1022
1569160 1024
1569170 1026
1569180 1026
1569190 1034
1569200 1033
1569210 1033
1569220 1032
1569230 1031
1569240 1031
1569250 1027
1569260 1024
1569270 1024
1569280 1021
1569290 1016
1569300 1016
1569310 1013
1569320 1008
1569330 1008
1569340 1004
1569350 1002
1569360 1002
1569370 1000
1569380 1000
1569390 1000
1569400 1000
1569410 999
1569420 999
1569430 993
1569440 986
1569450 986
1569460 983
1569470 979
1569480 979
1569490 975
1569500 971
1569510 971
1569520 971
1569530 971
1569540 971
1569550 973
1569560 974
1569570 974
1569580 974
1569590 976
1569600 976
1569610 980
1569620 985
1569630 985
1569640 988
1569650 992
1569660 992
1569670 994
1569680 996
1569690 997
1569700 997
1569710 1002
1569720 1005
1569730 1005
1569740 1008
1569750 1011
1569760 1011
1569770 1015
1569780 1020
1569790 1020
1569800 1024
1569810 1029
1569820 1029
1569830 1034
1569840 1038
1569850 1038
1569860 1042
1569870 1047
1569880 1047
1569890 1051
1569900 1055
1569910 1055
1569920 1059
1569930 1062
1569940 1062
1569950 1067
1569960 1071
1569970 1071
1569980 1075
1569990 1080
1570000 1080
1570010 1085
1570020 1090
1570030 1090
1570040 1094
1570050 1096
1570060 1096
1570070 1098
1570080 1101
1570090 1101
1570100 1103
1570110 1106
1570120 1106
1570130 1108
1570140 1112
1570150 1112
1570160 1115
1570170 1118
1570180 1118
1570190 1122
1570200 1125
1570210 1125
1570220 1128
1570230 1131
1570240 1131
1570250 1134
1570260 1137
1570270 1139
1570280 1139
1570290 1142
1570300 1144
1570310 1144
1570320 1147
1570330 1149
1570340 1149
1570350 1152
1570360 1154
1570370 1154
1570380 1155
1570390 1157
1570400 1157
1570410 1158
1570420 1160
1570430 1160
1570440 1162
1570450 1164
1570460 1164
1570470 1166
1570480 1167
1570490 1167
1570500 1169
1570510 1171
1570520 1171
1570530 1173
1570540 1174
1570550 1174
1570560 1176
1570570 1176
1570580 1176
1570590 1177
1570600 1178
1570610 1178
1570620 1179
1570630 1180
1570640 1180
1570650 1182
1570660 1184
1570670 1184
1570680 1187
1570690 1197
1570700 1197
1570710 1201
1570720 1205
1570730 1205
1570740 1209
1570750 1213
1570760 1213
1570770 1218
1570780 1223
1570790 1223
1570800 1229
1570810 1232
1570820 1232
1570830 1235
1570840 1237
1570850 1236
1570860 1236
1570870 1233
1570880 1227
1570890 1227
1570900 1221
1570910 1216
1570920 1216
1570930 1209
1570940 1204
1570950 1204
1570960 1200
1570970 1197
1570980 1197
1570990 1193
1571000 1188
1571010 1188
1571020 1183
1571030 1180
1571040 1180
1571050 1176
1571060 1172
1571070 1172
1571080 1168
1571090 1163
1571100 1163
1571110 1158
1571120 1153
1571130 1153
1571140 1149
1571150 1146
1571160 1146
1571170 1143
1571180 1140
1571190 1140
1571200 1137
1571210 1134
1571220 1134
1571230 1129
1571240 1127
1571250 1127
1571260 1125
1571270 1123
1571280 1123
1571290 1115
1571300 1106
1571310 1106
1571320 1098
1571330 1090
1571340 1090
1571350 1082
1571360 1075
1571370 1075
1571380 1068
1571390 1063
1571400 1057
1571410 1057
1571420 1047
1571430 1038
1571440 1038
1571450 1029
1571460 1020
1571470 1020
1571480 1010
1571490 1001
1571500 1001
1571510 991
1571520 982
1571530 982
1571540 982
1571550 977
1571560 977
1571570 956
1571580 947
1571590 947
1571600 942
1571610 941
1571620 941
1571630 940
1571640 941
1571650 941
1571660 943
1571670 945
1571680 945
1571690 947
1571700 948
1571710 948
1571720 951
1571730 955
1571740 955
1571750 950
1571760 939
1571770 939
1571780 929
1571790 925
1571800 925
1571810 916
1571820 903
1571830 903
1571840 892
1571850 882
1571860 882
1571870 868
1571880 857
1571890 857
1571900 839
1571910 822
1571920 822
1571930 812
1571940 800
1571950 800
1571960 786
1571970 773
1571980 765
1571990 765
1572000 757
1572010 750
1572020 750
1572030 742
1572040 735
1572050 735
1572060 728
1572070 722
1572080 722
1572090 718
1572100 716
1572110 716
1572120 714
1572130 713
1572140 713
1572150 711
1572160 707
1572170 706
1572180 700
1572190 693
1572200 693
1572210 688
1572220 688
1572230 688
1572240 689
1572250 684
1572260 684
1572270 678
1572280 673
1572290 673
1572300 670
1572310 669
1572320 669
1572330 667
1572340 665
1572350 665
1572360 662
1572370 657
1572380 657
1572390 653
1572400 649
1572410 649
1572420 645
1572430 642
1572440 642
1572450 639
1572460 637
1572470 637
1572480 636
1572490 634
1572500 634
1572510 632
1572520 630
1572530 630
1572540 626
1572550 622
1572560 620
1572570 620
1572580 619
1572590 616
1572600 616
1572610 612
1572620 609
1572630 609
1572640 609
1572650 610
1572660 610
1572670 609
1572680 606
1572690 606
1572700 604
1572710 601
1572720 601
1572730 595
1572740 590
1572750 590
1572760 588
1572770 590
1572780 590
1572790 594
1572800 600
1572810 600
1572820 606
1572830 612
1572840 612
1572850 617
1572860 623
1572870 623
1572880 629
1572890 635
1572900 635
1572910 641
1572920 648
1572930 648
1572940 655
1572950 661
1572960 661
1572970 667
1572980 671
1572990 671
1573000 675
1573010 680
1573020 680
1573030 685
1573040 691
1573050 691
1573060 692
1573070 685
1573080 685
1573090 677
1573100 669
1573110 662
1573120 662
1573130 663
1573140 668
1573150 668
1573160 676
1573170 686
1573180 686
1573190 695
1573200 701
1573210 701
1573220 702
1573230 702
1573240 702
1573250 700
1573260 702
1573270 702
1573280 708
1573290 710
1573300 710
1573310 715
1573320 721
1573330 721
1573340 724
1573350 729
1573360 729
1573370 734
1573380 739
1573390 739
1573400 744
1573410 750
1573420 750
1573430 757
1573440 764
1573450 764
1573460 772
1573470 778
1573480 778
1573490 783
1573500 787
1573510 787
1573520 790
1573530 795
1573540 795
1573550 798
1573560 797
1573570 797
1573580 799
1573590 803
1573600 803
1573610 806
1573620 811
1573630 816
1573640 819
1573650 824
1573660 824
1573670 828
1573680 832
1573690 838
1573700 838
1573710 844
1573720 850
1573730 850
1573740 854
1573750 858
1573760 858
1573770 861
1573780 866
1573790 866
1573800 869
1573810 872
1573820 872
1573830 878
1573840 882
1573850 882
1573860 887
1573870 892
1573880 892
1573890 897
1573900 902
1573910 902
1573920 905
1573930 908
1573940 908
1573950 911
1573960 914
1573970 914
1573980 918
1573990 922
1574000 922
1574010 926
1574020 931
1574030 931
1574040 935
1574050 939
1574060 939
1574070 943
1574080 946
1574090 946
1574100 949
1574110 952
1574120 952
1574130 955
1574140 958
1574150 958
1574160 961
1574170 965
1574180 965
1574190 968
1574200 972
1574210 972
1574220 977
1574230 982
1574240 982
1574250 988
1574260 993
1574270 996
1574280 996
1574290 998
1574300 1001
1574310 1001
1574320 1003
1574330 1006
1574340 1006
1574350 1009
1574360 1011
1574370 1011
1574380 1013
1574390 1015
1574400 1015
1574410 1017
1574420 1020
1574430 1020
1574440 1022
1574450 1024
1574460 1024
1574470 1026
1574480 1028
1574490 1028
1574500 1030
1574510 1033
1574520 1033
1574530 1037
1574540 1042
1574550 1042
1574560 1047
1574570 1052
1574580 1052
1574590 1057
1574600 1063
1574610 1063
1574620 1067
1574630 1073
1574640 1073
1574650 1078
1574660 1084
1574670 1084
1574680 1091
1574690 1099
1574700 1099
1574710 1106
1574720 1103
1574730 1103
1574740 1093
1574750 1081
1574760 1081
1574770 1071
1574780 1059
1574790 1059
1574800 1047
1574810 1039
1574820 1039
1574830 1034
1574840 1027
1574850 1021
1574860 1021
1574870 1012
1574880 1004
1574890 1004
1574900 999
1574910 993
1574920 993
1574930 986
1574940 979
1574950 979
1574960 972
1574970 965
1574980 965
1574990 958
1575000 951
1575010 951
1575020 945
1575030 939
1575040 939
1575050 932
1575060 923
1575070 923
1575080 915
1575090 908
1575100 908
1575110 902
1575120 895
1575130 895
1575140 889
1575150 882
1575160 882
1575170 878
1575180 872
1575190 872
1575200 866
1575210 860
1575220 860
1575230 854
1575240 847
1575250 847
1575260 839
1575270 831
1575280 831
1575290 824
1575300 817
1575310 817
1575320 809
1575330 801
1575340 801
1575350 794
1575360 786
1575370 786
1575380 779
1575390 772
1575400 766
1575410 766
1575420 760
1575430 756
1575440 756
1575450 752
1575460 748
1575470 748
1575480 745
1575490 743
1575500 743
1575510 741
1575520 740
1575530 740
1575540 737
1575550 732
1575560 732
1575570 727
1575580 723
1575590 723
1575600 717
1575610 710
1575620 710
1575630 704
1575640 700
1575650 700
1575660 697
1575670 694
1575680 694
1575690 688
1575700 681
1575710 681
1575720 673
1575730 666
1575740 666
1575750 659
1575760 652
1575770 652
1575780 648
1575790 645
1575800 645
1575810 646
1575820 647
1575830 647
1575840 648
1575850 649
1575860 649
1575870 650
1575880 651
1575890 651
1575900 652
1575910 651
1575920 651
1575930 648
1575940 644
1575950 644
1575960 641
1575970 638
1575980 635
1575990 635
1576000 633
1576010 629
1576020 629
1576030 625
1576040 621
1576050 621
1576060 617
1576070 613
1576080 613
1576090 609
1576100 605
1576110 605
1576120 599
1576130 594
1576140 594
1576150 590
1576160 584
1576170 584
1576180 579
1576190 573
1576200 573
1576210 567
1576220 562
1576230 562
1576240 557
1576250 551
1576260 551
1576270 543
1576280 534
1576290 534
1576300 526
1576310 519
1576320 519
1576330 513
1576340 506
1576350 506
1576360 499
1576370 495
1576380 495
1576390 491
1576400 487
1576410 487
1576420 483
1576430 480
1576440 480
1576450 479
1576460 479
1576470 479
1576480 478
1576490 478
1576500 478
1576510 478
1576520 478
1576530 478
1576540 477
1576550 477
1576560 476
1576570 476
1576580 476
1576590 475
1576600 475
1576610 475
1576620 474
1576630 474
1576640 474
1576650 473
1576660 473
1576670 470
1576680 469
1576690 469
1576700 469
1576710 469
1576720 469
1576730 468
1576740 464
1576750 464
1576760 463
1576770 463
1576780 463
1576790 463
1576800 463
1576810 463
1576820 463
1576830 463
1576840 463
1576850 463
1576860 463
1576870 463
1576880 463
1576890 463
1576900 463
1576910 463
1576920 463
1576930 463
1576940 464
1576950 470
1576960 470
1576970 478
1576980 483
1576990 483
1577000 483
1577010 483
1577020 483
1577030 483
1577040 483
1577050 483
1577060 483
1577070 484
1577080 484
1577090 484
1577100 484
1577110 484
1577120 484
1577130 484
1577140 484
1577150 484
1577160 485
1577170 485
1577180 485
1577190 486
1577200 488
1577210 488
1577220 492
1577230 497
1577240 497
1577250 504
1577260 512
1577270 512
1577280 521
1577290 529
1577300 529
1577310 535
1577320 539
1577330 539
1577340 543
1577350 545
1577360 545
1577370 548
1577380 551
1577390 551
1577400 555
1577410 558
1577420 558
1577430 560
1577440 563
1577450 563
1577460 565
1577470 567
1577480 567
1577490 568
1577500 569
1577510 569
1577520 572
1577530 574
1577540 574
1577550 578
1577560 581
1577570 581
1577580 585
1577590 589
1577600 589
1577610 593
1577620 598
1577630 598
1577640 601
1577650 606
1577660 606
1577670 612
1577680 618
1577690 626
1577700 626
1577710 634
1577720 641
1577730 641
1577740 647
1577750 653
1577760 653
1577770 659
1577780 666
1577790 666
1577800 673
1577810 679
1577820 679
1577830 687
1577840 693
1577850 693
1577860 699
1577870 698
1577880 698
1577890 704
1577900 711
1577910 711
1577920 717
1577930 723
1577940 723
1577950 729
1577960 735
1577970 735
1577980 741
1577990 743
1578000 743
1578010 745
1578020 748
1578030 748
1578040 751
1578050 756
1578060 756
1578070 762
1578080 766
1578090 766
1578100 771
1578110 775
1578120 775
1578130 779
1578140 784
1578150 784
1578160 790
1578170 795
1578180 795
1578190 799
1578200 804
1578210 804
1578220 809
1578230 812
1578240 812
1578250 816
1578260 822
1578270 827
1578280 827
1578290 831
1578300 835
1578310 835
1578320 838
1578330 839
1578340 839
1578350 840
1578360 840
1578370 840
1578380 840
1578390 841
1578400 841
1578410 841
1578420 839
1578430 839
1578440 838
1578450 842
1578460 842
1578470 847
1578480 852
1578490 852
1578500 854
1578510 859
1578520 859
1578530 866
1578540 870
1578550 870
1578560 872
1578570 875
1578580 875
1578590 880
1578600 887
1578610 887
1578620 892
1578630 894
1578640 894
1578650 895
1578660 897
1578670 897
1578680 899
1578690 903
1578700 903
1578710 906
1578720 911
1578730 911
1578740 918
1578750 926
1578760 926
1578770 939
1578780 951
1578790 951
1578800 956
1578810 962
1578820 962
1578830 966
1578840 970
1578850 978
1578860 978
1578870 985
1578880 988
1578890 988
1578900 989
1578910 990
1578920 990
1578930 991
1578940 991
1578950 991
1578960 992
1578970 992
1578980 992
1578990 993
1579000 994
1579010 994
1579020 996
1579030 997
1579040 997
1579050 997
1579060 998
1579070 998
1579080 998
1579090 999
1579100 999
1579110 1001
1579120 1001
1579130 1001
1579140 1000
1579150 998
1579160 998
1579170 997
1579180 996
1579190 996
1579200 995
1579210 997
1579220 997
1579230 998
1579240 1005
1579250 1005
1579260 1007
1579270 1009
1579280 1009
1579290 1011
1579300 1014
1579310 1014
1579320 1018
1579330 1022
1579340 1022
1579350 1027
1579360 1031
1579370 1031
1579380 1034
1579390 1039
1579400 1045
1579410 1045
1579420 1051
1579430 1056
1579440 1056
1579450 1061
1579460 1066
1579470 1066
1579480 1071
1579490 1074
1579500 1074
1579510 1077
1579520 1079
1579530 1079
1579540 1079
1579550 1082
1579560 1082
1579570 1084
1579580 1085
1579590 1085
1579600 1086
1579610 1087
1579620 1087
1579630 1088
1579640 1089
1579650 1089
1579660 1090
1579670 1091
1579680 1091
1579690 1092
1579700 1094
1579710 1094
1579720 1096
1579730 1099
1579740 1099
1579750 1103
1579760 1107
1579770 1107
1579780 1112
1579790 1118
1579800 1118
1579810 1124
1579820 1131
1579830 1131
1579840 1138
1579850 1145
1579860 1145
1579870 1152
1579880 1158
1579890 1158
1579900 1163
1579910 1168
1579920 1168
1579930 1172
1579940 1176
1579950 1176
1579960 1179
1579970 1182
1579980 1185
1579990 1185
