1560000 801
1560010 798
1560020 795
1560030 795
1560040 792
1560050 789
1560060 789
1560070 786
1560080 784
1560090 784
1560100 781
1560110 778
1560120 778
1560130 775
1560140 771
1560150 771
1560160 768
1560170 763
1560180 763
1560190 759
1560200 754
1560210 754
1560220 750
1560230 744
1560240 744
1560250 740
1560260 736
1560270 736
1560280 731
1560290 727
1560300 727
1560310 724
1560320 720
1560330 720
1560340 717
1560350 717
1560360 717
1560370 717
1560380 715
1560390 715
1560400 713
1560410 711
1560420 711
1560430 709
1560440 708
1560450 708
1560460 707
1560470 706
1560480 706
1560490 706
1560500 705
1560510 705
1560520 705
1560530 704
1560540 704
1560550 703
1560560 703
1560570 703
1560580 704
1560590 704
1560600 704
1560610 704
1560620 703
1560630 703
1560640 702
1560650 700
1560660 698
1560670 698
1560680 697
1560690 697
1560700 697
1560710 696
1560720 695
1560730 695
1560740 695
1560750 695
1560760 695
1560770 695
1560780 695
1560790 695
1560800 695
1560810 695
1560820 695
1560830 695
1560840 696
1560850 696
1560860 698
1560870 698
1560880 698
1560890 697
1560900 697
1560910 697
1560920 698
1560930 697
1560940 697
1560950 694
1560960 694
1560970 694
1560980 694
1560990 694
1561000 694
1561010 694
1561020 693
1561030 693
1561040 691
1561050 690
1561060 690
1561070 688
1561080 687
1561090 687
1561100 686
1561110 684
1561120 684
1561130 683
1561140 681
1561150 681
1561160 680
1561170 678
1561180 678
1561190 677
1561200 676
1561210 676
1561220 675
1561230 673
1561240 673
1561250 671
1561260 668
1561270 668
1561280 665
1561290 662
1561300 662
1561310 660
1561320 656
1561330 653
1561340 653
1561350 651
1561360 648
1561370 648
1561380 645
1561390 642
1561400 642
1561410 639
1561420 636
1561430 636
1561440 634
1561450 631
1561460 628
1561470 625
1561480 621
1561490 621
1561500 616
1561510 612
1561520 612
1561530 610
1561540 611
1561550 611
1561560 612
1561570 614
1561580 614
1561590 619
1561600 623
1561610 623
1561620 626
1561630 628
1561640 628
1561650 630
1561660 632
1561670 632
1561680 634
1561690 636
1561700 636
1561710 639
1561720 641
1561730 641
1561740 643
1561750 643
1561760 643
1561770 643
1561780 642
1561790 642
1561800 639
1561810 634
1561820 634
1561830 629
1561840 624
1561850 624
1561860 618
1561870 613
1561880 613
1561890 609
1561900 608
1561910 608
1561920 607
1561930 608
1561940 608
1561950 609
1561960 610
1561970 610
1561980 609
1561990 611
1562000 614
1562010 614
1562020 616
1562030 620
1562040 620
1562050 623
1562060 627
1562070 627
1562080 630
1562090 633
1562100 633
1562110 636
1562120 637
1562130 637
1562140 639
1562150 641
1562160 641
1562170 642
1562180 644
1562190 644
1562200 646
1562210 649
1562220 649
1562230 654
1562240 659
1562250 659
1562260 663
1562270 667
1562280 667
1562290 670
1562300 674
1562310 674
1562320 677
1562330 679
1562340 679
1562350 679
1562360 679
1562370 679
1562380 679
1562390 678
1562400 678
1562410 677
1562420 677
1562430 677
1562440 676
1562450 675
1562460 675
1562470 674
1562480 673
1562490 673
1562500 673
1562510 672
1562520 672
1562530 672
1562540 672
1562550 672
1562560 672
1562570 671
1562580 671
1562590 671
1562600 671
1562610 671
1562620 671
1562630 670
1562640 670
1562650 670
1562660 670
1562670 670
1562680 670
1562690 669
1562700 669
1562710 669
1562720 668
1562730 667
1562740 667
1562750 666
1562760 664
1562770 664
1562780 659
1562790 654
1562800 654
1562810 649
1562820 643
1562830 643
1562840 639
1562850 635
1562860 635
1562870 633
1562880 637
1562890 637
1562900 641
1562910 646
1562920 646
1562930 651
1562940 655
1562950 655
1562960 659
1562970 663
1562980 663
1562990 666
1563000 668
1563010 668
1563020 670
1563030 671
1563040 671
1563050 672
1563060 672
1563070 672
1563080 672
1563090 672
1563100 672
1563110 673
1563120 674
1563130 672
1563140 673
1563150 673
1563160 673
1563170 674
1563180 675
1563190 675
1563200 676
1563210 678
1563220 678
1563230 681
1563240 683
1563250 683
1563260 685
1563270 686
1563280 686
1563290 688
1563300 690
1563310 690
1563320 691
1563330 693
1563340 693
1563350 694
1563360 695
1563370 696
1563380 696
1563390 697
1563400 698
1563410 698
1563420 699
1563430 700
1563440 700
1563450 700
1563460 702
1563470 702
1563480 702
1563490 702
1563500 702
1563510 703
1563520 703
1563530 703
1563540 703
1563550 704
1563560 704
1563570 704
1563580 704
1563590 704
1563600 704
1563610 703
1563620 703
1563630 703
1563640 703
1563650 703
1563660 703
1563670 703
1563680 703
1563690 702
1563700 702
1563710 702
1563720 701
1563730 701
1563740 701
1563750 699
1563760 697
1563770 697
1563780 692
1563790 687
1563800 687
1563810 684
1563820 682
1563830 682
1563840 680
1563850 677
1563860 677
1563870 674
1563880 671
1563890 671
1563900 666
1563910 660
1563920 660
1563930 654
1563940 647
1563950 647
1563960 641
1563970 636
1563980 636
1563990 630
1564000 625
1564010 625
1564020 619
1564030 614
1564040 609
1564050 609
1564060 604
1564070 599
1564080 599
1564090 594
1564100 590
1564110 590
1564120 587
1564130 587
1564140 587
1564150 587
1564160 587
1564170 587
1564180 587
1564190 586
1564200 586
1564210 586
1564220 587
1564230 587
1564240 587
1564250 588
1564260 588
1564270 594
1564280 599
1564290 599
1564300 603
1564310 607
1564320 607
1564330 610
1564340 614
1564350 614
1564360 617
1564370 620
1564380 620
1564390 624
1564400 627
1564410 627
1564420 630
1564430 632
1564440 632
1564450 633
1564460 633
1564470 633
1564480 634
1564490 637
1564500 637
1564510 640
1564520 644
1564530 644
1564540 648
1564550 652
1564560 652
1564570 656
1564580 660
1564590 660
1564600 664
1564610 668
1564620 668
1564630 673
1564640 677
1564650 677
1564660 682
1564670 687
1564680 687
1564690 691
1564700 697
1564710 702
1564720 702
1564730 708
1564740 714
1564750 715
1564760 721
1564770 728
1564780 728
1564790 735
1564800 742
1564810 742
1564820 748
1564830 754
1564840 754
1564850 760
1564860 765
1564870 765
1564880 769
1564890 772
1564900 772
1564910 773
1564920 774
1564930 774
1564940 775
1564950 776
1564960 776
1564970 776
1564980 777
1564990 777
1565000 777
1565010 778
1565020 778
1565030 778
1565040 778
1565050 778
1565060 778
1565070 778
1565080 778
1565090 778
1565100 777
1565110 777
1565120 777
1565130 777
1565140 777
1565150 777
1565160 777
1565170 777
1565180 777
1565190 777
1565200 777
1565210 776
1565220 776
1565230 776
1565240 776
1565250 775
1565260 775
1565270 775
1565280 775
1565290 775
1565300 774
1565310 773
1565320 773
1565330 773
1565340 772
1565350 772
1565360 771
1565370 770
1565380 769
1565390 769
1565400 768
1565410 767
1565420 767
1565430 767
1565440 766
1565450 766
1565460 765
1565470 764
1565480 764
1565490 764
1565500 763
1565510 763
1565520 761
1565530 761
1565540 761
1565550 761
1565560 761
1565570 761
1565580 760
1565590 759
1565600 759
1565610 759
1565620 758
1565630 758
1565640 757
1565650 757
1565660 757
1565670 756
1565680 756
1565690 756
1565700 756
1565710 755
1565720 755
1565730 754
1565740 753
1565750 753
1565760 752
1565770 752
1565780 752
1565790 752
1565800 752
1565810 752
1565820 753
1565830 753
1565840 753
1565850 753
1565860 752
1565870 752
1565880 751
1565890 751
1565900 751
1565910 750
1565920 750
1565930 750
1565940 750
1565950 750
1565960 750
1565970 750
1565980 750
1565990 750
1566000 749
1566010 748
1566020 748
1566030 748
1566040 747
1566050 746
1566060 746
1566070 745
1566080 745
1566090 745
1566100 744
1566110 743
1566120 743
1566130 742
1566140 742
1566150 742
1566160 741
1566170 740
1566180 740
1566190 739
1566200 738
1566210 738
1566220 738
1566230 738
1566240 738
1566250 737
1566260 737
1566270 737
1566280 736
1566290 735
1566300 735
1566310 735
1566320 734
1566330 734
1566340 730
1566350 729
1566360 729
1566370 729
1566380 728
1566390 728
1566400 728
1566410 727
1566420 727
1566430 726
1566440 726
1566450 726
1566460 725
1566470 725
1566480 725
1566490 724
1566500 723
1566510 723
1566520 722
1566530 721
1566540 721
1566550 721
1566560 720
1566570 720
1566580 720
1566590 719
1566600 719
1566610 718
1566620 717
1566630 717
1566640 716
1566650 715
1566660 715
1566670 715
1566680 715
1566690 715
1566700 716
1566710 718
1566720 718
1566730 718
1566740 719
1566750 719
1566760 719
1566770 720
1566780 720
1566790 720
1566800 720
1566810 720
1566820 720
1566830 721
1566840 721
1566850 721
1566860 721
1566870 722
1566880 722
1566890 722
1566900 723
1566910 723
1566920 724
1566930 724
1566940 724
1566950 725
1566960 725
1566970 725
1566980 726
1566990 726
1567000 726
1567010 726
1567020 726
1567030 726
1567040 726
1567050 726
1567060 726
1567070 726
1567080 726
1567090 726
1567100 726
1567110 726
1567120 726
1567130 725
1567140 725
1567150 725
1567160 725
1567170 724
1567180 724
1567190 723
1567200 722
1567210 722
1567220 722
1567230 722
1567240 722
1567250 721
1567260 721
1567270 721
1567280 721
1567290 721
1567300 721
1567310 720
1567320 720
1567330 720
1567340 720
1567350 720
1567360 720
1567370 720
1567380 720
1567390 720
1567400 720
1567410 720
1567420 720
1567430 720
1567440 720
1567450 720
1567460 720
1567470 720
1567480 719
1567490 719
1567500 719
1567510 719
1567520 719
1567530 719
1567540 719
1567550 719
1567560 719
1567570 718
1567580 718
1567590 717
1567600 716
1567610 716
1567620 716
1567630 715
1567640 715
1567650 714
1567660 713
1567670 713
1567680 713
1567690 712
1567700 712
1567710 711
1567720 711
1567730 711
1567740 710
1567750 709
1567760 709
1567770 708
1567780 707
1567790 707
1567800 707
1567810 706
1567820 706
1567830 705
1567840 704
1567850 704
1567860 703
1567870 702
1567880 702
1567890 701
1567900 698
1567910 698
1567920 696
1567930 695
1567940 695
1567950 694
1567960 693
1567970 693
1567980 692
1567990 691
1568000 691
1568010 691
1568020 690
1568030 690
1568040 689
1568050 687
1568060 686
1568070 686
1568080 684
1568090 682
1568100 682
1568110 680
1568120 678
1568130 678
1568140 677
1568150 675
1568160 675
1568170 674
1568180 674
1568190 674
1568200 673
1568210 673
1568220 673
1568230 672
1568240 671
1568250 671
1568260 670
1568270 669
1568280 669
1568290 668
1568300 666
1568310 666
1568320 660
1568330 652
1568340 652
1568350 644
1568360 638
1568370 638
1568380 637
1568390 637
1568400 637
1568410 637
1568420 636
1568430 636
1568440 635
1568450 634
1568460 634
1568470 632
1568480 631
1568490 631
1568500 630
1568510 628
1568520 628
1568530 627
1568540 624
1568550 624
1568560 621
1568570 620
1568580 620
1568590 619
1568600 618
1568610 618
1568620 616
1568630 612
1568640 612
1568650 610
1568660 607
1568670 607
1568680 604
1568690 601
1568700 601
1568710 598
1568720 595
1568730 591
1568740 591
1568750 589
1568760 586
1568770 586
1568780 583
1568790 579
1568800 579
1568810 576
1568820 575
1568830 575
1568840 574
1568850 573
1568860 573
1568870 572
1568880 572
1568890 572
1568900 571
1568910 568
1568920 568
1568930 565
1568940 562
1568950 562
1568960 560
1568970 558
1568980 558
1568990 556
1569000 554
1569010 554
1569020 553
1569030 551
1569040 551
1569050 548
1569060 546
1569070 546
1569080 544
1569090 543
1569100 543
1569110 542
1569120 541
1569130 541
1569140 540
1569150 539
1569160 539
1569170 537
1569180 535
1569190 535
1569200 535
1569210 533
1569220 533
1569230 530
1569240 529
1569250 529
1569260 528
1569270 526
1569280 526
1569290 524
1569300 523
1569310 523
1569320 522
1569330 523
1569340 523
1569350 525
1569360 526
1569370 526
1569380 526
1569390 525
1569400 525
1569410 525
1569420 524
1569430 521
1569440 521
1569450 521
1569460 519
1569470 519
1569480 518
1569490 516
1569500 516
1569510 514
1569520 513
1569530 513
1569540 512
1569550 510
1569560 510
1569570 508
1569580 506
1569590 506
1569600 504
1569610 502
1569620 502
1569630 499
1569640 497
1569650 497
1569660 497
1569670 495
1569680 495
1569690 494
1569700 493
1569710 493
1569720 491
1569730 489
1569740 489
1569750 488
1569760 487
1569770 487
1569780 485
1569790 484
1569800 484
1569810 482
1569820 481
1569830 481
1569840 481
1569850 480
1569860 480
1569870 479
1569880 478
1569890 478
1569900 478
1569910 477
1569920 477
1569930 476
1569940 476
1569950 476
1569960 476
1569970 475
1569980 475
1569990 475
1570000 475
1570010 475
1570020 474
1570030 473
1570040 473
1570050 472
1570060 472
1570070 472
1570080 471
1570090 470
1570100 470
1570110 470
1570120 469
1570130 468
1570140 468
1570150 468
1570160 467
1570170 467
1570180 466
1570190 465
1570200 465
1570210 465
1570220 464
1570230 464
1570240 463
1570250 462
1570260 462
1570270 462
1570280 461
1570290 461
1570300 460
1570310 460
1570320 460
1570330 459
1570340 458
1570350 458
1570360 458
1570370 457
1570380 457
1570390 456
1570400 456
1570410 456
1570420 455
1570430 454
1570440 454
1570450 454
1570460 453
1570470 453
1570480 453
1570490 452
1570500 452
1570510 452
1570520 451
1570530 451
1570540 450
1570550 450
1570560 450
1570570 449
1570580 448
1570590 448
1570600 448
1570610 447
1570620 447
1570630 447
1570640 447
1570650 447
1570660 447
1570670 446
1570680 446
1570690 446
1570700 446
1570710 446
1570720 445
1570730 445
1570740 445
1570750 444
1570760 444
1570770 443
1570780 443
1570790 443
1570800 442
1570810 442
1570820 442
1570830 442
1570840 442
1570850 441
1570860 441
1570870 441
1570880 440
1570890 440
1570900 440
1570910 440
1570920 440
1570930 440
1570940 440
1570950 440
1570960 440
1570970 440
1570980 440
1570990 440
1571000 440
1571010 440
1571020 440
1571030 440
1571040 440
1571050 440
1571060 440
1571070 440
1571080 440
1571090 440
1571100 440
1571110 440
1571120 440
1571130 440
1571140 440
1571150 440
1571160 440
1571170 440
1571180 440
1571190 440
1571200 440
1571210 440
1571220 440
1571230 440
1571240 441
1571250 441
1571260 441
1571270 441
1571280 441
1571290 441
1571300 441
1571310 441
1571320 441
1571330 440
1571340 440
1571350 440
1571360 440
1571370 440
1571380 440
1571390 440
1571400 441
1571410 441
1571420 441
1571430 441
1571440 441
1571450 441
1571460 441
1571470 441
1571480 441
1571490 441
1571500 442
1571510 442
1571520 442
1571530 443
1571540 443
1571550 444
1571560 443
1571570 443
1571580 443
1571590 443
1571600 443
1571610 443
1571620 443
1571630 443
1571640 443
1571650 443
1571660 443
1571670 443
1571680 443
1571690 443
1571700 443
1571710 443
1571720 443
1571730 443
1571740 443
1571750 443
1571760 443
1571770 443
1571780 443
1571790 443
1571800 442
1571810 442
1571820 441
1571830 438
1571840 438
1571850 437
1571860 441
1571870 441
1571880 444
1571890 444
1571900 444
1571910 444
1571920 444
1571930 444
1571940 444
1571950 444
1571960 444
1571970 444
1571980 444
1571990 444
1572000 444
1572010 444
1572020 444
1572030 444
1572040 444
1572050 444
1572060 445
1572070 445
1572080 445
1572090 445
1572100 445
1572110 445
1572120 445
1572130 445
1572140 445
1572150 445
1572160 445
1572170 445
1572180 445
1572190 445
1572200 445
1572210 445
1572220 445
1572230 446
1572240 446
1572250 446
1572260 446
1572270 446
1572280 446
1572290 446
1572300 446
1572310 446
1572320 446
1572330 446
1572340 446
1572350 446
1572360 446
1572370 446
1572380 448
1572390 448
1572400 448
1572410 448
1572420 448
1572430 448
1572440 447
1572450 447
1572460 447
1572470 447
1572480 447
1572490 447
1572500 447
1572510 447
1572520 447
1572530 447
1572540 447
1572550 447
1572560 448
1572570 448
1572580 448
1572590 448
1572600 448
1572610 448
1572620 448
1572630 448
1572640 448
1572650 448
1572660 448
1572670 448
1572680 448
1572690 448
1572700 448
1572710 448
1572720 448
1572730 448
1572740 448
1572750 448
1572760 448
1572770 448
1572780 448
1572790 448
1572800 448
1572810 447
1572820 447
1572830 446
1572840 447
1572850 447
1572860 448
1572870 448
1572880 448
1572890 449
1572900 449
1572910 449
1572920 449
1572930 449
1572940 449
1572950 449
1572960 450
1572970 450
1572980 450
1572990 451
1573000 451
1573010 451
1573020 451
1573030 451
1573040 450
1573050 450
1573060 450
1573070 451
1573080 451
1573090 451
1573100 451
1573110 452
1573120 452
1573130 452
1573140 452
1573150 452
1573160 453
1573170 453
1573180 453
1573190 454
1573200 455
1573210 455
1573220 455
1573230 455
1573240 455
1573250 455
1573260 455
1573270 455
1573280 455
1573290 456
1573300 456
1573310 456
1573320 456
1573330 456
1573340 457
1573350 457
1573360 457
1573370 457
1573380 458
1573390 458
1573400 458
1573410 459
1573420 459
1573430 459
1573440 459
1573450 460
1573460 460
1573470 460
1573480 460
1573490 460
1573500 461
1573510 462
1573520 462
1573530 462
1573540 462
1573550 462
1573560 462
1573570 462
1573580 462
1573590 463
1573600 463
1573610 463
1573620 463
1573630 464
1573640 464
1573650 466
1573660 466
1573670 466
1573680 466
1573690 466
1573700 466
1573710 466
1573720 466
1573730 466
1573740 466
1573750 467
1573760 467
1573770 468
1573780 468
1573790 468
1573800 468
1573810 468
1573820 468
1573830 469
1573840 468
1573850 468
1573860 469
1573870 469
1573880 469
1573890 469
1573900 470
1573910 470
1573920 470
1573930 471
1573940 471
1573950 472
1573960 472
1573970 472
1573980 472
1573990 472
1574000 472
1574010 472
1574020 473
1574030 473
1574040 473
1574050 473
1574060 473
1574070 474
1574080 475
1574090 475
1574100 475
1574110 476
1574120 476
1574130 476
1574140 477
1574150 478
1574160 478
1574170 478
1574180 479
1574190 479
1574200 479
1574210 480
1574220 480
1574230 480
1574240 481
1574250 481
1574260 482
1574270 482
1574280 482
1574290 483
1574300 484
1574310 484
1574320 484
1574330 485
1574340 485
1574350 486
1574360 488
1574370 488
1574380 489
1574390 490
1574400 490
1574410 492
1574420 493
1574430 493
1574440 494
1574450 496
1574460 496
1574470 497
1574480 499
1574490 499
1574500 500
1574510 501
1574520 501
1574530 503
1574540 504
1574550 504
1574560 506
1574570 508
1574580 508
1574590 509
1574600 511
1574610 511
1574620 513
1574630 515
1574640 515
1574650 517
1574660 518
1574670 518
1574680 520
1574690 522
1574700 522
1574710 524
1574720 526
1574730 526
1574740 528
1574750 530
1574760 530
1574770 532
1574780 535
1574790 535
1574800 536
1574810 538
1574820 540
1574830 540
1574840 543
1574850 545
1574860 545
1574870 547
1574880 549
1574890 549
1574900 552
1574910 555
1574920 555
1574930 557
1574940 560
1574950 560
1574960 562
1574970 564
1574980 564
1574990 566
1575000 568
1575010 568
1575020 570
1575030 573
1575040 573
1575050 576
1575060 578
1575070 578
1575080 580
1575090 582
1575100 582
1575110 583
1575120 585
1575130 585
1575140 587
1575150 589
1575160 589
1575170 592
1575180 594
1575190 594
1575200 596
1575210 598
1575220 598
1575230 601
1575240 604
1575250 604
1575260 607
1575270 609
1575280 609
1575290 612
1575300 614
1575310 614
1575320 616
1575330 619
1575340 619
1575350 623
1575360 626
1575370 626
1575380 628
1575390 631
1575400 631
1575410 633
1575420 634
1575430 634
1575440 636
1575450 638
1575460 638
1575470 640
1575480 642
1575490 644
1575500 644
1575510 646
1575520 648
1575530 648
1575540 650
1575550 652
1575560 652
1575570 654
1575580 657
1575590 657
1575600 660
1575610 663
1575620 663
1575630 668
1575640 671
1575650 671
1575660 673
1575670 675
1575680 675
1575690 679
1575700 683
1575710 683
1575720 688
1575730 694
1575740 694
1575750 700
1575760 706
1575770 706
1575780 713
1575790 720
1575800 720
1575810 727
1575820 733
1575830 733
1575840 740
1575850 755
1575860 755
1575870 770
1575880 769
1575890 769
1575900 768
1575910 771
1575920 771
1575930 776
1575940 782
1575950 782
1575960 790
1575970 797
1575980 797
1575990 803
1576000 808
1576010 808
1576020 812
1576030 818
1576040 818
1576050 823
1576060 826
1576070 826
1576080 830
1576090 834
1576100 834
1576110 839
1576120 844
1576130 844
1576140 849
1576150 854
1576160 858
1576170 858
1576180 862
1576190 865
1576200 865
1576210 869
1576220 871
1576230 871
1576240 875
1576250 878
1576260 878
1576270 881
1576280 884
1576290 884
1576300 888
1576310 891
1576320 891
1576330 895
1576340 899
1576350 899
1576360 903
1576370 907
1576380 907
1576390 911
1576400 914
1576410 914
1576420 917
1576430 920
1576440 920
1576450 922
1576460 924
1576470 924
1576480 926
1576490 928
1576500 928
1576510 930
1576520 930
1576530 930
1576540 930
1576550 932
1576560 932
1576570 935
1576580 937
1576590 937
1576600 939
1576610 940
1576620 940
1576630 942
1576640 944
1576650 944
1576660 945
1576670 946
1576680 946
1576690 947
1576700 947
1576710 950
1576720 952
1576730 953
1576740 953
1576750 953
1576760 951
1576770 951
1576780 950
1576790 951
1576800 951
1576810 951
1576820 954
1576830 956
1576840 956
1576850 958
1576860 960
1576870 960
1576880 962
1576890 961
1576900 961
1576910 959
1576920 957
1576930 957
1576940 956
1576950 954
1576960 954
1576970 952
1576980 952
1576990 952
1577000 951
1577010 951
1577020 951
1577030 953
1577040 953
1577050 953
1577060 953
1577070 951
1577080 951
1577090 950
1577100 952
1577110 952
1577120 954
1577130 955
1577140 955
1577150 955
1577160 955
1577170 955
1577180 955
1577190 953
1577200 953
1577210 949
1577220 945
1577230 945
1577240 941
1577250 940
1577260 940
1577270 940
1577280 942
1577290 942
1577300 945
1577310 949
1577320 949
1577330 953
1577340 959
1577350 959
1577360 965
1577370 971
1577380 971
1577390 977
1577400 982
1577410 982
1577420 987
1577430 991
1577440 991
1577450 994
1577460 996
1577470 996
1577480 997
1577490 998
1577500 998
1577510 999
1577520 1000
1577530 1001
1577540 1001
1577550 1001
1577560 1002
1577570 1002
1577580 1003
1577590 1003
1577600 1003
1577610 1004
1577620 1004
1577630 1004
1577640 1004
1577650 1004
1577660 1004
1577670 1003
1577680 1002
1577690 1002
1577700 1001
1577710 999
1577720 999
1577730 997
1577740 996
1577750 996
1577760 994
1577770 993
1577780 993
1577790 991
1577800 988
1577810 988
1577820 984
1577830 977
1577840 977
1577850 971
1577860 964
1577870 964
1577880 958
1577890 953
1577900 953
1577910 947
1577920 941
1577930 941
1577940 936
1577950 931
1577960 931
1577970 926
1577980 921
1577990 921
1578000 918
1578010 917
1578020 917
1578030 915
1578040 912
1578050 912
1578060 909
1578070 910
1578080 910
1578090 915
1578100 918
1578110 918
1578120 920
1578130 927
1578140 927
1578150 931
1578160 936
1578170 936
1578180 940
1578190 943
1578200 947
1578210 947
1578220 951
1578230 954
1578240 954
1578250 958
1578260 961
1578270 961
1578280 965
1578290 969
1578300 969
1578310 972
1578320 974
1578330 974
1578340 976
1578350 977
1578360 977
1578370 978
1578380 977
1578390 977
1578400 980
1578410 984
1578420 984
1578430 988
1578440 991
1578450 991
1578460 993
1578470 994
1578480 994
1578490 995
1578500 995
1578510 995
1578520 995
1578530 996
1578540 996
1578550 1000
1578560 1005
1578570 1005
1578580 1010
1578590 1014
1578600 1014
1578610 1018
1578620 1020
1578630 1020
1578640 1021
1578650 1020
1578660 1020
1578670 1021
1578680 1022
1578690 1022
1578700 1025
1578710 1028
1578720 1028
1578730 1031
1578740 1034
1578750 1034
1578760 1036
1578770 1039
1578780 1039
1578790 1042
1578800 1045
1578810 1045
1578820 1047
1578830 1048
1578840 1048
1578850 1050
1578860 1051
1578870 1052
1578880 1052
1578890 1053
1578900 1053
1578910 1053
1578920 1053
1578930 1054
1578940 1054
1578950 1055
1578960 1056
1578970 1056
1578980 1057
1578990 1057
1579000 1057
1579010 1057
1579020 1058
1579030 1058
1579040 1059
1579050 1059
1579060 1059
1579070 1060
1579080 1059
1579090 1059
1579100 1058
1579110 1057
1579120 1057
1579130 1055
1579140 1054
1579150 1054
1579160 1051
1579170 1049
1579180 1049
1579190 1046
1579200 1044
1579210 1044
1579220 1042
1579230 1040
1579240 1040
1579250 1037
1579260 1034
1579270 1034
1579280 1029
1579290 1025
1579300 1025
1579310 1021
1579320 1017
1579330 1017
1579340 1013
1579350 1011
1579360 1011
1579370 1008
1579380 1005
1579390 1005
1579400 1001
1579410 998
1579420 998
1579430 996
1579440 995
1579450 995
1579460 995
1579470 997
1579480 997
1579490 997
1579500 995
1579510 995
1579520 993
1579530 991
1579540 989
1579550 989
1579560 985
1579570 982
1579580 982
1579590 977
1579600 971
1579610 971
1579620 963
1579630 952
1579640 952
1579650 939
1579660 931
1579670 931
1579680 922
1579690 914
1579700 914
1579710 908
1579720 901
1579730 901
1579740 895
1579750 891
1579760 891
1579770 889
1579780 891
1579790 891
1579800 892
1579810 893
1579820 893
1579830 892
1579840 891
1579850 891
1579860 891
1579870 892
1579880 892
1579890 894
1579900 897
1579910 897
1579920 900
1579930 904
1579940 904
1579950 907
1579960 909
1579970 909
1579980 911
1579990 911
