1560000 873
1560010 865
1560020 855
1560030 855
1560040 845
1560050 837
1560060 837
1560070 829
1560080 822
1560090 822
1560100 814
1560110 807
1560120 807
1560130 800
1560140 793
1560150 793
1560160 788
1560170 787
1560180 787
1560190 788
1560200 787
1560210 787
1560220 786
1560230 786
1560240 786
1560250 787
1560260 787
1560270 787
1560280 786
1560290 787
1560300 787
1560310 790
1560320 792
1560330 792
1560340 794
1560350 795
1560360 795
1560370 795
1560380 795
1560390 795
1560400 795
1560410 795
1560420 795
1560430 795
1560440 794
1560450 794
1560460 794
1560470 793
1560480 792
1560490 792
1560500 792
1560510 790
1560520 790
1560530 789
1560540 788
1560550 788
1560560 787
1560570 786
1560580 786
1560590 786
1560600 786
1560610 786
1560620 785
1560630 785
1560640 785
1560650 785
1560660 784
1560670 784
1560680 783
1560690 782
1560700 782
1560710 781
1560720 779
1560730 779
1560740 778
1560750 776
1560760 776
1560770 775
1560780 772
1560790 772
1560800 770
1560810 767
1560820 767
1560830 764
1560840 759
1560850 759
1560860 753
1560870 750
1560880 750
1560890 748
1560900 746
1560910 746
1560920 745
1560930 743
1560940 743
1560950 742
1560960 740
1560970 740
1560980 738
1560990 737
1561000 737
1561010 736
1561020 734
1561030 730
1561040 730
1561050 730
1561060 731
1561070 731
1561080 731
1561090 731
1561100 731
1561110 731
1561120 729
1561130 729
1561140 725
1561150 718
1561160 718
1561170 710
1561180 703
1561190 703
1561200 697
1561210 691
1561220 691
1561230 687
1561240 684
1561250 684
1561260 681
1561270 679
1561280 679
1561290 678
1561300 675
1561310 675
1561320 671
1561330 666
1561340 666
1561350 662
1561360 658
1561370 658
1561380 654
1561390 649
1561400 649
1561410 646
1561420 643
1561430 643
1561440 641
1561450 640
1561460 640
1561470 640
1561480 641
1561490 641
1561500 643
1561510 642
1561520 642
1561530 644
1561540 650
1561550 650
1561560 655
1561570 660
1561580 660
1561590 666
1561600 671
1561610 671
1561620 675
1561630 680
1561640 680
1561650 684
1561660 687
1561670 687
1561680 689
1561690 690
1561700 690
1561710 690
1561720 690
1561730 690
1561740 690
1561750 688
1561760 685
1561770 685
1561780 681
1561790 677
1561800 677
1561810 673
1561820 668
1561830 668
1561840 664
1561850 663
1561860 663
1561870 663
1561880 663
1561890 663
1561900 664
1561910 665
1561920 665
1561930 666
1561940 664
1561950 664
1561960 663
1561970 661
1561980 661
1561990 661
1562000 663
1562010 663
1562020 665
1562030 667
1562040 667
1562050 668
1562060 666
1562070 666
1562080 663
1562090 658
1562100 658
1562110 654
1562120 651
1562130 651
1562140 651
1562150 653
1562160 653
1562170 654
1562180 654
1562190 654
1562200 654
1562210 654
1562220 654
1562230 658
1562240 662
1562250 662
1562260 666
1562270 669
1562280 669
1562290 672
1562300 675
1562310 675
1562320 678
1562330 682
1562340 682
1562350 685
1562360 688
1562370 691
1562380 691
1562390 694
1562400 697
1562410 697
1562420 700
1562430 703
1562440 703
1562450 705
1562460 707
1562470 707
1562480 709
1562490 710
1562500 710
1562510 711
1562520 711
1562530 711
1562540 710
1562550 709
1562560 709
1562570 708
1562580 706
1562590 706
1562600 705
1562610 703
1562620 703
1562630 701
1562640 698
1562650 698
1562660 696
1562670 692
1562680 692
1562690 685
1562700 677
1562710 677
1562720 672
1562730 669
1562740 669
1562750 666
1562760 662
1562770 662
1562780 658
1562790 656
1562800 656
1562810 655
1562820 656
1562830 656
1562840 660
1562850 664
1562860 664
1562870 667
1562880 669
1562890 669
1562900 670
1562910 670
1562920 670
1562930 670
1562940 670
1562950 670
1562960 670
1562970 669
1562980 669
1562990 669
1563000 668
1563010 668
1563020 668
1563030 668
1563040 668
1563050 668
1563060 668
1563070 668
1563080 668
1563090 669
1563100 669
1563110 669
1563120 669
1563130 670
1563140 670
1563150 670
1563160 670
1563170 670
1563180 671
1563190 671
1563200 671
1563210 671
1563220 671
1563230 671
1563240 672
1563250 672
1563260 672
1563270 673
1563280 673
1563290 673
1563300 674
1563310 674
1563320 674
1563330 674
1563340 675
1563350 675
1563360 675
1563370 675
1563380 675
1563390 676
1563400 676
1563410 676
1563420 676
1563430 676
1563440 676
1563450 676
1563460 675
1563470 675
1563480 675
1563490 674
1563500 674
1563510 673
1563520 672
1563530 672
1563540 671
1563550 670
1563560 670
1563570 669
1563580 668
1563590 668
1563600 667
1563610 665
1563620 665
1563630 663
1563640 661
1563650 661
1563660 659
1563670 658
1563680 658
1563690 657
1563700 657
1563710 657
1563720 657
1563730 657
1563740 656
1563750 656
1563760 656
1563770 655
1563780 655
1563790 655
1563800 655
1563810 655
1563820 655
1563830 655
1563840 655
1563850 654
1563860 654
1563870 654
1563880 654
1563890 655
1563900 655
1563910 653
1563920 646
1563930 646
1563940 637
1563950 628
1563960 628
1563970 620
1563980 612
1563990 612
1564000 611
1564010 614
1564020 614
1564030 617
1564040 620
1564050 620
1564060 624
1564070 627
1564080 627
1564090 631
1564100 635
1564110 635
1564120 638
1564130 638
1564140 638
1564150 638
1564160 636
1564170 636
1564180 633
1564190 629
1564200 629
1564210 624
1564220 618
1564230 618
1564240 612
1564250 604
1564260 604
1564270 596
1564280 592
1564290 592
1564300 593
1564310 593
1564320 593
1564330 593
1564340 594
1564350 594
1564360 597
1564370 602
1564380 609
1564390 609
1564400 616
1564410 622
1564420 622
1564430 628
1564440 633
1564450 633
1564460 638
1564470 643
1564480 643
1564490 647
1564500 651
1564510 651
1564520 655
1564530 659
1564540 659
1564550 662
1564560 666
1564570 666
1564580 670
1564590 674
1564600 674
1564610 677
1564620 681
1564630 681
1564640 685
1564650 689
1564660 689
1564670 692
1564680 696
1564690 696
1564700 701
1564710 705
1564720 705
1564730 709
1564740 713
1564750 713
1564760 718
1564770 722
1564780 722
1564790 726
1564800 730
1564810 730
1564820 735
1564830 739
1564840 739
1564850 744
1564860 748
1564870 748
1564880 752
1564890 757
1564900 757
1564910 762
1564920 766
1564930 766
1564940 771
1564950 775
1564960 775
1564970 780
1564980 785
1564990 785
1565000 789
1565010 794
1565020 794
1565030 798
1565040 803
1565050 803
1565060 808
1565070 813
1565080 817
1565090 817
1565100 822
1565110 826
1565120 826
1565130 830
1565140 835
1565150 835
1565160 839
1565170 843
1565180 843
1565190 846
1565200 850
1565210 850
1565220 854
1565230 857
1565240 857
1565250 860
1565260 862
1565270 862
1565280 864
1565290 865
1565300 865
1565310 866
1565320 867
1565330 867
1565340 867
1565350 867
1565360 867
1565370 867
1565380 867
1565390 867
1565400 866
1565410 866
1565420 866
1565430 865
1565440 865
1565450 865
1565460 864
1565470 863
1565480 863
1565490 862
1565500 862
1565510 862
1565520 861
1565530 860
1565540 860
1565550 859
1565560 858
1565570 858
1565580 857
1565590 856
1565600 856
1565610 855
1565620 853
1565630 853
1565640 852
1565650 850
1565660 850
1565670 849
1565680 848
1565690 848
1565700 846
1565710 845
1565720 845
1565730 844
1565740 843
1565750 841
1565760 841
1565770 840
1565780 839
1565790 839
1565800 838
1565810 837
1565820 837
1565830 837
1565840 836
1565850 836
1565860 836
1565870 837
1565880 837
1565890 836
1565900 836
1565910 836
1565920 836
1565930 829
1565940 829
1565950 829
1565960 829
1565970 829
1565980 829
1565990 828
1566000 828
1566010 827
1566020 826
1566030 826
1566040 825
1566050 823
1566060 823
1566070 822
1566080 820
1566090 820
1566100 819
1566110 818
1566120 818
1566130 817
1566140 816
1566150 816
1566160 815
1566170 814
1566180 814
1566190 812
1566200 811
1566210 811
1566220 809
1566230 808
1566240 808
1566250 807
1566260 806
1566270 806
1566280 805
1566290 804
1566300 804
1566310 803
1566320 802
1566330 802
1566340 801
1566350 799
1566360 799
1566370 798
1566380 796
1566390 796
1566400 794
1566410 792
1566420 790
1566430 790
1566440 789
1566450 787
1566460 787
1566470 785
1566480 783
1566490 783
1566500 781
1566510 779
1566520 779
1566530 777
1566540 774
1566550 774
1566560 772
1566570 770
1566580 770
1566590 768
1566600 765
1566610 765
1566620 762
1566630 761
1566640 761
1566650 760
1566660 759
1566670 759
1566680 758
1566690 759
1566700 759
1566710 760
1566720 762
1566730 762
1566740 763
1566750 764
1566760 764
1566770 765
1566780 766
1566790 766
1566800 767
1566810 768
1566820 768
1566830 769
1566840 770
1566850 770
1566860 771
1566870 773
1566880 773
1566890 775
1566900 777
1566910 777
1566920 779
1566930 779
1566940 779
1566950 779
1566960 779
1566970 779
1566980 779
1566990 778
1567000 778
1567010 777
1567020 775
1567030 775
1567040 773
1567050 772
1567060 772
1567070 771
1567080 770
1567090 770
1567100 770
1567110 769
1567120 769
1567130 769
1567140 768
1567150 767
1567160 767
1567170 765
1567180 763
1567190 763
1567200 762
1567210 762
1567220 762
1567230 761
1567240 760
1567250 760
1567260 759
1567270 758
1567280 758
1567290 758
1567300 756
1567310 756
1567320 755
1567330 754
1567340 754
1567350 753
1567360 753
1567370 753
1567380 753
1567390 753
1567400 753
1567410 753
1567420 753
1567430 753
1567440 754
1567450 754
1567460 754
1567470 755
1567480 755
1567490 755
1567500 752
1567510 751
1567520 751
1567530 751
1567540 751
1567550 751
1567560 750
1567570 750
1567580 750
1567590 750
1567600 750
1567610 750
1567620 750
1567630 749
1567640 749
1567650 749
1567660 749
1567670 749
1567680 748
1567690 748
1567700 748
1567710 747
1567720 746
1567730 746
1567740 746
1567750 745
1567760 744
1567770 744
1567780 744
1567790 743
1567800 743
1567810 742
1567820 742
1567830 742
1567840 741
1567850 739
1567860 739
1567870 738
1567880 738
1567890 738
1567900 737
1567910 736
1567920 736
1567930 735
1567940 734
1567950 734
1567960 733
1567970 733
1567980 733
1567990 734
1568000 734
1568010 734
1568020 734
1568030 733
1568040 733
1568050 731
1568060 730
1568070 730
1568080 728
1568090 727
1568100 727
1568110 725
1568120 724
1568130 724
1568140 723
1568150 721
1568160 721
1568170 720
1568180 721
1568190 721
1568200 722
1568210 723
1568220 723
1568230 720
1568240 716
1568250 716
1568260 711
1568270 705
1568280 705
1568290 702
1568300 700
1568310 700
1568320 696
1568330 693
1568340 693
1568350 690
1568360 688
1568370 688
1568380 686
1568390 684
1568400 684
1568410 681
1568420 678
1568430 675
1568440 675
1568450 672
1568460 667
1568470 667
1568480 662
1568490 659
1568500 659
1568510 657
1568520 653
1568530 653
1568540 649
1568550 646
1568560 646
1568570 644
1568580 643
1568590 643
1568600 641
1568610 639
1568620 639
1568630 637
1568640 635
1568650 635
1568660 634
1568670 633
1568680 633
1568690 633
1568700 632
1568710 632
1568720 630
1568730 626
1568740 626
1568750 622
1568760 619
1568770 619
1568780 616
1568790 611
1568800 611
1568810 609
1568820 606
1568830 606
1568840 603
1568850 600
1568860 600
1568870 597
1568880 595
1568890 595
1568900 592
1568910 590
1568920 590
1568930 589
1568940 587
1568950 587
1568960 585
1568970 584
1568980 584
1568990 582
1569000 580
1569010 580
1569020 578
1569030 575
1569040 572
1569050 571
1569060 570
1569070 570
1569080 569
1569090 568
1569100 566
1569110 566
1569120 565
1569130 564
1569140 564
1569150 562
1569160 560
1569170 560
1569180 558
1569190 557
1569200 557
1569210 554
1569220 551
1569230 551
1569240 552
1569250 552
1569260 552
1569270 552
1569280 551
1569290 551
1569300 550
1569310 550
1569320 550
1569330 549
1569340 548
1569350 548
1569360 547
1569370 546
1569380 546
1569390 544
1569400 542
1569410 542
1569420 541
1569430 539
1569440 539
1569450 537
1569460 536
1569470 536
1569480 534
1569490 532
1569500 532
1569510 530
1569520 528
1569530 528
1569540 527
1569550 525
1569560 525
1569570 523
1569580 521
1569590 521
1569600 520
1569610 518
1569620 518
1569630 516
1569640 514
1569650 514
1569660 512
1569670 510
1569680 510
1569690 508
1569700 507
1569710 507
1569720 505
1569730 504
1569740 504
1569750 504
1569760 502
1569770 501
1569780 501
1569790 500
1569800 499
1569810 499
1569820 498
1569830 497
1569840 497
1569850 496
1569860 495
1569870 495
1569880 494
1569890 493
1569900 493
1569910 492
1569920 491
1569930 491
1569940 490
1569950 489
1569960 489
1569970 488
1569980 487
1569990 487
1570000 486
1570010 485
1570020 485
1570030 484
1570040 483
1570050 483
1570060 482
1570070 481
1570080 481
1570090 480
1570100 479
1570110 479
1570120 478
1570130 477
1570140 477
1570150 476
1570160 475
1570170 475
1570180 474
1570190 473
1570200 473
1570210 472
1570220 471
1570230 471
1570240 470
1570250 469
1570260 469
1570270 469
1570280 468
1570290 468
1570300 467
1570310 466
1570320 466
1570330 465
1570340 464
1570350 464
1570360 463
1570370 463
1570380 463
1570390 462
1570400 461
1570410 461
1570420 460
1570430 459
1570440 459
1570450 459
1570460 458
1570470 457
1570480 457
1570490 457
1570500 456
1570510 456
1570520 455
1570530 455
1570540 455
1570550 454
1570560 453
1570570 453
1570580 452
1570590 452
1570600 452
1570610 451
1570620 451
1570630 451
1570640 451
1570650 450
1570660 450
1570670 450
1570680 449
1570690 449
1570700 449
1570710 448
1570720 448
1570730 448
1570740 447
1570750 447
1570760 447
1570770 447
1570780 447
1570790 447
1570800 447
1570810 447
1570820 446
1570830 446
1570840 446
1570850 446
1570860 445
1570870 445
1570880 445
1570890 445
1570900 445
1570910 444
1570920 444
1570930 444
1570940 443
1570950 443
1570960 443
1570970 443
1570980 443
1570990 443
1571000 443
1571010 443
1571020 443
1571030 443
1571040 443
1571050 443
1571060 442
1571070 442
1571080 442
1571090 442
1571100 442
1571110 442
1571120 442
1571130 442
1571140 442
1571150 442
1571160 442
1571170 442
1571180 442
1571190 442
1571200 442
1571210 442
1571220 443
1571230 443
1571240 443
1571250 443
1571260 443
1571270 443
1571280 443
1571290 443
1571300 443
1571310 443
1571320 443
1571330 443
1571340 443
1571350 443
1571360 443
1571370 443
1571380 443
1571390 443
1571400 443
1571410 443
1571420 443
1571430 443
1571440 443
1571450 443
1571460 443
1571470 443
1571480 443
1571490 443
1571500 443
1571510 443
1571520 443
1571530 443
1571540 443
1571550 443
1571560 443
1571570 443
1571580 443
1571590 444
1571600 444
1571610 444
1571620 445
1571630 445
1571640 445
1571650 444
1571660 444
1571670 444
1571680 445
1571690 445
1571700 445
1571710 445
1571720 445
1571730 445
1571740 446
1571750 446
1571760 445
1571770 445
1571780 445
1571790 445
1571800 445
1571810 445
1571820 445
1571830 446
1571840 446
1571850 446
1571860 446
1571870 446
1571880 446
1571890 446
1571900 446
1571910 446
1571920 446
1571930 446
1571940 446
1571950 446
1571960 446
1571970 446
1571980 446
1571990 446
1572000 446
1572010 446
1572020 447
1572030 447
1572040 447
1572050 447
1572060 447
1572070 447
1572080 447
1572090 447
1572100 447
1572110 447
1572120 447
1572130 447
1572140 447
1572150 447
1572160 447
1572170 447
1572180 447
1572190 447
1572200 447
1572210 447
1572220 447
1572230 447
1572240 447
1572250 448
1572260 448
1572270 448
1572280 448
1572290 448
1572300 448
1572310 448
1572320 448
1572330 448
1572340 449
1572350 448
1572360 448
1572370 448
1572380 449
1572390 449
1572400 449
1572410 449
1572420 449
1572430 449
1572440 449
1572450 448
1572460 448
1572470 448
1572480 448
1572490 448
1572500 448
1572510 448
1572520 448
1572530 448
1572540 449
1572550 449
1572560 449
1572570 449
1572580 449
1572590 449
1572600 449
1572610 449
1572620 449
1572630 450
1572640 450
1572650 450
1572660 450
1572670 450
1572680 450
1572690 450
1572700 450
1572710 450
1572720 450
1572730 450
1572740 450
1572750 450
1572760 450
1572770 451
1572780 451
1572790 451
1572800 451
1572810 451
1572820 451
1572830 451
1572840 451
1572850 451
1572860 451
1572870 451
1572880 451
1572890 451
1572900 451
1572910 451
1572920 451
1572930 449
1572940 449
1572950 449
1572960 451
1572970 451
1572980 451
1572990 451
1573000 451
1573010 451
1573020 452
1573030 452
1573040 452
1573050 452
1573060 452
1573070 452
1573080 452
1573090 452
1573100 452
1573110 452
1573120 452
1573130 452
1573140 452
1573150 452
1573160 452
1573170 453
1573180 453
1573190 453
1573200 453
1573210 453
1573220 453
1573230 454
1573240 455
1573250 455
1573260 455
1573270 456
1573280 456
1573290 456
1573300 456
1573310 456
1573320 456
1573330 457
1573340 457
1573350 457
1573360 458
1573370 458
1573380 458
1573390 458
1573400 458
1573410 458
1573420 459
1573430 459
1573440 459
1573450 460
1573460 460
1573470 460
1573480 460
1573490 461
1573500 461
1573510 461
1573520 461
1573530 462
1573540 462
1573550 462
1573560 462
1573570 462
1573580 462
1573590 463
1573600 463
1573610 463
1573620 464
1573630 464
1573640 464
1573650 464
1573660 465
1573670 465
1573680 465
1573690 466
1573700 466
1573710 466
1573720 467
1573730 467
1573740 467
1573750 468
1573760 468
1573770 468
1573780 469
1573790 470
1573800 470
1573810 470
1573820 470
1573830 470
1573840 470
1573850 471
1573860 471
1573870 471
1573880 472
1573890 472
1573900 473
1573910 473
1573920 473
1573930 474
1573940 474
1573950 474
1573960 474
1573970 475
1573980 475
1573990 475
1574000 476
1574010 476
1574020 476
1574030 477
1574040 477
1574050 477
1574060 477
1574070 477
1574080 478
1574090 479
1574100 479
1574110 479
1574120 479
1574130 479
1574140 480
1574150 481
1574160 481
1574170 481
1574180 482
1574190 482
1574200 482
1574210 484
1574220 484
1574230 484
1574240 485
1574250 485
1574260 485
1574270 486
1574280 486
1574290 486
1574300 487
1574310 487
1574320 488
1574330 488
1574340 488
1574350 489
1574360 490
1574370 490
1574380 491
1574390 491
1574400 491
1574410 492
1574420 493
1574430 493
1574440 494
1574450 495
1574460 496
1574470 496
1574480 496
1574490 497
1574500 497
1574510 498
1574520 499
1574530 499
1574540 500
1574550 501
1574560 501
1574570 502
1574580 503
1574590 503
1574600 504
1574610 504
1574620 504
1574630 505
1574640 506
1574650 506
1574660 508
1574670 509
1574680 509
1574690 511
1574700 512
1574710 512
1574720 513
1574730 515
1574740 515
1574750 517
1574760 519
1574770 519
1574780 522
1574790 524
1574800 524
1574810 525
1574820 528
1574830 528
1574840 531
1574850 534
1574860 534
1574870 536
1574880 539
1574890 539
1574900 541
1574910 543
1574920 543
1574930 547
1574940 551
1574950 551
1574960 552
1574970 554
1574980 554
1574990 554
1575000 556
1575010 556
1575020 559
1575030 561
1575040 561
1575050 563
1575060 566
1575070 566
1575080 569
1575090 571
1575100 571
1575110 574
1575120 576
1575130 579
1575140 579
1575150 582
1575160 584
1575170 584
1575180 587
1575190 589
1575200 589
1575210 591
1575220 594
1575230 594
1575240 597
1575250 601
1575260 601
1575270 605
1575280 610
1575290 610
1575300 613
1575310 617
1575320 617
1575330 622
1575340 627
1575350 627
1575360 632
1575370 636
1575380 636
1575390 640
1575400 646
1575410 646
1575420 656
1575430 661
1575440 661
1575450 665
1575460 670
1575470 670
1575480 674
1575490 676
1575500 676
1575510 681
1575520 683
1575530 683
1575540 686
1575550 689
1575560 689
1575570 693
1575580 698
1575590 698
1575600 703
1575610 707
1575620 707
1575630 711
1575640 714
1575650 714
1575660 717
1575670 721
1575680 721
1575690 725
1575700 730
1575710 730
1575720 734
1575730 739
1575740 739
1575750 744
1575760 747
1575770 747
1575780 751
1575790 754
1575800 758
1575810 758
1575820 761
1575830 765
1575840 765
1575850 768
1575860 770
1575870 770
1575880 772
1575890 773
1575900 773
1575910 774
1575920 776
1575930 776
1575940 778
1575950 781
1575960 781
1575970 782
1575980 784
1575990 784
1576000 785
1576010 786
1576020 786
1576030 786
1576040 786
1576050 786
1576060 784
1576070 783
1576080 783
1576090 783
1576100 785
1576110 785
1576120 788
1576130 791
1576140 791
1576150 795
1576160 800
1576170 800
1576180 804
1576190 808
1576200 808
1576210 813
1576220 818
1576230 818
1576240 820
1576250 823
1576260 823
1576270 825
1576280 828
1576290 828
1576300 831
1576310 834
1576320 834
1576330 837
1576340 839
1576350 840
1576360 843
1576370 845
1576380 845
1576390 847
1576400 849
1576410 849
1576420 851
1576430 853
1576440 853
1576450 855
1576460 856
1576470 857
1576480 857
1576490 857
1576500 857
1576510 857
1576520 857
1576530 859
1576540 859
1576550 859
1576560 860
1576570 860
1576580 862
1576590 864
1576600 864
1576610 867
1576620 870
1576630 870
1576640 875
1576650 880
1576660 880
1576670 887
1576680 890
1576690 890
1576700 890
1576710 889
1576720 889
1576730 887
1576740 887
1576750 887
1576760 888
1576770 889
1576780 889
1576790 890
1576800 890
1576810 890
1576820 889
1576830 890
1576840 890
1576850 890
1576860 889
1576870 889
1576880 889
1576890 889
1576900 889
1576910 890
1576920 892
1576930 892
1576940 892
1576950 892
1576960 892
1576970 891
1576980 892
1576990 892
1577000 892
1577010 893
1577020 893
1577030 892
1577040 891
1577050 891
1577060 890
1577070 889
1577080 889
1577090 888
1577100 887
1577110 887
1577120 886
1577130 884
1577140 882
1577150 882
1577160 882
1577170 884
1577180 884
1577190 886
1577200 891
1577210 891
1577220 896
1577230 903
1577240 903
1577250 910
1577260 915
1577270 915
1577280 922
1577290 928
1577300 928
1577310 933
1577320 937
1577330 937
1577340 942
1577350 947
1577360 947
1577370 953
1577380 958
1577390 958
1577400 963
1577410 968
1577420 968
1577430 973
1577440 978
1577450 978
1577460 983
1577470 988
1577480 988
1577490 993
1577500 998
1577510 998
1577520 1003
1577530 1008
1577540 1008
1577550 1014
1577560 1019
1577570 1019
1577580 1024
1577590 1030
1577600 1030
1577610 1035
1577620 1041
1577630 1041
1577640 1046
1577650 1051
1577660 1051
1577670 1055
1577680 1059
1577690 1059
1577700 1062
1577710 1060
1577720 1060
1577730 1054
1577740 1045
1577750 1045
1577760 1037
1577770 1030
1577780 1030
1577790 1022
1577800 1016
1577810 1016
1577820 1010
1577830 1006
1577840 1004
1577850 1004
1577860 1003
1577870 1002
1577880 1002
1577890 1002
1577900 1001
1577910 1001
1577920 1001
1577930 1001
1577940 1001
1577950 1001
1577960 998
1577970 998
1577980 998
1577990 999
1578000 999
1578010 1001
1578020 999
1578030 999
1578040 997
1578050 994
1578060 994
1578070 991
1578080 988
1578090 988
1578100 990
1578110 993
1578120 993
1578130 994
1578140 992
1578150 992
1578160 990
1578170 987
1578180 987
1578190 985
1578200 983
1578210 983
1578220 982
1578230 981
1578240 981
1578250 980
1578260 981
1578270 981
1578280 985
1578290 989
1578300 989
1578310 992
1578320 995
1578330 995
1578340 997
1578350 998
1578360 998
1578370 1000
1578380 1001
1578390 1001
1578400 1003
1578410 1004
1578420 1004
1578430 1005
1578440 1006
1578450 1006
1578460 1008
1578470 1008
1578480 1008
1578490 1009
1578500 1009
1578510 1010
1578520 1010
1578530 1011
1578540 1011
1578550 1011
1578560 1012
1578570 1014
1578580 1014
1578590 1016
1578600 1018
1578610 1018
1578620 1019
1578630 1019
1578640 1019
1578650 1019
1578660 1018
1578670 1018
1578680 1017
1578690 1016
1578700 1016
1578710 1014
1578720 1013
1578730 1013
1578740 1011
1578750 1011
1578760 1011
1578770 1009
1578780 1007
1578790 1007
1578800 1006
1578810 1005
1578820 1005
1578830 1003
1578840 1002
1578850 1002
1578860 1001
1578870 999
1578880 999
1578890 998
1578900 996
1578910 996
1578920 995
1578930 994
1578940 994
1578950 993
1578960 993
1578970 993
1578980 992
1578990 991
1579000 991
1579010 990
1579020 989
1579030 989
1579040 988
1579050 986
1579060 986
1579070 985
1579080 984
1579090 984
1579100 983
1579110 986
1579120 986
1579130 984
1579140 982
1579150 982
1579160 979
1579170 975
1579180 970
1579190 970
1579200 964
1579210 957
1579220 957
1579230 949
1579240 943
1579250 943
1579260 938
1579270 933
1579280 933
1579290 928
1579300 922
1579310 922
1579320 917
1579330 912
1579340 912
1579350 907
1579360 903
1579370 903
1579380 898
1579390 895
1579400 895
1579410 892
1579420 890
1579430 890
1579440 889
1579450 887
1579460 887
1579470 885
1579480 885
1579490 885
1579500 885
1579510 884
1579520 884
1579530 882
1579540 880
1579550 880
1579560 877
1579570 873
1579580 873
1579590 870
1579600 866
1579610 866
1579620 864
1579630 860
1579640 860
1579650 857
1579660 853
1579670 853
1579680 850
1579690 847
1579700 847
1579710 844
1579720 841
1579730 841
1579740 835
1579750 828
1579760 828
1579770 821
1579780 814
1579790 814
1579800 809
1579810 806
1579820 806
1579830 805
1579840 806
1579850 807
1579860 807
1579870 808
1579880 808
1579890 808
1579900 809
1579910 810
1579920 810
1579930 811
1579940 811
1579950 811
1579960 809
1579970 806
1579980 806
1579990 804
