1560000 633
1560010 633
1560020 632
1560030 632
1560040 631
1560050 631
1560060 631
1560070 631
1560080 631
1560090 631
1560100 631
1560110 631
1560120 631
1560130 630
1560140 630
1560150 630
1560160 630
1560170 630
1560180 631
1560190 631
1560200 631
1560210 632
1560220 631
1560230 631
1560240 632
1560250 632
1560260 632
1560270 633
1560280 633
1560290 633
1560300 633
1560310 631
1560320 631
1560330 632
1560340 633
1560350 633
1560360 634
1560370 634
1560380 634
1560390 634
1560400 634
1560410 634
1560420 634
1560430 634
1560440 634
1560450 633
1560460 633
1560470 633
1560480 632
1560490 631
1560500 631
1560510 630
1560520 630
1560530 630
1560540 629
1560550 627
1560560 627
1560570 622
1560580 623
1560590 623
1560600 624
1560610 623
1560620 623
1560630 621
1560640 618
1560650 618
1560660 615
1560670 613
1560680 613
1560690 611
1560700 609
1560710 610
1560720 610
1560730 609
1560740 610
1560750 610
1560760 611
1560770 612
1560780 612
1560790 611
1560800 611
1560810 611
1560820 609
1560830 608
1560840 608
1560850 607
1560860 606
1560870 606
1560880 606
1560890 605
1560900 605
1560910 603
1560920 607
1560930 607
1560940 610
1560950 610
1560960 610
1560970 611
1560980 612
1560990 612
1561000 614
1561010 616
1561020 616
1561030 617
1561040 618
1561050 618
1561060 619
1561070 620
1561080 620
1561090 622
1561100 622
1561110 622
1561120 623
1561130 623
1561140 623
1561150 624
1561160 624
1561170 624
1561180 623
1561190 623
1561200 623
1561210 623
1561220 623
1561230 623
1561240 622
1561250 622
1561260 622
1561270 622
1561280 622
1561290 622
1561300 621
1561310 621
1561320 621
1561330 620
1561340 620
1561350 620
1561360 620
1561370 619
1561380 619
1561390 618
1561400 618
1561410 617
1561420 617
1561430 617
1561440 616
1561450 616
1561460 615
1561470 615
1561480 615
1561490 614
1561500 613
1561510 613
1561520 612
1561530 612
1561540 612
1561550 611
1561560 610
1561570 610
1561580 609
1561590 608
1561600 608
1561610 606
1561620 606
1561630 606
1561640 605
1561650 604
1561660 604
1561670 603
1561680 602
1561690 602
1561700 601
1561710 600
1561720 600
1561730 598
1561740 597
1561750 597
1561760 596
1561770 593
1561780 593
1561790 588
1561800 583
1561810 583
1561820 578
1561830 573
1561840 573
1561850 568
1561860 565
1561870 565
1561880 565
1561890 565
1561900 565
1561910 564
1561920 563
1561930 563
1561940 563
1561950 564
1561960 564
1561970 564
1561980 565
1561990 565
1562000 568
1562010 572
1562020 572
1562030 578
1562040 587
1562050 587
1562060 597
1562070 603
1562080 604
1562090 604
1562100 605
1562110 607
1562120 607
1562130 609
1562140 611
1562150 611
1562160 613
1562170 615
1562180 615
1562190 617
1562200 619
1562210 619
1562220 620
1562230 622
1562240 622
1562250 624
1562260 625
1562270 625
1562280 626
1562290 626
1562300 626
1562310 627
1562320 627
1562330 627
1562340 627
1562350 628
1562360 628
1562370 628
1562380 629
1562390 629
1562400 629
1562410 630
1562420 630
1562430 631
1562440 632
1562450 632
1562460 632
1562470 632
1562480 632
1562490 633
1562500 633
1562510 633
1562520 633
1562530 633
1562540 633
1562550 633
1562560 633
1562570 633
1562580 633
1562590 633
1562600 633
1562610 633
1562620 633
1562630 633
1562640 632
1562650 631
1562660 631
1562670 630
1562680 629
1562690 629
1562700 628
1562710 627
1562720 627
1562730 627
1562740 625
1562750 624
1562760 624
1562770 624
1562780 623
1562790 623
1562800 622
1562810 621
1562820 621
1562830 619
1562840 618
1562850 618
1562860 617
1562870 615
1562880 615
1562890 612
1562900 608
1562910 608
1562920 603
1562930 595
1562940 595
1562950 586
1562960 578
1562970 578
1562980 573
1562990 572
1563000 572
1563010 573
1563020 573
1563030 573
1563040 574
1563050 578
1563060 578
1563070 583
1563080 587
1563090 587
1563100 591
1563110 594
1563120 594
1563130 597
1563140 600
1563150 600
1563160 602
1563170 603
1563180 603
1563190 604
1563200 605
1563210 605
1563220 605
1563230 605
1563240 605
1563250 606
1563260 606
1563270 606
1563280 606
1563290 606
1563300 606
1563310 607
1563320 608
1563330 608
1563340 608
1563350 608
1563360 608
1563370 608
1563380 604
1563390 604
1563400 603
1563410 600
1563420 600
1563430 597
1563440 594
1563450 593
1563460 593
1563470 593
1563480 592
1563490 592
1563500 590
1563510 591
1563520 591
1563530 593
1563540 595
1563550 595
1563560 597
1563570 598
1563580 598
1563590 599
1563600 600
1563610 600
1563620 602
1563630 603
1563640 603
1563650 602
1563660 601
1563670 601
1563680 601
1563690 601
1563700 601
1563710 600
1563720 600
1563730 600
1563740 599
1563750 599
1563760 599
1563770 599
1563780 599
1563790 599
1563800 599
1563810 597
1563820 597
1563830 594
1563840 590
1563850 590
1563860 586
1563870 583
1563880 583
1563890 580
1563900 578
1563910 578
1563920 576
1563930 574
1563940 574
1563950 573
1563960 573
1563970 573
1563980 573
1563990 573
1564000 573
1564010 574
1564020 574
1564030 574
1564040 575
1564050 577
1564060 577
1564070 582
1564080 587
1564090 587
1564100 592
1564110 597
1564120 603
1564130 603
1564140 607
1564150 609
1564160 609
1564170 609
1564180 610
1564190 610
1564200 610
1564210 611
1564220 611
1564230 612
1564240 612
1564250 612
1564260 613
1564270 613
1564280 613
1564290 614
1564300 615
1564310 615
1564320 616
1564330 618
1564340 618
1564350 619
1564360 620
1564370 620
1564380 621
1564390 621
1564400 621
1564410 622
1564420 623
1564430 623
1564440 624
1564450 625
1564460 625
1564470 626
1564480 627
1564490 627
1564500 627
1564510 628
1564520 628
1564530 628
1564540 629
1564550 629
1564560 629
1564570 630
1564580 630
1564590 630
1564600 630
1564610 630
1564620 630
1564630 630
1564640 630
1564650 630
1564660 631
1564670 631
1564680 631
1564690 632
1564700 632
1564710 632
1564720 632
1564730 632
1564740 633
1564750 633
1564760 633
1564770 633
1564780 633
1564790 633
1564800 633
1564810 633
1564820 633
1564830 633
1564840 633
1564850 633
1564860 633
1564870 633
1564880 633
1564890 633
1564900 633
1564910 633
1564920 633
1564930 633
1564940 633
1564950 633
1564960 632
1564970 632
1564980 632
1564990 633
1565000 630
1565010 630
1565020 629
1565030 630
1565040 630
1565050 630
1565060 630
1565070 630
1565080 631
1565090 632
1565100 632
1565110 632
1565120 632
1565130 632
1565140 633
1565150 633
1565160 633
1565170 633
1565180 633
1565190 633
1565200 634
1565210 634
1565220 634
1565230 634
1565240 634
1565250 634
1565260 634
1565270 634
1565280 634
1565290 633
1565300 633
1565310 633
1565320 633
1565330 634
1565340 634
1565350 634
1565360 635
1565370 635
1565380 635
1565390 635
1565400 635
1565410 635
1565420 635
1565430 635
1565440 635
1565450 634
1565460 634
1565470 634
1565480 634
1565490 634
1565500 634
1565510 633
1565520 632
1565530 632
1565540 632
1565550 631
1565560 631
1565570 630
1565580 629
1565590 629
1565600 629
1565610 629
1565620 629
1565630 629
1565640 630
1565650 630
1565660 630
1565670 630
1565680 630
1565690 630
1565700 630
1565710 630
1565720 631
1565730 631
1565740 631
1565750 631
1565760 631
1565770 631
1565780 632
1565790 632
1565800 632
1565810 633
1565820 633
1565830 633
1565840 633
1565850 634
1565860 634
1565870 634
1565880 634
1565890 634
1565900 635
1565910 635
1565920 635
1565930 635
1565940 635
1565950 635
1565960 635
1565970 635
1565980 635
1565990 635
1566000 635
1566010 635
1566020 636
1566030 636
1566040 636
1566050 636
1566060 636
1566070 636
1566080 636
1566090 637
1566100 637
1566110 637
1566120 636
1566130 636
1566140 633
1566150 633
1566160 632
1566170 632
1566180 631
1566190 629
1566200 629
1566210 628
1566220 628
1566230 628
1566240 628
1566250 629
1566260 629
1566270 630
1566280 633
1566290 633
1566300 638
1566310 640
1566320 640
1566330 636
1566340 636
1566350 636
1566360 638
1566370 640
1566380 640
1566390 642
1566400 643
1566410 643
1566420 643
1566430 643
1566440 643
1566450 643
1566460 644
1566470 644
1566480 644
1566490 644
1566500 644
1566510 645
1566520 646
1566530 646
1566540 645
1566550 645
1566560 645
1566570 645
1566580 646
1566590 645
1566600 646
1566610 646
1566620 646
1566630 647
1566640 648
1566650 648
1566660 649
1566670 650
1566680 650
1566690 651
1566700 652
1566710 652
1566720 653
1566730 653
1566740 653
1566750 655
1566760 655
1566770 655
1566780 655
1566790 656
1566800 656
1566810 658
1566820 659
1566830 659
1566840 659
1566850 659
1566860 660
1566870 660
1566880 661
1566890 661
1566900 661
1566910 662
1566920 663
1566930 663
1566940 663
1566950 664
1566960 664
1566970 665
1566980 666
1566990 666
1567000 666
1567010 667
1567020 667
1567030 668
1567040 668
1567050 668
1567060 669
1567070 670
1567080 670
1567090 670
1567100 671
1567110 671
1567120 671
1567130 672
1567140 672
1567150 673
1567160 673
1567170 673
1567180 674
1567190 674
1567200 674
1567210 675
1567220 676
1567230 676
1567240 676
1567250 677
1567260 677
1567270 678
1567280 678
1567290 678
1567300 679
1567310 680
1567320 680
1567330 680
1567340 681
1567350 681
1567360 681
1567370 681
1567380 681
1567390 682
1567400 682
1567410 682
1567420 682
1567430 682
1567440 682
1567450 682
1567460 683
1567470 683
1567480 683
1567490 682
1567500 682
1567510 682
1567520 682
1567530 682
1567540 682
1567550 682
1567560 682
1567570 682
1567580 681
1567590 681
1567600 681
1567610 681
1567620 680
1567630 680
1567640 680
1567650 679
1567660 679
1567670 679
1567680 678
1567690 678
1567700 678
1567710 677
1567720 677
1567730 676
1567740 676
1567750 676
1567760 675
1567770 674
1567780 674
1567790 673
1567800 673
1567810 673
1567820 672
1567830 672
1567840 672
1567850 671
1567860 670
1567870 670
1567880 670
1567890 668
1567900 668
1567910 667
1567920 666
1567930 666
1567940 666
1567950 666
1567960 666
1567970 665
1567980 664
1567990 664
1568000 664
1568010 663
1568020 663
1568030 661
1568040 658
1568050 658
1568060 656
1568070 657
1568080 657
1568090 658
1568100 658
1568110 658
1568120 657
1568130 656
1568140 656
1568150 659
1568160 658
1568170 658
1568180 656
1568190 654
1568200 654
1568210 654
1568220 654
1568230 654
1568240 654
1568250 654
1568260 654
1568270 654
1568280 651
1568290 647
1568300 647
1568310 644
1568320 642
1568330 642
1568340 642
1568350 642
1568360 642
1568370 644
1568380 646
1568390 646
1568400 647
1568410 648
1568420 648
1568430 648
1568440 649
1568450 649
1568460 649
1568470 649
1568480 649
1568490 649
1568500 648
1568510 648
1568520 648
1568530 647
1568540 647
1568550 647
1568560 647
1568570 647
1568580 646
1568590 646
1568600 646
1568610 646
1568620 645
1568630 645
1568640 645
1568650 645
1568660 645
1568670 644
1568680 644
1568690 644
1568700 643
1568710 643
1568720 643
1568730 642
1568740 641
1568750 641
1568760 640
1568770 638
1568780 638
1568790 636
1568800 634
1568810 634
1568820 632
1568830 630
1568840 630
1568850 627
1568860 624
1568870 621
1568880 621
1568890 619
1568900 616
1568910 616
1568920 613
1568930 609
1568940 609
1568950 606
1568960 602
1568970 602
1568980 599
1568990 595
1569000 595
1569010 592
1569020 588
1569030 588
1569040 585
1569050 581
1569060 581
1569070 577
1569080 572
1569090 572
1569100 568
1569110 563
1569120 563
1569130 557
1569140 552
1569150 552
1569160 545
1569170 539
1569180 539
1569190 534
1569200 529
1569210 529
1569220 525
1569230 522
1569240 522
1569250 519
1569260 516
1569270 516
1569280 513
1569290 511
1569300 511
1569310 509
1569320 507
1569330 507
1569340 505
1569350 503
1569360 503
1569370 501
1569380 499
1569390 499
1569400 497
1569410 495
1569420 495
1569430 494
1569440 494
1569450 494
1569460 493
1569470 491
1569480 491
1569490 490
1569500 488
1569510 488
1569520 486
1569530 484
1569540 482
1569550 482
1569560 480
1569570 478
1569580 478
1569590 476
1569600 474
1569610 474
1569620 472
1569630 471
1569640 471
1569650 469
1569660 467
1569670 468
1569680 466
1569690 465
1569700 465
1569710 465
1569720 464
1569730 464
1569740 462
1569750 461
1569760 461
1569770 461
1569780 460
1569790 460
1569800 460
1569810 459
1569820 459
1569830 459
1569840 459
1569850 459
1569860 458
1569870 458
1569880 458
1569890 458
1569900 457
1569910 457
1569920 457
1569930 457
1569940 457
1569950 456
1569960 456
1569970 456
1569980 455
1569990 455
1570000 455
1570010 455
1570020 454
1570030 454
1570040 454
1570050 454
1570060 454
1570070 454
1570080 453
1570090 453
1570100 453
1570110 453
1570120 453
1570130 452
1570140 452
1570150 452
1570160 452
1570170 451
1570180 451
1570190 451
1570200 450
1570210 450
1570220 450
1570230 449
1570240 449
1570250 449
1570260 449
1570270 449
1570280 449
1570290 449
1570300 448
1570310 448
1570320 448
1570330 448
1570340 448
1570350 448
1570360 448
1570370 448
1570380 448
1570390 447
1570400 447
1570410 447
1570420 447
1570430 447
1570440 447
1570450 447
1570460 447
1570470 446
1570480 445
1570490 445
1570500 445
1570510 445
1570520 445
1570530 444
1570540 444
1570550 444
1570560 444
1570570 444
1570580 444
1570590 443
1570600 443
1570610 443
1570620 443
1570630 443
1570640 443
1570650 442
1570660 442
1570670 442
1570680 442
1570690 442
1570700 442
1570710 441
1570720 441
1570730 441
1570740 441
1570750 440
1570760 440
1570770 440
1570780 440
1570790 440
1570800 440
1570810 440
1570820 440
1570830 439
1570840 439
1570850 439
1570860 439
1570870 439
1570880 439
1570890 439
1570900 439
1570910 438
1570920 438
1570930 439
1570940 439
1570950 439
1570960 439
1570970 438
1570980 438
1570990 438
1571000 437
1571010 437
1571020 437
1571030 437
1571040 437
1571050 437
1571060 437
1571070 437
1571080 436
1571090 436
1571100 436
1571110 436
1571120 436
1571130 436
1571140 436
1571150 436
1571160 436
1571170 436
1571180 436
1571190 436
1571200 436
1571210 436
1571220 436
1571230 436
1571240 436
1571250 436
1571260 436
1571270 436
1571280 436
1571290 436
1571300 436
1571310 436
1571320 436
1571330 436
1571340 436
1571350 436
1571360 436
1571370 436
1571380 436
1571390 436
1571400 436
1571410 436
1571420 437
1571430 437
1571440 437
1571450 437
1571460 437
1571470 437
1571480 437
1571490 437
1571500 437
1571510 437
1571520 437
1571530 437
1571540 437
1571550 437
1571560 437
1571570 437
1571580 438
1571590 438
1571600 438
1571610 438
1571620 438
1571630 437
1571640 438
1571650 438
1571660 438
1571670 438
1571680 438
1571690 438
1571700 438
1571710 438
1571720 438
1571730 438
1571740 438
1571750 438
1571760 438
1571770 438
1571780 438
1571790 438
1571800 438
1571810 439
1571820 439
1571830 439
1571840 439
1571850 439
1571860 439
1571870 439
1571880 439
1571890 439
1571900 439
1571910 439
1571920 439
1571930 439
1571940 439
1571950 439
1571960 439
1571970 439
1571980 439
1571990 439
1572000 439
1572010 439
1572020 439
1572030 440
1572040 440
1572050 440
1572060 440
1572070 440
1572080 440
1572090 440
1572100 440
1572110 440
1572120 441
1572130 441
1572140 441
1572150 441
1572160 441
1572170 441
1572180 441
1572190 441
1572200 441
1572210 441
1572220 441
1572230 441
1572240 442
1572250 442
1572260 442
1572270 441
1572280 441
1572290 441
1572300 442
1572310 442
1572320 442
1572330 442
1572340 442
1572350 442
1572360 442
1572370 442
1572380 442
1572390 442
1572400 442
1572410 442
1572420 442
1572430 442
1572440 442
1572450 441
1572460 441
1572470 441
1572480 443
1572490 443
1572500 443
1572510 442
1572520 442
1572530 442
1572540 443
1572550 443
1572560 443
1572570 443
1572580 443
1572590 443
1572600 443
1572610 443
1572620 443
1572630 443
1572640 443
1572650 443
1572660 443
1572670 443
1572680 443
1572690 443
1572700 443
1572710 443
1572720 443
1572730 444
1572740 444
1572750 445
1572760 446
1572770 446
1572780 445
1572790 445
1572800 445
1572810 445
1572820 446
1572830 446
1572840 446
1572850 446
1572860 446
1572870 446
1572880 446
1572890 446
1572900 447
1572910 447
1572920 447
1572930 447
1572940 447
1572950 447
1572960 447
1572970 447
1572980 448
1572990 448
1573000 448
1573010 448
1573020 448
1573030 448
1573040 449
1573050 449
1573060 449
1573070 449
1573080 449
1573090 449
1573100 450
1573110 450
1573120 450
1573130 451
1573140 451
1573150 451
1573160 451
1573170 451
1573180 451
1573190 451
1573200 451
1573210 451
1573220 452
1573230 452
1573240 452
1573250 453
1573260 453
1573270 453
1573280 454
1573290 454
1573300 454
1573310 454
1573320 454
1573330 454
1573340 455
1573350 455
1573360 455
1573370 455
1573380 455
1573390 456
1573400 457
1573410 457
1573420 457
1573430 457
1573440 457
1573450 458
1573460 459
1573470 459
1573480 459
1573490 460
1573500 460
1573510 460
1573520 461
1573530 461
1573540 461
1573550 462
1573560 462
1573570 462
1573580 463
1573590 463
1573600 463
1573610 464
1573620 464
1573630 464
1573640 465
1573650 465
1573660 465
1573670 466
1573680 466
1573690 466
1573700 467
1573710 468
1573720 468
1573730 468
1573740 469
1573750 469
1573760 469
1573770 470
1573780 470
1573790 470
1573800 471
1573810 471
1573820 471
1573830 472
1573840 472
1573850 473
1573860 473
1573870 473
1573880 474
1573890 474
1573900 474
1573910 475
1573920 476
1573930 476
1573940 476
1573950 477
1573960 477
1573970 478
1573980 478
1573990 478
1574000 479
1574010 480
1574020 480
1574030 480
1574040 481
1574050 481
1574060 482
1574070 483
1574080 483
1574090 483
1574100 484
1574110 484
1574120 484
1574130 485
1574140 485
1574150 486
1574160 487
1574170 487
1574180 488
1574190 489
1574200 489
1574210 490
1574220 490
1574230 490
1574240 491
1574250 493
1574260 493
1574270 494
1574280 495
1574290 495
1574300 496
1574310 496
1574320 496
1574330 496
1574340 497
1574350 498
1574360 498
1574370 500
1574380 500
1574390 500
1574400 501
1574410 503
1574420 503
1574430 504
1574440 505
1574450 505
1574460 505
1574470 506
1574480 506
1574490 507
1574500 508
1574510 508
1574520 509
1574530 510
1574540 510
1574550 511
1574560 512
1574570 512
1574580 513
1574590 515
1574600 515
1574610 516
1574620 517
1574630 517
1574640 518
1574650 519
1574660 519
1574670 521
1574680 522
1574690 522
1574700 524
1574710 526
1574720 526
1574730 531
1574740 535
1574750 535
1574760 539
1574770 542
1574780 542
1574790 545
1574800 548
1574810 548
1574820 550
1574830 551
1574840 551
1574850 552
1574860 552
1574870 552
1574880 551
1574890 551
1574900 551
1574910 551
1574920 551
1574930 551
1574940 552
1574950 551
1574960 551
1574970 553
1574980 553
1574990 553
1575000 553
1575010 553
1575020 553
1575030 553
1575040 555
1575050 558
1575060 558
1575070 560
1575080 564
1575090 564
1575100 567
1575110 569
1575120 569
1575130 570
1575140 572
1575150 572
1575160 574
1575170 574
1575180 574
1575190 575
1575200 575
1575210 575
1575220 576
1575230 577
1575240 577
1575250 578
1575260 579
1575270 579
1575280 580
1575290 582
1575300 582
1575310 584
1575320 586
1575330 586
1575340 589
1575350 592
1575360 592
1575370 595
1575380 597
1575390 597
1575400 598
1575410 600
1575420 600
1575430 601
1575440 602
1575450 602
1575460 604
1575470 606
1575480 606
1575490 609
1575500 613
1575510 613
1575520 617
1575530 620
1575540 620
1575550 625
1575560 630
1575570 630
1575580 635
1575590 640
1575600 640
1575610 645
1575620 650
1575630 650
1575640 656
1575650 661
1575660 661
1575670 665
1575680 669
1575690 673
1575700 673
1575710 676
1575720 680
1575730 680
1575740 684
1575750 689
1575760 689
1575770 694
1575780 699
1575790 699
1575800 704
1575810 710
1575820 710
1575830 715
1575840 720
1575850 720
1575860 724
1575870 728
1575880 728
1575890 731
1575900 734
1575910 734
1575920 736
1575930 738
1575940 738
1575950 739
1575960 740
1575970 740
1575980 742
1575990 743
1576000 743
1576010 744
1576020 746
1576030 746
1576040 748
1576050 749
1576060 749
1576070 752
1576080 755
1576090 755
1576100 758
1576110 762
1576120 762
1576130 766
1576140 769
1576150 769
1576160 771
1576170 772
1576180 772
1576190 774
1576200 777
1576210 777
1576220 779
1576230 782
1576240 782
1576250 787
1576260 791
1576270 791
1576280 796
1576290 801
1576300 801
1576310 803
1576320 806
1576330 806
1576340 809
1576350 811
1576360 815
1576370 815
1576380 819
1576390 823
1576400 823
1576410 825
1576420 829
1576430 829
1576440 832
1576450 837
1576460 837
1576470 842
1576480 848
1576490 848
1576500 855
1576510 861
1576520 861
1576530 866
1576540 871
1576550 871
1576560 875
1576570 880
1576580 880
1576590 885
1576600 890
1576610 890
1576620 895
1576630 899
1576640 899
1576650 902
1576660 906
1576670 906
1576680 911
1576690 917
1576700 917
1576710 920
1576720 923
1576730 923
1576740 927
1576750 931
1576760 931
1576770 934
1576780 935
1576790 935
1576800 936
1576810 940
1576820 940
1576830 944
1576840 948
1576850 948
1576860 952
1576870 957
1576880 957
1576890 961
1576900 966
1576910 966
1576920 970
1576930 972
1576940 972
1576950 979
1576960 991
1576970 991
1576980 1004
1576990 1010
1577000 1010
1577010 1013
1577020 1017
1577030 1017
1577040 1020
1577050 1024
1577060 1028
1577070 1028
1577080 1031
1577090 1035
1577100 1035
1577110 1038
1577120 1043
1577130 1043
1577140 1057
1577150 1063
1577160 1063
1577170 1067
1577180 1069
1577190 1069
1577200 1072
1577210 1074
1577220 1074
1577230 1075
1577240 1075
1577250 1075
1577260 1074
1577270 1071
1577280 1071
1577290 1068
1577300 1065
1577310 1065
1577320 1062
1577330 1059
1577340 1059
1577350 1055
1577360 1051
1577370 1051
1577380 1047
1577390 1042
1577400 1042
1577410 1037
1577420 1031
1577430 1031
1577440 1026
1577450 1023
1577460 1023
1577470 1021
1577480 1020
1577490 1020
1577500 1018
1577510 1015
1577520 1015
1577530 1012
1577540 1008
1577550 1008
1577560 1005
1577570 1000
1577580 1000
1577590 994
1577600 987
1577610 987
1577620 980
1577630 974
1577640 974
1577650 968
1577660 962
1577670 962
1577680 956
1577690 952
1577700 952
1577710 948
1577720 945
1577730 941
1577740 941
1577750 937
1577760 934
1577770 934
1577780 932
1577790 930
1577800 930
1577810 928
1577820 926
1577830 926
1577840 925
1577850 923
1577860 923
1577870 922
1577880 920
1577890 920
1577900 917
1577910 916
1577920 916
1577930 914
1577940 912
1577950 912
1577960 910
1577970 908
1577980 908
1577990 905
1578000 901
1578010 901
1578020 897
1578030 892
1578040 892
1578050 887
1578060 881
1578070 881
1578080 875
1578090 869
1578100 869
1578110 863
1578120 858
1578130 858
1578140 854
1578150 851
1578160 851
1578170 847
1578180 843
1578190 843
1578200 840
1578210 837
1578220 837
1578230 833
1578240 829
1578250 829
1578260 826
1578270 823
1578280 823
1578290 819
1578300 816
1578310 816
1578320 814
1578330 811
1578340 811
1578350 807
1578360 804
1578370 804
1578380 802
1578390 803
1578400 803
1578410 802
1578420 804
1578430 806
1578440 806
1578450 809
1578460 813
1578470 813
1578480 817
1578490 820
1578500 820
1578510 822
1578520 823
1578530 823
1578540 820
1578550 819
1578560 819
1578570 821
1578580 824
1578590 824
1578600 826
1578610 828
1578620 828
1578630 831
1578640 834
1578650 834
1578660 836
1578670 840
1578680 840
1578690 844
1578700 849
1578710 849
1578720 852
1578730 856
1578740 856
1578750 860
1578760 864
1578770 864
1578780 870
1578790 874
1578800 874
1578810 878
1578820 881
1578830 881
1578840 883
1578850 884
1578860 884
1578870 883
1578880 882
1578890 882
1578900 881
1578910 878
1578920 878
1578930 876
1578940 877
1578950 877
1578960 880
1578970 883
1578980 883
1578990 886
1579000 889
1579010 889
1579020 893
1579030 898
1579040 898
1579050 903
1579060 909
1579070 909
1579080 914
1579090 919
1579100 924
1579110 924
1579120 928
1579130 932
1579140 932
1579150 936
1579160 938
1579170 938
1579180 940
1579190 939
1579200 939
1579210 935
1579220 930
1579230 930
1579240 926
1579250 921
1579260 921
1579270 916
1579280 913
1579290 913
1579300 912
1579310 913
1579320 913
1579330 915
1579340 919
1579350 919
1579360 921
1579370 923
1579380 923
1579390 926
1579400 928
1579410 928
1579420 929
1579430 931
1579440 931
1579450 935
1579460 939
1579470 939
1579480 943
1579490 947
1579500 947
1579510 952
1579520 957
1579530 957
1579540 961
1579550 965
1579560 965
1579570 967
1579580 970
1579590 970
1579600 972
1579610 973
1579620 973
1579630 975
1579640 978
1579650 978
1579660 981
1579670 984
1579680 978
1579690 982
1579700 986
1579710 986
1579720 992
1579730 997
1579740 997
1579750 1001
1579760 1005
1579770 1008
1579780 1008
1579790 1011
1579800 1013
1579810 1013
1579820 1016
1579830 1019
1579840 1019
1579850 1022
1579860 1026
1579870 1026
1579880 1028
1579890 1031
1579900 1031
1579910 1034
1579920 1037
1579930 1037
1579940 1041
1579950 1045
1579960 1045
1579970 1048
1579980 1052
1579990 1052
