1560000 557
1560010 557
1560020 556
1560030 555
1560040 555
1560050 554
1560060 553
1560070 553
1560080 551
1560090 549
1560100 549
1560110 544
1560120 540
1560130 540
1560140 542
1560150 542
1560160 542
1560170 540
1560180 538
1560190 538
1560200 535
1560210 533
1560220 530
1560230 530
1560240 527
1560250 525
1560260 525
1560270 524
1560280 524
1560290 524
1560300 524
1560310 525
1560320 525
1560330 525
1560340 525
1560350 525
1560360 526
1560370 527
1560380 527
1560390 527
1560400 527
1560410 527
1560420 527
1560430 525
1560440 525
1560450 523
1560460 522
1560470 522
1560480 523
1560490 523
1560500 523
1560510 523
1560520 523
1560530 523
1560540 523
1560550 522
1560560 522
1560570 521
1560580 522
1560590 522
1560600 522
1560610 521
1560620 521
1560630 520
1560640 520
1560650 520
1560660 519
1560670 519
1560680 519
1560690 521
1560700 523
1560710 523
1560720 524
1560730 525
1560740 525
1560750 527
1560760 529
1560770 529
1560780 531
1560790 533
1560800 533
1560810 535
1560820 537
1560830 537
1560840 539
1560850 548
1560860 548
1560870 551
1560880 554
1560890 554
1560900 556
1560910 559
1560920 562
1560930 562
1560940 565
1560950 570
1560960 570
1560970 574
1560980 577
1560990 577
1561000 582
1561010 585
1561020 585
1561030 589
1561040 593
1561050 593
1561060 597
1561070 601
1561080 601
1561090 604
1561100 608
1561110 608
1561120 612
1561130 615
1561140 615
1561150 620
1561160 625
1561170 625
1561180 632
1561190 636
1561200 636
1561210 639
1561220 642
1561230 642
1561240 645
1561250 648
1561260 648
1561270 651
1561280 654
1561290 654
1561300 657
1561310 659
1561320 659
1561330 662
1561340 664
1561350 664
1561360 666
1561370 668
1561380 668
1561390 670
1561400 671
1561410 671
1561420 673
1561430 674
1561440 674
1561450 675
1561460 676
1561470 676
1561480 676
1561490 676
1561500 676
1561510 675
1561520 674
1561530 674
1561540 672
1561550 668
1561560 668
1561570 664
1561580 660
1561590 660
1561600 657
1561610 653
1561620 649
1561630 649
1561640 647
1561650 645
1561660 645
1561670 643
1561680 642
1561690 642
1561700 641
1561710 640
1561720 640
1561730 638
1561740 637
1561750 637
1561760 637
1561770 636
1561780 636
1561790 636
1561800 635
1561810 635
1561820 634
1561830 633
1561840 633
1561850 633
1561860 633
1561870 633
1561880 632
1561890 632
1561900 632
1561910 631
1561920 630
1561930 630
1561940 628
1561950 625
1561960 625
1561970 621
1561980 617
1561990 617
1562000 612
1562010 608
1562020 608
1562030 604
1562040 599
1562050 599
1562060 594
1562070 589
1562080 589
1562090 585
1562100 583
1562110 583
1562120 581
1562130 580
1562140 580
1562150 581
1562160 581
1562170 581
1562180 582
1562190 582
1562200 582
1562210 582
1562220 581
1562230 581
1562240 580
1562250 580
1562260 580
1562270 581
1562280 581
1562290 581
1562300 582
1562310 583
1562320 584
1562330 584
1562340 585
1562350 586
1562360 586
1562370 586
1562380 587
1562390 587
1562400 587
1562410 588
1562420 588
1562430 589
1562440 590
1562450 590
1562460 591
1562470 592
1562480 592
1562490 594
1562500 596
1562510 596
1562520 593
1562530 594
1562540 594
1562550 596
1562560 597
1562570 597
1562580 598
1562590 599
1562600 599
1562610 601
1562620 604
1562630 604
1562640 606
1562650 609
1562660 609
1562670 613
1562680 615
1562690 615
1562700 619
1562710 623
1562720 623
1562730 627
1562740 630
1562750 630
1562760 635
1562770 639
1562780 639
1562790 643
1562800 649
1562810 649
1562820 654
1562830 660
1562840 660
1562850 665
1562860 671
1562870 671
1562880 677
1562890 682
1562900 682
1562910 688
1562920 693
1562930 693
1562940 699
1562950 704
1562960 704
1562970 710
1562980 716
1562990 716
1563000 721
1563010 726
1563020 731
1563030 731
1563040 735
1563050 740
1563060 740
1563070 744
1563080 747
1563090 747
1563100 751
1563110 754
1563120 754
1563130 757
1563140 759
1563150 759
1563160 759
1563170 756
1563180 756
1563190 751
1563200 745
1563210 745
1563220 740
1563230 735
1563240 735
1563250 731
1563260 728
1563270 728
1563280 726
1563290 723
1563300 723
1563310 720
1563320 716
1563330 716
1563340 712
1563350 707
1563360 707
1563370 703
1563380 698
1563390 698
1563400 694
1563410 690
1563420 690
1563430 685
1563440 681
1563450 681
1563460 676
1563470 672
1563480 672
1563490 667
1563500 662
1563510 662
1563520 658
1563530 653
1563540 653
1563550 648
1563560 646
1563570 646
1563580 646
1563590 646
1563600 646
1563610 651
1563620 658
1563630 658
1563640 664
1563650 669
1563660 669
1563670 674
1563680 679
1563690 679
1563700 684
1563710 690
1563720 695
1563730 695
1563740 700
1563750 705
1563760 705
1563770 709
1563780 714
1563790 714
1563800 719
1563810 724
1563820 724
1563830 729
1563840 734
1563850 734
1563860 739
1563870 744
1563880 744
1563890 749
1563900 754
1563910 754
1563920 759
1563930 765
1563940 765
1563950 770
1563960 775
1563970 775
1563980 780
1563990 785
1564000 785
1564010 791
1564020 796
1564030 796
1564040 801
1564050 806
1564060 806
1564070 811
1564080 816
1564090 816
1564100 820
1564110 825
1564120 825
1564130 829
1564140 833
1564150 833
1564160 837
1564170 840
1564180 840
1564190 843
1564200 846
1564210 846
1564220 849
1564230 851
1564240 851
1564250 853
1564260 855
1564270 855
1564280 857
1564290 858
1564300 858
1564310 859
1564320 859
1564330 859
1564340 860
1564350 860
1564360 860
1564370 860
1564380 860
1564390 860
1564400 860
1564410 860
1564420 859
1564430 859
1564440 859
1564450 858
1564460 858
1564470 857
1564480 857
1564490 857
1564500 856
1564510 855
1564520 855
1564530 854
1564540 853
1564550 853
1564560 852
1564570 851
1564580 851
1564590 850
1564600 848
1564610 848
1564620 847
1564630 843
1564640 843
1564650 839
1564660 836
1564670 836
1564680 832
1564690 830
1564700 830
1564710 829
1564720 828
1564730 828
1564740 828
1564750 827
1564760 827
1564770 825
1564780 823
1564790 823
1564800 821
1564810 819
1564820 819
1564830 818
1564840 816
1564850 816
1564860 814
1564870 812
1564880 812
1564890 810
1564900 807
1564910 807
1564920 803
1564930 799
1564940 799
1564950 794
1564960 788
1564970 788
1564980 782
1564990 776
1565000 776
1565010 769
1565020 762
1565030 762
1565040 756
1565050 749
1565060 749
1565070 743
1565080 737
1565090 737
1565100 731
1565110 726
1565120 720
1565130 720
1565140 714
1565150 708
1565160 708
1565170 703
1565180 700
1565190 700
1565200 699
1565210 696
1565220 696
1565230 694
1565240 694
1565250 694
1565260 697
1565270 701
1565280 701
1565290 707
1565300 713
1565310 713
1565320 718
1565330 723
1565340 723
1565350 728
1565360 733
1565370 733
1565380 738
1565390 743
1565400 743
1565410 748
1565420 753
1565430 753
1565440 757
1565450 761
1565460 761
1565470 765
1565480 769
1565490 769
1565500 774
1565510 778
1565520 778
1565530 783
1565540 787
1565550 787
1565560 791
1565570 795
1565580 795
1565590 799
1565600 804
1565610 804
1565620 808
1565630 812
1565640 812
1565650 815
1565660 820
1565670 820
1565680 823
1565690 827
1565700 827
1565710 832
1565720 835
1565730 835
1565740 838
1565750 842
1565760 839
1565770 842
1565780 845
1565790 845
1565800 848
1565810 851
1565820 853
1565830 853
1565840 856
1565850 858
1565860 858
1565870 860
1565880 863
1565890 863
1565900 866
1565910 868
1565920 868
1565930 870
1565940 873
1565950 873
1565960 874
1565970 876
1565980 876
1565990 878
1566000 880
1566010 880
1566020 882
1566030 884
1566040 884
1566050 886
1566060 888
1566070 888
1566080 890
1566090 891
1566100 891
1566110 893
1566120 895
1566130 895
1566140 897
1566150 899
1566160 899
1566170 900
1566180 902
1566190 902
1566200 903
1566210 904
1566220 904
1566230 905
1566240 906
1566250 906
1566260 907
1566270 908
1566280 908
1566290 909
1566300 910
1566310 910
1566320 910
1566330 911
1566340 911
1566350 911
1566360 911
1566370 911
1566380 911
1566390 912
1566400 912
1566410 912
1566420 912
1566430 912
1566440 912
1566450 912
1566460 912
1566470 912
1566480 912
1566490 912
1566500 912
1566510 912
1566520 911
1566530 911
1566540 911
1566550 911
1566560 911
1566570 911
1566580 910
1566590 910
1566600 910
1566610 909
1566620 909
1566630 909
1566640 908
1566650 908
1566660 908
1566670 907
1566680 907
1566690 907
1566700 906
1566710 906
1566720 905
1566730 904
1566740 904
1566750 903
1566760 902
1566770 902
1566780 901
1566790 900
1566800 900
1566810 899
1566820 898
1566830 898
1566840 897
1566850 896
1566860 896
1566870 895
1566880 893
1566890 893
1566900 892
1566910 890
1566920 890
1566930 889
1566940 887
1566950 887
1566960 885
1566970 883
1566980 883
1566990 881
1567000 878
1567010 878
1567020 877
1567030 875
1567040 875
1567050 873
1567060 871
1567070 871
1567080 869
1567090 868
1567100 868
1567110 866
1567120 864
1567130 864
1567140 862
1567150 859
1567160 859
1567170 857
1567180 854
1567190 854
1567200 851
1567210 848
1567220 844
1567230 844
1567240 841
1567250 837
1567260 837
1567270 834
1567280 830
1567290 830
1567300 826
1567310 821
1567320 821
1567330 816
1567340 808
1567350 808
1567360 803
1567370 798
1567380 798
1567390 794
1567400 789
1567410 789
1567420 786
1567430 782
1567440 782
1567450 777
1567460 772
1567470 772
1567480 768
1567490 764
1567500 764
1567510 758
1567520 754
1567530 754
1567540 749
1567550 746
1567560 746
1567570 743
1567580 739
1567590 739
1567600 735
1567610 733
1567620 733
1567630 730
1567640 726
1567650 726
1567660 723
1567670 720
1567680 720
1567690 717
1567700 715
1567710 715
1567720 713
1567730 710
1567740 710
1567750 709
1567760 707
1567770 707
1567780 705
1567790 703
1567800 703
1567810 702
1567820 700
1567830 700
1567840 698
1567850 695
1567860 695
1567870 692
1567880 690
1567890 690
1567900 688
1567910 685
1567920 683
1567930 683
1567940 680
1567950 676
1567960 676
1567970 674
1567980 671
1567990 671
1568000 668
1568010 665
1568020 665
1568030 662
1568040 658
1568050 658
1568060 655
1568070 653
1568080 653
1568090 650
1568100 647
1568110 647
1568120 644
1568130 639
1568140 639
1568150 634
1568160 631
1568170 631
1568180 629
1568190 627
1568200 627
1568210 625
1568220 622
1568230 622
1568240 620
1568250 617
1568260 617
1568270 614
1568280 610
1568290 610
1568300 606
1568310 602
1568320 602
1568330 599
1568340 596
1568350 596
1568360 593
1568370 589
1568380 589
1568390 585
1568400 582
1568410 582
1568420 579
1568430 575
1568440 575
1568450 574
1568460 572
1568470 572
1568480 570
1568490 566
1568500 566
1568510 563
1568520 560
1568530 560
1568540 557
1568550 553
1568560 553
1568570 548
1568580 544
1568590 544
1568600 540
1568610 534
1568620 527
1568630 527
1568640 521
1568650 518
1568660 518
1568670 517
1568680 517
1568690 517
1568700 516
1568710 514
1568720 514
1568730 512
1568740 510
1568750 510
1568760 507
1568770 505
1568780 505
1568790 502
1568800 499
1568810 499
1568820 497
1568830 495
1568840 495
1568850 492
1568860 490
1568870 490
1568880 486
1568890 483
1568900 483
1568910 480
1568920 480
1568930 480
1568940 480
1568950 479
1568960 479
1568970 477
1568980 476
1568990 476
1569000 474
1569010 471
1569020 471
1569030 469
1569040 468
1569050 468
1569060 466
1569070 464
1569080 464
1569090 463
1569100 461
1569110 461
1569120 460
1569130 460
1569140 460
1569150 460
1569160 460
1569170 460
1569180 458
1569190 456
1569200 456
1569210 455
1569220 453
1569230 453
1569240 452
1569250 451
1569260 451
1569270 450
1569280 449
1569290 449
1569300 448
1569310 447
1569320 446
1569330 446
1569340 445
1569350 444
1569360 444
1569370 442
1569380 441
1569390 441
1569400 440
1569410 439
1569420 439
1569430 438
1569440 438
1569450 438
1569460 437
1569470 436
1569480 436
1569490 436
1569500 435
1569510 435
1569520 434
1569530 434
1569540 434
1569550 433
1569560 433
1569570 433
1569580 432
1569590 432
1569600 432
1569610 431
1569620 431
1569630 431
1569640 431
1569650 430
1569660 430
1569670 430
1569680 429
1569690 429
1569700 429
1569710 428
1569720 428
1569730 428
1569740 428
1569750 428
1569760 427
1569770 427
1569780 427
1569790 427
1569800 427
1569810 427
1569820 427
1569830 428
1569840 428
1569850 429
1569860 431
1569870 431
1569880 434
1569890 434
1569900 434
1569910 434
1569920 430
1569930 430
1569940 426
1569950 425
1569960 425
1569970 424
1569980 424
1569990 424
1570000 424
1570010 424
1570020 424
1570030 424
1570040 424
1570050 424
1570060 424
1570070 423
1570080 423
1570090 423
1570100 423
1570110 423
1570120 423
1570130 423
1570140 423
1570150 423
1570160 424
1570170 425
1570180 425
1570190 426
1570200 426
1570210 426
1570220 425
1570230 425
1570240 425
1570250 424
1570260 424
1570270 424
1570280 424
1570290 423
1570300 423
1570310 423
1570320 423
1570330 423
1570340 423
1570350 424
1570360 424
1570370 424
1570380 424
1570390 424
1570400 424
1570410 424
1570420 424
1570430 424
1570440 425
1570450 425
1570460 425
1570470 425
1570480 425
1570490 425
1570500 424
1570510 424
1570520 424
1570530 424
1570540 424
1570550 424
1570560 423
1570570 423
1570580 424
1570590 424
1570600 424
1570610 424
1570620 423
1570630 423
1570640 422
1570650 424
1570660 424
1570670 424
1570680 424
1570690 424
1570700 424
1570710 424
1570720 424
1570730 424
1570740 424
1570750 424
1570760 424
1570770 424
1570780 424
1570790 424
1570800 425
1570810 425
1570820 425
1570830 425
1570840 425
1570850 425
1570860 425
1570870 425
1570880 425
1570890 425
1570900 425
1570910 425
1570920 425
1570930 425
1570940 425
1570950 425
1570960 425
1570970 425
1570980 425
1570990 425
1571000 425
1571010 425
1571020 425
1571030 425
1571040 425
1571050 425
1571060 425
1571070 425
1571080 426
1571090 426
1571100 426
1571110 426
1571120 426
1571130 426
1571140 426
1571150 426
1571160 426
1571170 425
1571180 425
1571190 424
1571200 425
1571210 425
1571220 425
1571230 426
1571240 426
1571250 426
1571260 426
1571270 426
1571280 426
1571290 426
1571300 426
1571310 426
1571320 426
1571330 426
1571340 426
1571350 426
1571360 426
1571370 426
1571380 426
1571390 426
1571400 426
1571410 426
1571420 426
1571430 426
1571440 427
1571450 427
1571460 427
1571470 427
1571480 427
1571490 427
1571500 427
1571510 427
1571520 427
1571530 427
1571540 428
1571550 428
1571560 428
1571570 428
1571580 428
1571590 428
1571600 428
1571610 428
1571620 428
1571630 428
1571640 428
1571650 429
1571660 428
1571670 428
1571680 428
1571690 429
1571700 429
1571710 429
1571720 429
1571730 429
1571740 429
1571750 429
1571760 429
1571770 429
1571780 429
1571790 429
1571800 429
1571810 429
1571820 429
1571830 429
1571840 429
1571850 429
1571860 429
1571870 429
1571880 430
1571890 430
1571900 430
1571910 430
1571920 430
1571930 430
1571940 430
1571950 430
1571960 430
1571970 430
1571980 430
1571990 430
1572000 430
1572010 430
1572020 430
1572030 430
1572040 431
1572050 432
1572060 432
1572070 431
1572080 432
1572090 432
1572100 432
1572110 432
1572120 432
1572130 432
1572140 432
1572150 432
1572160 432
1572170 432
1572180 432
1572190 432
1572200 432
1572210 432
1572220 432
1572230 432
1572240 432
1572250 432
1572260 433
1572270 433
1572280 433
1572290 433
1572300 433
1572310 433
1572320 433
1572330 433
1572340 433
1572350 434
1572360 434
1572370 434
1572380 434
1572390 434
1572400 434
1572410 434
1572420 434
1572430 434
1572440 434
1572450 434
1572460 434
1572470 435
1572480 436
1572490 436
1572500 435
1572510 435
1572520 435
1572530 436
1572540 436
1572550 436
1572560 436
1572570 436
1572580 436
1572590 436
1572600 436
1572610 436
1572620 436
1572630 436
1572640 436
1572650 436
1572660 436
1572670 436
1572680 437
1572690 437
1572700 437
1572710 437
1572720 437
1572730 437
1572740 438
1572750 438
1572760 438
1572770 439
1572780 439
1572790 439
1572800 439
1572810 440
1572820 440
1572830 440
1572840 440
1572850 441
1572860 441
1572870 441
1572880 441
1572890 441
1572900 442
1572910 442
1572920 442
1572930 443
1572940 443
1572950 443
1572960 443
1572970 444
1572980 444
1572990 444
1573000 444
1573010 444
1573020 445
1573030 445
1573040 445
1573050 445
1573060 446
1573070 446
1573080 446
1573090 446
1573100 446
1573110 447
1573120 447
1573130 447
1573140 447
1573150 448
1573160 448
1573170 448
1573180 448
1573190 448
1573200 449
1573210 449
1573220 449
1573230 450
1573240 450
1573250 450
1573260 450
1573270 451
1573280 451
1573290 451
1573300 451
1573310 451
1573320 452
1573330 453
1573340 453
1573350 453
1573360 454
1573370 454
1573380 455
1573390 456
1573400 456
1573410 458
1573420 459
1573430 459
1573440 460
1573450 460
1573460 460
1573470 461
1573480 462
1573490 462
1573500 463
1573510 464
1573520 465
1573530 465
1573540 466
1573550 467
1573560 467
1573570 468
1573580 470
1573590 470
1573600 471
1573610 472
1573620 472
1573630 474
1573640 475
1573650 475
1573660 477
1573670 478
1573680 478
1573690 480
1573700 481
1573710 481
1573720 484
1573730 486
1573740 486
1573750 488
1573760 491
1573770 491
1573780 494
1573790 497
1573800 497
1573810 499
1573820 501
1573830 501
1573840 504
1573850 506
1573860 506
1573870 508
1573880 511
1573890 511
1573900 513
1573910 515
1573920 515
1573930 518
1573940 520
1573950 520
1573960 523
1573970 526
1573980 526
1573990 529
1574000 531
1574010 531
1574020 533
1574030 536
1574040 536
1574050 538
1574060 542
1574070 542
1574080 547
1574090 549
1574100 549
1574110 551
1574120 554
1574130 554
1574140 556
1574150 558
1574160 558
1574170 561
1574180 563
1574190 563
1574200 565
1574210 567
1574220 570
1574230 570
1574240 572
1574250 574
1574260 574
1574270 576
1574280 578
1574290 578
1574300 580
1574310 582
1574320 582
1574330 584
1574340 585
1574350 585
1574360 587
1574370 589
1574380 589
1574390 591
1574400 593
1574410 593
1574420 595
1574430 596
1574440 596
1574450 598
1574460 599
1574470 599
1574480 601
1574490 601
1574500 601
1574510 601
1574520 601
1574530 601
1574540 599
1574550 596
1574560 596
1574570 595
1574580 595
1574590 595
1574600 596
1574610 599
1574620 599
1574630 601
1574640 602
1574650 602
1574660 604
1574670 605
1574680 605
1574690 607
1574700 608
1574710 608
1574720 610
1574730 611
1574740 611
1574750 612
1574760 613
1574770 613
1574780 613
1574790 614
1574800 614
1574810 614
1574820 612
1574830 612
1574840 609
1574850 606
1574860 606
1574870 605
1574880 606
1574890 606
1574900 607
1574910 609
1574920 611
1574930 611
1574940 612
1574950 613
1574960 613
1574970 614
1574980 615
1574990 615
1575000 615
1575010 614
1575020 614
1575030 613
1575040 613
1575050 613
1575060 612
1575070 614
1575080 614
1575090 617
1575100 618
1575110 618
1575120 620
1575130 621
1575140 621
1575150 622
1575160 625
1575170 625
1575180 628
1575190 632
1575200 632
1575210 635
1575220 638
1575230 638
1575240 640
1575250 641
1575260 641
1575270 643
1575280 645
1575290 645
1575300 647
1575310 648
1575320 648
1575330 650
1575340 652
1575350 652
1575360 653
1575370 654
1575380 654
1575390 656
1575400 657
1575410 657
1575420 658
1575430 659
1575440 659
1575450 662
1575460 665
1575470 665
1575480 667
1575490 668
1575500 668
1575510 669
1575520 670
1575530 670
1575540 673
1575550 676
1575560 676
1575570 678
1575580 680
1575590 680
1575600 682
1575610 686
1575620 686
1575630 688
1575640 691
1575650 694
1575660 694
1575670 697
1575680 701
1575690 701
1575700 705
1575710 708
1575720 708
1575730 711
1575740 715
1575750 715
1575760 718
1575770 721
1575780 721
1575790 723
1575800 724
1575810 724
1575820 725
1575830 728
1575840 728
1575850 729
1575860 731
1575870 731
1575880 732
1575890 736
1575900 736
1575910 743
1575920 748
1575930 748
1575940 749
1575950 749
1575960 749
1575970 749
1575980 749
1575990 749
1576000 748
1576010 748
1576020 748
1576030 747
1576040 747
1576050 747
1576060 745
1576070 743
1576080 743
1576090 740
1576100 738
1576110 738
1576120 739
1576130 740
1576140 740
1576150 741
1576160 742
1576170 742
1576180 743
1576190 744
1576200 746
1576210 747
1576220 748
1576230 748
1576240 750
1576250 751
1576260 751
1576270 752
1576280 754
1576290 754
1576300 756
1576310 758
1576320 758
1576330 761
1576340 763
1576350 765
1576360 765
1576370 766
1576380 767
1576390 767
1576400 768
1576410 768
1576420 768
1576430 768
1576440 768
1576450 768
1576460 768
1576470 767
1576480 767
1576490 766
1576500 766
1576510 766
1576520 765
1576530 764
1576540 764
1576550 762
1576560 761
1576570 761
1576580 760
1576590 759
1576600 759
1576610 757
1576620 756
1576630 756
1576640 755
1576650 753
1576660 753
1576670 751
1576680 750
1576690 750
1576700 748
1576710 746
1576720 746
1576730 744
1576740 742
1576750 742
1576760 740
1576770 738
1576780 738
1576790 736
1576800 733
1576810 733
1576820 731
1576830 729
1576840 729
1576850 727
1576860 726
1576870 726
1576880 722
1576890 719
1576900 719
1576910 715
1576920 711
1576930 711
1576940 708
1576950 704
1576960 704
1576970 701
1576980 698
1576990 698
1577000 695
1577010 692
1577020 692
1577030 690
1577040 688
1577050 685
1577060 685
1577070 683
1577080 681
1577090 681
1577100 679
1577110 677
1577120 677
1577130 674
1577140 672
1577150 672
1577160 671
1577170 672
1577180 672
1577190 674
1577200 675
1577210 675
1577220 675
1577230 674
1577240 674
1577250 674
1577260 675
1577270 675
1577280 676
1577290 675
1577300 675
1577310 678
1577320 678
1577330 678
1577340 678
1577350 677
1577360 677
1577370 676
1577380 675
1577390 675
1577400 675
1577410 676
1577420 676
1577430 676
1577440 676
1577450 676
1577460 676
1577470 676
1577480 676
1577490 675
1577500 675
1577510 675
1577520 674
1577530 676
1577540 676
1577550 677
1577560 678
1577570 678
1577580 679
1577590 679
1577600 677
1577610 676
1577620 675
1577630 675
1577640 675
1577650 675
1577660 675
1577670 673
1577680 673
1577690 673
1577700 673
1577710 673
1577720 673
1577730 673
1577740 672
1577750 673
1577760 673
1577770 673
1577780 673
1577790 673
1577800 674
1577810 673
1577820 673
1577830 674
1577840 675
1577850 675
1577860 674
1577870 674
1577880 674
1577890 673
1577900 671
1577910 671
1577920 669
1577930 670
1577940 670
1577950 672
1577960 672
1577970 672
1577980 672
1577990 672
1578000 672
1578010 672
1578020 671
1578030 671
1578040 671
1578050 671
1578060 671
1578070 671
1578080 671
1578090 671
1578100 672
1578110 671
1578120 671
1578130 669
1578140 669
1578150 669
1578160 672
1578170 673
1578180 673
1578190 673
1578200 673
1578210 673
1578220 673
1578230 674
1578240 674
1578250 673
1578260 674
1578270 674
1578280 674
1578290 673
1578300 673
1578310 673
1578320 673
1578330 673
1578340 674
1578350 674
1578360 674
1578370 674
1578380 674
1578390 674
1578400 675
1578410 675
1578420 675
1578430 675
1578440 675
1578450 676
1578460 676
1578470 676
1578480 676
1578490 676
1578500 676
1578510 677
1578520 677
1578530 679
1578540 681
1578550 681
1578560 682
1578570 684
1578580 684
1578590 685
1578600 686
1578610 686
1578620 683
1578630 680
1578640 680
1578650 678
1578660 682
1578670 682
1578680 684
1578690 685
1578700 685
1578710 686
1578720 686
1578730 686
1578740 687
1578750 687
1578760 687
1578770 687
1578780 687
1578790 687
1578800 688
1578810 690
1578820 690
1578830 691
1578840 691
1578850 691
1578860 692
1578870 693
1578880 693
1578890 693
1578900 694
1578910 694
1578920 694
1578930 693
1578940 693
1578950 692
1578960 692
1578970 688
1578980 688
1578990 688
1579000 688
1579010 688
1579020 688
1579030 688
1579040 689
1579050 688
1579060 688
1579070 688
1579080 689
1579090 689
1579100 689
1579110 689
1579120 689
1579130 689
1579140 690
1579150 692
1579160 692
1579170 693
1579180 693
1579190 693
1579200 693
1579210 693
1579220 693
1579230 692
1579240 691
1579250 691
1579260 689
1579270 683
1579280 683
1579290 675
1579300 669
1579310 669
1579320 662
1579330 656
1579340 656
1579350 650
1579360 644
1579370 644
1579380 639
1579390 635
1579400 635
1579410 633
1579420 632
1579430 632
1579440 632
1579450 632
1579460 632
1579470 633
1579480 637
1579490 637
1579500 642
1579510 647
1579520 647
1579530 651
1579540 656
1579550 656
1579560 661
1579570 666
1579580 666
1579590 670
1579600 675
1579610 675
1579620 678
1579630 681
1579640 681
1579650 682
1579660 682
1579670 682
1579680 683
1579690 683
1579700 683
1579710 683
1579720 683
1579730 683
1579740 682
1579750 681
1579760 681
1579770 680
1579780 679
1579790 679
1579800 678
1579810 676
1579820 676
1579830 674
1579840 670
1579850 664
1579860 664
1579870 660
1579880 656
1579890 656
1579900 655
1579910 653
1579920 653
1579930 650
1579940 648
1579950 648
1579960 648
1579970 652
1579980 652
1579990 656
