1560000 636
1560010 637
1560020 637
1560030 638
1560040 639
1560050 639
1560060 639
1560070 639
1560080 637
1560090 637
1560100 634
1560110 628
1560120 628
1560130 622
1560140 615
1560150 615
1560160 608
1560170 600
1560180 600
1560190 593
1560200 587
1560210 587
1560220 582
1560230 577
1560240 577
1560250 571
1560260 567
1560270 567
1560280 563
1560290 559
1560300 559
1560310 557
1560320 557
1560330 557
1560340 557
1560350 558
1560360 558
1560370 565
1560380 571
1560390 571
1560400 575
1560410 578
1560420 578
1560430 581
1560440 584
1560450 584
1560460 586
1560470 588
1560480 588
1560490 590
1560500 593
1560510 593
1560520 596
1560530 599
1560540 599
1560550 602
1560560 605
1560570 605
1560580 608
1560590 611
1560600 611
1560610 615
1560620 618
1560630 618
1560640 622
1560650 627
1560660 627
1560670 631
1560680 633
1560690 633
1560700 636
1560710 638
1560720 638
1560730 640
1560740 642
1560750 642
1560760 643
1560770 642
1560780 641
1560790 641
1560800 640
1560810 639
1560820 639
1560830 641
1560840 648
1560850 648
1560860 653
1560870 660
1560880 660
1560890 666
1560900 672
1560910 672
1560920 677
1560930 683
1560940 683
1560950 689
1560960 694
1560970 694
1560980 699
1560990 704
1561000 704
1561010 710
1561020 715
1561030 715
1561040 720
1561050 724
1561060 724
1561070 729
1561080 733
1561090 733
1561100 738
1561110 743
1561120 743
1561130 747
1561140 752
1561150 752
1561160 756
1561170 761
1561180 761
1561190 765
1561200 770
1561210 770
1561220 775
1561230 779
1561240 779
1561250 782
1561260 786
1561270 786
1561280 790
1561290 793
1561300 793
1561310 797
1561320 801
1561330 801
1561340 804
1561350 807
1561360 807
1561370 810
1561380 812
1561390 812
1561400 814
1561410 815
1561420 815
1561430 815
1561440 812
1561450 812
1561460 808
1561470 803
1561480 797
1561490 797
1561500 791
1561510 790
1561520 790
1561530 786
1561540 782
1561550 782
1561560 779
1561570 777
1561580 777
1561590 774
1561600 771
1561610 771
1561620 769
1561630 766
1561640 766
1561650 763
1561660 759
1561670 759
1561680 755
1561690 750
1561700 750
1561710 745
1561720 740
1561730 740
1561740 734
1561750 729
1561760 729
1561770 725
1561780 720
1561790 720
1561800 716
1561810 713
1561820 713
1561830 709
1561840 706
1561850 706
1561860 703
1561870 700
1561880 700
1561890 697
1561900 695
1561910 695
1561920 693
1561930 691
1561940 691
1561950 690
1561960 692
1561970 692
1561980 694
1561990 694
1562000 694
1562010 693
1562020 693
1562030 693
1562040 692
1562050 691
1562060 691
1562070 688
1562080 687
1562090 687
1562100 686
1562110 682
1562120 682
1562130 679
1562140 682
1562150 682
1562160 687
1562170 693
1562180 693
1562190 698
1562200 704
1562210 710
1562220 710
1562230 715
1562240 721
1562250 721
1562260 726
1562270 732
1562280 732
1562290 738
1562300 743
1562310 743
1562320 748
1562330 753
1562340 753
1562350 758
1562360 763
1562370 763
1562380 766
1562390 769
1562400 769
1562410 772
1562420 774
1562430 774
1562440 778
1562450 779
1562460 779
1562470 780
1562480 780
1562490 780
1562500 780
1562510 780
1562520 780
1562530 777
1562540 771
1562550 771
1562560 765
1562570 760
1562580 760
1562590 755
1562600 748
1562610 748
1562620 745
1562630 740
1562640 740
1562650 737
1562660 736
1562670 736
1562680 735
1562690 733
1562700 733
1562710 731
1562720 729
1562730 729
1562740 726
1562750 724
1562760 724
1562770 721
1562780 718
1562790 718
1562800 716
1562810 713
1562820 713
1562830 709
1562840 705
1562850 705
1562860 701
1562870 698
1562880 698
1562890 698
1562900 696
1562910 695
1562920 695
1562930 697
1562940 700
1562950 700
1562960 705
1562970 711
1562980 711
1562990 716
1563000 721
1563010 721
1563020 725
1563030 730
1563040 730
1563050 735
1563060 740
1563070 740
1563080 745
1563090 751
1563100 751
1563110 756
1563120 762
1563130 762
1563140 768
1563150 774
1563160 774
1563170 777
1563180 783
1563190 783
1563200 788
1563210 794
1563220 794
1563230 799
1563240 804
1563250 804
1563260 809
1563270 814
1563280 814
1563290 819
1563300 824
1563310 824
1563320 829
1563330 834
1563340 834
1563350 839
1563360 845
1563370 845
1563380 848
1563390 852
1563400 852
1563410 857
1563420 861
1563430 861
1563440 864
1563450 868
1563460 868
1563470 871
1563480 873
1563490 873
1563500 875
1563510 876
1563520 876
1563530 876
1563540 876
1563550 876
1563560 876
1563570 875
1563580 875
1563590 874
1563600 872
1563610 870
1563620 870
1563630 869
1563640 866
1563650 866
1563660 863
1563670 859
1563680 859
1563690 853
1563700 848
1563710 848
1563720 844
1563730 841
1563740 841
1563750 837
1563760 834
1563770 834
1563780 831
1563790 828
1563800 828
1563810 824
1563820 820
1563830 820
1563840 816
1563850 811
1563860 811
1563870 806
1563880 801
1563890 801
1563900 796
1563910 793
1563920 793
1563930 790
1563940 787
1563950 787
1563960 784
1563970 780
1563980 780
1563990 777
1564000 775
1564010 775
1564020 774
1564030 777
1564040 777
1564050 782
1564060 787
1564070 787
1564080 792
1564090 797
1564100 797
1564110 801
1564120 805
1564130 805
1564140 809
1564150 813
1564160 813
1564170 816
1564180 819
1564190 819
1564200 823
1564210 826
1564220 826
1564230 828
1564240 831
1564250 831
1564260 835
1564270 838
1564280 838
1564290 842
1564300 845
1564310 845
1564320 849
1564330 854
1564340 859
1564350 859
1564360 864
1564370 870
1564380 870
1564390 875
1564400 881
1564410 881
1564420 887
1564430 893
1564440 893
1564450 899
1564460 905
1564470 905
1564480 911
1564490 917
1564500 917
1564510 922
1564520 926
1564530 926
1564540 931
1564550 937
1564560 937
1564570 942
1564580 948
1564590 948
1564600 953
1564610 958
1564620 958
1564630 962
1564640 967
1564650 967
1564660 971
1564670 975
1564680 975
1564690 979
1564700 983
1564710 983
1564720 986
1564730 989
1564740 989
1564750 991
1564760 992
1564770 992
1564780 993
1564790 993
1564800 995
1564810 995
1564820 994
1564830 994
1564840 992
1564850 990
1564860 990
1564870 988
1564880 985
1564890 985
1564900 984
1564910 983
1564920 983
1564930 982
1564940 980
1564950 980
1564960 979
1564970 977
1564980 977
1564990 975
1565000 973
1565010 973
1565020 971
1565030 968
1565040 966
1565050 966
1565060 963
1565070 962
1565080 962
1565090 961
1565100 960
1565110 960
1565120 959
1565130 958
1565140 958
1565150 956
1565160 955
1565170 955
1565180 954
1565190 955
1565200 955
1565210 954
1565220 954
1565230 954
1565240 954
1565250 953
1565260 953
1565270 952
1565280 952
1565290 952
1565300 951
1565310 950
1565320 950
1565330 949
1565340 948
1565350 948
1565360 946
1565370 945
1565380 945
1565390 944
1565400 943
1565410 943
1565420 941
1565430 940
1565440 940
1565450 937
1565460 937
1565470 937
1565480 937
1565490 938
1565500 938
1565510 938
1565520 938
1565530 938
1565540 938
1565550 939
1565560 939
1565570 939
1565580 940
1565590 940
1565600 940
1565610 941
1565620 941
1565630 942
1565640 942
1565650 942
1565660 942
1565670 943
1565680 943
1565690 943
1565700 944
1565710 944
1565720 944
1565730 945
1565740 945
1565750 945
1565760 945
1565770 944
1565780 944
1565790 943
1565800 940
1565810 940
1565820 937
1565830 933
1565840 933
1565850 930
1565860 926
1565870 926
1565880 921
1565890 916
1565900 916
1565910 911
1565920 906
1565930 906
1565940 901
1565950 896
1565960 896
1565970 891
1565980 888
1565990 888
1566000 884
1566010 880
1566020 880
1566030 876
1566040 872
1566050 872
1566060 867
1566070 864
1566080 864
1566090 860
1566100 855
1566110 855
1566120 851
1566130 847
1566140 847
1566150 843
1566160 839
1566170 839
1566180 835
1566190 831
1566200 831
1566210 828
1566220 824
1566230 824
1566240 820
1566250 816
1566260 816
1566270 813
1566280 809
1566290 809
1566300 805
1566310 802
1566320 802
1566330 798
1566340 796
1566350 796
1566360 794
1566370 791
1566380 791
1566390 785
1566400 780
1566410 780
1566420 776
1566430 771
1566440 771
1566450 766
1566460 761
1566470 757
1566480 757
1566490 754
1566500 751
1566510 751
1566520 749
1566530 746
1566540 746
1566550 744
1566560 742
1566570 742
1566580 739
1566590 737
1566600 737
1566610 734
1566620 731
1566630 731
1566640 730
1566650 728
1566660 728
1566670 725
1566680 722
1566690 722
1566700 717
1566710 716
1566720 716
1566730 717
1566740 717
1566750 717
1566760 717
1566770 718
1566780 718
1566790 717
1566800 717
1566810 717
1566820 716
1566830 715
1566840 715
1566850 713
1566860 710
1566870 710
1566880 707
1566890 705
1566900 705
1566910 705
1566920 704
1566930 704
1566940 703
1566950 702
1566960 702
1566970 701
1566980 700
1566990 700
1567000 699
1567010 698
1567020 698
1567030 697
1567040 696
1567050 696
1567060 695
1567070 695
1567080 695
1567090 694
1567100 693
1567110 693
1567120 692
1567130 691
1567140 691
1567150 690
1567160 689
1567170 688
1567180 688
1567190 688
1567200 687
1567210 687
1567220 686
1567230 684
1567240 684
1567250 682
1567260 680
1567270 680
1567280 677
1567290 673
1567300 673
1567310 670
1567320 665
1567330 665
1567340 661
1567350 658
1567360 658
1567370 654
1567380 649
1567390 649
1567400 644
1567410 638
1567420 638
1567430 632
1567440 626
1567450 626
1567460 621
1567470 615
1567480 615
1567490 611
1567500 606
1567510 606
1567520 603
1567530 599
1567540 599
1567550 596
1567560 593
1567570 593
1567580 591
1567590 588
1567600 588
1567610 585
1567620 581
1567630 581
1567640 577
1567650 573
1567660 573
1567670 570
1567680 569
1567690 569
1567700 571
1567710 574
1567720 574
1567730 576
1567740 577
1567750 577
1567760 577
1567770 577
1567780 577
1567790 577
1567800 576
1567810 576
1567820 576
1567830 577
1567840 577
1567850 577
1567860 577
1567870 576
1567880 576
1567890 576
1567900 575
1567910 575
1567920 575
1567930 573
1567940 573
1567950 571
1567960 570
1567970 570
1567980 568
1567990 567
1568000 567
1568010 565
1568020 564
1568030 564
1568040 563
1568050 561
1568060 561
1568070 560
1568080 558
1568090 558
1568100 556
1568110 554
1568120 554
1568130 551
1568140 549
1568150 549
1568160 547
1568170 544
1568180 544
1568190 541
1568200 538
1568210 538
1568220 535
1568230 533
1568240 533
1568250 530
1568260 527
1568270 527
1568280 525
1568290 522
1568300 522
1568310 519
1568320 515
1568330 515
1568340 513
1568350 510
1568360 510
1568370 507
1568380 504
1568390 504
1568400 502
1568410 500
1568420 500
1568430 498
1568440 496
1568450 496
1568460 494
1568470 492
1568480 492
1568490 491
1568500 489
1568510 489
1568520 488
1568530 487
1568540 487
1568550 486
1568560 485
1568570 485
1568580 484
1568590 483
1568600 482
1568610 482
1568620 481
1568630 480
1568640 480
1568650 478
1568660 477
1568670 477
1568680 475
1568690 472
1568700 472
1568710 470
1568720 469
1568730 469
1568740 468
1568750 466
1568760 466
1568770 465
1568780 464
1568790 464
1568800 463
1568810 462
1568820 462
1568830 462
1568840 461
1568850 461
1568860 460
1568870 460
1568880 460
1568890 459
1568900 458
1568910 458
1568920 457
1568930 457
1568940 457
1568950 456
1568960 455
1568970 455
1568980 454
1568990 454
1569000 454
1569010 453
1569020 452
1569030 452
1569040 451
1569050 450
1569060 450
1569070 449
1569080 448
1569090 448
1569100 447
1569110 447
1569120 447
1569130 446
1569140 446
1569150 446
1569160 446
1569170 445
1569180 445
1569190 444
1569200 444
1569210 444
1569220 443
1569230 442
1569240 442
1569250 442
1569260 441
1569270 441
1569280 441
1569290 440
1569300 439
1569310 439
1569320 439
1569330 438
1569340 438
1569350 437
1569360 437
1569370 437
1569380 436
1569390 436
1569400 436
1569410 435
1569420 435
1569430 435
1569440 434
1569450 434
1569460 434
1569470 434
1569480 434
1569490 434
1569500 433
1569510 433
1569520 433
1569530 432
1569540 432
1569550 432
1569560 431
1569570 431
1569580 431
1569590 430
1569600 430
1569610 430
1569620 430
1569630 429
1569640 429
1569650 429
1569660 428
1569670 428
1569680 428
1569690 428
1569700 428
1569710 431
1569720 431
1569730 431
1569740 431
1569750 430
1569760 430
1569770 427
1569780 426
1569790 426
1569800 425
1569810 425
1569820 425
1569830 425
1569840 424
1569850 424
1569860 424
1569870 423
1569880 423
1569890 423
1569900 423
1569910 423
1569920 422
1569930 422
1569940 422
1569950 422
1569960 421
1569970 421
1569980 421
1569990 421
1570000 421
1570010 420
1570020 420
1570030 420
1570040 420
1570050 419
1570060 419
1570070 419
1570080 419
1570090 419
1570100 419
1570110 419
1570120 419
1570130 419
1570140 419
1570150 419
1570160 419
1570170 419
1570180 419
1570190 419
1570200 419
1570210 419
1570220 419
1570230 419
1570240 419
1570250 419
1570260 418
1570270 418
1570280 418
1570290 419
1570300 419
1570310 419
1570320 419
1570330 419
1570340 419
1570350 419
1570360 420
1570370 420
1570380 420
1570390 420
1570400 420
1570410 420
1570420 420
1570430 420
1570440 420
1570450 420
1570460 420
1570470 420
1570480 420
1570490 420
1570500 420
1570510 420
1570520 420
1570530 420
1570540 420
1570550 420
1570560 420
1570570 420
1570580 420
1570590 420
1570600 421
1570610 421
1570620 421
1570630 421
1570640 421
1570650 421
1570660 421
1570670 421
1570680 421
1570690 420
1570700 420
1570710 420
1570720 420
1570730 420
1570740 420
1570750 420
1570760 420
1570770 420
1570780 421
1570790 421
1570800 421
1570810 421
1570820 421
1570830 421
1570840 421
1570850 421
1570860 421
1570870 422
1570880 422
1570890 422
1570900 422
1570910 422
1570920 422
1570930 422
1570940 423
1570950 423
1570960 424
1570970 424
1570980 423
1570990 424
1571000 424
1571010 424
1571020 424
1571030 424
1571040 424
1571050 424
1571060 424
1571070 424
1571080 425
1571090 425
1571100 425
1571110 425
1571120 426
1571130 426
1571140 426
1571150 426
1571160 426
1571170 426
1571180 427
1571190 427
1571200 427
1571210 427
1571220 427
1571230 427
1571240 428
1571250 428
1571260 428
1571270 428
1571280 428
1571290 428
1571300 429
1571310 429
1571320 429
1571330 429
1571340 429
1571350 429
1571360 430
1571370 430
1571380 430
1571390 432
1571400 432
1571410 433
1571420 433
1571430 433
1571440 433
1571450 433
1571460 432
1571470 432
1571480 433
1571490 433
1571500 433
1571510 433
1571520 433
1571530 433
1571540 434
1571550 434
1571560 434
1571570 435
1571580 435
1571590 435
1571600 435
1571610 435
1571620 435
1571630 435
1571640 436
1571650 436
1571660 436
1571670 437
1571680 437
1571690 437
1571700 437
1571710 437
1571720 437
1571730 438
1571740 438
1571750 439
1571760 440
1571770 440
1571780 440
1571790 440
1571800 440
1571810 440
1571820 440
1571830 440
1571840 441
1571850 441
1571860 441
1571870 441
1571880 441
1571890 441
1571900 441
1571910 442
1571920 442
1571930 442
1571940 442
1571950 442
1571960 443
1571970 443
1571980 443
1571990 443
1572000 443
1572010 443
1572020 444
1572030 444
1572040 444
1572050 444
1572060 445
1572070 445
1572080 446
1572090 446
1572100 446
1572110 446
1572120 447
1572130 447
1572140 447
1572150 447
1572160 448
1572170 448
1572180 448
1572190 448
1572200 448
1572210 449
1572220 449
1572230 449
1572240 449
1572250 450
1572260 450
1572270 450
1572280 451
1572290 451
1572300 452
1572310 452
1572320 452
1572330 452
1572340 453
1572350 453
1572360 453
1572370 453
1572380 453
1572390 453
1572400 454
1572410 454
1572420 454
1572430 454
1572440 454
1572450 455
1572460 456
1572470 456
1572480 456
1572490 456
1572500 456
1572510 456
1572520 457
1572530 457
1572540 457
1572550 457
1572560 457
1572570 457
1572580 457
1572590 457
1572600 458
1572610 458
1572620 458
1572630 458
1572640 458
1572650 458
1572660 458
1572670 459
1572680 459
1572690 460
1572700 459
1572710 459
1572720 459
1572730 460
1572740 460
1572750 461
1572760 461
1572770 461
1572780 461
1572790 461
1572800 461
1572810 462
1572820 462
1572830 462
1572840 462
1572850 463
1572860 464
1572870 464
1572880 466
1572890 467
1572900 467
1572910 468
1572920 469
1572930 469
1572940 470
1572950 471
1572960 471
1572970 474
1572980 475
1572990 475
1573000 475
1573010 477
1573020 477
1573030 478
1573040 479
1573050 479
1573060 480
1573070 482
1573080 482
1573090 484
1573100 486
1573110 486
1573120 488
1573130 490
1573140 490
1573150 491
1573160 494
1573170 494
1573180 495
1573190 497
1573200 497
1573210 499
1573220 501
1573230 501
1573240 502
1573250 504
1573260 504
1573270 505
1573280 506
1573290 506
1573300 507
1573310 508
1573320 508
1573330 509
1573340 510
1573350 510
1573360 511
1573370 513
1573380 513
1573390 517
1573400 520
1573410 520
1573420 523
1573430 526
1573440 526
1573450 529
1573460 531
1573470 531
1573480 534
1573490 537
1573500 537
1573510 540
1573520 543
1573530 543
1573540 546
1573550 549
1573560 549
1573570 552
1573580 555
1573590 558
1573600 558
1573610 561
1573620 563
1573630 563
1573640 565
1573650 568
1573660 568
1573670 570
1573680 573
1573690 573
1573700 575
1573710 578
1573720 578
1573730 580
1573740 582
1573750 582
1573760 584
1573770 586
1573780 586
1573790 589
1573800 590
1573810 590
1573820 593
1573830 595
1573840 595
1573850 597
1573860 599
1573870 599
1573880 602
1573890 604
1573900 604
1573910 607
1573920 606
1573930 606
1573940 608
1573950 611
1573960 611
1573970 615
1573980 619
1573990 619
1574000 624
1574010 630
1574020 630
1574030 634
1574040 638
1574050 638
1574060 643
1574070 647
1574080 647
1574090 651
1574100 655
1574110 655
1574120 658
1574130 662
1574140 662
1574150 666
1574160 669
1574170 669
1574180 672
1574190 675
1574200 675
1574210 677
1574220 679
1574230 679
1574240 681
1574250 682
1574260 682
1574270 684
1574280 686
1574290 687
1574300 687
1574310 688
1574320 690
1574330 690
1574340 692
1574350 692
1574360 692
1574370 693
1574380 695
1574390 695
1574400 697
1574410 697
1574420 697
1574430 698
1574440 697
1574450 697
1574460 697
1574470 697
1574480 697
1574490 698
1574500 698
1574510 698
1574520 701
1574530 704
1574540 704
1574550 704
1574560 705
1574570 705
1574580 706
1574590 705
1574600 705
1574610 706
1574620 705
1574630 705
1574640 703
1574650 702
1574660 702
1574670 698
1574680 696
1574690 696
1574700 695
1574710 695
1574720 695
1574730 696
1574740 698
1574750 698
1574760 699
1574770 700
1574780 700
1574790 703
1574800 705
1574810 705
1574820 705
1574830 707
1574840 707
1574850 708
1574860 709
1574870 709
1574880 710
1574890 712
1574900 712
1574910 713
1574920 713
1574930 713
1574940 712
1574950 712
1574960 712
1574970 717
1574980 722
1574990 722
1575000 727
1575010 732
1575020 736
1575030 736
1575040 742
1575050 747
1575060 747
1575070 752
1575080 757
1575090 757
1575100 763
1575110 764
1575120 764
1575130 762
1575140 761
1575150 761
1575160 762
1575170 764
1575180 764
1575190 766
1575200 768
1575210 768
1575220 771
1575230 775
1575240 775
1575250 780
1575260 781
1575270 781
1575280 781
1575290 782
1575300 782
1575310 784
1575320 785
1575330 785
1575340 787
1575350 796
1575360 796
1575370 798
1575380 797
1575390 797
1575400 797
1575410 797
1575420 797
1575430 797
1575440 797
1575450 797
1575460 796
1575470 796
1575480 796
1575490 795
1575500 795
1575510 795
1575520 794
1575530 791
1575540 791
1575550 787
1575560 783
1575570 783
1575580 781
1575590 780
1575600 780
1575610 780
1575620 781
1575630 781
1575640 782
1575650 784
1575660 784
1575670 784
1575680 784
1575690 784
1575700 785
1575710 785
1575720 785
1575730 786
1575740 787
1575750 790
1575760 790
1575770 792
1575780 794
1575790 794
1575800 797
1575810 800
1575820 800
1575830 803
1575840 807
1575850 807
1575860 810
1575870 813
1575880 813
1575890 815
1575900 818
1575910 818
1575920 821
1575930 824
1575940 824
1575950 827
1575960 829
1575970 829
1575980 830
1575990 831
1576000 831
1576010 831
1576020 832
1576030 832
1576040 832
1576050 832
1576060 832
1576070 832
1576080 832
1576090 832
1576100 832
1576110 832
1576120 832
1576130 831
1576140 831
1576150 831
1576160 830
1576170 829
1576180 829
1576190 827
1576200 825
1576210 825
1576220 823
1576230 820
1576240 820
1576250 818
1576260 815
1576270 815
1576280 813
1576290 811
1576300 811
1576310 808
1576320 806
1576330 806
1576340 805
1576350 803
1576360 803
1576370 801
1576380 799
1576390 799
1576400 797
1576410 794
1576420 794
1576430 792
1576440 791
1576450 788
1576460 788
1576470 786
1576480 783
1576490 783
1576500 780
1576510 775
1576520 775
1576530 769
1576540 764
1576550 764
1576560 761
1576570 757
1576580 757
1576590 753
1576600 750
1576610 750
1576620 748
1576630 746
1576640 746
1576650 744
1576660 742
1576670 742
1576680 739
1576690 737
1576700 737
1576710 733
1576720 728
1576730 728
1576740 724
1576750 723
1576760 725
1576770 722
1576780 722
1576790 722
1576800 721
1576810 719
1576820 719
1576830 717
1576840 715
1576850 715
1576860 714
1576870 713
1576880 713
1576890 713
1576900 712
1576910 712
1576920 711
1576930 711
1576940 711
1576950 711
1576960 711
1576970 711
1576980 710
1576990 708
1577000 708
1577010 707
1577020 706
1577030 706
1577040 706
1577050 705
1577060 705
1577070 704
1577080 702
1577090 702
1577100 701
1577110 700
1577120 700
1577130 699
1577140 698
1577150 698
1577160 697
1577170 695
1577180 694
1577190 694
1577200 693
1577210 691
1577220 691
1577230 687
1577240 686
1577250 686
1577260 686
1577270 685
1577280 685
1577290 685
1577300 686
1577310 686
1577320 687
1577330 687
1577340 687
1577350 687
1577360 687
1577370 687
1577380 687
1577390 686
1577400 686
1577410 686
1577420 685
1577430 685
1577440 685
1577450 684
1577460 684
1577470 684
1577480 682
1577490 682
1577500 680
1577510 677
1577520 677
1577530 676
1577540 675
1577550 675
1577560 674
1577570 676
1577580 676
1577590 678
1577600 678
1577610 678
1577620 677
1577630 677
1577640 677
1577650 676
1577660 674
1577670 674
1577680 673
1577690 672
1577700 672
1577710 671
1577720 671
1577730 671
1577740 670
1577750 669
1577760 669
1577770 669
1577780 669
1577790 669
1577800 671
1577810 672
1577820 672
1577830 674
1577840 674
1577850 674
1577860 675
1577870 676
1577880 677
1577890 677
1577900 678
1577910 678
1577920 678
1577930 680
1577940 681
1577950 681
1577960 682
1577970 683
1577980 683
1577990 685
1578000 686
1578010 686
1578020 688
1578030 689
1578040 689
1578050 691
1578060 693
1578070 693
1578080 694
1578090 696
1578100 696
1578110 697
1578120 699
1578130 699
1578140 701
1578150 707
1578160 707
1578170 708
1578180 709
1578190 709
1578200 710
1578210 711
1578220 711
1578230 712
1578240 713
1578250 713
1578260 714
1578270 714
1578280 714
1578290 715
1578300 715
1578310 715
1578320 716
1578330 716
1578340 716
1578350 716
1578360 716
1578370 716
1578380 716
1578390 716
1578400 716
1578410 716
1578420 716
1578430 716
1578440 715
1578450 715
1578460 715
1578470 713
1578480 709
1578490 709
1578500 706
1578510 705
1578520 705
1578530 704
1578540 705
1578550 705
1578560 705
1578570 704
1578580 704
1578590 702
1578600 699
1578610 697
1578620 697
1578630 696
1578640 694
1578650 694
1578660 692
1578670 689
1578680 689
1578690 689
1578700 689
1578710 689
1578720 690
1578730 691
1578740 691
1578750 691
1578760 692
1578770 692
1578780 693
1578790 693
1578800 693
1578810 693
1578820 693
1578830 693
1578840 693
1578850 694
1578860 694
1578870 695
1578880 695
1578890 695
1578900 696
1578910 698
1578920 698
1578930 699
1578940 700
1578950 700
1578960 701
1578970 701
1578980 701
1578990 700
1579000 701
1579010 701
1579020 702
1579030 705
1579040 705
1579050 711
1579060 714
1579070 714
1579080 717
1579090 717
1579100 717
1579110 716
1579120 717
1579130 717
1579140 719
1579150 721
1579160 721
1579170 723
1579180 725
1579190 725
1579200 727
1579210 729
1579220 729
1579230 731
1579240 733
1579250 733
1579260 735
1579270 735
1579280 735
1579290 737
1579300 740
1579310 743
1579320 743
1579330 748
1579340 753
1579350 753
1579360 760
1579370 767
1579380 767
1579390 773
1579400 778
1579410 778
1579420 783
1579430 789
1579440 789
1579450 793
1579460 798
1579470 798
1579480 803
1579490 809
1579500 809
1579510 807
1579520 812
1579530 812
1579540 817
1579550 821
1579560 821
1579570 824
1579580 826
1579590 826
1579600 829
1579610 831
1579620 831
1579630 835
1579640 840
1579650 840
1579660 846
1579670 851
1579680 851
1579690 854
1579700 858
1579710 858
1579720 861
1579730 865
1579740 865
1579750 867
1579760 869
1579770 869
1579780 870
1579790 870
1579800 870
1579810 868
1579820 866
1579830 866
1579840 862
1579850 859
1579860 859
1579870 855
1579880 851
1579890 851
1579900 848
1579910 845
1579920 845
1579930 843
1579940 840
1579950 840
1579960 836
1579970 831
1579980 831
1579990 826
