1560000 621
1560010 622
1560020 623
1560030 623
1560040 624
1560050 625
1560060 625
1560070 625
1560080 625
1560090 625
1560100 623
1560110 618
1560120 618
1560130 611
1560140 604
1560150 604
1560160 597
1560170 590
1560180 590
1560190 583
1560200 576
1560210 576
1560220 571
1560230 566
1560240 566
1560250 562
1560260 557
1560270 557
1560280 553
1560290 552
1560300 552
1560310 552
1560320 553
1560330 553
1560340 554
1560350 557
1560360 557
1560370 562
1560380 567
1560390 567
1560400 572
1560410 578
1560420 578
1560430 584
1560440 589
1560450 589
1560460 594
1560470 600
1560480 600
1560490 604
1560500 608
1560510 608
1560520 612
1560530 615
1560540 615
1560550 618
1560560 621
1560570 621
1560580 624
1560590 627
1560600 627
1560610 630
1560620 633
1560630 633
1560640 637
1560650 640
1560660 640
1560670 642
1560680 645
1560690 648
1560700 648
1560710 651
1560720 654
1560730 654
1560740 657
1560750 660
1560760 660
1560770 663
1560780 666
1560790 666
1560800 668
1560810 669
1560820 669
1560830 670
1560840 671
1560850 671
1560860 671
1560870 672
1560880 672
1560890 672
1560900 673
1560910 673
1560920 674
1560930 677
1560940 677
1560950 681
1560960 687
1560970 687
1560980 693
1560990 697
1561000 697
1561010 702
1561020 708
1561030 708
1561040 713
1561050 719
1561060 719
1561070 723
1561080 727
1561090 727
1561100 733
1561110 738
1561120 738
1561130 743
1561140 747
1561150 747
1561160 752
1561170 756
1561180 756
1561190 760
1561200 764
1561210 764
1561220 768
1561230 772
1561240 772
1561250 775
1561260 779
1561270 779
1561280 782
1561290 786
1561300 786
1561310 789
1561320 792
1561330 792
1561340 796
1561350 799
1561360 799
1561370 801
1561380 804
1561390 805
1561400 805
1561410 806
1561420 805
1561430 805
1561440 803
1561450 798
1561460 798
1561470 793
1561480 788
1561490 788
1561500 782
1561510 776
1561520 776
1561530 770
1561540 765
1561550 765
1561560 760
1561570 756
1561580 756
1561590 753
1561600 750
1561610 750
1561620 747
1561630 744
1561640 744
1561650 741
1561660 738
1561670 738
1561680 733
1561690 729
1561700 729
1561710 724
1561720 719
1561730 719
1561740 714
1561750 708
1561760 708
1561770 703
1561780 698
1561790 698
1561800 694
1561810 690
1561820 690
1561830 686
1561840 683
1561850 683
1561860 680
1561870 677
1561880 677
1561890 674
1561900 672
1561910 672
1561920 670
1561930 669
1561940 669
1561950 673
1561960 674
1561970 674
1561980 675
1561990 676
1562000 676
1562010 677
1562020 678
1562030 678
1562040 676
1562050 673
1562060 673
1562070 670
1562080 671
1562090 671
1562100 677
1562110 683
1562120 688
1562130 688
1562140 694
1562150 699
1562160 699
1562170 704
1562180 709
1562190 709
1562200 715
1562210 720
1562220 720
1562230 725
1562240 731
1562250 731
1562260 736
1562270 742
1562280 742
1562290 748
1562300 753
1562310 753
1562320 758
1562330 763
1562340 763
1562350 768
1562360 772
1562370 772
1562380 776
1562390 779
1562400 779
1562410 782
1562420 784
1562430 784
1562440 786
1562450 786
1562460 786
1562470 784
1562480 781
1562490 781
1562500 777
1562510 772
1562520 772
1562530 767
1562540 761
1562550 761
1562560 755
1562570 749
1562580 749
1562590 742
1562600 734
1562610 734
1562620 727
1562630 720
1562640 720
1562650 715
1562660 712
1562670 712
1562680 712
1562690 712
1562700 712
1562710 709
1562720 706
1562730 706
1562740 705
1562750 704
1562760 704
1562770 702
1562780 698
1562790 698
1562800 696
1562810 694
1562820 691
1562830 691
1562840 687
1562850 687
1562860 687
1562870 691
1562880 697
1562890 697
1562900 702
1562910 706
1562920 706
1562930 710
1562940 714
1562950 714
1562960 718
1562970 722
1562980 722
1562990 725
1563000 729
1563010 729
1563020 734
1563030 738
1563040 738
1563050 743
1563060 748
1563070 748
1563080 754
1563090 759
1563100 759
1563110 764
1563120 769
1563130 769
1563140 774
1563150 779
1563160 779
1563170 784
1563180 789
1563190 789
1563200 794
1563210 798
1563220 798
1563230 803
1563240 808
1563250 808
1563260 812
1563270 817
1563280 817
1563290 821
1563300 826
1563310 826
1563320 830
1563330 835
1563340 835
1563350 839
1563360 843
1563370 843
1563380 846
1563390 850
1563400 850
1563410 853
1563420 855
1563430 855
1563440 856
1563450 857
1563460 857
1563470 858
1563480 858
1563490 858
1563500 858
1563510 857
1563520 856
1563530 856
1563540 854
1563550 851
1563560 851
1563570 848
1563580 846
1563590 846
1563600 844
1563610 842
1563620 842
1563630 840
1563640 838
1563650 838
1563660 836
1563670 834
1563680 834
1563690 832
1563700 830
1563710 830
1563720 827
1563730 822
1563740 822
1563750 816
1563760 808
1563770 808
1563780 802
1563790 797
1563800 797
1563810 795
1563820 792
1563830 792
1563840 788
1563850 783
1563860 783
1563870 779
1563880 774
1563890 774
1563900 770
1563910 766
1563920 766
1563930 762
1563940 760
1563950 760
1563960 763
1563970 769
1563980 769
1563990 774
1564000 780
1564010 780
1564020 784
1564030 789
1564040 789
1564050 793
1564060 798
1564070 798
1564080 803
1564090 807
1564100 807
1564110 812
1564120 817
1564130 817
1564140 821
1564150 826
1564160 826
1564170 831
1564180 835
1564190 835
1564200 839
1564210 843
1564220 843
1564230 848
1564240 852
1564250 857
1564260 857
1564270 861
1564280 865
1564290 861
1564300 864
1564310 868
1564320 868
1564330 872
1564340 876
1564350 876
1564360 879
1564370 882
1564380 882
1564390 886
1564400 890
1564410 890
1564420 895
1564430 900
1564440 900
1564450 905
1564460 910
1564470 910
1564480 915
1564490 921
1564500 921
1564510 926
1564520 931
1564530 931
1564540 935
1564550 940
1564560 940
1564570 945
1564580 950
1564590 950
1564600 955
1564610 959
1564620 959
1564630 963
1564640 967
1564650 967
1564660 971
1564670 974
1564680 974
1564690 977
1564700 980
1564710 980
1564720 983
1564730 984
1564740 984
1564750 985
1564760 984
1564770 984
1564780 984
1564790 982
1564800 982
1564810 981
1564820 980
1564830 980
1564840 978
1564850 976
1564860 976
1564870 971
1564880 965
1564890 965
1564900 961
1564910 959
1564920 959
1564930 957
1564940 956
1564950 955
1564960 955
1564970 954
1564980 952
1564990 952
1565000 950
1565010 948
1565020 948
1565030 947
1565040 945
1565050 945
1565060 944
1565070 942
1565080 942
1565090 941
1565100 940
1565110 940
1565120 939
1565130 937
1565140 937
1565150 936
1565160 935
1565170 935
1565180 934
1565190 934
1565200 934
1565210 933
1565220 933
1565230 933
1565240 932
1565250 932
1565260 932
1565270 932
1565280 932
1565290 932
1565300 931
1565310 931
1565320 931
1565330 930
1565340 929
1565350 929
1565360 927
1565370 926
1565380 926
1565390 925
1565400 924
1565410 924
1565420 923
1565430 922
1565440 922
1565450 920
1565460 920
1565470 920
1565480 919
1565490 920
1565500 920
1565510 920
1565520 920
1565530 920
1565540 921
1565550 922
1565560 922
1565570 922
1565580 924
1565590 924
1565600 925
1565610 926
1565620 926
1565630 927
1565640 928
1565650 929
1565660 929
1565670 930
1565680 930
1565690 930
1565700 930
1565710 929
1565720 929
1565730 929
1565740 929
1565750 929
1565760 930
1565770 931
1565780 931
1565790 932
1565800 932
1565810 932
1565820 931
1565830 930
1565840 930
1565850 928
1565860 926
1565870 926
1565880 923
1565890 919
1565900 919
1565910 914
1565920 910
1565930 910
1565940 905
1565950 901
1565960 901
1565970 897
1565980 893
1565990 893
1566000 889
1566010 884
1566020 884
1566030 880
1566040 876
1566050 876
1566060 873
1566070 869
1566080 869
1566090 865
1566100 861
1566110 861
1566120 856
1566130 853
1566140 853
1566150 849
1566160 845
1566170 845
1566180 841
1566190 837
1566200 837
1566210 833
1566220 829
1566230 829
1566240 826
1566250 822
1566260 822
1566270 819
1566280 816
1566290 816
1566300 813
1566310 810
1566320 810
1566330 808
1566340 805
1566350 805
1566360 802
1566370 799
1566380 794
1566390 794
1566400 790
1566410 785
1566420 785
1566430 781
1566440 777
1566450 777
1566460 773
1566470 771
1566480 771
1566490 770
1566500 767
1566510 767
1566520 764
1566530 761
1566540 761
1566550 759
1566560 756
1566570 756
1566580 753
1566590 751
1566600 751
1566610 750
1566620 747
1566630 747
1566640 745
1566650 742
1566660 742
1566670 739
1566680 740
1566690 740
1566700 740
1566710 739
1566720 739
1566730 738
1566740 737
1566750 737
1566760 736
1566770 736
1566780 736
1566790 735
1566800 734
1566810 734
1566820 733
1566830 734
1566840 734
1566850 733
1566860 732
1566870 732
1566880 730
1566890 728
1566900 728
1566910 727
1566920 726
1566930 726
1566940 725
1566950 725
1566960 725
1566970 725
1566980 723
1566990 723
1567000 722
1567010 721
1567020 721
1567030 719
1567040 717
1567050 717
1567060 715
1567070 712
1567080 711
1567090 711
1567100 709
1567110 708
1567120 708
1567130 707
1567140 704
1567150 704
1567160 702
1567170 700
1567180 700
1567190 698
1567200 696
1567210 696
1567220 693
1567230 690
1567240 690
1567250 687
1567260 683
1567270 683
1567280 680
1567290 675
1567300 675
1567310 670
1567320 664
1567330 664
1567340 658
1567350 652
1567360 652
1567370 646
1567380 641
1567390 641
1567400 636
1567410 631
1567420 631
1567430 626
1567440 621
1567450 621
1567460 616
1567470 612
1567480 612
1567490 609
1567500 605
1567510 605
1567520 602
1567530 600
1567540 600
1567550 596
1567560 592
1567570 592
1567580 589
1567590 587
1567600 587
1567610 585
1567620 581
1567630 581
1567640 579
1567650 578
1567660 578
1567670 578
1567680 581
1567690 581
1567700 584
1567710 585
1567720 585
1567730 587
1567740 588
1567750 588
1567760 588
1567770 587
1567780 586
1567790 586
1567800 585
1567810 584
1567820 584
1567830 583
1567840 582
1567850 582
1567860 582
1567870 581
1567880 581
1567890 579
1567900 578
1567910 578
1567920 577
1567930 575
1567940 575
1567950 574
1567960 572
1567970 572
1567980 570
1567990 567
1568000 567
1568010 565
1568020 563
1568030 563
1568040 561
1568050 558
1568060 558
1568070 556
1568080 552
1568090 552
1568100 548
1568110 542
1568120 542
1568130 537
1568140 533
1568150 533
1568160 530
1568170 527
1568180 527
1568190 525
1568200 523
1568210 523
1568220 521
1568230 518
1568240 518
1568250 516
1568260 513
1568270 513
1568280 509
1568290 506
1568300 506
1568310 504
1568320 502
1568330 502
1568340 500
1568350 498
1568360 498
1568370 497
1568380 495
1568390 495
1568400 494
1568410 493
1568420 493
1568430 491
1568440 490
1568450 490
1568460 488
1568470 487
1568480 487
1568490 486
1568500 484
1568510 483
1568520 483
1568530 482
1568540 481
1568550 481
1568560 479
1568570 478
1568580 478
1568590 477
1568600 476
1568610 476
1568620 475
1568630 474
1568640 474
1568650 473
1568660 472
1568670 472
1568680 471
1568690 470
1568700 470
1568710 469
1568720 468
1568730 468
1568740 466
1568750 465
1568760 465
1568770 464
1568780 464
1568790 464
1568800 463
1568810 462
1568820 462
1568830 461
1568840 460
1568850 460
1568860 460
1568870 459
1568880 459
1568890 459
1568900 458
1568910 458
1568920 457
1568930 457
1568940 457
1568950 456
1568960 455
1568970 455
1568980 454
1568990 453
1569000 454
1569010 453
1569020 452
1569030 452
1569040 451
1569050 451
1569060 451
1569070 450
1569080 449
1569090 449
1569100 449
1569110 448
1569120 448
1569130 447
1569140 447
1569150 447
1569160 446
1569170 445
1569180 445
1569190 445
1569200 445
1569210 444
1569220 444
1569230 443
1569240 442
1569250 442
1569260 442
1569270 440
1569280 440
1569290 440
1569300 439
1569310 439
1569320 438
1569330 438
1569340 438
1569350 437
1569360 437
1569370 437
1569380 436
1569390 436
1569400 436
1569410 436
1569420 436
1569430 436
1569440 436
1569450 436
1569460 436
1569470 435
1569480 435
1569490 435
1569500 434
1569510 434
1569520 434
1569530 433
1569540 433
1569550 433
1569560 432
1569570 432
1569580 432
1569590 431
1569600 431
1569610 431
1569620 431
1569630 430
1569640 430
1569650 430
1569660 429
1569670 429
1569680 429
1569690 429
1569700 429
1569710 429
1569720 430
1569730 430
1569740 431
1569750 431
1569760 431
1569770 428
1569780 427
1569790 427
1569800 426
1569810 426
1569820 426
1569830 425
1569840 425
1569850 425
1569860 424
1569870 424
1569880 424
1569890 424
1569900 423
1569910 423
1569920 423
1569930 422
1569940 422
1569950 422
1569960 422
1569970 421
1569980 421
1569990 421
1570000 420
1570010 420
1570020 420
1570030 420
1570040 420
1570050 420
1570060 420
1570070 420
1570080 419
1570090 419
1570100 419
1570110 419
1570120 419
1570130 419
1570140 419
1570150 419
1570160 419
1570170 419
1570180 419
1570190 419
1570200 419
1570210 419
1570220 419
1570230 419
1570240 419
1570250 419
1570260 420
1570270 420
1570280 420
1570290 419
1570300 418
1570310 418
1570320 419
1570330 420
1570340 420
1570350 420
1570360 420
1570370 420
1570380 420
1570390 420
1570400 420
1570410 420
1570420 420
1570430 420
1570440 420
1570450 420
1570460 420
1570470 420
1570480 420
1570490 420
1570500 420
1570510 420
1570520 420
1570530 420
1570540 421
1570550 421
1570560 421
1570570 421
1570580 421
1570590 421
1570600 421
1570610 421
1570620 421
1570630 421
1570640 421
1570650 421
1570660 421
1570670 421
1570680 421
1570690 421
1570700 421
1570710 421
1570720 421
1570730 421
1570740 421
1570750 422
1570760 422
1570770 422
1570780 422
1570790 422
1570800 422
1570810 422
1570820 422
1570830 422
1570840 422
1570850 422
1570860 422
1570870 423
1570880 423
1570890 423
1570900 423
1570910 423
1570920 423
1570930 422
1570940 423
1570950 423
1570960 423
1570970 424
1570980 424
1570990 424
1571000 424
1571010 424
1571020 425
1571030 425
1571040 425
1571050 425
1571060 425
1571070 425
1571080 425
1571090 425
1571100 425
1571110 425
1571120 426
1571130 426
1571140 426
1571150 426
1571160 426
1571170 426
1571180 426
1571190 426
1571200 427
1571210 427
1571220 427
1571230 428
1571240 428
1571250 428
1571260 429
1571270 429
1571280 429
1571290 429
1571300 429
1571310 429
1571320 430
1571330 430
1571340 430
1571350 430
1571360 431
1571370 431
1571380 431
1571390 432
1571400 433
1571410 433
1571420 433
1571430 433
1571440 433
1571450 433
1571460 433
1571470 433
1571480 433
1571490 433
1571500 433
1571510 433
1571520 434
1571530 434
1571540 434
1571550 435
1571560 435
1571570 435
1571580 435
1571590 435
1571600 435
1571610 435
1571620 435
1571630 435
1571640 436
1571650 436
1571660 436
1571670 437
1571680 437
1571690 437
1571700 437
1571710 437
1571720 438
1571730 438
1571740 438
1571750 438
1571760 439
1571770 439
1571780 439
1571790 439
1571800 439
1571810 440
1571820 440
1571830 440
1571840 439
1571850 440
1571860 440
1571870 441
1571880 441
1571890 441
1571900 441
1571910 442
1571920 442
1571930 442
1571940 442
1571950 442
1571960 443
1571970 443
1571980 443
1571990 444
1572000 444
1572010 444
1572020 445
1572030 445
1572040 445
1572050 446
1572060 445
1572070 446
1572080 446
1572090 446
1572100 446
1572110 446
1572120 446
1572130 447
1572140 447
1572150 447
1572160 447
1572170 447
1572180 447
1572190 447
1572200 447
1572210 448
1572220 449
1572230 449
1572240 449
1572250 450
1572260 450
1572270 450
1572280 450
1572290 450
1572300 451
1572310 451
1572320 451
1572330 451
1572340 452
1572350 452
1572360 452
1572370 451
1572380 451
1572390 451
1572400 452
1572410 452
1572420 453
1572430 452
1572440 452
1572450 452
1572460 452
1572470 452
1572480 453
1572490 453
1572500 453
1572510 454
1572520 454
1572530 454
1572540 454
1572550 454
1572560 454
1572570 455
1572580 456
1572590 456
1572600 456
1572610 456
1572620 456
1572630 456
1572640 456
1572650 456
1572660 456
1572670 458
1572680 458
1572690 458
1572700 458
1572710 458
1572720 458
1572730 458
1572740 458
1572750 459
1572760 459
1572770 459
1572780 459
1572790 459
1572800 460
1572810 460
1572820 461
1572830 461
1572840 461
1572850 462
1572860 464
1572870 464
1572880 464
1572890 466
1572900 466
1572910 467
1572920 468
1572930 468
1572940 469
1572950 471
1572960 471
1572970 472
1572980 473
1572990 473
1573000 474
1573010 476
1573020 476
1573030 478
1573040 480
1573050 480
1573060 480
1573070 482
1573080 482
1573090 483
1573100 484
1573110 484
1573120 486
1573130 487
1573140 487
1573150 489
1573160 491
1573170 491
1573180 492
1573190 493
1573200 493
1573210 495
1573220 497
1573230 497
1573240 499
1573250 501
1573260 501
1573270 503
1573280 505
1573290 505
1573300 507
1573310 510
1573320 510
1573330 512
1573340 514
1573350 514
1573360 517
1573370 519
1573380 519
1573390 522
1573400 525
1573410 525
1573420 527
1573430 531
1573440 531
1573450 533
1573460 536
1573470 536
1573480 539
1573490 543
1573500 546
1573510 546
1573520 549
1573530 552
1573540 552
1573550 555
1573560 557
1573570 557
1573580 560
1573590 562
1573600 562
1573610 565
1573620 567
1573630 567
1573640 569
1573650 571
1573660 571
1573670 573
1573680 575
1573690 575
1573700 577
1573710 579
1573720 579
1573730 580
1573740 582
1573750 582
1573760 585
1573770 588
1573780 588
1573790 591
1573800 594
1573810 594
1573820 597
1573830 600
1573840 600
1573850 603
1573860 606
1573870 606
1573880 609
1573890 613
1573900 613
1573910 616
1573920 619
1573930 619
1573940 622
1573950 626
1573960 626
1573970 629
1573980 633
1573990 633
1574000 637
1574010 640
1574020 640
1574030 644
1574040 647
1574050 647
1574060 651
1574070 654
1574080 654
1574090 658
1574100 661
1574110 661
1574120 663
1574130 665
1574140 665
1574150 669
1574160 673
1574170 673
1574180 676
1574190 679
1574200 682
1574210 682
1574220 685
1574230 687
1574240 687
1574250 689
1574260 691
1574270 691
1574280 694
1574290 696
1574300 696
1574310 698
1574320 700
1574330 700
1574340 702
1574350 703
1574360 703
1574370 705
1574380 706
1574390 706
1574400 707
1574410 708
1574420 708
1574430 708
1574440 707
1574450 707
1574460 708
1574470 710
1574480 710
1574490 712
1574500 714
1574510 714
1574520 716
1574530 717
1574540 717
1574550 718
1574560 718
1574570 718
1574580 719
1574590 719
1574600 719
1574610 720
1574620 720
1574630 720
1574640 720
1574650 718
1574660 718
1574670 717
1574680 716
1574690 716
1574700 716
1574710 719
1574720 719
1574730 720
1574740 722
1574750 722
1574760 723
1574770 721
1574780 721
1574790 722
1574800 723
1574810 723
1574820 722
1574830 721
1574840 721
1574850 720
1574860 719
1574870 719
1574880 718
1574890 718
1574900 716
1574910 716
1574920 717
1574930 718
1574940 718
1574950 721
1574960 723
1574970 723
1574980 727
1574990 730
1575000 730
1575010 733
1575020 737
1575030 737
1575040 740
1575050 743
1575060 743
1575070 746
1575080 748
1575090 748
1575100 748
1575110 749
1575120 749
1575130 751
1575140 752
1575150 752
1575160 753
1575170 752
1575180 752
1575190 751
1575200 752
1575210 752
1575220 754
1575230 756
1575240 756
1575250 758
1575260 759
1575270 759
1575280 760
1575290 761
1575300 761
1575310 762
1575320 762
1575330 762
1575340 764
1575350 769
1575360 769
1575370 774
1575380 775
1575390 775
1575400 775
1575410 775
1575420 775
1575430 775
1575440 775
1575450 775
1575460 775
1575470 776
1575480 776
1575490 776
1575500 776
1575510 776
1575520 775
1575530 772
1575540 772
1575550 769
1575560 767
1575570 767
1575580 766
1575590 765
1575600 765
1575610 764
1575620 764
1575630 762
1575640 762
1575650 761
1575660 761
1575670 761
1575680 761
1575690 763
1575700 763
1575710 765
1575720 767
1575730 767
1575740 770
1575750 773
1575760 773
1575770 777
1575780 781
1575790 781
1575800 787
1575810 791
1575820 791
1575830 796
1575840 799
1575850 799
1575860 802
1575870 804
1575880 804
1575890 806
1575900 809
1575910 809
1575920 810
1575930 811
1575940 811
1575950 813
1575960 815
1575970 815
1575980 817
1575990 818
1576000 818
1576010 819
1576020 822
1576030 822
1576040 824
1576050 826
1576060 826
1576070 826
1576080 826
1576090 826
1576100 825
1576110 824
1576120 824
1576130 823
1576140 821
1576150 821
1576160 820
1576170 819
1576180 819
1576190 817
1576200 815
1576210 815
1576220 813
1576230 811
1576240 811
1576250 808
1576260 805
1576270 805
1576280 802
1576290 799
1576300 799
1576310 796
1576320 796
1576330 796
1576340 794
1576350 791
1576360 789
1576370 789
1576380 788
1576390 787
1576400 787
1576410 786
1576420 784
1576430 784
1576440 781
1576450 779
1576460 779
1576470 776
1576480 772
1576490 772
1576500 769
1576510 766
1576520 766
1576530 764
1576540 761
1576550 761
1576560 759
1576570 755
1576580 755
1576590 753
1576600 749
1576610 749
1576620 746
1576630 745
1576640 745
1576650 742
1576660 738
1576670 738
1576680 735
1576690 733
1576700 733
1576710 732
1576720 730
1576730 730
1576740 728
1576750 727
1576760 727
1576770 727
1576780 728
1576790 728
1576800 728
1576810 727
1576820 727
1576830 726
1576840 725
1576850 725
1576860 724
1576870 723
1576880 723
1576890 722
1576900 720
1576910 720
1576920 718
1576930 716
1576940 716
1576950 715
1576960 712
1576970 712
1576980 710
1576990 708
1577000 708
1577010 704
1577020 702
1577030 702
1577040 699
1577050 696
1577060 695
1577070 695
1577080 694
1577090 695
1577100 695
1577110 696
1577120 698
1577130 698
1577140 699
1577150 700
1577160 700
1577170 700
1577180 700
1577190 700
1577200 700
1577210 700
1577220 700
1577230 701
1577240 701
1577250 701
1577260 700
1577270 700
1577280 700
1577290 700
1577300 700
1577310 700
1577320 699
1577330 699
1577340 699
1577350 699
1577360 699
1577370 699
1577380 698
1577390 698
1577400 698
1577410 697
1577420 696
1577430 696
1577440 694
1577450 692
1577460 692
1577470 690
1577480 688
1577490 688
1577500 688
1577510 689
1577520 689
1577530 689
1577540 689
1577550 689
1577560 688
1577570 687
1577580 687
1577590 685
1577600 683
1577610 683
1577620 681
1577630 679
1577640 679
1577650 679
1577660 679
1577670 679
1577680 680
1577690 680
1577700 680
1577710 673
1577720 671
1577730 671
1577740 671
1577750 671
1577760 672
1577770 672
1577780 671
1577790 670
1577800 670
1577810 667
1577820 666
1577830 666
1577840 665
1577850 665
1577860 665
1577870 663
1577880 661
1577890 661
1577900 659
1577910 659
1577920 659
1577930 659
1577940 661
1577950 661
1577960 663
1577970 664
1577980 664
1577990 666
1578000 668
1578010 668
1578020 670
1578030 672
1578040 672
1578050 674
1578060 676
1578070 676
1578080 677
1578090 679
1578100 679
1578110 680
1578120 682
1578130 682
1578140 683
1578150 684
1578160 684
1578170 686
1578180 687
1578190 687
1578200 688
1578210 689
1578220 689
1578230 690
1578240 691
1578250 691
1578260 692
1578270 693
1578280 693
1578290 693
1578300 694
1578310 694
1578320 694
1578330 695
1578340 695
1578350 695
1578360 695
1578370 695
1578380 695
1578390 695
1578400 695
1578410 695
1578420 695
1578430 695
1578440 695
1578450 694
1578460 694
1578470 694
1578480 694
1578490 693
1578500 693
1578510 692
1578520 691
1578530 691
1578540 691
1578550 692
1578560 692
1578570 692
1578580 692
1578590 692
1578600 691
1578610 690
1578620 690
1578630 687
1578640 683
1578650 683
1578660 681
1578670 681
1578680 681
1578690 682
1578700 682
1578710 682
1578720 680
1578730 679
1578740 679
1578750 680
1578760 680
1578770 680
1578780 680
1578790 680
1578800 680
1578810 681
1578820 681
1578830 681
1578840 680
1578850 680
1578860 680
1578870 682
1578880 684
1578890 684
1578900 686
1578910 688
1578920 688
1578930 690
1578940 691
1578950 691
1578960 692
1578970 694
1578980 694
1578990 695
1579000 696
1579010 696
1579020 697
1579030 698
1579040 698
1579050 699
1579060 699
1579070 699
1579080 701
1579090 705
1579100 705
1579110 708
1579120 712
1579130 712
1579140 715
1579150 717
1579160 717
1579170 719
1579180 722
1579190 724
1579200 724
1579210 727
1579220 730
1579230 730
1579240 733
1579250 735
1579260 735
1579270 739
1579280 744
1579290 744
1579300 750
1579310 758
1579320 758
1579330 765
1579340 772
1579350 772
1579360 780
1579370 788
1579380 788
1579390 796
1579400 800
1579410 800
1579420 803
1579430 807
1579440 807
1579450 812
1579460 818
1579470 818
1579480 825
1579490 834
1579500 834
1579510 839
1579520 843
1579530 843
1579540 844
1579550 847
1579560 847
1579570 847
1579580 844
1579590 844
1579600 843
1579610 843
1579620 843
1579630 843
1579640 843
1579650 843
1579660 844
1579670 843
1579680 843
1579690 842
1579700 842
1579710 842
1579720 841
1579730 842
1579740 842
1579750 842
1579760 841
1579770 841
1579780 840
1579790 837
1579800 837
1579810 835
1579820 833
1579830 833
1579840 830
1579850 826
1579860 826
1579870 822
1579880 818
1579890 818
1579900 816
1579910 814
1579920 813
1579930 813
1579940 812
1579950 809
1579960 809
1579970 804
1579980 799
1579990 799
