1560000 841
1560010 841
1560020 840
1560030 838
1560040 838
1560050 836
1560060 832
1560070 832
1560080 826
1560090 821
1560100 821
1560110 815
1560120 809
1560130 809
1560140 804
1560150 800
1560160 800
1560170 797
1560180 794
1560190 794
1560200 792
1560210 789
1560220 789
1560230 785
1560240 783
1560250 783
1560260 780
1560270 778
1560280 778
1560290 775
1560300 773
1560310 773
1560320 770
1560330 768
1560340 768
1560350 766
1560360 766
1560370 766
1560380 765
1560390 765
1560400 765
1560410 763
1560420 761
1560430 761
1560440 759
1560450 757
1560460 757
1560470 758
1560480 763
1560490 763
1560500 766
1560510 766
1560520 766
1560530 765
1560540 762
1560550 762
1560560 756
1560570 752
1560580 752
1560590 750
1560600 749
1560610 747
1560620 747
1560630 746
1560640 744
1560650 744
1560660 743
1560670 742
1560680 742
1560690 743
1560700 744
1560710 744
1560720 746
1560730 747
1560740 747
1560750 748
1560760 749
1560770 749
1560780 749
1560790 751
1560800 751
1560810 754
1560820 758
1560830 758
1560840 763
1560850 767
1560860 767
1560870 770
1560880 772
1560890 772
1560900 772
1560910 775
1560920 775
1560930 777
1560940 779
1560950 779
1560960 781
1560970 783
1560980 783
1560990 784
1561000 786
1561010 786
1561020 787
1561030 788
1561040 788
1561050 788
1561060 786
1561070 786
1561080 784
1561090 780
1561100 780
1561110 777
1561120 774
1561130 774
1561140 773
1561150 771
1561160 771
1561170 770
1561180 772
1561190 772
1561200 772
1561210 770
1561220 770
1561230 768
1561240 770
1561250 770
1561260 771
1561270 767
1561280 767
1561290 770
1561300 774
1561310 774
1561320 775
1561330 776
1561340 776
1561350 778
1561360 778
1561370 778
1561380 778
1561390 780
1561400 782
1561410 782
1561420 784
1561430 786
1561440 786
1561450 789
1561460 791
1561470 791
1561480 793
1561490 795
1561500 795
1561510 795
1561520 794
1561530 794
1561540 793
1561550 791
1561560 791
1561570 788
1561580 785
1561590 785
1561600 783
1561610 780
1561620 780
1561630 777
1561640 776
1561650 776
1561660 776
1561670 777
1561680 777
1561690 776
1561700 774
1561710 774
1561720 772
1561730 769
1561740 769
1561750 764
1561760 760
1561770 760
1561780 756
1561790 752
1561800 752
1561810 748
1561820 744
1561830 744
1561840 740
1561850 735
1561860 735
1561870 731
1561880 728
1561890 728
1561900 723
1561910 720
1561920 720
1561930 718
1561940 720
1561950 720
1561960 722
1561970 723
1561980 723
1561990 723
1562000 723
1562010 723
1562020 721
1562030 719
1562040 719
1562050 716
1562060 712
1562070 712
1562080 710
1562090 709
1562100 708
1562110 708
1562120 708
1562130 707
1562140 707
1562150 703
1562160 701
1562170 701
1562180 703
1562190 708
1562200 708
1562210 713
1562220 716
1562230 716
1562240 720
1562250 724
1562260 724
1562270 728
1562280 731
1562290 731
1562300 735
1562310 739
1562320 739
1562330 743
1562340 746
1562350 746
1562360 749
1562370 753
1562380 753
1562390 756
1562400 760
1562410 760
1562420 764
1562430 767
1562440 767
1562450 771
1562460 776
1562470 776
1562480 780
1562490 784
1562500 784
1562510 787
1562520 789
1562530 789
1562540 788
1562550 784
1562560 784
1562570 775
1562580 769
1562590 769
1562600 762
1562610 755
1562620 755
1562630 748
1562640 741
1562650 741
1562660 734
1562670 726
1562680 726
1562690 721
1562700 725
1562710 725
1562720 732
1562730 736
1562740 736
1562750 741
1562760 746
1562770 746
1562780 751
1562790 756
1562800 756
1562810 761
1562820 766
1562830 766
1562840 771
1562850 775
1562860 778
1562870 778
1562880 781
1562890 784
1562900 784
1562910 789
1562920 793
1562930 793
1562940 798
1562950 802
1562960 802
1562970 805
1562980 808
1562990 808
1563000 811
1563010 816
1563020 816
1563030 819
1563040 823
1563050 823
1563060 826
1563070 830
1563080 830
1563090 834
1563100 838
1563110 838
1563120 841
1563130 845
1563140 845
1563150 849
1563160 852
1563170 852
1563180 856
1563190 859
1563200 859
1563210 862
1563220 865
1563230 865
1563240 867
1563250 870
1563260 870
1563270 873
1563280 876
1563290 876
1563300 879
1563310 881
1563320 881
1563330 883
1563340 886
1563350 886
1563360 889
1563370 891
1563380 891
1563390 894
1563400 897
1563410 897
1563420 900
1563430 902
1563440 902
1563450 906
1563460 910
1563470 910
1563480 913
1563490 916
1563500 916
1563510 920
1563520 924
1563530 924
1563540 927
1563550 931
1563560 931
1563570 934
1563580 938
1563590 941
1563600 941
1563610 944
1563620 947
1563630 947
1563640 948
1563650 949
1563660 949
1563670 949
1563680 948
1563690 948
1563700 947
1563710 946
1563720 946
1563730 945
1563740 944
1563750 944
1563760 942
1563770 940
1563780 940
1563790 938
1563800 936
1563810 936
1563820 934
1563830 932
1563840 932
1563850 930
1563860 927
1563870 927
1563880 924
1563890 921
1563900 921
1563910 917
1563920 914
1563930 914
1563940 911
1563950 908
1563960 908
1563970 905
1563980 902
1563990 902
1564000 898
1564010 895
1564020 895
1564030 891
1564040 887
1564050 887
1564060 883
1564070 879
1564080 879
1564090 873
1564100 868
1564110 868
1564120 862
1564130 857
1564140 857
1564150 852
1564160 846
1564170 846
1564180 841
1564190 836
1564200 836
1564210 830
1564220 822
1564230 822
1564240 816
1564250 810
1564260 810
1564270 805
1564280 800
1564290 800
1564300 795
1564310 790
1564320 790
1564330 787
1564340 783
1564350 780
1564360 780
1564370 776
1564380 772
1564390 772
1564400 768
1564410 764
1564420 764
1564430 758
1564440 753
1564450 753
1564460 749
1564470 745
1564480 745
1564490 742
1564500 739
1564510 739
1564520 735
1564530 731
1564540 731
1564550 727
1564560 722
1564570 722
1564580 718
1564590 714
1564600 714
1564610 710
1564620 707
1564630 707
1564640 704
1564650 700
1564660 700
1564670 696
1564680 692
1564690 692
1564700 687
1564710 681
1564720 681
1564730 675
1564740 670
1564750 670
1564760 664
1564770 657
1564780 657
1564790 651
1564800 646
1564810 646
1564820 641
1564830 637
1564840 637
1564850 634
1564860 630
1564870 630
1564880 627
1564890 623
1564900 623
1564910 620
1564920 618
1564930 618
1564940 616
1564950 613
1564960 613
1564970 611
1564980 609
1564990 609
1565000 606
1565010 604
1565020 604
1565030 603
1565040 601
1565050 601
1565060 600
1565070 601
1565080 601
1565090 601
1565100 604
1565110 607
1565120 607
1565130 609
1565140 609
1565150 609
1565160 610
1565170 610
1565180 610
1565190 612
1565200 613
1565210 613
1565220 614
1565230 615
1565240 615
1565250 617
1565260 618
1565270 618
1565280 617
1565290 617
1565300 617
1565310 616
1565320 616
1565330 616
1565340 616
1565350 616
1565360 616
1565370 616
1565380 616
1565390 616
1565400 618
1565410 619
1565420 619
1565430 621
1565440 623
1565450 623
1565460 623
1565470 623
1565480 623
1565490 621
1565500 618
1565510 618
1565520 613
1565530 608
1565540 608
1565550 604
1565560 600
1565570 600
1565580 597
1565590 597
1565600 597
1565610 597
1565620 594
1565630 594
1565640 589
1565650 585
1565660 585
1565670 580
1565680 576
1565690 576
1565700 573
1565710 571
1565720 571
1565730 569
1565740 569
1565750 569
1565760 573
1565770 580
1565780 580
1565790 586
1565800 592
1565810 592
1565820 600
1565830 606
1565840 611
1565850 611
1565860 616
1565870 622
1565880 622
1565890 628
1565900 633
1565910 633
1565920 638
1565930 643
1565940 643
1565950 647
1565960 652
1565970 652
1565980 656
1565990 657
1566000 657
1566010 656
1566020 655
1566030 655
1566040 652
1566050 649
1566060 649
1566070 647
1566080 644
1566090 644
1566100 641
1566110 638
1566120 638
1566130 636
1566140 633
1566150 633
1566160 629
1566170 626
1566180 626
1566190 622
1566200 618
1566210 618
1566220 614
1566230 610
1566240 610
1566250 606
1566260 602
1566270 602
1566280 598
1566290 595
1566300 595
1566310 592
1566320 590
1566330 590
1566340 587
1566350 583
1566360 583
1566370 579
1566380 576
1566390 576
1566400 574
1566410 571
1566420 571
1566430 567
1566440 563
1566450 563
1566460 560
1566470 557
1566480 557
1566490 553
1566500 549
1566510 549
1566520 545
1566530 541
1566540 541
1566550 538
1566560 534
1566570 531
1566580 531
1566590 528
1566600 525
1566610 525
1566620 523
1566630 519
1566640 519
1566650 515
1566660 512
1566670 512
1566680 510
1566690 508
1566700 508
1566710 507
1566720 506
1566730 506
1566740 505
1566750 503
1566760 503
1566770 500
1566780 498
1566790 498
1566800 496
1566810 494
1566820 494
1566830 492
1566840 491
1566850 491
1566860 489
1566870 487
1566880 487
1566890 485
1566900 482
1566910 482
1566920 480
1566930 478
1566940 478
1566950 476
1566960 475
1566970 475
1566980 474
1566990 473
1567000 473
1567010 472
1567020 471
1567030 471
1567040 470
1567050 469
1567060 469
1567070 468
1567080 467
1567090 467
1567100 466
1567110 465
1567120 465
1567130 464
1567140 463
1567150 463
1567160 462
1567170 462
1567180 462
1567190 461
1567200 461
1567210 461
1567220 460
1567230 459
1567240 459
1567250 459
1567260 459
1567270 459
1567280 459
1567290 458
1567300 458
1567310 458
1567320 458
1567330 457
1567340 457
1567350 457
1567360 457
1567370 457
1567380 456
1567390 455
1567400 455
1567410 454
1567420 453
1567430 453
1567440 453
1567450 452
1567460 452
1567470 452
1567480 452
1567490 452
1567500 452
1567510 452
1567520 452
1567530 452
1567540 451
1567550 451
1567560 451
1567570 450
1567580 450
1567590 450
1567600 449
1567610 449
1567620 448
1567630 447
1567640 447
1567650 446
1567660 446
1567670 446
1567680 445
1567690 444
1567700 444
1567710 443
1567720 442
1567730 442
1567740 441
1567750 440
1567760 440
1567770 438
1567780 436
1567790 436
1567800 435
1567810 433
1567820 433
1567830 431
1567840 430
1567850 430
1567860 428
1567870 427
1567880 427
1567890 427
1567900 426
1567910 426
1567920 426
1567930 425
1567940 425
1567950 425
1567960 424
1567970 424
1567980 423
1567990 423
1568000 423
1568010 423
1568020 422
1568030 422
1568040 422
1568050 421
1568060 421
1568070 421
1568080 421
1568090 421
1568100 421
1568110 420
1568120 420
1568130 420
1568140 420
1568150 419
1568160 419
1568170 419
1568180 419
1568190 419
1568200 419
1568210 419
1568220 419
1568230 419
1568240 419
1568250 419
1568260 419
1568270 419
1568280 419
1568290 418
1568300 418
1568310 418
1568320 418
1568330 418
1568340 418
1568350 418
1568360 418
1568370 418
1568380 418
1568390 418
1568400 418
1568410 417
1568420 417
1568430 417
1568440 417
1568450 417
1568460 417
1568470 416
1568480 416
1568490 416
1568500 416
1568510 416
1568520 416
1568530 416
1568540 416
1568550 416
1568560 416
1568570 415
1568580 415
1568590 414
1568600 414
1568610 414
1568620 414
1568630 414
1568640 414
1568650 414
1568660 414
1568670 414
1568680 414
1568690 413
1568700 413
1568710 413
1568720 413
1568730 413
1568740 413
1568750 413
1568760 413
1568770 413
1568780 413
1568790 413
1568800 413
1568810 412
1568820 412
1568830 412
1568840 412
1568850 411
1568860 411
1568870 411
1568880 411
1568890 411
1568900 411
1568910 411
1568920 411
1568930 410
1568940 410
1568950 410
1568960 410
1568970 409
1568980 409
1568990 409
1569000 409
1569010 409
1569020 409
1569030 409
1569040 409
1569050 409
1569060 409
1569070 409
1569080 409
1569090 409
1569100 409
1569110 409
1569120 409
1569130 409
1569140 409
1569150 410
1569160 410
1569170 409
1569180 409
1569190 409
1569200 409
1569210 409
1569220 409
1569230 409
1569240 409
1569250 409
1569260 409
1569270 410
1569280 410
1569290 411
1569300 411
1569310 411
1569320 411
1569330 412
1569340 412
1569350 412
1569360 413
1569370 413
1569380 413
1569390 413
1569400 413
1569410 414
1569420 415
1569430 415
1569440 416
1569450 417
1569460 417
1569470 417
1569480 418
1569490 418
1569500 418
1569510 418
1569520 418
1569530 419
1569540 419
1569550 419
1569560 419
1569570 419
1569580 419
1569590 419
1569600 419
1569610 419
1569620 419
1569630 419
1569640 419
1569650 419
1569660 419
1569670 419
1569680 419
1569690 419
1569700 419
1569710 419
1569720 419
1569730 420
1569740 420
1569750 420
1569760 420
1569770 420
1569780 421
1569790 421
1569800 421
1569810 421
1569820 422
1569830 422
1569840 422
1569850 422
1569860 422
1569870 423
1569880 423
1569890 423
1569900 423
1569910 423
1569920 423
1569930 422
1569940 422
1569950 422
1569960 422
1569970 421
1569980 421
1569990 421
1570000 421
1570010 421
1570020 420
1570030 420
1570040 420
1570050 420
1570060 420
1570070 420
1570080 420
1570090 419
1570100 419
1570110 418
1570120 418
1570130 418
1570140 418
1570150 419
1570160 419
1570170 421
1570180 423
1570190 423
1570200 422
1570210 422
1570220 422
1570230 423
1570240 424
1570250 424
1570260 425
1570270 426
1570280 427
1570290 427
1570300 427
1570310 428
1570320 428
1570330 428
1570340 429
1570350 429
1570360 430
1570370 431
1570380 431
1570390 432
1570400 434
1570410 434
1570420 436
1570430 437
1570440 437
1570450 439
1570460 441
1570470 441
1570480 443
1570490 444
1570500 444
1570510 446
1570520 447
1570530 447
1570540 449
1570550 450
1570560 450
1570570 452
1570580 455
1570590 455
1570600 457
1570610 459
1570620 459
1570630 461
1570640 463
1570650 463
1570660 464
1570670 466
1570680 466
1570690 468
1570700 469
1570710 469
1570720 471
1570730 472
1570740 472
1570750 474
1570760 475
1570770 475
1570780 476
1570790 477
1570800 477
1570810 478
1570820 479
1570830 479
1570840 479
1570850 480
1570860 480
1570870 482
1570880 483
1570890 483
1570900 484
1570910 485
1570920 485
1570930 486
1570940 487
1570950 487
1570960 487
1570970 488
1570980 488
1570990 488
1571000 488
1571010 488
1571020 488
1571030 488
1571040 488
1571050 488
1571060 489
1571070 488
1571080 488
1571090 486
1571100 485
1571110 485
1571120 485
1571130 486
1571140 486
1571150 487
1571160 488
1571170 488
1571180 490
1571190 491
1571200 491
1571210 492
1571220 493
1571230 493
1571240 494
1571250 496
1571260 496
1571270 498
1571280 499
1571290 499
1571300 501
1571310 502
1571320 502
1571330 503
1571340 504
1571350 504
1571360 505
1571370 506
1571380 506
1571390 507
1571400 508
1571410 508
1571420 509
1571430 511
1571440 511
1571450 512
1571460 513
1571470 513
1571480 515
1571490 516
1571500 516
1571510 518
1571520 519
1571530 519
1571540 520
1571550 521
1571560 521
1571570 522
1571580 523
1571590 523
1571600 524
1571610 525
1571620 525
1571630 527
1571640 528
1571650 528
1571660 529
1571670 530
1571680 530
1571690 531
1571700 532
1571710 532
1571720 534
1571730 535
1571740 535
1571750 536
1571760 538
1571770 538
1571780 541
1571790 545
1571800 548
1571810 548
1571820 550
1571830 553
1571840 553
1571850 556
1571860 559
1571870 559
1571880 561
1571890 564
1571900 564
1571910 565
1571920 569
1571930 569
1571940 572
1571950 574
1571960 574
1571970 577
1571980 579
1571990 579
1572000 582
1572010 585
1572020 585
1572030 587
1572040 589
1572050 589
1572060 591
1572070 593
1572080 593
1572090 596
1572100 599
1572110 599
1572120 603
1572130 607
1572140 607
1572150 611
1572160 614
1572170 614
1572180 618
1572190 622
1572200 622
1572210 627
1572220 632
1572230 632
1572240 637
1572250 641
1572260 641
1572270 646
1572280 651
1572290 651
1572300 655
1572310 659
1572320 659
1572330 664
1572340 667
1572350 667
1572360 670
1572370 674
1572380 674
1572390 677
1572400 680
1572410 680
1572420 683
1572430 686
1572440 686
1572450 690
1572460 695
1572470 695
1572480 699
1572490 703
1572500 703
1572510 708
1572520 713
1572530 717
1572540 717
1572550 718
1572560 718
1572570 718
1572580 717
1572590 716
1572600 716
1572610 716
1572620 716
1572630 716
1572640 717
1572650 717
1572660 717
1572670 718
1572680 718
1572690 718
1572700 719
1572710 718
1572720 718
1572730 719
1572740 719
1572750 719
1572760 720
1572770 721
1572780 721
1572790 720
1572800 722
1572810 722
1572820 724
1572830 725
1572840 725
1572850 727
1572860 729
1572870 729
1572880 731
1572890 733
1572900 733
1572910 735
1572920 739
1572930 739
1572940 742
1572950 748
1572960 748
1572970 754
1572980 760
1572990 760
1573000 764
1573010 768
1573020 768
1573030 773
1573040 777
1573050 777
1573060 781
1573070 786
1573080 786
1573090 790
1573100 794
1573110 794
1573120 796
1573130 798
1573140 798
1573150 800
1573160 803
1573170 803
1573180 806
1573190 808
1573200 808
1573210 810
1573220 811
1573230 811
1573240 812
1573250 813
1573260 813
1573270 813
1573280 812
1573290 812
1573300 812
1573310 811
1573320 809
1573330 809
1573340 808
1573350 806
1573360 806
1573370 805
1573380 803
1573390 803
1573400 798
1573410 796
1573420 796
1573430 792
1573440 787
1573450 787
1573460 781
1573470 775
1573480 775
1573490 769
1573500 763
1573510 763
1573520 758
1573530 751
1573540 751
1573550 744
1573560 738
1573570 738
1573580 733
1573590 729
1573600 729
1573610 724
1573620 721
1573630 721
1573640 717
1573650 714
1573660 714
1573670 712
1573680 709
1573690 709
1573700 707
1573710 710
1573720 710
1573730 712
1573740 715
1573750 715
1573760 717
1573770 720
1573780 720
1573790 721
1573800 723
1573810 723
1573820 725
1573830 727
1573840 727
1573850 729
1573860 730
1573870 730
1573880 732
1573890 734
1573900 734
1573910 735
1573920 736
1573930 736
1573940 737
1573950 737
1573960 737
1573970 738
1573980 737
1573990 737
1574000 736
1574010 735
1574020 735
1574030 734
1574040 732
1574050 730
1574060 730
1574070 727
1574080 724
1574090 724
1574100 721
1574110 719
1574120 719
1574130 716
1574140 713
1574150 713
1574160 710
1574170 707
1574180 707
1574190 704
1574200 701
1574210 701
1574220 695
1574230 690
1574240 690
1574250 684
1574260 678
1574270 678
1574280 671
1574290 668
1574300 668
1574310 673
1574320 676
1574330 676
1574340 678
1574350 678
1574360 678
1574370 680
1574380 682
1574390 682
1574400 684
1574410 686
1574420 686
1574430 688
1574440 689
1574450 689
1574460 691
1574470 692
1574480 692
1574490 694
1574500 696
1574510 696
1574520 698
1574530 700
1574540 700
1574550 701
1574560 703
1574570 703
1574580 703
1574590 705
1574600 705
1574610 707
1574620 710
1574630 710
1574640 712
1574650 714
1574660 714
1574670 716
1574680 717
1574690 717
1574700 719
1574710 720
1574720 720
1574730 721
1574740 722
1574750 722
1574760 723
1574770 724
1574780 724
1574790 724
1574800 724
1574810 725
1574820 725
1574830 726
1574840 723
1574850 723
1574860 723
1574870 723
1574880 723
1574890 723
1574900 723
1574910 723
1574920 724
1574930 725
1574940 725
1574950 725
1574960 726
1574970 726
1574980 726
1574990 726
1575000 726
1575010 726
1575020 726
1575030 726
1575040 725
1575050 727
1575060 727
1575070 727
1575080 727
1575090 727
1575100 727
1575110 728
1575120 728
1575130 729
1575140 729
1575150 729
1575160 729
1575170 729
1575180 729
1575190 730
1575200 731
1575210 731
1575220 731
1575230 732
1575240 732
1575250 732
1575260 733
1575270 733
1575280 733
1575290 734
1575300 734
1575310 735
1575320 735
1575330 735
1575340 736
1575350 737
1575360 737
1575370 738
1575380 739
1575390 739
1575400 740
1575410 741
1575420 741
1575430 742
1575440 744
1575450 744
1575460 745
1575470 746
1575480 746
1575490 747
1575500 749
1575510 749
1575520 750
1575530 750
1575540 750
1575550 750
1575560 751
1575570 752
1575580 752
1575590 752
1575600 752
1575610 752
1575620 751
1575630 749
1575640 749
1575650 748
1575660 747
1575670 747
1575680 746
1575690 746
1575700 746
1575710 745
1575720 744
1575730 744
1575740 743
1575750 742
1575760 742
1575770 740
1575780 739
1575790 739
1575800 738
1575810 737
1575820 737
1575830 736
1575840 735
1575850 735
1575860 734
1575870 734
1575880 734
1575890 734
1575900 733
1575910 733
1575920 733
1575930 733
1575940 733
1575950 734
1575960 733
1575970 733
1575980 732
1575990 732
1576000 732
1576010 732
1576020 732
1576030 732
1576040 732
1576050 731
1576060 731
1576070 730
1576080 730
1576090 730
1576100 730
1576110 730
1576120 730
1576130 729
1576140 729
1576150 729
1576160 729
1576170 729
1576180 729
1576190 729
1576200 729
1576210 729
1576220 729
1576230 729
1576240 729
1576250 729
1576260 732
1576270 732
1576280 731
1576290 731
1576300 731
1576310 731
1576320 731
1576330 730
1576340 730
1576350 730
1576360 729
1576370 729
1576380 728
1576390 727
1576400 727
1576410 726
1576420 725
1576430 725
1576440 724
1576450 724
1576460 724
1576470 723
1576480 722
1576490 722
1576500 721
1576510 719
1576520 719
1576530 719
1576540 718
1576550 718
1576560 717
1576570 716
1576580 716
1576590 715
1576600 713
1576610 713
1576620 711
1576630 708
1576640 708
1576650 705
1576660 702
1576670 702
1576680 700
1576690 698
1576700 698
1576710 696
1576720 695
1576730 695
1576740 693
1576750 690
1576760 690
1576770 688
1576780 685
1576790 685
1576800 682
1576810 679
1576820 679
1576830 676
1576840 672
1576850 672
1576860 670
1576870 668
1576880 668
1576890 667
1576900 666
1576910 666
1576920 666
1576930 664
1576940 664
1576950 661
1576960 657
1576970 657
1576980 660
1576990 660
1577000 660
1577010 660
1577020 660
1577030 660
1577040 660
1577050 659
1577060 659
1577070 659
1577080 659
1577090 658
1577100 658
1577110 658
1577120 657
1577130 657
1577140 656
1577150 656
1577160 656
1577170 655
1577180 655
1577190 655
1577200 654
1577210 652
1577220 652
1577230 649
1577240 645
1577250 645
1577260 641
1577270 638
1577280 638
1577290 634
1577300 630
1577310 630
1577320 626
1577330 624
1577340 624
1577350 628
1577360 629
1577370 629
1577380 630
1577390 632
1577400 632
1577410 633
1577420 632
1577430 632
1577440 631
1577450 632
1577460 632
1577470 633
1577480 637
1577490 637
1577500 639
1577510 643
1577520 643
1577530 646
1577540 649
1577550 649
1577560 652
1577570 655
1577580 655
1577590 658
1577600 660
1577610 660
1577620 662
1577630 664
1577640 664
1577650 666
1577660 671
1577670 671
1577680 672
1577690 673
1577700 673
1577710 674
1577720 676
1577730 676
1577740 677
1577750 679
1577760 679
1577770 680
1577780 681
1577790 682
1577800 682
1577810 683
1577820 684
1577830 684
1577840 685
1577850 685
1577860 685
1577870 686
1577880 686
1577890 686
1577900 686
1577910 685
1577920 685
1577930 684
1577940 683
1577950 683
1577960 683
1577970 682
1577980 682
1577990 681
1578000 680
1578010 680
1578020 680
1578030 679
1578040 679
1578050 678
1578060 677
1578070 677
1578080 675
1578090 670
1578100 670
1578110 665
1578120 661
1578130 661
1578140 657
1578150 653
1578160 653
1578170 650
1578180 649
1578190 649
1578200 647
1578210 646
1578220 646
1578230 646
1578240 646
1578250 646
1578260 645
1578270 644
1578280 644
1578290 643
1578300 641
1578310 641
1578320 640
1578330 639
1578340 639
1578350 638
1578360 637
1578370 637
1578380 636
1578390 635
1578400 635
1578410 633
1578420 632
1578430 632
1578440 630
1578450 628
1578460 628
1578470 625
1578480 623
1578490 623
1578500 619
1578510 616
1578520 612
1578530 612
1578540 607
1578550 601
1578560 601
1578570 596
1578580 592
1578590 592
1578600 588
1578610 584
1578620 584
1578630 580
1578640 575
1578650 575
1578660 570
1578670 565
1578680 565
1578690 558
1578700 549
1578710 549
1578720 540
1578730 533
1578740 533
1578750 532
1578760 531
1578770 531
1578780 532
1578790 533
1578800 533
1578810 535
1578820 540
1578830 540
1578840 545
1578850 550
1578860 550
1578870 555
1578880 560
1578890 560
1578900 564
1578910 569
1578920 569
1578930 574
1578940 580
1578950 580
1578960 585
1578970 590
1578980 590
1578990 594
1579000 598
1579010 598
1579020 602
1579030 608
1579040 608
1579050 611
1579060 615
1579070 615
1579080 618
1579090 621
1579100 621
1579110 623
1579120 624
1579130 624
1579140 625
1579150 626
1579160 626
1579170 626
1579180 626
1579190 626
1579200 626
1579210 625
1579220 625
1579230 625
1579240 624
1579250 624
1579260 623
1579270 621
1579280 619
1579290 619
1579300 615
1579310 612
1579320 612
1579330 608
1579340 604
1579350 604
1579360 600
1579370 597
1579380 597
1579390 595
1579400 597
1579410 597
1579420 604
1579430 608
1579440 608
1579450 613
1579460 616
1579470 616
1579480 619
1579490 620
1579500 620
1579510 621
1579520 621
1579530 621
1579540 622
1579550 623
1579560 623
1579570 623
1579580 624
1579590 624
1579600 625
1579610 627
1579620 627
1579630 630
1579640 632
1579650 632
1579660 635
1579670 636
1579680 636
1579690 637
1579700 638
1579710 638
1579720 639
1579730 641
1579740 641
1579750 642
1579760 643
1579770 643
1579780 644
1579790 645
1579800 645
1579810 646
1579820 647
1579830 647
1579840 649
1579850 650
1579860 650
1579870 651
1579880 652
1579890 652
1579900 653
1579910 654
1579920 654
1579930 654
1579940 654
1579950 654
1579960 654
1579970 654
1579980 654
1579990 654
