1560000 635
1560010 638
1560020 638
1560030 641
1560040 643
1560050 643
1560060 644
1560070 645
1560080 645
1560090 646
1560100 647
1560110 647
1560120 648
1560130 648
1560140 648
1560150 649
1560160 650
1560170 650
1560180 651
1560190 652
1560200 652
1560210 653
1560220 653
1560230 653
1560240 654
1560250 654
1560260 654
1560270 654
1560280 654
1560290 654
1560300 654
1560310 654
1560320 654
1560330 654
1560340 653
1560350 653
1560360 653
1560370 653
1560380 652
1560390 652
1560400 651
1560410 650
1560420 650
1560430 649
1560440 648
1560450 648
1560460 646
1560470 644
1560480 644
1560490 641
1560500 638
1560510 638
1560520 636
1560530 634
1560540 634
1560550 632
1560560 629
1560570 629
1560580 622
1560590 615
1560600 615
1560610 611
1560620 608
1560630 608
1560640 604
1560650 603
1560660 603
1560670 605
1560680 608
1560690 608
1560700 610
1560710 613
1560720 613
1560730 617
1560740 619
1560750 619
1560760 619
1560770 619
1560780 619
1560790 616
1560800 612
1560810 612
1560820 610
1560830 607
1560840 607
1560850 605
1560860 608
1560870 608
1560880 614
1560890 619
1560900 619
1560910 624
1560920 628
1560930 628
1560940 632
1560950 635
1560960 635
1560970 640
1560980 647
1560990 647
1561000 653
1561010 659
1561020 664
1561030 664
1561040 668
1561050 672
1561060 672
1561070 676
1561080 680
1561090 680
1561100 684
1561110 688
1561120 688
1561130 692
1561140 696
1561150 696
1561160 700
1561170 703
1561180 703
1561190 707
1561200 711
1561210 711
1561220 716
1561230 721
1561240 721
1561250 726
1561260 730
1561270 730
1561280 735
1561290 739
1561300 739
1561310 744
1561320 747
1561330 747
1561340 751
1561350 754
1561360 754
1561370 756
1561380 758
1561390 758
1561400 760
1561410 761
1561420 761
1561430 762
1561440 762
1561450 762
1561460 762
1561470 763
1561480 763
1561490 763
1561500 763
1561510 763
1561520 763
1561530 763
1561540 763
1561550 763
1561560 763
1561570 763
1561580 762
1561590 761
1561600 761
1561610 761
1561620 761
1561630 761
1561640 760
1561650 758
1561660 758
1561670 757
1561680 756
1561690 756
1561700 754
1561710 753
1561720 753
1561730 750
1561740 748
1561750 748
1561760 746
1561770 742
1561780 738
1561790 738
1561800 734
1561810 729
1561820 729
1561830 724
1561840 719
1561850 719
1561860 714
1561870 708
1561880 708
1561890 703
1561900 697
1561910 697
1561920 692
1561930 692
1561940 692
1561950 693
1561960 692
1561970 692
1561980 690
1561990 689
1562000 689
1562010 687
1562020 685
1562030 685
1562040 683
1562050 680
1562060 680
1562070 677
1562080 674
1562090 674
1562100 670
1562110 665
1562120 665
1562130 661
1562140 657
1562150 657
1562160 652
1562170 648
1562180 648
1562190 645
1562200 641
1562210 641
1562220 633
1562230 628
1562240 628
1562250 623
1562260 617
1562270 617
1562280 612
1562290 607
1562300 607
1562310 602
1562320 597
1562330 597
1562340 594
1562350 592
1562360 592
1562370 590
1562380 589
1562390 589
1562400 589
1562410 589
1562420 589
1562430 589
1562440 589
1562450 589
1562460 593
1562470 598
1562480 598
1562490 603
1562500 608
1562510 608
1562520 613
1562530 619
1562540 624
1562550 624
1562560 629
1562570 635
1562580 635
1562590 640
1562600 646
1562610 646
1562620 651
1562630 656
1562640 656
1562650 662
1562660 667
1562670 667
1562680 671
1562690 675
1562700 675
1562710 679
1562720 682
1562730 682
1562740 686
1562750 689
1562760 689
1562770 692
1562780 695
1562790 695
1562800 699
1562810 702
1562820 702
1562830 705
1562840 708
1562850 708
1562860 712
1562870 716
1562880 716
1562890 719
1562900 723
1562910 723
1562920 726
1562930 730
1562940 730
1562950 733
1562960 736
1562970 736
1562980 740
1562990 744
1563000 744
1563010 747
1563020 751
1563030 751
1563040 754
1563050 758
1563060 758
1563070 761
1563080 764
1563090 764
1563100 767
1563110 771
1563120 771
1563130 775
1563140 778
1563150 778
1563160 781
1563170 784
1563180 784
1563190 787
1563200 790
1563210 790
1563220 793
1563230 795
1563240 795
1563250 797
1563260 800
1563270 800
1563280 802
1563290 804
1563300 806
1563310 806
1563320 808
1563330 810
1563340 810
1563350 811
1563360 812
1563370 812
1563380 814
1563390 815
1563400 815
1563410 816
1563420 817
1563430 817
1563440 819
1563450 819
1563460 819
1563470 820
1563480 820
1563490 820
1563500 821
1563510 821
1563520 821
1563530 821
1563540 821
1563550 821
1563560 821
1563570 821
1563580 821
1563590 821
1563600 821
1563610 821
1563620 821
1563630 820
1563640 820
1563650 820
1563660 819
1563670 819
1563680 818
1563690 817
1563700 817
1563710 816
1563720 815
1563730 815
1563740 814
1563750 812
1563760 812
1563770 811
1563780 809
1563790 809
1563800 808
1563810 806
1563820 806
1563830 804
1563840 802
1563850 802
1563860 800
1563870 796
1563880 796
1563890 794
1563900 791
1563910 791
1563920 788
1563930 786
1563940 786
1563950 784
1563960 782
1563970 782
1563980 779
1563990 777
1564000 777
1564010 773
1564020 771
1564030 767
1564040 767
1564050 763
1564060 757
1564070 757
1564080 750
1564090 747
1564100 747
1564110 743
1564120 738
1564130 738
1564140 734
1564150 730
1564160 730
1564170 726
1564180 723
1564190 723
1564200 721
1564210 718
1564220 718
1564230 715
1564240 711
1564250 711
1564260 708
1564270 704
1564280 704
1564290 700
1564300 697
1564310 697
1564320 695
1564330 692
1564340 692
1564350 687
1564360 683
1564370 683
1564380 679
1564390 676
1564400 676
1564410 673
1564420 671
1564430 671
1564440 669
1564450 667
1564460 667
1564470 665
1564480 663
1564490 663
1564500 659
1564510 657
1564520 657
1564530 655
1564540 652
1564550 652
1564560 648
1564570 645
1564580 645
1564590 641
1564600 639
1564610 639
1564620 642
1564630 644
1564640 644
1564650 647
1564660 650
1564670 650
1564680 651
1564690 654
1564700 654
1564710 656
1564720 659
1564730 659
1564740 662
1564750 664
1564760 664
1564770 665
1564780 666
1564790 668
1564800 668
1564810 670
1564820 672
1564830 672
1564840 673
1564850 673
1564860 673
1564870 673
1564880 672
1564890 672
1564900 671
1564910 670
1564920 670
1564930 669
1564940 667
1564950 667
1564960 666
1564970 664
1564980 664
1564990 662
1565000 660
1565010 660
1565020 659
1565030 657
1565040 657
1565050 656
1565060 654
1565070 654
1565080 653
1565090 652
1565100 652
1565110 650
1565120 648
1565130 648
1565140 647
1565150 645
1565160 645
1565170 642
1565180 641
1565190 641
1565200 639
1565210 636
1565220 636
1565230 634
1565240 632
1565250 632
1565260 629
1565270 627
1565280 627
1565290 624
1565300 622
1565310 622
1565320 619
1565330 613
1565340 613
1565350 607
1565360 601
1565370 601
1565380 598
1565390 594
1565400 594
1565410 589
1565420 585
1565430 585
1565440 582
1565450 579
1565460 579
1565470 577
1565480 574
1565490 575
1565500 571
1565510 565
1565520 565
1565530 558
1565540 551
1565550 546
1565560 546
1565570 541
1565580 536
1565590 536
1565600 532
1565610 528
1565620 528
1565630 523
1565640 519
1565650 519
1565660 514
1565670 511
1565680 511
1565690 509
1565700 509
1565710 509
1565720 509
1565730 508
1565740 508
1565750 506
1565760 505
1565770 505
1565780 503
1565790 501
1565800 501
1565810 500
1565820 499
1565830 499
1565840 498
1565850 497
1565860 497
1565870 496
1565880 495
1565890 495
1565900 494
1565910 493
1565920 493
1565930 491
1565940 489
1565950 489
1565960 488
1565970 487
1565980 487
1565990 487
1566000 485
1566010 485
1566020 484
1566030 483
1566040 483
1566050 482
1566060 482
1566070 482
1566080 482
1566090 481
1566100 481
1566110 480
1566120 479
1566130 479
1566140 478
1566150 478
1566160 478
1566170 476
1566180 476
1566190 476
1566200 476
1566210 475
1566220 475
1566230 475
1566240 475
1566250 475
1566260 474
1566270 474
1566280 474
1566290 473
1566300 473
1566310 474
1566320 474
1566330 475
1566340 477
1566350 477
1566360 478
1566370 477
1566380 477
1566390 477
1566400 477
1566410 477
1566420 478
1566430 477
1566440 477
1566450 477
1566460 478
1566470 478
1566480 478
1566490 477
1566500 477
1566510 477
1566520 477
1566530 477
1566540 476
1566550 475
1566560 475
1566570 474
1566580 472
1566590 472
1566600 471
1566610 470
1566620 470
1566630 469
1566640 468
1566650 468
1566660 468
1566670 465
1566680 465
1566690 464
1566700 463
1566710 463
1566720 462
1566730 461
1566740 461
1566750 460
1566760 459
1566770 459
1566780 458
1566790 457
1566800 457
1566810 455
1566820 455
1566830 455
1566840 454
1566850 453
1566860 453
1566870 453
1566880 452
1566890 452
1566900 451
1566910 450
1566920 450
1566930 450
1566940 449
1566950 449
1566960 449
1566970 449
1566980 449
1566990 449
1567000 448
1567010 448
1567020 448
1567030 448
1567040 448
1567050 447
1567060 447
1567070 447
1567080 447
1567090 446
1567100 446
1567110 446
1567120 445
1567130 445
1567140 445
1567150 445
1567160 444
1567170 444
1567180 444
1567190 444
1567200 444
1567210 444
1567220 443
1567230 443
1567240 443
1567250 442
1567260 442
1567270 441
1567280 441
1567290 441
1567300 441
1567310 440
1567320 440
1567330 440
1567340 440
1567350 440
1567360 440
1567370 439
1567380 439
1567390 439
1567400 439
1567410 439
1567420 438
1567430 438
1567440 438
1567450 438
1567460 437
1567470 437
1567480 437
1567490 437
1567500 437
1567510 437
1567520 437
1567530 437
1567540 436
1567550 435
1567560 435
1567570 435
1567580 434
1567590 434
1567600 434
1567610 434
1567620 434
1567630 433
1567640 433
1567650 433
1567660 433
1567670 432
1567680 432
1567690 432
1567700 432
1567710 432
1567720 431
1567730 431
1567740 431
1567750 430
1567760 430
1567770 430
1567780 430
1567790 429
1567800 429
1567810 429
1567820 429
1567830 428
1567840 428
1567850 428
1567860 427
1567870 427
1567880 427
1567890 427
1567900 427
1567910 426
1567920 426
1567930 426
1567940 426
1567950 425
1567960 425
1567970 425
1567980 425
1567990 425
1568000 424
1568010 424
1568020 424
1568030 424
1568040 423
1568050 423
1568060 423
1568070 423
1568080 423
1568090 422
1568100 422
1568110 422
1568120 422
1568130 421
1568140 421
1568150 421
1568160 421
1568170 421
1568180 421
1568190 420
1568200 420
1568210 420
1568220 420
1568230 420
1568240 419
1568250 419
1568260 419
1568270 419
1568280 419
1568290 419
1568300 418
1568310 417
1568320 417
1568330 417
1568340 417
1568350 417
1568360 417
1568370 417
1568380 417
1568390 416
1568400 416
1568410 416
1568420 416
1568430 415
1568440 415
1568450 415
1568460 415
1568470 415
1568480 414
1568490 414
1568500 414
1568510 414
1568520 414
1568530 414
1568540 413
1568550 413
1568560 413
1568570 413
1568580 413
1568590 412
1568600 412
1568610 412
1568620 412
1568630 412
1568640 411
1568650 411
1568660 411
1568670 411
1568680 410
1568690 410
1568700 410
1568710 410
1568720 410
1568730 409
1568740 409
1568750 409
1568760 409
1568770 409
1568780 409
1568790 408
1568800 408
1568810 408
1568820 408
1568830 408
1568840 408
1568850 408
1568860 407
1568870 407
1568880 407
1568890 407
1568900 407
1568910 407
1568920 407
1568930 407
1568940 407
1568950 407
1568960 407
1568970 407
1568980 407
1568990 407
1569000 407
1569010 407
1569020 407
1569030 407
1569040 406
1569050 406
1569060 406
1569070 406
1569080 406
1569090 406
1569100 406
1569110 406
1569120 406
1569130 406
1569140 406
1569150 406
1569160 406
1569170 406
1569180 406
1569190 406
1569200 406
1569210 406
1569220 406
1569230 406
1569240 406
1569250 406
1569260 406
1569270 406
1569280 406
1569290 406
1569300 406
1569310 406
1569320 406
1569330 406
1569340 405
1569350 405
1569360 405
1569370 405
1569380 405
1569390 405
1569400 404
1569410 404
1569420 404
1569430 405
1569440 405
1569450 405
1569460 405
1569470 405
1569480 405
1569490 405
1569500 407
1569510 407
1569520 410
1569530 410
1569540 410
1569550 410
1569560 407
1569570 407
1569580 406
1569590 406
1569600 406
1569610 406
1569620 406
1569630 406
1569640 406
1569650 406
1569660 406
1569670 406
1569680 406
1569690 406
1569700 406
1569710 406
1569720 406
1569730 406
1569740 406
1569750 406
1569760 406
1569770 406
1569780 406
1569790 406
1569800 406
1569810 406
1569820 407
1569830 407
1569840 407
1569850 408
1569860 408
1569870 408
1569880 407
1569890 407
1569900 407
1569910 407
1569920 408
1569930 408
1569940 408
1569950 409
1569960 409
1569970 409
1569980 409
1569990 409
1570000 410
1570010 410
1570020 410
1570030 410
1570040 411
1570050 411
1570060 411
1570070 412
1570080 412
1570090 412
1570100 413
1570110 413
1570120 413
1570130 414
1570140 414
1570150 414
1570160 415
1570170 416
1570180 416
1570190 416
1570200 417
1570210 417
1570220 418
1570230 417
1570240 417
1570250 417
1570260 418
1570270 418
1570280 420
1570290 421
1570300 421
1570310 422
1570320 422
1570330 422
1570340 423
1570350 423
1570360 423
1570370 424
1570380 425
1570390 425
1570400 425
1570410 425
1570420 425
1570430 426
1570440 427
1570450 427
1570460 428
1570470 429
1570480 429
1570490 430
1570500 431
1570510 431
1570520 433
1570530 434
1570540 434
1570550 435
1570560 436
1570570 436
1570580 437
1570590 437
1570600 437
1570610 438
1570620 439
1570630 439
1570640 439
1570650 439
1570660 439
1570670 439
1570680 438
1570690 438
1570700 435
1570710 434
1570720 434
1570730 433
1570740 433
1570750 433
1570760 433
1570770 434
1570780 434
1570790 435
1570800 437
1570810 437
1570820 439
1570830 441
1570840 443
1570850 443
1570860 445
1570870 447
1570880 447
1570890 449
1570900 450
1570910 450
1570920 452
1570930 454
1570940 454
1570950 455
1570960 457
1570970 457
1570980 458
1570990 459
1571000 459
1571010 461
1571020 462
1571030 462
1571040 463
1571050 464
1571060 464
1571070 465
1571080 466
1571090 466
1571100 467
1571110 468
1571120 468
1571130 469
1571140 470
1571150 470
1571160 471
1571170 472
1571180 472
1571190 472
1571200 473
1571210 473
1571220 475
1571230 475
1571240 475
1571250 476
1571260 477
1571270 477
1571280 478
1571290 478
1571300 478
1571310 479
1571320 480
1571330 480
1571340 481
1571350 482
1571360 482
1571370 483
1571380 484
1571390 484
1571400 485
1571410 486
1571420 486
1571430 486
1571440 487
1571450 487
1571460 488
1571470 490
1571480 490
1571490 491
1571500 492
1571510 492
1571520 493
1571530 495
1571540 495
1571550 496
1571560 497
1571570 497
1571580 499
1571590 500
1571600 501
1571610 501
1571620 503
1571630 500
1571640 500
1571650 502
1571660 504
1571670 504
1571680 505
1571690 507
1571700 507
1571710 505
1571720 507
1571730 507
1571740 511
1571750 512
1571760 512
1571770 512
1571780 513
1571790 513
1571800 515
1571810 516
1571820 516
1571830 517
1571840 517
1571850 517
1571860 518
1571870 519
1571880 519
1571890 521
1571900 522
1571910 522
1571920 524
1571930 526
1571940 526
1571950 527
1571960 528
1571970 528
1571980 530
1571990 531
1572000 531
1572010 533
1572020 534
1572030 534
1572040 535
1572050 537
1572060 537
1572070 538
1572080 539
1572090 539
1572100 538
1572110 535
1572120 535
1572130 536
1572140 540
1572150 540
1572160 543
1572170 546
1572180 546
1572190 550
1572200 552
1572210 552
1572220 554
1572230 557
1572240 557
1572250 560
1572260 565
1572270 565
1572280 569
1572290 572
1572300 572
1572310 575
1572320 579
1572330 579
1572340 582
1572350 585
1572360 589
1572370 589
1572380 593
1572390 597
1572400 597
1572410 601
1572420 605
1572430 605
1572440 609
1572450 613
1572460 613
1572470 617
1572480 621
1572490 621
1572500 625
1572510 628
1572520 628
1572530 630
1572540 633
1572550 633
1572560 635
1572570 639
1572580 639
1572590 642
1572600 645
1572610 645
1572620 648
1572630 650
1572640 650
1572650 653
1572660 655
1572670 655
1572680 657
1572690 659
1572700 659
1572710 661
1572720 664
1572730 664
1572740 666
1572750 669
1572760 669
1572770 671
1572780 673
1572790 673
1572800 675
1572810 677
1572820 677
1572830 680
1572840 682
1572850 682
1572860 684
1572870 686
1572880 686
1572890 688
1572900 689
1572910 689
1572920 691
1572930 693
1572940 693
1572950 694
1572960 696
1572970 696
1572980 699
1572990 701
1573000 701
1573010 703
1573020 705
1573030 705
1573040 706
1573050 706
1573060 706
1573070 706
1573080 705
1573090 705
1573100 703
1573110 701
1573120 700
1573130 700
1573140 697
1573150 694
1573160 694
1573170 692
1573180 689
1573190 689
1573200 686
1573210 683
1573220 683
1573230 681
1573240 679
1573250 679
1573260 676
1573270 672
1573280 672
1573290 670
1573300 668
1573310 668
1573320 666
1573330 664
1573340 664
1573350 663
1573360 661
1573370 661
1573380 659
1573390 658
1573400 658
1573410 655
1573420 651
1573430 651
1573440 646
1573450 648
1573460 648
1573470 651
1573480 651
1573490 651
1573500 651
1573510 652
1573520 652
1573530 652
1573540 653
1573550 653
1573560 654
1573570 655
1573580 655
1573590 656
1573600 657
1573610 657
1573620 658
1573630 659
1573640 659
1573650 660
1573660 661
1573670 661
1573680 662
1573690 660
1573700 660
1573710 659
1573720 658
1573730 658
1573740 654
1573750 649
1573760 649
1573770 644
1573780 637
1573790 637
1573800 631
1573810 625
1573820 625
1573830 620
1573840 615
1573850 615
1573860 610
1573870 606
1573880 602
1573890 602
1573900 599
1573910 596
1573920 596
1573930 592
1573940 589
1573950 589
1573960 586
1573970 585
1573980 585
1573990 584
1574000 585
1574010 585
1574020 586
1574030 589
1574040 589
1574050 591
1574060 591
1574070 591
1574080 590
1574090 588
1574100 588
1574110 585
1574120 581
1574130 581
1574140 576
1574150 572
1574160 572
1574170 574
1574180 579
1574190 579
1574200 585
1574210 589
1574220 589
1574230 592
1574240 596
1574250 596
1574260 600
1574270 603
1574280 603
1574290 605
1574300 608
1574310 608
1574320 611
1574330 613
1574340 613
1574350 616
1574360 618
1574370 618
1574380 620
1574390 623
1574400 623
1574410 625
1574420 627
1574430 627
1574440 629
1574450 630
1574460 630
1574470 632
1574480 634
1574490 634
1574500 635
1574510 636
1574520 636
1574530 637
1574540 640
1574550 640
1574560 640
1574570 639
1574580 639
1574590 638
1574600 636
1574610 636
1574620 635
1574630 634
1574640 635
1574650 635
1574660 638
1574670 640
1574680 640
1574690 641
1574700 642
1574710 642
1574720 642
1574730 641
1574740 641
1574750 644
1574760 647
1574770 647
1574780 650
1574790 652
1574800 652
1574810 654
1574820 656
1574830 656
1574840 659
1574850 661
1574860 661
1574870 663
1574880 666
1574890 666
1574900 668
1574910 671
1574920 671
1574930 673
1574940 675
1574950 675
1574960 678
1574970 680
1574980 680
1574990 682
1575000 684
1575010 684
1575020 686
1575030 688
1575040 688
1575050 690
1575060 692
1575070 692
1575080 694
1575090 695
1575100 695
1575110 695
1575120 696
1575130 696
1575140 695
1575150 693
1575160 693
1575170 691
1575180 690
1575190 690
1575200 689
1575210 689
1575220 689
1575230 689
1575240 688
1575250 688
1575260 686
1575270 684
1575280 684
1575290 684
1575300 683
1575310 683
1575320 684
1575330 683
1575340 683
1575350 680
1575360 684
1575370 684
1575380 686
1575390 687
1575400 687
1575410 687
1575420 688
1575430 688
1575440 688
1575450 689
1575460 690
1575470 690
1575480 691
1575490 692
1575500 692
1575510 693
1575520 693
1575530 693
1575540 695
1575550 695
1575560 695
1575570 695
1575580 696
1575590 696
1575600 698
1575610 699
1575620 699
1575630 699
1575640 700
1575650 700
1575660 700
1575670 700
1575680 700
1575690 700
1575700 699
1575710 699
1575720 695
1575730 693
1575740 693
1575750 691
1575760 689
1575770 689
1575780 687
1575790 685
1575800 685
1575810 683
1575820 681
1575830 681
1575840 680
1575850 677
1575860 677
1575870 675
1575880 674
1575890 674
1575900 673
1575910 672
1575920 672
1575930 671
1575940 671
1575950 671
1575960 668
1575970 670
1575980 670
1575990 672
1576000 674
1576010 674
1576020 676
1576030 678
1576040 678
1576050 680
1576060 681
1576070 681
1576080 682
1576090 684
1576100 684
1576110 687
1576120 689
1576130 689
1576140 692
1576150 694
1576160 696
1576170 696
1576180 698
1576190 700
1576200 700
1576210 701
1576220 703
1576230 703
1576240 704
1576250 705
1576260 705
1576270 706
1576280 706
1576290 706
1576300 707
1576310 707
1576320 707
1576330 707
1576340 706
1576350 706
1576360 706
1576370 705
1576380 705
1576390 702
1576400 701
1576410 701
1576420 701
1576430 700
1576440 700
1576450 698
1576460 696
1576470 696
1576480 699
1576490 699
1576500 699
1576510 701
1576520 702
1576530 702
1576540 705
1576550 707
1576560 707
1576570 709
1576580 711
1576590 711
1576600 713
1576610 715
1576620 715
1576630 716
1576640 717
1576650 717
1576660 717
1576670 718
1576680 718
1576690 717
1576700 717
1576710 717
1576720 717
1576730 716
1576740 716
1576750 715
1576760 714
1576770 714
1576780 713
1576790 713
1576800 713
1576810 714
1576820 715
1576830 715
1576840 716
1576850 717
1576860 717
1576870 717
1576880 716
1576890 716
1576900 718
1576910 718
1576920 720
1576930 720
1576940 721
1576950 722
1576960 722
1576970 723
1576980 725
1576990 725
1577000 726
1577010 727
1577020 727
1577030 728
1577040 730
1577050 730
1577060 731
1577070 732
1577080 732
1577090 734
1577100 736
1577110 736
1577120 738
1577130 740
1577140 740
1577150 741
1577160 743
1577170 743
1577180 745
1577190 748
1577200 748
1577210 749
1577220 750
1577230 750
1577240 751
1577250 752
1577260 752
1577270 754
1577280 756
1577290 756
1577300 758
1577310 760
1577320 760
1577330 761
1577340 762
1577350 762
1577360 759
1577370 759
1577380 759
1577390 759
1577400 759
1577410 759
1577420 759
1577430 758
1577440 758
1577450 758
1577460 758
1577470 758
1577480 758
1577490 758
1577500 758
1577510 758
1577520 758
1577530 758
1577540 758
1577550 758
1577560 758
1577570 758
1577580 758
1577590 758
1577600 759
1577610 760
1577620 760
1577630 761
1577640 763
1577650 763
1577660 764
1577670 765
1577680 766
1577690 766
1577700 767
1577710 769
1577720 769
1577730 770
1577740 771
1577750 771
1577760 773
1577770 774
1577780 774
1577790 775
1577800 777
1577810 777
1577820 778
1577830 778
1577840 778
1577850 779
1577860 779
1577870 779
1577880 778
1577890 776
1577900 776
1577910 772
1577920 767
1577930 767
1577940 762
1577950 758
1577960 758
1577970 753
1577980 748
1577990 748
1578000 743
1578010 738
1578020 738
1578030 732
1578040 727
1578050 727
1578060 722
1578070 716
1578080 716
1578090 711
1578100 707
1578110 707
1578120 703
1578130 700
1578140 700
1578150 698
1578160 696
1578170 696
1578180 692
1578190 692
1578200 692
1578210 691
1578220 690
1578230 690
1578240 689
1578250 687
1578260 687
1578270 685
1578280 683
1578290 683
1578300 680
1578310 677
1578320 677
1578330 673
1578340 669
1578350 669
1578360 667
1578370 664
1578380 664
1578390 660
1578400 656
1578410 656
1578420 651
1578430 646
1578440 642
1578450 642
1578460 636
1578470 633
1578480 633
1578490 628
1578500 623
1578510 623
1578520 618
1578530 613
1578540 613
1578550 609
1578560 605
1578570 605
1578580 603
1578590 601
1578600 601
1578610 598
1578620 595
1578630 595
1578640 593
1578650 590
1578660 590
1578670 588
1578680 586
1578690 586
1578700 583
1578710 580
1578720 580
1578730 579
1578740 581
1578750 580
1578760 581
1578770 583
1578780 583
1578790 589
1578800 597
1578810 597
1578820 604
1578830 609
1578840 609
1578850 612
1578860 615
1578870 615
1578880 617
1578890 619
1578900 619
1578910 622
1578920 627
1578930 627
1578940 632
1578950 637
1578960 637
1578970 640
1578980 643
1578990 643
1579000 647
1579010 652
1579020 652
1579030 655
1579040 658
1579050 658
1579060 662
1579070 665
1579080 665
1579090 668
1579100 671
1579110 671
1579120 674
1579130 677
1579140 677
1579150 680
1579160 683
1579170 683
1579180 686
1579190 689
1579200 693
1579210 693
1579220 696
1579230 698
1579240 698
1579250 701
1579260 704
1579270 704
1579280 707
1579290 710
1579300 710
1579310 712
1579320 715
1579330 715
1579340 718
1579350 721
1579360 721
1579370 723
1579380 725
1579390 725
1579400 727
1579410 730
1579420 730
1579430 733
1579440 735
1579450 735
1579460 738
1579470 741
1579480 741
1579490 744
1579500 747
1579510 747
1579520 750
1579530 752
1579540 752
1579550 755
1579560 757
1579570 757
1579580 760
1579590 761
1579600 761
1579610 763
1579620 765
1579630 765
1579640 767
1579650 769
1579660 769
1579670 770
1579680 772
1579690 772
1579700 774
1579710 775
1579720 775
1579730 777
1579740 779
1579750 779
1579760 781
1579770 782
1579780 782
1579790 783
1579800 784
1579810 784
1579820 784
1579830 785
1579840 785
1579850 785
1579860 786
1579870 786
1579880 786
1579890 786
1579900 786
1579910 786
1579920 785
1579930 785
1579940 785
1579950 784
1579960 783
1579970 783
1579980 783
1579990 782
