1560000 740
1560010 740
1560020 739
1560030 739
1560040 738
1560050 738
1560060 738
1560070 738
1560080 737
1560090 737
1560100 737
1560110 737
1560120 737
1560130 736
1560140 735
1560150 735
1560160 732
1560170 732
1560180 732
1560190 731
1560200 729
1560210 729
1560220 725
1560230 722
1560240 722
1560250 719
1560260 716
1560270 716
1560280 713
1560290 709
1560300 709
1560310 706
1560320 704
1560330 704
1560340 702
1560350 699
1560360 699
1560370 695
1560380 690
1560390 690
1560400 686
1560410 681
1560420 677
1560430 677
1560440 674
1560450 670
1560460 670
1560470 667
1560480 664
1560490 664
1560500 660
1560510 660
1560520 660
1560530 666
1560540 673
1560550 673
1560560 679
1560570 684
1560580 684
1560590 688
1560600 693
1560610 693
1560620 698
1560630 702
1560640 702
1560650 706
1560660 710
1560670 710
1560680 714
1560690 719
1560700 719
1560710 723
1560720 727
1560730 727
1560740 731
1560750 733
1560760 733
1560770 734
1560780 734
1560790 734
1560800 732
1560810 729
1560820 729
1560830 725
1560840 721
1560850 721
1560860 717
1560870 714
1560880 714
1560890 710
1560900 707
1560910 707
1560920 704
1560930 700
1560940 700
1560950 698
1560960 695
1560970 695
1560980 694
1560990 693
1561000 693
1561010 692
1561020 692
1561030 692
1561040 692
1561050 691
1561060 691
1561070 687
1561080 680
1561090 680
1561100 684
1561110 693
1561120 693
1561130 700
1561140 707
1561150 713
1561160 713
1561170 719
1561180 725
1561190 725
1561200 729
1561210 734
1561220 734
1561230 739
1561240 743
1561250 743
1561260 747
1561270 751
1561280 751
1561290 754
1561300 757
1561310 757
1561320 760
1561330 763
1561340 763
1561350 766
1561360 769
1561370 769
1561380 773
1561390 778
1561400 778
1561410 781
1561420 785
1561430 785
1561440 788
1561450 793
1561460 793
1561470 797
1561480 802
1561490 802
1561500 805
1561510 808
1561520 808
1561530 810
1561540 811
1561550 811
1561560 811
1561570 810
1561580 810
1561590 809
1561600 807
1561610 807
1561620 803
1561630 800
1561640 800
1561650 795
1561660 791
1561670 791
1561680 787
1561690 783
1561700 783
1561710 779
1561720 775
1561730 775
1561740 771
1561750 768
1561760 768
1561770 764
1561780 760
1561790 760
1561800 757
1561810 753
1561820 753
1561830 750
1561840 746
1561850 746
1561860 742
1561870 738
1561880 738
1561890 734
1561900 731
1561910 726
1561920 726
1561930 722
1561940 719
1561950 719
1561960 717
1561970 715
1561980 715
1561990 711
1562000 708
1562010 708
1562020 705
1562030 700
1562040 700
1562050 696
1562060 692
1562070 692
1562080 688
1562090 683
1562100 683
1562110 678
1562120 673
1562130 673
1562140 667
1562150 663
1562160 663
1562170 659
1562180 655
1562190 655
1562200 652
1562210 649
1562220 649
1562230 645
1562240 640
1562250 640
1562260 636
1562270 633
1562280 633
1562290 632
1562300 628
1562310 628
1562320 630
1562330 636
1562340 636
1562350 642
1562360 646
1562370 646
1562380 649
1562390 652
1562400 652
1562410 656
1562420 659
1562430 659
1562440 662
1562450 666
1562460 666
1562470 671
1562480 675
1562490 675
1562500 679
1562510 684
1562520 684
1562530 689
1562540 693
1562550 693
1562560 698
1562570 703
1562580 703
1562590 708
1562600 712
1562610 712
1562620 716
1562630 720
1562640 720
1562650 722
1562660 721
1562670 718
1562680 718
1562690 712
1562700 705
1562710 705
1562720 697
1562730 692
1562740 692
1562750 689
1562760 684
1562770 684
1562780 680
1562790 676
1562800 676
1562810 670
1562820 663
1562830 663
1562840 657
1562850 655
1562860 655
1562870 658
1562880 663
1562890 663
1562900 669
1562910 674
1562920 674
1562930 680
1562940 686
1562950 686
1562960 692
1562970 696
1562980 696
1562990 698
1563000 699
1563010 699
1563020 700
1563030 700
1563040 700
1563050 701
1563060 701
1563070 701
1563080 704
1563090 710
1563100 710
1563110 718
1563120 725
1563130 725
1563140 731
1563150 737
1563160 737
1563170 743
1563180 748
1563190 748
1563200 754
1563210 758
1563220 758
1563230 762
1563240 766
1563250 766
1563260 770
1563270 773
1563280 773
1563290 777
1563300 781
1563310 781
1563320 785
1563330 788
1563340 788
1563350 793
1563360 797
1563370 797
1563380 801
1563390 805
1563400 808
1563410 808
1563420 812
1563430 816
1563440 816
1563450 819
1563460 822
1563470 822
1563480 825
1563490 828
1563500 828
1563510 826
1563520 828
1563530 828
1563540 831
1563550 832
1563560 832
1563570 835
1563580 838
1563590 838
1563600 841
1563610 843
1563620 843
1563630 844
1563640 846
1563650 846
1563660 848
1563670 848
1563680 848
1563690 849
1563700 849
1563710 849
1563720 849
1563730 849
1563740 849
1563750 848
1563760 846
1563770 846
1563780 846
1563790 844
1563800 844
1563810 843
1563820 840
1563830 840
1563840 839
1563850 838
1563860 838
1563870 837
1563880 834
1563890 834
1563900 833
1563910 831
1563920 831
1563930 830
1563940 827
1563950 827
1563960 824
1563970 823
1563980 823
1563990 823
1564000 822
1564010 822
1564020 820
1564030 818
1564040 818
1564050 815
1564060 813
1564070 813
1564080 810
1564090 809
1564100 809
1564110 806
1564120 805
1564130 805
1564140 802
1564150 801
1564160 799
1564170 799
1564180 798
1564190 797
1564200 797
1564210 796
1564220 795
1564230 795
1564240 794
1564250 793
1564260 793
1564270 792
1564280 791
1564290 791
1564300 790
1564310 789
1564320 789
1564330 788
1564340 787
1564350 787
1564360 786
1564370 784
1564380 784
1564390 784
1564400 783
1564410 783
1564420 783
1564430 783
1564440 783
1564450 783
1564460 783
1564470 783
1564480 783
1564490 783
1564500 783
1564510 782
1564520 782
1564530 782
1564540 782
1564550 781
1564560 781
1564570 780
1564580 780
1564590 780
1564600 779
1564610 777
1564620 777
1564630 774
1564640 770
1564650 770
1564660 764
1564670 758
1564680 758
1564690 752
1564700 747
1564710 747
1564720 743
1564730 739
1564740 739
1564750 737
1564760 735
1564770 735
1564780 731
1564790 728
1564800 728
1564810 726
1564820 722
1564830 722
1564840 718
1564850 714
1564860 714
1564870 710
1564880 705
1564890 705
1564900 701
1564910 698
1564920 695
1564930 695
1564940 693
1564950 691
1564960 691
1564970 690
1564980 690
1564990 690
1565000 688
1565010 687
1565020 687
1565030 684
1565040 681
1565050 681
1565060 678
1565070 674
1565080 674
1565090 671
1565100 668
1565110 668
1565120 665
1565130 662
1565140 662
1565150 658
1565160 654
1565170 654
1565180 649
1565190 643
1565200 643
1565210 637
1565220 630
1565230 630
1565240 624
1565250 617
1565260 617
1565270 610
1565280 603
1565290 603
1565300 597
1565310 590
1565320 590
1565330 583
1565340 576
1565350 576
1565360 570
1565370 564
1565380 564
1565390 559
1565400 555
1565410 555
1565420 551
1565430 548
1565440 548
1565450 545
1565460 543
1565470 543
1565480 542
1565490 540
1565500 540
1565510 539
1565520 538
1565530 538
1565540 536
1565550 532
1565560 532
1565570 528
1565580 523
1565590 523
1565600 525
1565610 533
1565620 533
1565630 540
1565640 546
1565650 552
1565660 552
1565670 558
1565680 564
1565690 564
1565700 570
1565710 576
1565720 576
1565730 581
1565740 586
1565750 586
1565760 589
1565770 590
1565780 590
1565790 589
1565800 587
1565810 587
1565820 585
1565830 584
1565840 584
1565850 582
1565860 580
1565870 580
1565880 579
1565890 577
1565900 577
1565910 575
1565920 574
1565930 574
1565940 571
1565950 569
1565960 569
1565970 567
1565980 565
1565990 565
1566000 563
1566010 561
1566020 561
1566030 558
1566040 556
1566050 556
1566060 554
1566070 552
1566080 552
1566090 550
1566100 547
1566110 547
1566120 544
1566130 542
1566140 542
1566150 540
1566160 539
1566170 539
1566180 538
1566190 536
1566200 536
1566210 535
1566220 535
1566230 535
1566240 534
1566250 534
1566260 534
1566270 533
1566280 532
1566290 532
1566300 532
1566310 530
1566320 530
1566330 529
1566340 528
1566350 528
1566360 527
1566370 526
1566380 526
1566390 525
1566400 524
1566410 522
1566420 522
1566430 520
1566440 518
1566450 518
1566460 517
1566470 516
1566480 516
1566490 516
1566500 516
1566510 516
1566520 515
1566530 513
1566540 513
1566550 511
1566560 509
1566570 509
1566580 508
1566590 508
1566600 508
1566610 507
1566620 506
1566630 506
1566640 504
1566650 502
1566660 502
1566670 500
1566680 498
1566690 498
1566700 497
1566710 494
1566720 494
1566730 492
1566740 491
1566750 491
1566760 490
1566770 489
1566780 489
1566790 485
1566800 483
1566810 483
1566820 482
1566830 480
1566840 480
1566850 478
1566860 477
1566870 477
1566880 475
1566890 473
1566900 473
1566910 471
1566920 470
1566930 470
1566940 468
1566950 467
1566960 467
1566970 466
1566980 465
1566990 465
1567000 464
1567010 464
1567020 464
1567030 463
1567040 462
1567050 462
1567060 461
1567070 460
1567080 460
1567090 458
1567100 457
1567110 457
1567120 456
1567130 455
1567140 455
1567150 455
1567160 454
1567170 454
1567180 454
1567190 453
1567200 451
1567210 451
1567220 450
1567230 449
1567240 449
1567250 448
1567260 447
1567270 447
1567280 446
1567290 445
1567300 445
1567310 443
1567320 442
1567330 442
1567340 442
1567350 441
1567360 441
1567370 440
1567380 440
1567390 440
1567400 440
1567410 439
1567420 439
1567430 439
1567440 439
1567450 439
1567460 438
1567470 437
1567480 437
1567490 436
1567500 435
1567510 435
1567520 437
1567530 438
1567540 438
1567550 439
1567560 439
1567570 439
1567580 439
1567590 438
1567600 438
1567610 438
1567620 437
1567630 437
1567640 437
1567650 436
1567660 436
1567670 435
1567680 435
1567690 435
1567700 434
1567710 434
1567720 434
1567730 433
1567740 432
1567750 432
1567760 430
1567770 426
1567780 426
1567790 425
1567800 425
1567810 425
1567820 425
1567830 425
1567840 425
1567850 424
1567860 425
1567870 425
1567880 425
1567890 425
1567900 425
1567910 425
1567920 424
1567930 424
1567940 424
1567950 424
1567960 423
1567970 423
1567980 423
1567990 423
1568000 423
1568010 423
1568020 422
1568030 422
1568040 422
1568050 422
1568060 422
1568070 422
1568080 421
1568090 421
1568100 421
1568110 421
1568120 421
1568130 421
1568140 420
1568150 420
1568160 420
1568170 420
1568180 420
1568190 420
1568200 420
1568210 420
1568220 419
1568230 419
1568240 419
1568250 419
1568260 418
1568270 419
1568280 418
1568290 418
1568300 418
1568310 418
1568320 417
1568330 417
1568340 417
1568350 417
1568360 417
1568370 417
1568380 416
1568390 416
1568400 416
1568410 416
1568420 416
1568430 415
1568440 415
1568450 415
1568460 415
1568470 414
1568480 414
1568490 414
1568500 414
1568510 414
1568520 414
1568530 413
1568540 413
1568550 413
1568560 413
1568570 413
1568580 412
1568590 412
1568600 412
1568610 412
1568620 412
1568630 412
1568640 411
1568650 411
1568660 411
1568670 411
1568680 411
1568690 411
1568700 411
1568710 410
1568720 410
1568730 410
1568740 410
1568750 409
1568760 409
1568770 409
1568780 409
1568790 409
1568800 408
1568810 408
1568820 408
1568830 408
1568840 407
1568850 407
1568860 406
1568870 406
1568880 406
1568890 406
1568900 408
1568910 408
1568920 409
1568930 412
1568940 412
1568950 416
1568960 418
1568970 418
1568980 420
1568990 421
1569000 421
1569010 422
1569020 423
1569030 423
1569040 424
1569050 424
1569060 424
1569070 424
1569080 424
1569090 424
1569100 423
1569110 423
1569120 423
1569130 422
1569140 421
1569150 421
1569160 421
1569170 420
1569180 420
1569190 420
1569200 419
1569210 419
1569220 418
1569230 418
1569240 418
1569250 417
1569260 416
1569270 416
1569280 416
1569290 416
1569300 416
1569310 416
1569320 416
1569330 416
1569340 417
1569350 417
1569360 417
1569370 417
1569380 416
1569390 416
1569400 416
1569410 415
1569420 415
1569430 415
1569440 414
1569450 412
1569460 412
1569470 411
1569480 411
1569490 411
1569500 410
1569510 409
1569520 409
1569530 407
1569540 407
1569550 407
1569560 407
1569570 406
1569580 406
1569590 406
1569600 406
1569610 406
1569620 407
1569630 408
1569640 408
1569650 408
1569660 408
1569670 408
1569680 408
1569690 408
1569700 408
1569710 409
1569720 409
1569730 409
1569740 409
1569750 408
1569760 408
1569770 408
1569780 408
1569790 408
1569800 408
1569810 408
1569820 408
1569830 409
1569840 409
1569850 409
1569860 409
1569870 409
1569880 409
1569890 409
1569900 409
1569910 409
1569920 409
1569930 409
1569940 409
1569950 410
1569960 410
1569970 410
1569980 410
1569990 410
1570000 410
1570010 410
1570020 410
1570030 410
1570040 410
1570050 410
1570060 410
1570070 411
1570080 411
1570090 411
1570100 411
1570110 412
1570120 412
1570130 412
1570140 415
1570150 419
1570160 419
1570170 418
1570180 416
1570190 416
1570200 416
1570210 416
1570220 416
1570230 417
1570240 417
1570250 417
1570260 418
1570270 418
1570280 418
1570290 419
1570300 419
1570310 419
1570320 420
1570330 420
1570340 420
1570350 421
1570360 421
1570370 421
1570380 422
1570390 423
1570400 423
1570410 424
1570420 425
1570430 425
1570440 426
1570450 428
1570460 428
1570470 429
1570480 430
1570490 430
1570500 432
1570510 433
1570520 433
1570530 434
1570540 436
1570550 436
1570560 437
1570570 439
1570580 439
1570590 440
1570600 442
1570610 442
1570620 443
1570630 445
1570640 445
1570650 446
1570660 447
1570670 447
1570680 448
1570690 448
1570700 448
1570710 448
1570720 447
1570730 447
1570740 446
1570750 445
1570760 445
1570770 444
1570780 444
1570790 444
1570800 444
1570810 444
1570820 444
1570830 445
1570840 448
1570850 448
1570860 451
1570870 454
1570880 454
1570890 456
1570900 459
1570910 461
1570920 461
1570930 463
1570940 466
1570950 466
1570960 469
1570970 471
1570980 471
1570990 473
1571000 476
1571010 476
1571020 478
1571030 479
1571040 479
1571050 480
1571060 482
1571070 482
1571080 483
1571090 484
1571100 484
1571110 486
1571120 487
1571130 487
1571140 488
1571150 489
1571160 489
1571170 490
1571180 490
1571190 490
1571200 491
1571210 490
1571220 490
1571230 487
1571240 482
1571250 482
1571260 486
1571270 489
1571280 489
1571290 490
1571300 493
1571310 493
1571320 495
1571330 498
1571340 498
1571350 501
1571360 503
1571370 503
1571380 505
1571390 506
1571400 506
1571410 508
1571420 509
1571430 509
1571440 511
1571450 512
1571460 512
1571470 514
1571480 515
1571490 515
1571500 517
1571510 519
1571520 519
1571530 520
1571540 522
1571550 522
1571560 522
1571570 523
1571580 523
1571590 523
1571600 524
1571610 524
1571620 526
1571630 527
1571640 527
1571650 529
1571660 531
1571670 533
1571680 533
1571690 535
1571700 536
1571710 536
1571720 537
1571730 539
1571740 539
1571750 542
1571760 544
1571770 544
1571780 547
1571790 549
1571800 549
1571810 552
1571820 555
1571830 555
1571840 558
1571850 560
1571860 560
1571870 561
1571880 563
1571890 563
1571900 565
1571910 565
1571920 565
1571930 566
1571940 567
1571950 567
1571960 569
1571970 571
1571980 571
1571990 573
1572000 575
1572010 575
1572020 577
1572030 579
1572040 579
1572050 583
1572060 588
1572070 588
1572080 592
1572090 596
1572100 596
1572110 599
1572120 602
1572130 602
1572140 605
1572150 608
1572160 608
1572170 611
1572180 614
1572190 614
1572200 617
1572210 621
1572220 621
1572230 625
1572240 630
1572250 630
1572260 634
1572270 637
1572280 637
1572290 642
1572300 646
1572310 646
1572320 650
1572330 653
1572340 653
1572350 657
1572360 661
1572370 661
1572380 664
1572390 667
1572400 667
1572410 670
1572420 671
1572430 673
1572440 673
1572450 675
1572460 677
1572470 677
1572480 678
1572490 680
1572500 680
1572510 682
1572520 684
1572530 684
1572540 685
1572550 687
1572560 687
1572570 688
1572580 689
1572590 689
1572600 691
1572610 693
1572620 693
1572630 695
1572640 697
1572650 697
1572660 700
1572670 701
1572680 701
1572690 704
1572700 706
1572710 706
1572720 708
1572730 711
1572740 711
1572750 714
1572760 716
1572770 715
1572780 718
1572790 720
1572800 720
1572810 723
1572820 726
1572830 726
1572840 729
1572850 731
1572860 731
1572870 735
1572880 738
1572890 738
1572900 742
1572910 746
1572920 746
1572930 749
1572940 752
1572950 752
1572960 755
1572970 757
1572980 757
1572990 759
1573000 760
1573010 760
1573020 760
1573030 758
1573040 758
1573050 755
1573060 753
1573070 753
1573080 750
1573090 747
1573100 747
1573110 744
1573120 743
1573130 743
1573140 741
1573150 740
1573160 739
1573170 739
1573180 738
1573190 737
1573200 737
1573210 736
1573220 735
1573230 735
1573240 735
1573250 733
1573260 733
1573270 732
1573280 731
1573290 731
1573300 729
1573310 728
1573320 728
1573330 728
1573340 727
1573350 727
1573360 726
1573370 724
1573380 724
1573390 723
1573400 723
1573410 723
1573420 722
1573430 722
1573440 722
1573450 722
1573460 722
1573470 722
1573480 720
1573490 718
1573500 718
1573510 715
1573520 710
1573530 710
1573540 704
1573550 697
1573560 697
1573570 690
1573580 684
1573590 684
1573600 677
1573610 671
1573620 671
1573630 666
1573640 661
1573650 661
1573660 656
1573670 652
1573680 652
1573690 653
1573700 657
1573710 657
1573720 660
1573730 661
1573740 661
1573750 663
1573760 665
1573770 665
1573780 668
1573790 671
1573800 671
1573810 674
1573820 677
1573830 677
1573840 680
1573850 681
1573860 681
1573870 682
1573880 684
1573890 684
1573900 685
1573910 686
1573920 688
1573930 688
1573940 689
1573950 690
1573960 690
1573970 690
1573980 690
1573990 690
1574000 690
1574010 690
1574020 690
1574030 690
1574040 689
1574050 689
1574060 689
1574070 689
1574080 689
1574090 688
1574100 687
1574110 687
1574120 686
1574130 684
1574140 684
1574150 682
1574160 680
1574170 680
1574180 677
1574190 674
1574200 674
1574210 670
1574220 664
1574230 664
1574240 659
1574250 653
1574260 653
1574270 648
1574280 645
1574290 645
1574300 642
1574310 639
1574320 639
1574330 635
1574340 630
1574350 630
1574360 623
1574370 620
1574380 620
1574390 620
1574400 624
1574410 624
1574420 626
1574430 629
1574440 629
1574450 631
1574460 633
1574470 633
1574480 634
1574490 635
1574500 635
1574510 637
1574520 638
1574530 638
1574540 639
1574550 639
1574560 639
1574570 639
1574580 639
1574590 639
1574600 638
1574610 639
1574620 639
1574630 639
1574640 638
1574650 638
1574660 638
1574670 639
1574680 638
1574690 638
1574700 638
1574710 639
1574720 639
1574730 640
1574740 640
1574750 640
1574760 640
1574770 643
1574780 643
1574790 644
1574800 646
1574810 646
1574820 647
1574830 648
1574840 648
1574850 649
1574860 649
1574870 649
1574880 650
1574890 651
1574900 651
1574910 651
1574920 650
1574930 650
1574940 648
1574950 649
1574960 649
1574970 653
1574980 659
1574990 659
1575000 663
1575010 666
1575020 666
1575030 669
1575040 672
1575050 672
1575060 674
1575070 676
1575080 676
1575090 678
1575100 680
1575110 680
1575120 682
1575130 684
1575140 684
1575150 686
1575160 688
1575170 688
1575180 691
1575190 694
1575200 694
1575210 697
1575220 700
1575230 700
1575240 702
1575250 705
1575260 705
1575270 707
1575280 709
1575290 709
1575300 712
1575310 715
1575320 715
1575330 717
1575340 721
1575350 721
1575360 724
1575370 726
1575380 726
1575390 730
1575400 734
1575410 734
1575420 738
1575430 742
1575440 746
1575450 746
1575460 750
1575470 753
1575480 753
1575490 756
1575500 759
1575510 759
1575520 762
1575530 764
1575540 764
1575550 767
1575560 769
1575570 769
1575580 771
1575590 773
1575600 773
1575610 775
1575620 778
1575630 778
1575640 780
1575650 784
1575660 784
1575670 786
1575680 788
1575690 788
1575700 789
1575710 790
1575720 790
1575730 790
1575740 791
1575750 791
1575760 792
1575770 793
1575780 793
1575790 793
1575800 793
1575810 793
1575820 793
1575830 793
1575840 793
1575850 793
1575860 792
1575870 792
1575880 792
1575890 792
1575900 792
1575910 791
1575920 791
1575930 791
1575940 790
1575950 790
1575960 790
1575970 789
1575980 789
1575990 789
1576000 788
1576010 787
1576020 787
1576030 786
1576040 785
1576050 785
1576060 785
1576070 784
1576080 784
1576090 784
1576100 783
1576110 783
1576120 783
1576130 784
1576140 784
1576150 784
1576160 785
1576170 785
1576180 786
1576190 787
1576200 787
1576210 787
1576220 788
1576230 789
1576240 789
1576250 789
1576260 790
1576270 790
1576280 790
1576290 790
1576300 790
1576310 789
1576320 788
1576330 788
1576340 788
1576350 787
1576360 787
1576370 786
1576380 784
1576390 784
1576400 783
1576410 782
1576420 782
1576430 781
1576440 779
1576450 779
1576460 778
1576470 777
1576480 777
1576490 776
1576500 774
1576510 774
1576520 773
1576530 771
1576540 771
1576550 770
1576560 768
1576570 768
1576580 767
1576590 766
1576600 766
1576610 764
1576620 763
1576630 763
1576640 762
1576650 761
1576660 761
1576670 760
1576680 758
1576690 758
1576700 757
1576710 757
1576720 757
1576730 756
1576740 755
1576750 755
1576760 754
1576770 753
1576780 753
1576790 752
1576800 751
1576810 751
1576820 750
1576830 749
1576840 749
1576850 748
1576860 747
1576870 747
1576880 745
1576890 744
1576900 744
1576910 743
1576920 741
1576930 741
1576940 739
1576950 737
1576960 734
1576970 734
1576980 731
1576990 727
1577000 727
1577010 725
1577020 722
1577030 722
1577040 720
1577050 720
1577060 720
1577070 719
1577080 718
1577090 718
1577100 717
1577110 716
1577120 716
1577130 715
1577140 714
1577150 714
1577160 713
1577170 714
1577180 714
1577190 714
1577200 713
1577210 713
1577220 711
1577230 706
1577240 706
1577250 701
1577260 698
1577270 698
1577280 697
1577290 699
1577300 699
1577310 701
1577320 703
1577330 703
1577340 705
1577350 707
1577360 707
1577370 709
1577380 711
1577390 711
1577400 712
1577410 714
1577420 714
1577430 715
1577440 717
1577450 717
1577460 718
1577470 720
1577480 720
1577490 721
1577500 722
1577510 722
1577520 723
1577530 724
1577540 724
1577550 726
1577560 727
1577570 727
1577580 728
1577590 729
1577600 729
1577610 731
1577620 732
1577630 732
1577640 732
1577650 733
1577660 733
1577670 734
1577680 735
1577690 736
1577700 736
1577710 736
1577720 736
1577730 736
1577740 737
1577750 737
1577760 737
1577770 737
1577780 737
1577790 737
1577800 737
1577810 736
1577820 736
1577830 734
1577840 733
1577850 733
1577860 732
1577870 730
1577880 730
1577890 729
1577900 727
1577910 727
1577920 725
1577930 723
1577940 723
1577950 721
1577960 718
1577970 718
1577980 715
1577990 713
1578000 713
1578010 711
1578020 708
1578030 708
1578040 703
1578050 698
1578060 698
1578070 692
1578080 687
1578090 687
1578100 682
1578110 678
1578120 678
1578130 673
1578140 668
1578150 668
1578160 664
1578170 660
1578180 660
1578190 657
1578200 655
1578210 655
1578220 653
1578230 650
1578240 650
1578250 646
1578260 643
1578270 643
1578280 639
1578290 635
1578300 635
1578310 630
1578320 624
1578330 624
1578340 617
1578350 612
1578360 612
1578370 606
1578380 601
1578390 601
1578400 596
1578410 593
1578420 593
1578430 591
1578440 586
1578450 583
1578460 583
1578470 581
1578480 578
1578490 578
1578500 577
1578510 575
1578520 575
1578530 572
1578540 569
1578550 569
1578560 567
1578570 563
1578580 563
1578590 561
1578600 561
1578610 561
1578620 561
1578630 564
1578640 564
1578650 569
1578660 573
1578670 573
1578680 576
1578690 578
1578700 578
1578710 580
1578720 580
1578730 580
1578740 582
1578750 584
1578760 584
1578770 587
1578780 590
1578790 590
1578800 594
1578810 598
1578820 598
1578830 601
1578840 604
1578850 604
1578860 607
1578870 610
1578880 610
1578890 612
1578900 614
1578910 614
1578920 616
1578930 619
1578940 619
1578950 622
1578960 626
1578970 626
1578980 630
1578990 634
1579000 634
1579010 636
1579020 638
1579030 638
1579040 641
1579050 644
1579060 644
1579070 646
1579080 648
1579090 648
1579100 651
1579110 653
1579120 653
1579130 657
1579140 660
1579150 660
1579160 662
1579170 663
1579180 663
1579190 666
1579200 669
1579210 671
1579220 671
1579230 674
1579240 677
1579250 677
1579260 680
1579270 683
1579280 683
1579290 685
1579300 688
1579310 688
1579320 690
1579330 693
1579340 693
1579350 695
1579360 696
1579370 696
1579380 698
1579390 698
1579400 698
1579410 698
1579420 698
1579430 698
1579440 698
1579450 697
1579460 697
1579470 697
1579480 695
1579490 695
1579500 693
1579510 691
1579520 691
1579530 689
1579540 685
1579550 685
1579560 681
1579570 681
1579580 681
1579590 681
1579600 680
1579610 680
1579620 677
1579630 676
1579640 676
1579650 674
1579660 677
1579670 677
1579680 683
1579690 689
1579700 689
1579710 693
1579720 697
1579730 697
1579740 701
1579750 705
1579760 705
1579770 709
1579780 713
1579790 713
1579800 718
1579810 721
1579820 721
1579830 724
1579840 726
1579850 726
1579860 727
1579870 727
1579880 727
1579890 727
1579900 726
1579910 726
1579920 725
1579930 724
1579940 724
1579950 723
1579960 722
1579970 721
1579980 721
1579990 720
