1560000 523
1560010 523
1560020 522
1560030 522
1560040 522
1560050 520
1560060 520
1560070 519
1560080 519
1560090 519
1560100 520
1560110 520
1560120 520
1560130 520
1560140 519
1560150 519
1560160 519
1560170 521
1560180 521
1560190 523
1560200 524
1560210 524
1560220 525
1560230 526
1560240 526
1560250 527
1560260 528
1560270 528
1560280 529
1560290 530
1560300 530
1560310 531
1560320 531
1560330 531
1560340 532
1560350 533
1560360 533
1560370 534
1560380 535
1560390 535
1560400 535
1560410 536
1560420 536
1560430 537
1560440 538
1560450 539
1560460 539
1560470 539
1560480 540
1560490 540
1560500 541
1560510 541
1560520 541
1560530 542
1560540 542
1560550 542
1560560 542
1560570 542
1560580 542
1560590 542
1560600 541
1560610 541
1560620 541
1560630 541
1560640 541
1560650 541
1560660 540
1560670 540
1560680 540
1560690 539
1560700 539
1560710 539
1560720 538
1560730 538
1560740 535
1560750 532
1560760 532
1560770 532
1560780 533
1560790 533
1560800 533
1560810 533
1560820 533
1560830 533
1560840 532
1560850 532
1560860 532
1560870 533
1560880 533
1560890 533
1560900 533
1560910 533
1560920 534
1560930 535
1560940 535
1560950 537
1560960 539
1560970 539
1560980 540
1560990 542
1561000 542
1561010 543
1561020 544
1561030 544
1561040 545
1561050 546
1561060 546
1561070 547
1561080 547
1561090 547
1561100 547
1561110 547
1561120 547
1561130 548
1561140 547
1561150 547
1561160 547
1561170 547
1561180 547
1561190 547
1561200 547
1561210 546
1561220 546
1561230 546
1561240 545
1561250 545
1561260 545
1561270 544
1561280 544
1561290 543
1561300 543
1561310 543
1561320 542
1561330 542
1561340 542
1561350 542
1561360 541
1561370 541
1561380 541
1561390 540
1561400 540
1561410 539
1561420 539
1561430 539
1561440 540
1561450 539
1561460 539
1561470 538
1561480 538
1561490 538
1561500 538
1561510 538
1561520 538
1561530 535
1561540 535
1561550 535
1561560 538
1561570 539
1561580 539
1561590 539
1561600 539
1561610 539
1561620 540
1561630 541
1561640 541
1561650 541
1561660 541
1561670 541
1561680 541
1561690 542
1561700 542
1561710 542
1561720 542
1561730 542
1561740 542
1561750 541
1561760 541
1561770 541
1561780 540
1561790 540
1561800 540
1561810 538
1561820 538
1561830 538
1561840 538
1561850 538
1561860 539
1561870 539
1561880 539
1561890 539
1561900 539
1561910 539
1561920 539
1561930 539
1561940 539
1561950 538
1561960 538
1561970 538
1561980 538
1561990 539
1562000 539
1562010 539
1562020 539
1562030 539
1562040 539
1562050 539
1562060 539
1562070 539
1562080 539
1562090 539
1562100 539
1562110 540
1562120 540
1562130 540
1562140 540
1562150 540
1562160 540
1562170 541
1562180 541
1562190 541
1562200 541
1562210 541
1562220 541
1562230 542
1562240 542
1562250 542
1562260 542
1562270 542
1562280 542
1562290 542
1562300 542
1562310 542
1562320 544
1562330 548
1562340 548
1562350 550
1562360 552
1562370 552
1562380 553
1562390 554
1562400 554
1562410 556
1562420 557
1562430 557
1562440 558
1562450 558
1562460 558
1562470 559
1562480 560
1562490 560
1562500 561
1562510 561
1562520 561
1562530 562
1562540 563
1562550 563
1562560 564
1562570 564
1562580 564
1562590 565
1562600 565
1562610 565
1562620 565
1562630 565
1562640 565
1562650 565
1562660 565
1562670 565
1562680 565
1562690 564
1562700 564
1562710 564
1562720 564
1562730 564
1562740 564
1562750 564
1562760 563
1562770 563
1562780 563
1562790 562
1562800 562
1562810 561
1562820 560
1562830 560
1562840 559
1562850 558
1562860 558
1562870 558
1562880 557
1562890 557
1562900 556
1562910 555
1562920 555
1562930 556
1562940 556
1562950 556
1562960 556
1562970 557
1562980 557
1562990 558
1563000 559
1563010 559
1563020 561
1563030 562
1563040 562
1563050 564
1563060 565
1563070 565
1563080 567
1563090 567
1563100 567
1563110 567
1563120 568
1563130 568
1563140 568
1563150 569
1563160 569
1563170 570
1563180 570
1563190 570
1563200 569
1563210 570
1563220 570
1563230 570
1563240 571
1563250 571
1563260 571
1563270 572
1563280 572
1563290 573
1563300 574
1563310 574
1563320 576
1563330 577
1563340 577
1563350 578
1563360 580
1563370 580
1563380 581
1563390 583
1563400 583
1563410 585
1563420 587
1563430 587
1563440 588
1563450 590
1563460 590
1563470 591
1563480 592
1563490 592
1563500 593
1563510 594
1563520 594
1563530 595
1563540 597
1563550 598
1563560 598
1563570 599
1563580 601
1563590 601
1563600 602
1563610 603
1563620 603
1563630 604
1563640 604
1563650 604
1563660 604
1563670 604
1563680 604
1563690 604
1563700 603
1563710 603
1563720 604
1563730 605
1563740 605
1563750 606
1563760 607
1563770 607
1563780 608
1563790 609
1563800 609
1563810 610
1563820 611
1563830 611
1563840 612
1563850 614
1563860 614
1563870 615
1563880 615
1563890 615
1563900 616
1563910 616
1563920 616
1563930 618
1563940 619
1563950 619
1563960 620
1563970 619
1563980 619
1563990 619
1564000 620
1564010 620
1564020 620
1564030 620
1564040 620
1564050 621
1564060 622
1564070 622
1564080 622
1564090 623
1564100 623
1564110 623
1564120 623
1564130 623
1564140 623
1564150 624
1564160 624
1564170 624
1564180 624
1564190 624
1564200 624
1564210 625
1564220 625
1564230 625
1564240 624
1564250 624
1564260 624
1564270 624
1564280 624
1564290 624
1564300 624
1564310 624
1564320 624
1564330 624
1564340 623
1564350 623
1564360 623
1564370 623
1564380 623
1564390 623
1564400 622
1564410 622
1564420 622
1564430 622
1564440 622
1564450 621
1564460 620
1564470 620
1564480 620
1564490 619
1564500 619
1564510 619
1564520 618
1564530 618
1564540 617
1564550 617
1564560 617
1564570 616
1564580 615
1564590 615
1564600 614
1564610 614
1564620 614
1564630 613
1564640 612
1564650 612
1564660 611
1564670 610
1564680 610
1564690 609
1564700 608
1564710 608
1564720 607
1564730 606
1564740 606
1564750 605
1564760 604
1564770 604
1564780 603
1564790 602
1564800 602
1564810 601
1564820 601
1564830 601
1564840 600
1564850 599
1564860 599
1564870 598
1564880 597
1564890 597
1564900 596
1564910 595
1564920 595
1564930 594
1564940 593
1564950 593
1564960 592
1564970 591
1564980 591
1564990 590
1565000 589
1565010 589
1565020 588
1565030 587
1565040 587
1565050 586
1565060 584
1565070 582
1565080 582
1565090 579
1565100 576
1565110 576
1565120 574
1565130 570
1565140 570
1565150 570
1565160 570
1565170 570
1565180 570
1565190 569
1565200 569
1565210 568
1565220 567
1565230 567
1565240 567
1565250 566
1565260 566
1565270 565
1565280 564
1565290 564
1565300 562
1565310 561
1565320 561
1565330 560
1565340 559
1565350 559
1565360 558
1565370 557
1565380 557
1565390 556
1565400 555
1565410 555
1565420 554
1565430 552
1565440 552
1565450 551
1565460 550
1565470 550
1565480 548
1565490 547
1565500 547
1565510 546
1565520 544
1565530 544
1565540 539
1565550 538
1565560 538
1565570 536
1565580 533
1565590 533
1565600 531
1565610 529
1565620 529
1565630 528
1565640 526
1565650 526
1565660 524
1565670 525
1565680 525
1565690 522
1565700 520
1565710 520
1565720 520
1565730 519
1565740 519
1565750 518
1565760 515
1565770 515
1565780 512
1565790 510
1565800 510
1565810 507
1565820 504
1565830 504
1565840 501
1565850 499
1565860 496
1565870 496
1565880 494
1565890 492
1565900 492
1565910 490
1565920 488
1565930 488
1565940 487
1565950 485
1565960 485
1565970 483
1565980 481
1565990 481
1566000 478
1566010 476
1566020 476
1566030 475
1566040 474
1566050 474
1566060 474
1566070 474
1566080 474
1566090 473
1566100 472
1566110 472
1566120 470
1566130 469
1566140 469
1566150 467
1566160 467
1566170 467
1566180 466
1566190 466
1566200 466
1566210 464
1566220 462
1566230 462
1566240 460
1566250 462
1566260 462
1566270 463
1566280 463
1566290 463
1566300 463
1566310 462
1566320 462
1566330 461
1566340 458
1566350 458
1566360 457
1566370 457
1566380 457
1566390 459
1566400 462
1566410 462
1566420 463
1566430 462
1566440 462
1566450 462
1566460 463
1566470 463
1566480 463
1566490 464
1566500 464
1566510 464
1566520 465
1566530 465
1566540 465
1566550 464
1566560 464
1566570 464
1566580 465
1566590 465
1566600 465
1566610 465
1566620 465
1566630 465
1566640 465
1566650 466
1566660 466
1566670 467
1566680 467
1566690 467
1566700 467
1566710 468
1566720 468
1566730 468
1566740 468
1566750 468
1566760 468
1566770 468
1566780 468
1566790 468
1566800 468
1566810 468
1566820 467
1566830 467
1566840 467
1566850 467
1566860 466
1566870 466
1566880 466
1566890 464
1566900 464
1566910 462
1566920 461
1566930 461
1566940 458
1566950 457
1566960 457
1566970 455
1566980 454
1566990 454
1567000 452
1567010 450
1567020 450
1567030 449
1567040 447
1567050 447
1567060 446
1567070 445
1567080 445
1567090 443
1567100 442
1567110 442
1567120 441
1567130 441
1567140 441
1567150 440
1567160 439
1567170 439
1567180 439
1567190 438
1567200 438
1567210 437
1567220 437
1567230 437
1567240 436
1567250 435
1567260 435
1567270 434
1567280 433
1567290 433
1567300 432
1567310 431
1567320 431
1567330 430
1567340 429
1567350 429
1567360 428
1567370 426
1567380 425
1567390 425
1567400 424
1567410 423
1567420 423
1567430 423
1567440 422
1567450 422
1567460 421
1567470 422
1567480 422
1567490 423
1567500 423
1567510 423
1567520 423
1567530 423
1567540 423
1567550 423
1567560 422
1567570 422
1567580 421
1567590 421
1567600 421
1567610 422
1567620 422
1567630 422
1567640 422
1567650 422
1567660 422
1567670 422
1567680 421
1567690 421
1567700 421
1567710 421
1567720 421
1567730 420
1567740 420
1567750 420
1567760 420
1567770 419
1567780 419
1567790 419
1567800 419
1567810 419
1567820 419
1567830 419
1567840 419
1567850 419
1567860 418
1567870 418
1567880 418
1567890 418
1567900 418
1567910 418
1567920 417
1567930 417
1567940 417
1567950 417
1567960 417
1567970 417
1567980 417
1567990 417
1568000 416
1568010 416
1568020 416
1568030 416
1568040 416
1568050 416
1568060 415
1568070 415
1568080 415
1568090 415
1568100 415
1568110 415
1568120 414
1568130 414
1568140 414
1568150 414
1568160 414
1568170 414
1568180 414
1568190 414
1568200 413
1568210 413
1568220 413
1568230 413
1568240 413
1568250 413
1568260 413
1568270 413
1568280 412
1568290 412
1568300 412
1568310 412
1568320 412
1568330 412
1568340 412
1568350 412
1568360 412
1568370 411
1568380 411
1568390 411
1568400 411
1568410 411
1568420 411
1568430 410
1568440 410
1568450 410
1568460 410
1568470 410
1568480 410
1568490 410
1568500 410
1568510 410
1568520 409
1568530 409
1568540 409
1568550 409
1568560 409
1568570 409
1568580 409
1568590 408
1568600 408
1568610 408
1568620 408
1568630 408
1568640 408
1568650 407
1568660 407
1568670 407
1568680 407
1568690 407
1568700 407
1568710 407
1568720 407
1568730 406
1568740 406
1568750 406
1568760 406
1568770 406
1568780 406
1568790 406
1568800 406
1568810 406
1568820 405
1568830 405
1568840 405
1568850 405
1568860 405
1568870 405
1568880 405
1568890 405
1568900 405
1568910 405
1568920 405
1568930 404
1568940 404
1568950 404
1568960 404
1568970 404
1568980 404
1568990 404
1569000 404
1569010 404
1569020 404
1569030 404
1569040 403
1569050 403
1569060 403
1569070 403
1569080 405
1569090 405
1569100 409
1569110 409
1569120 409
1569130 408
1569140 406
1569150 406
1569160 403
1569170 403
1569180 403
1569190 403
1569200 403
1569210 403
1569220 402
1569230 402
1569240 402
1569250 402
1569260 402
1569270 402
1569280 402
1569290 402
1569300 402
1569310 402
1569320 402
1569330 402
1569340 402
1569350 402
1569360 402
1569370 401
1569380 401
1569390 401
1569400 401
1569410 401
1569420 401
1569430 401
1569440 401
1569450 401
1569460 401
1569470 401
1569480 401
1569490 401
1569500 401
1569510 401
1569520 402
1569530 401
1569540 401
1569550 401
1569560 401
1569570 401
1569580 400
1569590 400
1569600 400
1569610 401
1569620 400
1569630 400
1569640 400
1569650 400
1569660 400
1569670 400
1569680 400
1569690 400
1569700 400
1569710 400
1569720 400
1569730 400
1569740 400
1569750 400
1569760 400
1569770 400
1569780 400
1569790 400
1569800 400
1569810 400
1569820 400
1569830 400
1569840 400
1569850 400
1569860 400
1569870 400
1569880 400
1569890 400
1569900 400
1569910 400
1569920 400
1569930 400
1569940 400
1569950 400
1569960 400
1569970 400
1569980 400
1569990 400
1570000 400
1570010 400
1570020 400
1570030 400
1570040 400
1570050 400
1570060 400
1570070 400
1570080 400
1570090 400
1570100 400
1570110 400
1570120 400
1570130 400
1570140 400
1570150 400
1570160 400
1570170 400
1570180 400
1570190 400
1570200 400
1570210 400
1570220 400
1570230 400
1570240 400
1570250 400
1570260 400
1570270 400
1570280 400
1570290 400
1570300 400
1570310 400
1570320 400
1570330 400
1570340 400
1570350 400
1570360 400
1570370 400
1570380 400
1570390 400
1570400 399
1570410 399
1570420 399
1570430 400
1570440 400
1570450 400
1570460 400
1570470 400
1570480 400
1570490 400
1570500 400
1570510 400
1570520 400
1570530 399
1570540 399
1570550 399
1570560 399
1570570 399
1570580 399
1570590 399
1570600 399
1570610 399
1570620 399
1570630 399
1570640 399
1570650 399
1570660 399
1570670 399
1570680 399
1570690 401
1570700 401
1570710 405
1570720 406
1570730 406
1570740 404
1570750 403
1570760 403
1570770 403
1570780 403
1570790 403
1570800 403
1570810 404
1570820 404
1570830 404
1570840 404
1570850 404
1570860 404
1570870 404
1570880 404
1570890 404
1570900 404
1570910 404
1570920 404
1570930 404
1570940 404
1570950 404
1570960 403
1570970 403
1570980 404
1570990 404
1571000 404
1571010 405
1571020 407
1571030 407
1571040 407
1571050 407
1571060 407
1571070 408
1571080 408
1571090 408
1571100 409
1571110 410
1571120 410
1571130 411
1571140 411
1571150 411
1571160 412
1571170 412
1571180 412
1571190 413
1571200 414
1571210 414
1571220 415
1571230 415
1571240 415
1571250 416
1571260 417
1571270 417
1571280 417
1571290 419
1571300 421
1571310 421
1571320 420
1571330 420
1571340 420
1571350 420
1571360 421
1571370 421
1571380 421
1571390 422
1571400 422
1571410 422
1571420 422
1571430 422
1571440 422
1571450 422
1571460 422
1571470 419
1571480 416
1571490 416
1571500 416
1571510 417
1571520 417
1571530 417
1571540 418
1571550 418
1571560 418
1571570 419
1571580 419
1571590 420
1571600 420
1571610 420
1571620 420
1571630 421
1571640 421
1571650 421
1571660 421
1571670 421
1571680 421
1571690 422
1571700 422
1571710 422
1571720 423
1571730 423
1571740 423
1571750 424
1571760 424
1571770 425
1571780 426
1571790 426
1571800 427
1571810 427
1571820 427
1571830 428
1571840 429
1571850 429
1571860 430
1571870 431
1571880 431
1571890 432
1571900 432
1571910 432
1571920 433
1571930 433
1571940 433
1571950 434
1571960 435
1571970 435
1571980 436
1571990 437
1572000 437
1572010 438
1572020 439
1572030 440
1572040 440
1572050 440
1572060 441
1572070 441
1572080 442
1572090 443
1572100 443
1572110 444
1572120 445
1572130 445
1572140 446
1572150 448
1572160 448
1572170 449
1572180 450
1572190 450
1572200 451
1572210 453
1572220 453
1572230 454
1572240 454
1572250 454
1572260 456
1572270 455
1572280 455
1572290 456
1572300 456
1572310 456
1572320 456
1572330 458
1572340 458
1572350 462
1572360 464
1572370 464
1572380 465
1572390 465
1572400 465
1572410 465
1572420 466
1572430 466
1572440 467
1572450 467
1572460 467
1572470 469
1572480 472
1572490 472
1572500 474
1572510 477
1572520 477
1572530 479
1572540 482
1572550 482
1572560 484
1572570 487
1572580 487
1572590 490
1572600 493
1572610 493
1572620 496
1572630 499
1572640 499
1572650 502
1572660 505
1572670 505
1572680 507
1572690 509
1572700 509
1572710 511
1572720 514
1572730 514
1572740 516
1572750 518
1572760 518
1572770 520
1572780 523
1572790 523
1572800 525
1572810 526
1572820 529
1572830 529
1572840 531
1572850 533
1572860 533
1572870 536
1572880 538
1572890 538
1572900 540
1572910 543
1572920 543
1572930 545
1572940 548
1572950 548
1572960 550
1572970 552
1572980 552
1572990 554
1573000 556
1573010 556
1573020 558
1573030 560
1573040 560
1573050 562
1573060 563
1573070 563
1573080 565
1573090 567
1573100 567
1573110 569
1573120 570
1573130 570
1573140 571
1573150 572
1573160 572
1573170 574
1573180 576
1573190 576
1573200 577
1573210 578
1573220 578
1573230 580
1573240 580
1573250 580
1573260 580
1573270 580
1573280 580
1573290 580
1573300 579
1573310 579
1573320 576
1573330 573
1573340 573
1573350 571
1573360 570
1573370 570
1573380 567
1573390 564
1573400 564
1573410 560
1573420 557
1573430 557
1573440 556
1573450 556
1573460 556
1573470 555
1573480 554
1573490 554
1573500 552
1573510 551
1573520 551
1573530 548
1573540 547
1573550 547
1573560 545
1573570 544
1573580 544
1573590 543
1573600 541
1573610 540
1573620 540
1573630 539
1573640 540
1573650 540
1573660 539
1573670 535
1573680 535
1573690 532
1573700 528
1573710 528
1573720 523
1573730 519
1573740 519
1573750 516
1573760 513
1573770 513
1573780 508
1573790 507
1573800 507
1573810 510
1573820 518
1573830 518
1573840 526
1573850 533
1573860 533
1573870 540
1573880 547
1573890 547
1573900 554
1573910 560
1573920 560
1573930 567
1573940 574
1573950 574
1573960 581
1573970 588
1573980 588
1573990 594
1574000 600
1574010 600
1574020 605
1574030 611
1574040 611
1574050 616
1574060 621
1574070 621
1574080 626
1574090 629
1574100 629
1574110 632
1574120 635
1574130 635
1574140 637
1574150 639
1574160 639
1574170 640
1574180 641
1574190 641
1574200 642
1574210 644
1574220 644
1574230 646
1574240 647
1574250 647
1574260 648
1574270 649
1574280 649
1574290 650
1574300 651
1574310 651
1574320 651
1574330 652
1574340 652
1574350 652
1574360 653
1574370 653
1574380 653
1574390 654
1574400 654
1574410 654
1574420 654
1574430 655
1574440 655
1574450 656
1574460 656
1574470 656
1574480 656
1574490 656
1574500 656
1574510 656
1574520 657
1574530 657
1574540 657
1574550 657
1574560 657
1574570 657
1574580 657
1574590 655
1574600 654
1574610 654
1574620 654
1574630 654
1574640 654
1574650 654
1574660 654
1574670 654
1574680 654
1574690 654
1574700 654
1574710 654
1574720 654
1574730 654
1574740 654
1574750 654
1574760 653
1574770 653
1574780 652
1574790 651
1574800 651
1574810 650
1574820 648
1574830 648
1574840 646
1574850 644
1574860 644
1574870 642
1574880 639
1574890 639
1574900 635
1574910 632
1574920 632
1574930 628
1574940 625
1574950 625
1574960 622
1574970 620
1574980 620
1574990 617
1575000 614
1575010 614
1575020 612
1575030 609
1575040 609
1575050 607
1575060 604
1575070 604
1575080 601
1575090 599
1575100 599
1575110 596
1575120 593
1575130 593
1575140 589
1575150 586
1575160 582
1575170 582
1575180 579
1575190 575
1575200 575
1575210 572
1575220 571
1575230 571
1575240 570
1575250 570
1575260 570
1575270 570
1575280 569
1575290 569
1575300 570
1575310 570
1575320 570
1575330 570
1575340 569
1575350 569
1575360 566
1575370 562
1575380 562
1575390 556
1575400 550
1575410 550
1575420 551
1575430 556
1575440 556
1575450 559
1575460 559
1575470 559
1575480 560
1575490 563
1575500 563
1575510 566
1575520 566
1575530 566
1575540 566
1575550 565
1575560 565
1575570 564
1575580 564
1575590 564
1575600 563
1575610 562
1575620 562
1575630 561
1575640 559
1575650 559
1575660 558
1575670 556
1575680 556
1575690 555
1575700 552
1575710 552
1575720 550
1575730 546
1575740 546
1575750 543
1575760 540
1575770 540
1575780 536
1575790 538
1575800 538
1575810 543
1575820 546
1575830 546
1575840 549
1575850 554
1575860 554
1575870 557
1575880 559
1575890 559
1575900 559
1575910 562
1575920 564
1575930 564
1575940 566
1575950 566
1575960 566
1575970 567
1575980 569
1575990 569
1576000 571
1576010 574
1576020 577
1576030 579
1576040 581
1576050 581
1576060 583
1576070 586
1576080 586
1576090 589
1576100 591
1576110 591
1576120 593
1576130 596
1576140 596
1576150 596
1576160 595
1576170 595
1576180 597
1576190 601
1576200 601
1576210 604
1576220 605
1576230 605
1576240 606
1576250 605
1576260 605
1576270 605
1576280 606
1576290 606
1576300 608
1576310 610
1576320 610
1576330 612
1576340 615
1576350 615
1576360 617
1576370 619
1576380 619
1576390 619
1576400 619
1576410 619
1576420 621
1576430 624
1576440 624
1576450 628
1576460 631
1576470 631
1576480 634
1576490 637
1576500 637
1576510 639
1576520 642
1576530 642
1576540 644
1576550 646
1576560 646
1576570 649
1576580 651
1576590 651
1576600 653
1576610 654
1576620 654
1576630 656
1576640 658
1576650 658
1576660 660
1576670 661
1576680 661
1576690 663
1576700 665
1576710 667
1576720 667
1576730 668
1576740 670
1576750 670
1576760 671
1576770 672
1576780 672
1576790 672
1576800 672
1576810 672
1576820 671
1576830 670
1576840 670
1576850 669
1576860 669
1576870 669
1576880 669
1576890 671
1576900 671
1576910 672
1576920 674
1576930 674
1576940 677
1576950 679
1576960 679
1576970 682
1576980 684
1576990 684
1577000 686
1577010 688
1577020 688
1577030 690
1577040 692
1577050 692
1577060 694
1577070 696
1577080 696
1577090 699
1577100 701
1577110 701
1577120 703
1577130 705
1577140 705
1577150 707
1577160 709
1577170 709
1577180 710
1577190 711
1577200 711
1577210 713
1577220 714
1577230 714
1577240 716
1577250 718
1577260 718
1577270 719
1577280 720
1577290 720
1577300 722
1577310 723
1577320 723
1577330 725
1577340 726
1577350 726
1577360 728
1577370 729
1577380 729
1577390 730
1577400 731
1577410 731
1577420 735
1577430 736
1577440 736
1577450 737
1577460 739
1577470 739
1577480 740
1577490 742
1577500 743
1577510 743
1577520 745
1577530 746
1577540 746
1577550 747
1577560 749
1577570 749
1577580 750
1577590 752
1577600 752
1577610 753
1577620 755
1577630 755
1577640 756
1577650 758
1577660 758
1577670 760
1577680 761
1577690 761
1577700 762
1577710 764
1577720 764
1577730 765
1577740 766
1577750 766
1577760 767
1577770 768
1577780 768
1577790 770
1577800 771
1577810 771
1577820 772
1577830 772
1577840 772
1577850 773
1577860 773
1577870 773
1577880 774
1577890 774
1577900 774
1577910 774
1577920 774
1577930 774
1577940 774
1577950 774
1577960 774
1577970 773
1577980 773
1577990 773
1578000 771
1578010 770
1578020 770
1578030 769
1578040 768
1578050 768
1578060 767
1578070 766
1578080 766
1578090 766
1578100 765
1578110 765
1578120 764
1578130 764
1578140 764
1578150 763
1578160 763
1578170 763
1578180 763
1578190 763
1578200 763
1578210 763
1578220 764
1578230 764
1578240 764
1578250 764
1578260 765
1578270 765
1578280 765
1578290 764
1578300 764
1578310 765
1578320 766
1578330 766
1578340 767
1578350 767
1578360 767
1578370 768
1578380 769
1578390 769
1578400 769
1578410 770
1578420 770
1578430 771
1578440 772
1578450 772
1578460 772
1578470 772
1578480 772
1578490 772
1578500 773
1578510 773
1578520 773
1578530 774
1578540 774
1578550 774
1578560 775
1578570 775
1578580 775
1578590 776
1578600 776
1578610 776
1578620 776
1578630 776
1578640 776
1578650 777
1578660 777
1578670 777
1578680 777
1578690 777
1578700 777
1578710 777
1578720 777
1578730 778
1578740 778
1578750 778
1578760 779
1578770 779
1578780 779
1578790 779
1578800 783
1578810 783
1578820 783
1578830 783
1578840 783
1578850 783
1578860 783
1578870 783
1578880 782
1578890 781
1578900 781
1578910 781
1578920 780
1578930 780
1578940 779
1578950 778
1578960 778
1578970 777
1578980 777
1578990 777
1579000 776
1579010 775
1579020 775
1579030 774
1579040 772
1579050 770
1579060 770
1579070 768
1579080 767
1579090 767
1579100 764
1579110 762
1579120 762
1579130 760
1579140 758
1579150 758
1579160 757
1579170 757
1579180 757
1579190 757
1579200 757
1579210 757
1579220 757
1579230 757
1579240 757
1579250 757
1579260 757
1579270 757
1579280 757
1579290 758
1579300 758
1579310 758
1579320 758
1579330 758
1579340 758
1579350 759
1579360 759
1579370 760
1579380 761
1579390 761
1579400 762
1579410 763
1579420 763
1579430 764
1579440 765
1579450 765
1579460 767
1579470 768
1579480 768
1579490 770
1579500 771
1579510 771
1579520 772
1579530 773
1579540 773
1579550 775
1579560 777
1579570 777
1579580 778
1579590 779
1579600 779
1579610 781
1579620 783
1579630 783
1579640 784
1579650 786
1579660 786
1579670 788
1579680 789
1579690 789
1579700 790
1579710 791
1579720 791
1579730 793
1579740 794
1579750 794
1579760 795
1579770 795
1579780 795
1579790 796
1579800 796
1579810 796
1579820 796
1579830 797
1579840 797
1579850 797
1579860 797
1579870 797
1579880 797
1579890 797
1579900 796
1579910 796
1579920 796
1579930 795
1579940 795
1579950 793
1579960 792
1579970 792
1579980 790
1579990 789
