1560000 515
1560010 512
1560020 510
1560030 510
1560040 510
1560050 511
1560060 511
1560070 512
1560080 512
1560090 512
1560100 512
1560110 513
1560120 513
1560130 513
1560140 514
1560150 514
1560160 515
1560170 516
1560180 516
1560190 517
1560200 519
1560210 519
1560220 520
1560230 521
1560240 521
1560250 522
1560260 523
1560270 523
1560280 524
1560290 525
1560300 525
1560310 526
1560320 527
1560330 527
1560340 528
1560350 528
1560360 528
1560370 529
1560380 529
1560390 529
1560400 529
1560410 529
1560420 529
1560430 530
1560440 530
1560450 530
1560460 529
1560470 529
1560480 529
1560490 529
1560500 528
1560510 528
1560520 528
1560530 527
1560540 527
1560550 527
1560560 527
1560570 527
1560580 526
1560590 525
1560600 525
1560610 525
1560620 525
1560630 525
1560640 524
1560650 524
1560660 524
1560670 523
1560680 523
1560690 523
1560700 522
1560710 522
1560720 522
1560730 522
1560740 522
1560750 522
1560760 523
1560770 524
1560780 524
1560790 524
1560800 524
1560810 524
1560820 524
1560830 524
1560840 525
1560850 525
1560860 527
1560870 528
1560880 528
1560890 529
1560900 531
1560910 531
1560920 531
1560930 532
1560940 532
1560950 533
1560960 533
1560970 533
1560980 534
1560990 534
1561000 534
1561010 534
1561020 534
1561030 534
1561040 533
1561050 533
1561060 533
1561070 532
1561080 531
1561090 531
1561100 531
1561110 531
1561120 531
1561130 530
1561140 529
1561150 529
1561160 529
1561170 528
1561180 528
1561190 527
1561200 526
1561210 526
1561220 524
1561230 524
1561240 524
1561250 522
1561260 521
1561270 521
1561280 521
1561290 520
1561300 520
1561310 519
1561320 519
1561330 519
1561340 519
1561350 519
1561360 519
1561370 520
1561380 520
1561390 520
1561400 520
1561410 520
1561420 520
1561430 520
1561440 521
1561450 521
1561460 521
1561470 521
1561480 521
1561490 521
1561500 521
1561510 521
1561520 522
1561530 522
1561540 522
1561550 522
1561560 522
1561570 522
1561580 522
1561590 523
1561600 522
1561610 522
1561620 521
1561630 521
1561640 521
1561650 523
1561660 523
1561670 523
1561680 521
1561690 522
1561700 522
1561710 524
1561720 524
1561730 524
1561740 523
1561750 523
1561760 523
1561770 523
1561780 523
1561790 523
1561800 524
1561810 524
1561820 524
1561830 524
1561840 525
1561850 525
1561860 528
1561870 529
1561880 529
1561890 528
1561900 528
1561910 528
1561920 528
1561930 529
1561940 529
1561950 530
1561960 531
1561970 531
1561980 532
1561990 532
1562000 532
1562010 532
1562020 532
1562030 532
1562040 532
1562050 533
1562060 533
1562070 533
1562080 533
1562090 533
1562100 533
1562110 533
1562120 533
1562130 534
1562140 534
1562150 534
1562160 535
1562170 535
1562180 535
1562190 535
1562200 535
1562210 535
1562220 536
1562230 535
1562240 535
1562250 535
1562260 536
1562270 536
1562280 536
1562290 537
1562300 537
1562310 537
1562320 537
1562330 538
1562340 538
1562350 538
1562360 539
1562370 539
1562380 539
1562390 539
1562400 539
1562410 540
1562420 540
1562430 540
1562440 540
1562450 541
1562460 541
1562470 541
1562480 541
1562490 541
1562500 542
1562510 542
1562520 542
1562530 542
1562540 543
1562550 543
1562560 543
1562570 544
1562580 544
1562590 544
1562600 545
1562610 545
1562620 545
1562630 545
1562640 545
1562650 546
1562660 547
1562670 547
1562680 548
1562690 549
1562700 549
1562710 549
1562720 550
1562730 550
1562740 553
1562750 554
1562760 554
1562770 555
1562780 556
1562790 556
1562800 557
1562810 558
1562820 558
1562830 559
1562840 560
1562850 560
1562860 560
1562870 560
1562880 560
1562890 561
1562900 563
1562910 563
1562920 565
1562930 566
1562940 566
1562950 568
1562960 569
1562970 569
1562980 570
1562990 571
1563000 571
1563010 572
1563020 573
1563030 573
1563040 574
1563050 575
1563060 575
1563070 577
1563080 578
1563090 578
1563100 579
1563110 580
1563120 581
1563130 581
1563140 582
1563150 583
1563160 583
1563170 584
1563180 585
1563190 585
1563200 586
1563210 588
1563220 588
1563230 590
1563240 592
1563250 592
1563260 593
1563270 595
1563280 595
1563290 596
1563300 598
1563310 598
1563320 599
1563330 601
1563340 601
1563350 603
1563360 604
1563370 604
1563380 605
1563390 607
1563400 607
1563410 608
1563420 610
1563430 610
1563440 612
1563450 613
1563460 613
1563470 614
1563480 616
1563490 616
1563500 618
1563510 620
1563520 620
1563530 621
1563540 623
1563550 623
1563560 624
1563570 625
1563580 625
1563590 626
1563600 627
1563610 627
1563620 629
1563630 630
1563640 630
1563650 631
1563660 632
1563670 632
1563680 633
1563690 633
1563700 633
1563710 634
1563720 635
1563730 635
1563740 635
1563750 636
1563760 636
1563770 636
1563780 636
1563790 636
1563800 636
1563810 636
1563820 636
1563830 637
1563840 637
1563850 637
1563860 636
1563870 636
1563880 636
1563890 636
1563900 636
1563910 636
1563920 636
1563930 636
1563940 635
1563950 635
1563960 635
1563970 635
1563980 635
1563990 634
1564000 634
1564010 634
1564020 634
1564030 633
1564040 633
1564050 633
1564060 632
1564070 632
1564080 632
1564090 632
1564100 632
1564110 631
1564120 631
1564130 631
1564140 630
1564150 629
1564160 629
1564170 628
1564180 627
1564190 627
1564200 626
1564210 625
1564220 625
1564230 623
1564240 622
1564250 622
1564260 621
1564270 620
1564280 620
1564290 619
1564300 619
1564310 619
1564320 618
1564330 617
1564340 617
1564350 617
1564360 616
1564370 616
1564380 614
1564390 613
1564400 613
1564410 612
1564420 611
1564430 611
1564440 611
1564450 610
1564460 610
1564470 610
1564480 609
1564490 609
1564500 609
1564510 608
1564520 608
1564530 608
1564540 607
1564550 607
1564560 607
1564570 606
1564580 606
1564590 606
1564600 605
1564610 605
1564620 604
1564630 604
1564640 604
1564650 603
1564660 603
1564670 602
1564680 602
1564690 602
1564700 601
1564710 601
1564720 600
1564730 600
1564740 600
1564750 599
1564760 598
1564770 598
1564780 598
1564790 597
1564800 597
1564810 596
1564820 596
1564830 596
1564840 595
1564850 595
1564860 595
1564870 594
1564880 593
1564890 593
1564900 593
1564910 592
1564920 592
1564930 591
1564940 591
1564950 591
1564960 590
1564970 589
1564980 589
1564990 588
1565000 587
1565010 587
1565020 587
1565030 586
1565040 586
1565050 585
1565060 584
1565070 584
1565080 583
1565090 582
1565100 582
1565110 582
1565120 581
1565130 581
1565140 580
1565150 579
1565160 579
1565170 578
1565180 577
1565190 577
1565200 576
1565210 575
1565220 575
1565230 574
1565240 573
1565250 573
1565260 572
1565270 572
1565280 572
1565290 571
1565300 570
1565310 570
1565320 569
1565330 568
1565340 568
1565350 567
1565360 566
1565370 566
1565380 565
1565390 564
1565400 564
1565410 563
1565420 562
1565430 561
1565440 561
1565450 560
1565460 558
1565470 558
1565480 556
1565490 554
1565500 554
1565510 553
1565520 552
1565530 552
1565540 550
1565550 549
1565560 549
1565570 548
1565580 546
1565590 546
1565600 544
1565610 542
1565620 542
1565630 539
1565640 534
1565650 534
1565660 527
1565670 521
1565680 521
1565690 516
1565700 511
1565710 511
1565720 506
1565730 502
1565740 502
1565750 499
1565760 496
1565770 496
1565780 493
1565790 489
1565800 489
1565810 484
1565820 478
1565830 478
1565840 477
1565850 480
1565860 480
1565870 483
1565880 484
1565890 484
1565900 485
1565910 486
1565920 486
1565930 488
1565940 489
1565950 489
1565960 491
1565970 493
1565980 494
1565990 495
1566000 497
1566010 497
1566020 500
1566030 502
1566040 502
1566050 504
1566060 506
1566070 506
1566080 509
1566090 510
1566100 510
1566110 511
1566120 511
1566130 511
1566140 511
1566150 511
1566160 511
1566170 511
1566180 510
1566190 510
1566200 509
1566210 509
1566220 509
1566230 509
1566240 510
1566250 510
1566260 510
1566270 510
1566280 511
1566290 511
1566300 511
1566310 511
1566320 511
1566330 511
1566340 511
1566350 511
1566360 511
1566370 511
1566380 511
1566390 511
1566400 511
1566410 511
1566420 512
1566430 512
1566440 512
1566450 512
1566460 511
1566470 511
1566480 510
1566490 510
1566500 510
1566510 511
1566520 511
1566530 511
1566540 511
1566550 511
1566560 511
1566570 512
1566580 511
1566590 511
1566600 512
1566610 510
1566620 510
1566630 510
1566640 511
1566650 511
1566660 510
1566670 510
1566680 510
1566690 510
1566700 510
1566710 510
1566720 509
1566730 508
1566740 508
1566750 507
1566760 505
1566770 505
1566780 505
1566790 503
1566800 503
1566810 502
1566820 500
1566830 500
1566840 498
1566850 495
1566860 495
1566870 490
1566880 486
1566890 486
1566900 482
1566910 480
1566920 480
1566930 478
1566940 475
1566950 475
1566960 473
1566970 470
1566980 469
1566990 469
1567000 468
1567010 466
1567020 466
1567030 463
1567040 461
1567050 461
1567060 459
1567070 458
1567080 458
1567090 457
1567100 457
1567110 457
1567120 455
1567130 453
1567140 453
1567150 451
1567160 449
1567170 449
1567180 447
1567190 446
1567200 446
1567210 444
1567220 443
1567230 443
1567240 441
1567250 440
1567260 440
1567270 438
1567280 437
1567290 437
1567300 436
1567310 436
1567320 436
1567330 435
1567340 433
1567350 433
1567360 431
1567370 430
1567380 430
1567390 430
1567400 429
1567410 429
1567420 429
1567430 428
1567440 428
1567450 428
1567460 427
1567470 427
1567480 427
1567490 426
1567500 426
1567510 426
1567520 425
1567530 425
1567540 424
1567550 423
1567560 423
1567570 423
1567580 421
1567590 421
1567600 419
1567610 419
1567620 419
1567630 418
1567640 417
1567650 417
1567660 417
1567670 418
1567680 418
1567690 418
1567700 418
1567710 418
1567720 418
1567730 418
1567740 418
1567750 417
1567760 417
1567770 417
1567780 417
1567790 417
1567800 416
1567810 416
1567820 416
1567830 416
1567840 416
1567850 416
1567860 416
1567870 416
1567880 415
1567890 415
1567900 415
1567910 415
1567920 415
1567930 415
1567940 415
1567950 415
1567960 415
1567970 414
1567980 414
1567990 414
1568000 414
1568010 414
1568020 414
1568030 414
1568040 413
1568050 413
1568060 413
1568070 413
1568080 413
1568090 413
1568100 413
1568110 413
1568120 413
1568130 413
1568140 413
1568150 412
1568160 412
1568170 412
1568180 412
1568190 412
1568200 412
1568210 412
1568220 412
1568230 412
1568240 411
1568250 411
1568260 411
1568270 411
1568280 411
1568290 411
1568300 411
1568310 410
1568320 410
1568330 410
1568340 410
1568350 410
1568360 410
1568370 410
1568380 410
1568390 409
1568400 409
1568410 409
1568420 409
1568430 409
1568440 409
1568450 409
1568460 409
1568470 409
1568480 408
1568490 408
1568500 408
1568510 408
1568520 408
1568530 408
1568540 408
1568550 408
1568560 408
1568570 408
1568580 407
1568590 407
1568600 407
1568610 407
1568620 407
1568630 407
1568640 407
1568650 406
1568660 406
1568670 406
1568680 407
1568690 407
1568700 407
1568710 406
1568720 406
1568730 406
1568740 406
1568750 406
1568760 406
1568770 406
1568780 406
1568790 406
1568800 406
1568810 406
1568820 405
1568830 405
1568840 405
1568850 405
1568860 405
1568870 405
1568880 405
1568890 404
1568900 404
1568910 404
1568920 404
1568930 404
1568940 404
1568950 404
1568960 404
1568970 404
1568980 404
1568990 404
1569000 403
1569010 403
1569020 403
1569030 403
1569040 402
1569050 402
1569060 402
1569070 402
1569080 402
1569090 405
1569100 408
1569110 408
1569120 408
1569130 407
1569140 407
1569150 403
1569160 401
1569170 401
1569180 401
1569190 401
1569200 401
1569210 401
1569220 401
1569230 401
1569240 401
1569250 401
1569260 401
1569270 401
1569280 401
1569290 401
1569300 401
1569310 401
1569320 401
1569330 401
1569340 401
1569350 401
1569360 401
1569370 400
1569380 400
1569390 400
1569400 400
1569410 400
1569420 400
1569430 400
1569440 400
1569450 400
1569460 400
1569470 400
1569480 400
1569490 400
1569500 400
1569510 400
1569520 400
1569530 400
1569540 400
1569550 400
1569560 400
1569570 400
1569580 400
1569590 400
1569600 400
1569610 400
1569620 400
1569630 400
1569640 400
1569650 400
1569660 400
1569670 399
1569680 399
1569690 399
1569700 399
1569710 399
1569720 399
1569730 399
1569740 399
1569750 399
1569760 399
1569770 399
1569780 399
1569790 399
1569800 399
1569810 399
1569820 399
1569830 399
1569840 399
1569850 399
1569860 399
1569870 399
1569880 399
1569890 399
1569900 399
1569910 399
1569920 399
1569930 399
1569940 398
1569950 398
1569960 398
1569970 399
1569980 399
1569990 399
1570000 399
1570010 399
1570020 399
1570030 399
1570040 399
1570050 399
1570060 398
1570070 398
1570080 398
1570090 398
1570100 399
1570110 399
1570120 399
1570130 398
1570140 398
1570150 398
1570160 399
1570170 399
1570180 399
1570190 399
1570200 399
1570210 399
1570220 399
1570230 399
1570240 399
1570250 399
1570260 399
1570270 399
1570280 399
1570290 399
1570300 399
1570310 399
1570320 399
1570330 399
1570340 399
1570350 399
1570360 399
1570370 399
1570380 399
1570390 399
1570400 399
1570410 399
1570420 399
1570430 399
1570440 399
1570450 399
1570460 399
1570470 399
1570480 399
1570490 399
1570500 399
1570510 399
1570520 399
1570530 399
1570540 399
1570550 399
1570560 399
1570570 399
1570580 399
1570590 398
1570600 399
1570610 399
1570620 398
1570630 398
1570640 398
1570650 399
1570660 399
1570670 399
1570680 399
1570690 399
1570700 399
1570710 398
1570720 398
1570730 398
1570740 398
1570750 398
1570760 399
1570770 399
1570780 399
1570790 400
1570800 401
1570810 401
1570820 402
1570830 401
1570840 401
1570850 400
1570860 399
1570870 399
1570880 399
1570890 399
1570900 399
1570910 399
1570920 399
1570930 398
1570940 398
1570950 398
1570960 399
1570970 399
1570980 399
1570990 399
1571000 399
1571010 399
1571020 399
1571030 399
1571040 400
1571050 400
1571060 400
1571070 400
1571080 401
1571090 401
1571100 401
1571110 401
1571120 401
1571130 402
1571140 402
1571150 402
1571160 403
1571170 404
1571180 404
1571190 404
1571200 404
1571210 404
1571220 405
1571230 406
1571240 406
1571250 406
1571260 406
1571270 406
1571280 406
1571290 406
1571300 406
1571310 407
1571320 407
1571330 407
1571340 407
1571350 408
1571360 408
1571370 409
1571380 409
1571390 409
1571400 409
1571410 409
1571420 409
1571430 409
1571440 409
1571450 409
1571460 409
1571470 409
1571480 409
1571490 410
1571500 410
1571510 410
1571520 410
1571530 410
1571540 410
1571550 410
1571560 411
1571570 411
1571580 412
1571590 412
1571600 412
1571610 413
1571620 413
1571630 413
1571640 414
1571650 415
1571660 415
1571670 415
1571680 416
1571690 416
1571700 416
1571710 416
1571720 417
1571730 417
1571740 418
1571750 418
1571760 418
1571770 418
1571780 419
1571790 419
1571800 419
1571810 420
1571820 420
1571830 421
1571840 421
1571850 421
1571860 422
1571870 422
1571880 422
1571890 423
1571900 424
1571910 424
1571920 424
1571930 425
1571940 425
1571950 426
1571960 426
1571970 426
1571980 427
1571990 428
1572000 428
1572010 429
1572020 430
1572030 430
1572040 431
1572050 432
1572060 432
1572070 434
1572080 436
1572090 434
1572100 434
1572110 435
1572120 435
1572130 436
1572140 436
1572150 436
1572160 437
1572170 437
1572180 437
1572190 438
1572200 438
1572210 438
1572220 439
1572230 440
1572240 440
1572250 441
1572260 442
1572270 442
1572280 443
1572290 444
1572300 444
1572310 446
1572320 447
1572330 447
1572340 449
1572350 452
1572360 452
1572370 453
1572380 455
1572390 455
1572400 457
1572410 459
1572420 459
1572430 462
1572440 464
1572450 466
1572460 466
1572470 467
1572480 467
1572490 467
1572500 470
1572510 474
1572520 474
1572530 475
1572540 477
1572550 477
1572560 478
1572570 478
1572580 478
1572590 478
1572600 479
1572610 479
1572620 480
1572630 481
1572640 481
1572650 485
1572660 491
1572670 491
1572680 498
1572690 504
1572700 504
1572710 507
1572720 510
1572730 510
1572740 512
1572750 513
1572760 513
1572770 515
1572780 517
1572790 517
1572800 518
1572810 518
1572820 518
1572830 519
1572840 520
1572850 520
1572860 523
1572870 525
1572880 525
1572890 528
1572900 531
1572910 531
1572920 533
1572930 535
1572940 535
1572950 536
1572960 538
1572970 538
1572980 539
1572990 541
1573000 541
1573010 543
1573020 544
1573030 544
1573040 547
1573050 548
1573060 548
1573070 549
1573080 552
1573090 552
1573100 555
1573110 558
1573120 558
1573130 560
1573140 562
1573150 562
1573160 564
1573170 567
1573180 567
1573190 569
1573200 571
1573210 573
1573220 573
1573230 575
1573240 577
1573250 577
1573260 578
1573270 580
1573280 580
1573290 581
1573300 582
1573310 582
1573320 582
1573330 581
1573340 581
1573350 578
1573360 573
1573370 573
1573380 568
1573390 566
1573400 566
1573410 565
1573420 563
1573430 563
1573440 561
1573450 558
1573460 558
1573470 556
1573480 553
1573490 553
1573500 550
1573510 547
1573520 547
1573530 542
1573540 538
1573550 539
1573560 535
1573570 533
1573580 533
1573590 533
1573600 530
1573610 530
1573620 526
1573630 523
1573640 523
1573650 520
1573660 518
1573670 518
1573680 515
1573690 514
1573700 514
1573710 512
1573720 509
1573730 509
1573740 507
1573750 503
1573760 503
1573770 500
1573780 497
1573790 497
1573800 499
1573810 504
1573820 504
1573830 506
1573840 509
1573850 509
1573860 513
1573870 518
1573880 518
1573890 522
1573900 525
1573910 525
1573920 528
1573930 533
1573940 533
1573950 538
1573960 541
1573970 541
1573980 542
1573990 542
1574000 544
1574010 544
1574020 546
1574030 548
1574040 548
1574050 551
1574060 554
1574070 554
1574080 557
1574090 563
1574100 563
1574110 570
1574120 577
1574130 577
1574140 583
1574150 586
1574160 586
1574170 589
1574180 592
1574190 592
1574200 595
1574210 597
1574220 597
1574230 598
1574240 598
1574250 598
1574260 598
1574270 598
1574280 598
1574290 598
1574300 598
1574310 598
1574320 598
1574330 598
1574340 598
1574350 597
1574360 596
1574370 596
1574380 596
1574390 596
1574400 596
1574410 595
1574420 595
1574430 595
1574440 594
1574450 594
1574460 594
1574470 594
1574480 595
1574490 595
1574500 595
1574510 595
1574520 595
1574530 595
1574540 595
1574550 595
1574560 594
1574570 593
1574580 593
1574590 591
1574600 588
1574610 588
1574620 590
1574630 592
1574640 592
1574650 594
1574660 596
1574670 596
1574680 597
1574690 598
1574700 598
1574710 599
1574720 599
1574730 599
1574740 598
1574750 597
1574760 597
1574770 597
1574780 597
1574790 596
1574800 596
1574810 595
1574820 593
1574830 593
1574840 591
1574850 591
1574860 591
1574870 592
1574880 592
1574890 592
1574900 592
1574910 593
1574920 593
1574930 593
1574940 595
1574950 595
1574960 596
1574970 596
1574980 596
1574990 595
1575000 596
1575010 596
1575020 597
1575030 598
1575040 598
1575050 598
1575060 597
1575070 597
1575080 597
1575090 596
1575100 596
1575110 594
1575120 592
1575130 592
1575140 591
1575150 589
1575160 589
1575170 587
1575180 585
1575190 585
1575200 583
1575210 581
1575220 581
1575230 579
1575240 575
1575250 575
1575260 571
1575270 567
1575280 567
1575290 563
1575300 560
1575310 560
1575320 557
1575330 554
1575340 554
1575350 553
1575360 554
1575370 554
1575380 553
1575390 552
1575400 552
1575410 550
1575420 549
1575430 549
1575440 549
1575450 549
1575460 549
1575470 547
1575480 545
1575490 545
1575500 541
1575510 537
1575520 537
1575530 531
1575540 523
1575550 523
1575560 522
1575570 529
1575580 536
1575590 536
1575600 543
1575610 548
1575620 548
1575630 553
1575640 558
1575650 558
1575660 562
1575670 566
1575680 566
1575690 569
1575700 573
1575710 573
1575720 576
1575730 580
1575740 580
1575750 584
1575760 587
1575770 587
1575780 590
1575790 593
1575800 593
1575810 596
1575820 599
1575830 599
1575840 602
1575850 605
1575860 605
1575870 608
1575880 610
1575890 610
1575900 612
1575910 615
1575920 615
1575930 617
1575940 619
1575950 619
1575960 622
1575970 625
1575980 625
1575990 627
1576000 629
1576010 629
1576020 632
1576030 634
1576040 634
1576050 636
1576060 638
1576070 638
1576080 639
1576090 641
1576100 641
1576110 643
1576120 645
1576130 645
1576140 647
1576150 648
1576160 648
1576170 650
1576180 650
1576190 650
1576200 651
1576210 651
1576220 651
1576230 652
1576240 651
1576250 651
1576260 648
1576270 645
1576280 645
1576290 648
1576300 650
1576310 650
1576320 652
1576330 654
1576340 655
1576350 655
1576360 656
1576370 657
1576380 657
1576390 659
1576400 661
1576410 663
1576420 665
1576430 666
1576440 666
1576450 667
1576460 670
1576470 670
1576480 672
1576490 673
1576500 673
1576510 675
1576520 676
1576530 676
1576540 677
1576550 679
1576560 679
1576570 681
1576580 682
1576590 682
1576600 683
1576610 685
1576620 685
1576630 686
1576640 688
1576650 688
1576660 689
1576670 690
1576680 690
1576690 693
1576700 695
1576710 695
1576720 697
1576730 699
1576740 699
1576750 701
1576760 703
1576770 703
1576780 705
1576790 707
1576800 707
1576810 709
1576820 711
1576830 711
1576840 713
1576850 714
1576860 714
1576870 716
1576880 719
1576890 719
1576900 721
1576910 723
1576920 723
1576930 724
1576940 726
1576950 726
1576960 727
1576970 729
1576980 729
1576990 730
1577000 732
1577010 732
1577020 733
1577030 734
1577040 734
1577050 735
1577060 737
1577070 737
1577080 737
1577090 738
1577100 738
1577110 739
1577120 738
1577130 736
1577140 736
1577150 733
1577160 730
1577170 730
1577180 728
1577190 724
1577200 724
1577210 721
1577220 719
1577230 719
1577240 716
1577250 714
1577260 714
1577270 713
1577280 711
1577290 711
1577300 711
1577310 711
1577320 711
1577330 711
1577340 710
1577350 710
1577360 710
1577370 710
1577380 710
1577390 710
1577400 711
1577410 711
1577420 712
1577430 714
1577440 714
1577450 715
1577460 716
1577470 716
1577480 718
1577490 719
1577500 719
1577510 721
1577520 723
1577530 723
1577540 724
1577550 724
1577560 724
1577570 725
1577580 726
1577590 726
1577600 728
1577610 729
1577620 729
1577630 730
1577640 731
1577650 731
1577660 732
1577670 732
1577680 732
1577690 732
1577700 732
1577710 732
1577720 731
1577730 731
1577740 731
1577750 730
1577760 729
1577770 729
1577780 728
1577790 727
1577800 723
1577810 722
1577820 720
1577830 720
1577840 717
1577850 715
1577860 715
1577870 714
1577880 713
1577890 713
1577900 712
1577910 711
1577920 711
1577930 711
1577940 711
1577950 711
1577960 711
1577970 711
1577980 712
1577990 712
1578000 713
1578010 713
1578020 713
1578030 713
1578040 714
1578050 714
1578060 714
1578070 713
1578080 713
1578090 714
1578100 715
1578110 715
1578120 715
1578130 716
1578140 716
1578150 716
1578160 717
1578170 717
1578180 717
1578190 717
1578200 717
1578210 719
1578220 720
1578230 720
1578240 722
1578250 724
1578260 724
1578270 726
1578280 728
1578290 728
1578300 730
1578310 732
1578320 732
1578330 735
1578340 736
1578350 736
1578360 739
1578370 741
1578380 741
1578390 744
1578400 746
1578410 746
1578420 748
1578430 751
1578440 751
1578450 754
1578460 757
1578470 757
1578480 760
1578490 763
1578500 763
1578510 766
1578520 770
1578530 770
1578540 773
1578550 776
1578560 776
1578570 779
1578580 783
1578590 783
1578600 786
1578610 790
1578620 790
1578630 793
1578640 796
1578650 796
1578660 799
1578670 801
1578680 804
1578690 804
1578700 806
1578710 809
1578720 809
1578730 810
1578740 812
1578750 812
1578760 814
1578770 815
1578780 815
1578790 817
1578800 818
1578810 818
1578820 818
1578830 819
1578840 819
1578850 819
1578860 820
1578870 820
1578880 821
1578890 822
1578900 822
1578910 822
1578920 823
1578930 823
1578940 823
1578950 824
1578960 824
1578970 824
1578980 824
1578990 824
1579000 825
1579010 825
1579020 825
1579030 826
1579040 826
1579050 826
1579060 827
1579070 827
1579080 827
1579090 826
1579100 826
1579110 826
1579120 826
1579130 825
1579140 825
1579150 825
1579160 824
1579170 826
1579180 824
1579190 822
1579200 822
1579210 820
1579220 818
1579230 818
1579240 817
1579250 816
1579260 816
1579270 816
1579280 815
1579290 815
1579300 815
1579310 814
1579320 814
1579330 814
1579340 814
1579350 814
1579360 814
1579370 813
1579380 813
1579390 814
1579400 814
1579410 814
1579420 814
1579430 814
1579440 814
1579450 814
1579460 815
1579470 815
1579480 815
1579490 815
1579500 816
1579510 816
1579520 816
1579530 817
1579540 817
1579550 817
1579560 818
1579570 818
1579580 819
1579590 820
1579600 820
1579610 821
1579620 822
1579630 822
1579640 823
1579650 824
1579660 824
1579670 825
1579680 827
1579690 827
1579700 828
1579710 830
1579720 830
1579730 832
1579740 833
1579750 833
1579760 834
1579770 834
1579780 834
1579790 834
1579800 833
1579810 833
1579820 832
1579830 831
1579840 831
1579850 830
1579860 829
1579870 829
1579880 827
1579890 826
1579900 826
1579910 824
1579920 822
1579930 822
1579940 820
1579950 817
1579960 817
1579970 815
1579980 812
1579990 812
