1560000 522
1560010 520
1560020 520
1560030 520
1560040 519
1560050 518
1560060 518
1560070 517
1560080 517
1560090 517
1560100 517
1560110 517
1560120 517
1560130 518
1560140 518
1560150 518
1560160 518
1560170 517
1560180 517
1560190 519
1560200 521
1560210 521
1560220 522
1560230 523
1560240 523
1560250 524
1560260 525
1560270 525
1560280 525
1560290 526
1560300 526
1560310 526
1560320 527
1560330 527
1560340 528
1560350 529
1560360 529
1560370 531
1560380 532
1560390 532
1560400 534
1560410 535
1560420 535
1560430 536
1560440 537
1560450 537
1560460 537
1560470 538
1560480 538
1560490 538
1560500 539
1560510 539
1560520 539
1560530 539
1560540 539
1560550 539
1560560 539
1560570 539
1560580 539
1560590 539
1560600 539
1560610 539
1560620 538
1560630 538
1560640 538
1560650 538
1560660 537
1560670 537
1560680 536
1560690 536
1560700 536
1560710 535
1560720 534
1560730 534
1560740 533
1560750 531
1560760 531
1560770 530
1560780 531
1560790 531
1560800 531
1560810 531
1560820 531
1560830 531
1560840 531
1560850 531
1560860 531
1560870 532
1560880 532
1560890 532
1560900 533
1560910 533
1560920 535
1560930 536
1560940 536
1560950 538
1560960 539
1560970 539
1560980 540
1560990 542
1561000 542
1561010 543
1561020 543
1561030 543
1561040 544
1561050 544
1561060 544
1561070 545
1561080 545
1561090 545
1561100 545
1561110 545
1561120 545
1561130 544
1561140 544
1561150 544
1561160 544
1561170 544
1561180 544
1561190 543
1561200 543
1561210 543
1561220 542
1561230 542
1561240 542
1561250 541
1561260 540
1561270 540
1561280 540
1561290 539
1561300 539
1561310 539
1561320 539
1561330 538
1561340 538
1561350 538
1561360 537
1561370 537
1561380 537
1561390 536
1561400 536
1561410 534
1561420 534
1561430 534
1561440 534
1561450 533
1561460 533
1561470 533
1561480 533
1561490 533
1561500 533
1561510 532
1561520 532
1561530 531
1561540 532
1561550 532
1561560 533
1561570 534
1561580 534
1561590 534
1561600 535
1561610 535
1561620 536
1561630 536
1561640 536
1561650 536
1561660 537
1561670 537
1561680 537
1561690 537
1561700 537
1561710 536
1561720 536
1561730 536
1561740 535
1561750 535
1561760 535
1561770 535
1561780 534
1561790 534
1561800 533
1561810 532
1561820 532
1561830 533
1561840 533
1561850 533
1561860 533
1561870 533
1561880 533
1561890 533
1561900 534
1561910 534
1561920 534
1561930 535
1561940 535
1561950 535
1561960 536
1561970 536
1561980 536
1561990 536
1562000 536
1562010 536
1562020 537
1562030 537
1562040 537
1562050 537
1562060 537
1562070 537
1562080 538
1562090 538
1562100 538
1562110 538
1562120 539
1562130 539
1562140 539
1562150 539
1562160 539
1562170 539
1562180 540
1562190 540
1562200 540
1562210 540
1562220 540
1562230 541
1562240 541
1562250 541
1562260 541
1562270 543
1562280 543
1562290 546
1562300 549
1562310 549
1562320 551
1562330 553
1562340 553
1562350 555
1562360 556
1562370 556
1562380 558
1562390 559
1562400 559
1562410 560
1562420 560
1562430 560
1562440 561
1562450 561
1562460 561
1562470 562
1562480 562
1562490 562
1562500 562
1562510 563
1562520 563
1562530 563
1562540 563
1562550 563
1562560 563
1562570 563
1562580 563
1562590 562
1562600 562
1562610 562
1562620 561
1562630 561
1562640 561
1562650 561
1562660 560
1562670 560
1562680 560
1562690 559
1562700 559
1562710 559
1562720 559
1562730 559
1562740 559
1562750 558
1562760 558
1562770 558
1562780 557
1562790 557
1562800 557
1562810 556
1562820 555
1562830 555
1562840 555
1562850 554
1562860 554
1562870 553
1562880 554
1562890 554
1562900 554
1562910 554
1562920 554
1562930 555
1562940 556
1562950 556
1562960 558
1562970 560
1562980 560
1562990 562
1563000 564
1563010 564
1563020 566
1563030 568
1563040 568
1563050 569
1563060 571
1563070 571
1563080 572
1563090 573
1563100 573
1563110 574
1563120 575
1563130 575
1563140 575
1563150 575
1563160 575
1563170 575
1563180 575
1563190 575
1563200 576
1563210 577
1563220 577
1563230 578
1563240 578
1563250 578
1563260 579
1563270 580
1563280 580
1563290 581
1563300 583
1563310 583
1563320 584
1563330 586
1563340 586
1563350 588
1563360 589
1563370 592
1563380 594
1563390 595
1563400 595
1563410 596
1563420 598
1563430 598
1563440 600
1563450 601
1563460 601
1563470 603
1563480 604
1563490 604
1563500 605
1563510 606
1563520 606
1563530 607
1563540 608
1563550 608
1563560 609
1563570 611
1563580 611
1563590 612
1563600 613
1563610 614
1563620 614
1563630 615
1563640 615
1563650 615
1563660 616
1563670 616
1563680 616
1563690 615
1563700 615
1563710 615
1563720 616
1563730 616
1563740 616
1563750 617
1563760 617
1563770 617
1563780 617
1563790 617
1563800 617
1563810 618
1563820 618
1563830 618
1563840 618
1563850 618
1563860 618
1563870 619
1563880 620
1563890 620
1563900 621
1563910 622
1563920 622
1563930 622
1563940 622
1563950 622
1563960 622
1563970 622
1563980 622
1563990 622
1564000 622
1564010 622
1564020 622
1564030 623
1564040 623
1564050 623
1564060 623
1564070 623
1564080 623
1564090 623
1564100 623
1564110 623
1564120 624
1564130 624
1564140 624
1564150 624
1564160 624
1564170 624
1564180 624
1564190 624
1564200 624
1564210 624
1564220 624
1564230 624
1564240 624
1564250 624
1564260 624
1564270 624
1564280 624
1564290 623
1564300 623
1564310 623
1564320 623
1564330 623
1564340 623
1564350 623
1564360 622
1564370 622
1564380 622
1564390 621
1564400 621
1564410 621
1564420 621
1564430 620
1564440 620
1564450 620
1564460 619
1564470 619
1564480 619
1564490 618
1564500 618
1564510 618
1564520 617
1564530 617
1564540 616
1564550 616
1564560 616
1564570 615
1564580 615
1564590 615
1564600 614
1564610 613
1564620 613
1564630 612
1564640 611
1564650 611
1564660 610
1564670 609
1564680 609
1564690 608
1564700 607
1564710 607
1564720 606
1564730 605
1564740 605
1564750 604
1564760 603
1564770 603
1564780 602
1564790 601
1564800 601
1564810 600
1564820 600
1564830 600
1564840 599
1564850 598
1564860 598
1564870 597
1564880 596
1564890 596
1564900 595
1564910 594
1564920 594
1564930 593
1564940 592
1564950 592
1564960 591
1564970 590
1564980 590
1564990 589
1565000 588
1565010 588
1565020 587
1565030 586
1565040 586
1565050 584
1565060 583
1565070 583
1565080 581
1565090 579
1565100 579
1565110 577
1565120 575
1565130 575
1565140 574
1565150 572
1565160 570
1565170 570
1565180 567
1565190 563
1565200 563
1565210 561
1565220 564
1565230 564
1565240 564
1565250 561
1565260 561
1565270 558
1565280 556
1565290 556
1565300 556
1565310 556
1565320 556
1565330 556
1565340 555
1565350 555
1565360 554
1565370 554
1565380 554
1565390 553
1565400 553
1565410 553
1565420 550
1565430 548
1565440 548
1565450 546
1565460 545
1565470 545
1565480 544
1565490 543
1565500 543
1565510 542
1565520 539
1565530 539
1565540 533
1565550 529
1565560 529
1565570 526
1565580 524
1565590 524
1565600 521
1565610 519
1565620 519
1565630 516
1565640 514
1565650 514
1565660 514
1565670 513
1565680 513
1565690 512
1565700 511
1565710 511
1565720 507
1565730 502
1565740 502
1565750 499
1565760 496
1565770 496
1565780 495
1565790 494
1565800 494
1565810 494
1565820 492
1565830 492
1565840 490
1565850 487
1565860 487
1565870 486
1565880 485
1565890 485
1565900 483
1565910 480
1565920 479
1565930 479
1565940 477
1565950 475
1565960 475
1565970 474
1565980 472
1565990 472
1566000 470
1566010 469
1566020 469
1566030 468
1566040 468
1566050 468
1566060 467
1566070 466
1566080 466
1566090 468
1566100 469
1566110 469
1566120 469
1566130 467
1566140 467
1566150 464
1566160 463
1566170 463
1566180 464
1566190 464
1566200 464
1566210 464
1566220 464
1566230 464
1566240 465
1566250 467
1566260 467
1566270 468
1566280 469
1566290 469
1566300 468
1566310 469
1566320 469
1566330 469
1566340 469
1566350 469
1566360 469
1566370 470
1566380 470
1566390 471
1566400 472
1566410 472
1566420 473
1566430 473
1566440 473
1566450 472
1566460 472
1566470 472
1566480 472
1566490 471
1566500 471
1566510 471
1566520 471
1566530 471
1566540 472
1566550 472
1566560 472
1566570 472
1566580 474
1566590 474
1566600 474
1566610 474
1566620 474
1566630 475
1566640 475
1566650 475
1566660 475
1566670 476
1566680 475
1566690 475
1566700 476
1566710 476
1566720 476
1566730 476
1566740 476
1566750 476
1566760 476
1566770 476
1566780 476
1566790 476
1566800 475
1566810 475
1566820 475
1566830 474
1566840 474
1566850 473
1566860 472
1566870 472
1566880 470
1566890 468
1566900 468
1566910 467
1566920 465
1566930 465
1566940 463
1566950 462
1566960 462
1566970 459
1566980 457
1566990 457
1567000 455
1567010 453
1567020 453
1567030 451
1567040 449
1567050 449
1567060 448
1567070 447
1567080 447
1567090 446
1567100 445
1567110 445
1567120 444
1567130 444
1567140 444
1567150 443
1567160 442
1567170 442
1567180 442
1567190 441
1567200 441
1567210 440
1567220 439
1567230 439
1567240 439
1567250 438
1567260 438
1567270 437
1567280 436
1567290 436
1567300 435
1567310 434
1567320 434
1567330 433
1567340 432
1567350 432
1567360 431
1567370 429
1567380 429
1567390 428
1567400 426
1567410 426
1567420 425
1567430 423
1567440 423
1567450 423
1567460 422
1567470 421
1567480 421
1567490 421
1567500 422
1567510 422
1567520 422
1567530 421
1567540 421
1567550 421
1567560 421
1567570 421
1567580 421
1567590 421
1567600 421
1567610 421
1567620 421
1567630 421
1567640 421
1567650 421
1567660 421
1567670 421
1567680 420
1567690 420
1567700 420
1567710 420
1567720 420
1567730 420
1567740 419
1567750 419
1567760 419
1567770 419
1567780 419
1567790 419
1567800 419
1567810 419
1567820 419
1567830 419
1567840 419
1567850 418
1567860 418
1567870 418
1567880 418
1567890 418
1567900 418
1567910 417
1567920 417
1567930 417
1567940 417
1567950 417
1567960 417
1567970 416
1567980 416
1567990 416
1568000 416
1568010 416
1568020 416
1568030 416
1568040 415
1568050 415
1568060 415
1568070 415
1568080 415
1568090 415
1568100 414
1568110 414
1568120 414
1568130 414
1568140 414
1568150 414
1568160 414
1568170 414
1568180 413
1568190 413
1568200 413
1568210 413
1568220 413
1568230 413
1568240 413
1568250 412
1568260 412
1568270 412
1568280 412
1568290 412
1568300 412
1568310 411
1568320 411
1568330 411
1568340 411
1568350 411
1568360 411
1568370 411
1568380 411
1568390 411
1568400 411
1568410 411
1568420 411
1568430 410
1568440 410
1568450 410
1568460 409
1568470 409
1568480 409
1568490 409
1568500 409
1568510 409
1568520 408
1568530 408
1568540 408
1568550 408
1568560 408
1568570 408
1568580 408
1568590 408
1568600 408
1568610 408
1568620 408
1568630 408
1568640 408
1568650 408
1568660 408
1568670 407
1568680 407
1568690 407
1568700 407
1568710 407
1568720 407
1568730 407
1568740 406
1568750 406
1568760 406
1568770 406
1568780 406
1568790 406
1568800 406
1568810 406
1568820 405
1568830 405
1568840 405
1568850 405
1568860 405
1568870 405
1568880 405
1568890 405
1568900 405
1568910 404
1568920 404
1568930 404
1568940 404
1568950 404
1568960 404
1568970 404
1568980 404
1568990 404
1569000 404
1569010 404
1569020 404
1569030 404
1569040 403
1569050 403
1569060 403
1569070 403
1569080 406
1569090 406
1569100 409
1569110 409
1569120 409
1569130 407
1569140 404
1569150 404
1569160 402
1569170 402
1569180 402
1569190 402
1569200 402
1569210 402
1569220 402
1569230 402
1569240 402
1569250 402
1569260 402
1569270 402
1569280 402
1569290 402
1569300 402
1569310 402
1569320 402
1569330 402
1569340 402
1569350 401
1569360 401
1569370 401
1569380 401
1569390 401
1569400 401
1569410 401
1569420 401
1569430 401
1569440 401
1569450 401
1569460 401
1569470 401
1569480 401
1569490 401
1569500 401
1569510 401
1569520 401
1569530 401
1569540 401
1569550 401
1569560 401
1569570 401
1569580 400
1569590 400
1569600 400
1569610 400
1569620 400
1569630 400
1569640 400
1569650 400
1569660 400
1569670 400
1569680 400
1569690 400
1569700 400
1569710 400
1569720 400
1569730 400
1569740 400
1569750 400
1569760 400
1569770 400
1569780 400
1569790 400
1569800 400
1569810 400
1569820 400
1569830 400
1569840 400
1569850 400
1569860 400
1569870 400
1569880 400
1569890 400
1569900 400
1569910 400
1569920 400
1569930 400
1569940 400
1569950 400
1569960 400
1569970 400
1569980 400
1569990 400
1570000 400
1570010 400
1570020 399
1570030 399
1570040 399
1570050 400
1570060 400
1570070 400
1570080 400
1570090 400
1570100 400
1570110 400
1570120 400
1570130 400
1570140 400
1570150 400
1570160 400
1570170 400
1570180 400
1570190 400
1570200 400
1570210 400
1570220 400
1570230 400
1570240 400
1570250 400
1570260 400
1570270 400
1570280 400
1570290 400
1570300 400
1570310 400
1570320 400
1570330 400
1570340 400
1570350 400
1570360 400
1570370 400
1570380 400
1570390 400
1570400 399
1570410 398
1570420 398
1570430 398
1570440 398
1570450 398
1570460 399
1570470 400
1570480 400
1570490 400
1570500 399
1570510 399
1570520 399
1570530 399
1570540 399
1570550 399
1570560 399
1570570 399
1570580 399
1570590 399
1570600 399
1570610 399
1570620 399
1570630 399
1570640 399
1570650 399
1570660 399
1570670 399
1570680 399
1570690 399
1570700 399
1570710 401
1570720 405
1570730 405
1570740 406
1570750 404
1570760 404
1570770 403
1570780 403
1570790 403
1570800 403
1570810 403
1570820 403
1570830 403
1570840 403
1570850 403
1570860 403
1570870 403
1570880 403
1570890 402
1570900 402
1570910 402
1570920 402
1570930 402
1570940 402
1570950 402
1570960 403
1570970 403
1570980 403
1570990 404
1571000 404
1571010 404
1571020 404
1571030 404
1571040 405
1571050 405
1571060 405
1571070 406
1571080 407
1571090 407
1571100 407
1571110 408
1571120 408
1571130 408
1571140 409
1571150 409
1571160 410
1571170 410
1571180 410
1571190 410
1571200 411
1571210 411
1571220 412
1571230 412
1571240 412
1571250 412
1571260 413
1571270 413
1571280 413
1571290 414
1571300 414
1571310 414
1571320 414
1571330 414
1571340 414
1571350 415
1571360 416
1571370 416
1571380 416
1571390 417
1571400 417
1571410 417
1571420 417
1571430 417
1571440 416
1571450 414
1571460 414
1571470 413
1571480 415
1571490 415
1571500 415
1571510 416
1571520 416
1571530 416
1571540 417
1571550 417
1571560 417
1571570 417
1571580 417
1571590 417
1571600 418
1571610 418
1571620 418
1571630 418
1571640 418
1571650 419
1571660 419
1571670 419
1571680 420
1571690 420
1571700 420
1571710 421
1571720 421
1571730 421
1571740 422
1571750 423
1571760 423
1571770 423
1571780 424
1571790 424
1571800 425
1571810 426
1571820 426
1571830 426
1571840 427
1571850 427
1571860 428
1571870 429
1571880 429
1571890 429
1571900 430
1571910 430
1571920 431
1571930 432
1571940 432
1571950 433
1571960 434
1571970 434
1571980 435
1571990 436
1572000 436
1572010 437
1572020 438
1572030 438
1572040 439
1572050 439
1572060 439
1572070 440
1572080 440
1572090 440
1572100 442
1572110 443
1572120 443
1572130 443
1572140 445
1572150 446
1572160 446
1572170 447
1572180 448
1572190 448
1572200 449
1572210 450
1572220 450
1572230 451
1572240 452
1572250 452
1572260 453
1572270 454
1572280 454
1572290 455
1572300 456
1572310 456
1572320 457
1572330 457
1572340 457
1572350 457
1572360 459
1572370 459
1572380 460
1572390 461
1572400 461
1572410 462
1572420 463
1572430 463
1572440 465
1572450 469
1572460 469
1572470 471
1572480 474
1572490 474
1572500 477
1572510 478
1572520 478
1572530 481
1572540 484
1572550 484
1572560 486
1572570 489
1572580 489
1572590 492
1572600 495
1572610 495
1572620 497
1572630 499
1572640 499
1572650 501
1572660 503
1572670 503
1572680 505
1572690 508
1572700 508
1572710 511
1572720 514
1572730 514
1572740 517
1572750 519
1572760 519
1572770 522
1572780 524
1572790 524
1572800 526
1572810 528
1572820 528
1572830 529
1572840 531
1572850 531
1572860 533
1572870 535
1572880 535
1572890 537
1572900 539
1572910 542
1572920 542
1572930 544
1572940 546
1572950 546
1572960 547
1572970 549
1572980 549
1572990 551
1573000 553
1573010 553
1573020 555
1573030 557
1573040 557
1573050 559
1573060 561
1573070 561
1573080 563
1573090 564
1573100 564
1573110 566
1573120 568
1573130 568
1573140 570
1573150 572
1573160 572
1573170 574
1573180 576
1573190 576
1573200 577
1573210 579
1573220 579
1573230 581
1573240 582
1573250 582
1573260 583
1573270 584
1573280 584
1573290 584
1573300 583
1573310 583
1573320 578
1573330 574
1573340 574
1573350 571
1573360 570
1573370 570
1573380 569
1573390 566
1573400 566
1573410 561
1573420 557
1573430 557
1573440 555
1573450 554
1573460 554
1573470 554
1573480 554
1573490 554
1573500 553
1573510 551
1573520 551
1573530 549
1573540 546
1573550 546
1573560 545
1573570 544
1573580 544
1573590 542
1573600 541
1573610 541
1573620 541
1573630 541
1573640 541
1573650 540
1573660 540
1573670 538
1573680 538
1573690 535
1573700 530
1573710 530
1573720 523
1573730 516
1573740 516
1573750 512
1573760 511
1573770 511
1573780 508
1573790 505
1573800 505
1573810 505
1573820 508
1573830 508
1573840 519
1573850 531
1573860 531
1573870 539
1573880 546
1573890 546
1573900 553
1573910 558
1573920 558
1573930 565
1573940 571
1573950 571
1573960 578
1573970 585
1573980 585
1573990 592
1574000 598
1574010 598
1574020 604
1574030 609
1574040 609
1574050 613
1574060 616
1574070 616
1574080 620
1574090 624
1574100 618
1574110 624
1574120 631
1574130 631
1574140 636
1574150 641
1574160 641
1574170 643
1574180 645
1574190 645
1574200 647
1574210 648
1574220 648
1574230 649
1574240 649
1574250 649
1574260 650
1574270 650
1574280 650
1574290 651
1574300 652
1574310 652
1574320 652
1574330 652
1574340 652
1574350 652
1574360 652
1574370 652
1574380 652
1574390 651
1574400 651
1574410 651
1574420 650
1574430 650
1574440 650
1574450 649
1574460 649
1574470 649
1574480 648
1574490 647
1574500 647
1574510 646
1574520 645
1574530 645
1574540 645
1574550 645
1574560 645
1574570 645
1574580 645
1574590 645
1574600 645
1574610 645
1574620 645
1574630 644
1574640 644
1574650 644
1574660 645
1574670 645
1574680 645
1574690 646
1574700 647
1574710 647
1574720 647
1574730 647
1574740 647
1574750 646
1574760 646
1574770 646
1574780 645
1574790 644
1574800 644
1574810 643
1574820 642
1574830 642
1574840 640
1574850 638
1574860 638
1574870 637
1574880 635
1574890 635
1574900 633
1574910 631
1574920 631
1574930 629
1574940 627
1574950 627
1574960 625
1574970 623
1574980 623
1574990 621
1575000 619
1575010 619
1575020 616
1575030 613
1575040 613
1575050 610
1575060 606
1575070 606
1575080 603
1575090 600
1575100 600
1575110 597
1575120 594
1575130 594
1575140 592
1575150 590
1575160 590
1575170 588
1575180 585
1575190 585
1575200 582
1575210 579
1575220 579
1575230 575
1575240 570
1575250 567
1575260 567
1575270 566
1575280 565
1575290 565
1575300 564
1575310 564
1575320 564
1575330 564
1575340 563
1575350 563
1575360 564
1575370 564
1575380 564
1575390 561
1575400 557
1575410 557
1575420 550
1575430 546
1575440 546
1575450 542
1575460 541
1575470 541
1575480 543
1575490 545
1575500 545
1575510 548
1575520 551
1575530 550
1575540 552
1575550 554
1575560 554
1575570 554
1575580 554
1575590 554
1575600 553
1575610 552
1575620 552
1575630 551
1575640 548
1575650 548
1575660 548
1575670 547
1575680 547
1575690 544
1575700 540
1575710 540
1575720 533
1575730 534
1575740 534
1575750 538
1575760 543
1575770 543
1575780 547
1575790 551
1575800 551
1575810 554
1575820 557
1575830 557
1575840 559
1575850 562
1575860 562
1575870 564
1575880 566
1575890 566
1575900 569
1575910 571
1575920 571
1575930 574
1575940 575
1575950 575
1575960 577
1575970 580
1575980 580
1575990 581
1576000 583
1576010 585
1576020 585
1576030 588
1576040 589
1576050 589
1576060 591
1576070 593
1576080 593
1576090 595
1576100 597
1576110 597
1576120 599
1576130 601
1576140 601
1576150 603
1576160 604
1576170 604
1576180 603
1576190 605
1576200 605
1576210 606
1576220 608
1576230 608
1576240 611
1576250 614
1576260 614
1576270 616
1576280 617
1576290 617
1576300 619
1576310 620
1576320 620
1576330 621
1576340 622
1576350 622
1576360 624
1576370 626
1576380 626
1576390 628
1576400 629
1576410 629
1576420 630
1576430 631
1576440 631
1576450 632
1576460 634
1576470 634
1576480 636
1576490 638
1576500 638
1576510 639
1576520 642
1576530 642
1576540 644
1576550 646
1576560 646
1576570 648
1576580 650
1576590 650
1576600 654
1576610 657
1576620 657
1576630 659
1576640 661
1576650 661
1576660 663
1576670 665
1576680 665
1576690 666
1576700 668
1576710 668
1576720 670
1576730 673
1576740 673
1576750 674
1576760 675
1576770 675
1576780 676
1576790 677
1576800 678
1576810 678
1576820 678
1576830 677
1576840 677
1576850 677
1576860 676
1576870 676
1576880 676
1576890 676
1576900 676
1576910 677
1576920 678
1576930 678
1576940 685
1576950 687
1576960 687
1576970 688
1576980 690
1576990 690
1577000 693
1577010 695
1577020 695
1577030 697
1577040 699
1577050 699
1577060 701
1577070 704
1577080 704
1577090 706
1577100 708
1577110 708
1577120 711
1577130 713
1577140 713
1577150 716
1577160 719
1577170 719
1577180 721
1577190 724
1577200 724
1577210 725
1577220 726
1577230 726
1577240 726
1577250 727
1577260 727
1577270 730
1577280 733
1577290 733
1577300 734
1577310 734
1577320 734
1577330 735
1577340 736
1577350 736
1577360 738
1577370 739
1577380 739
1577390 740
1577400 741
1577410 741
1577420 743
1577430 744
1577440 744
1577450 745
1577460 745
1577470 745
1577480 746
1577490 747
1577500 747
1577510 748
1577520 749
1577530 749
1577540 751
1577550 752
1577560 752
1577570 752
1577580 753
1577590 753
1577600 753
1577610 756
1577620 757
1577630 757
1577640 758
1577650 759
1577660 759
1577670 761
1577680 762
1577690 762
1577700 763
1577710 764
1577720 764
1577730 765
1577740 766
1577750 766
1577760 767
1577770 768
1577780 768
1577790 768
1577800 769
1577810 769
1577820 769
1577830 770
1577840 770
1577850 770
1577860 770
1577870 770
1577880 770
1577890 770
1577900 770
1577910 769
1577920 768
1577930 768
1577940 767
1577950 766
1577960 766
1577970 765
1577980 764
1577990 764
1578000 763
1578010 762
1578020 762
1578030 761
1578040 761
1578050 761
1578060 761
1578070 761
1578080 761
1578090 761
1578100 761
1578110 761
1578120 761
1578130 761
1578140 761
1578150 761
1578160 761
1578170 761
1578180 762
1578190 763
1578200 763
1578210 763
1578220 764
1578230 764
1578240 764
1578250 764
1578260 764
1578270 764
1578280 764
1578290 764
1578300 764
1578310 765
1578320 764
1578330 765
1578340 766
1578350 767
1578360 767
1578370 769
1578380 771
1578390 771
1578400 774
1578410 775
1578420 775
1578430 777
1578440 778
1578450 778
1578460 779
1578470 780
1578480 780
1578490 781
1578500 782
1578510 782
1578520 783
1578530 784
1578540 784
1578550 785
1578560 786
1578570 786
1578580 786
1578590 787
1578600 787
1578610 787
1578620 787
1578630 787
1578640 788
1578650 788
1578660 788
1578670 790
1578680 790
1578690 790
1578700 790
1578710 791
1578720 791
1578730 791
1578740 791
1578750 791
1578760 791
1578770 791
1578780 791
1578790 791
1578800 791
1578810 791
1578820 791
1578830 790
1578840 790
1578850 789
1578860 789
1578870 789
1578880 789
1578890 789
1578900 789
1578910 788
1578920 788
1578930 788
1578940 788
1578950 789
1578960 789
1578970 788
1578980 788
1578990 788
1579000 787
1579010 786
1579020 786
1579030 785
1579040 784
1579050 784
1579060 782
1579070 780
1579080 780
1579090 777
1579100 775
1579110 775
1579120 773
1579130 772
1579140 771
1579150 771
1579160 770
1579170 769
1579180 769
1579190 768
1579200 768
1579210 768
1579220 767
1579230 767
1579240 767
1579250 767
1579260 766
1579270 766
1579280 767
1579290 767
1579300 767
1579310 767
1579320 768
1579330 768
1579340 768
1579350 768
1579360 768
1579370 769
1579380 771
1579390 771
1579400 771
1579410 772
1579420 772
1579430 772
1579440 772
1579450 772
1579460 773
1579470 775
1579480 775
1579490 777
1579500 778
1579510 778
1579520 779
1579530 781
1579540 781
1579550 783
1579560 785
1579570 785
1579580 787
1579590 789
1579600 789
1579610 791
1579620 793
1579630 793
1579640 794
1579650 796
1579660 796
1579670 798
1579680 800
1579690 803
1579700 805
1579710 807
1579720 807
1579730 809
1579740 810
1579750 810
1579760 811
1579770 811
1579780 811
1579790 810
1579800 810
1579810 810
1579820 809
1579830 807
1579840 807
1579850 806
1579860 805
1579870 805
1579880 805
1579890 804
1579900 802
1579910 802
1579920 801
1579930 800
1579940 800
1579950 798
1579960 796
1579970 796
1579980 794
1579990 792
