1560000 497
1560010 497
1560020 497
1560030 498
1560040 498
1560050 498
1560060 498
1560070 498
1560080 498
1560090 498
1560100 498
1560110 497
1560120 496
1560130 496
1560140 496
1560150 495
1560160 495
1560170 495
1560180 495
1560190 495
1560200 495
1560210 495
1560220 495
1560230 495
1560240 495
1560250 495
1560260 495
1560270 495
1560280 495
1560290 496
1560300 496
1560310 496
1560320 496
1560330 496
1560340 496
1560350 496
1560360 496
1560370 496
1560380 497
1560390 497
1560400 497
1560410 497
1560420 497
1560430 497
1560440 497
1560450 497
1560460 497
1560470 497
1560480 497
1560490 497
1560500 497
1560510 497
1560520 498
1560530 498
1560540 498
1560550 498
1560560 498
1560570 498
1560580 499
1560590 499
1560600 499
1560610 499
1560620 499
1560630 500
1560640 500
1560650 500
1560660 500
1560670 501
1560680 501
1560690 501
1560700 502
1560710 502
1560720 502
1560730 502
1560740 502
1560750 503
1560760 504
1560770 504
1560780 504
1560790 504
1560800 504
1560810 505
1560820 505
1560830 505
1560840 506
1560850 506
1560860 506
1560870 506
1560880 507
1560890 507
1560900 507
1560910 508
1560920 508
1560930 508
1560940 508
1560950 508
1560960 509
1560970 509
1560980 509
1560990 509
1561000 510
1561010 510
1561020 510
1561030 510
1561040 510
1561050 511
1561060 512
1561070 512
1561080 512
1561090 513
1561100 513
1561110 513
1561120 514
1561130 514
1561140 514
1561150 515
1561160 515
1561170 515
1561180 515
1561190 515
1561200 516
1561210 516
1561220 516
1561230 517
1561240 517
1561250 517
1561260 517
1561270 517
1561280 517
1561290 518
1561300 518
1561310 518
1561320 519
1561330 519
1561340 519
1561350 519
1561360 519
1561370 519
1561380 519
1561390 520
1561400 520
1561410 520
1561420 520
1561430 520
1561440 520
1561450 520
1561460 521
1561470 521
1561480 521
1561490 521
1561500 521
1561510 521
1561520 521
1561530 521
1561540 522
1561550 522
1561560 522
1561570 522
1561580 522
1561590 522
1561600 522
1561610 522
1561620 522
1561630 522
1561640 522
1561650 522
1561660 522
1561670 522
1561680 522
1561690 522
1561700 522
1561710 522
1561720 522
1561730 522
1561740 522
1561750 522
1561760 523
1561770 523
1561780 523
1561790 523
1561800 523
1561810 524
1561820 524
1561830 524
1561840 525
1561850 525
1561860 525
1561870 526
1561880 526
1561890 526
1561900 526
1561910 526
1561920 526
1561930 527
1561940 527
1561950 527
1561960 527
1561970 528
1561980 528
1561990 528
1562000 529
1562010 529
1562020 529
1562030 529
1562040 529
1562050 530
1562060 530
1562070 530
1562080 530
1562090 530
1562100 530
1562110 531
1562120 532
1562130 532
1562140 533
1562150 534
1562160 534
1562170 534
1562180 535
1562190 535
1562200 535
1562210 536
1562220 536
1562230 536
1562240 537
1562250 537
1562260 537
1562270 537
1562280 537
1562290 537
1562300 538
1562310 538
1562320 538
1562330 538
1562340 538
1562350 538
1562360 538
1562370 538
1562380 538
1562390 538
1562400 538
1562410 538
1562420 538
1562430 537
1562440 537
1562450 537
1562460 537
1562470 537
1562480 537
1562490 537
1562500 537
1562510 537
1562520 536
1562530 536
1562540 536
1562550 536
1562560 536
1562570 536
1562580 536
1562590 536
1562600 536
1562610 536
1562620 536
1562630 536
1562640 536
1562650 536
1562660 536
1562670 536
1562680 536
1562690 536
1562700 536
1562710 536
1562720 536
1562730 536
1562740 536
1562750 536
1562760 536
1562770 536
1562780 536
1562790 536
1562800 536
1562810 536
1562820 536
1562830 536
1562840 535
1562850 535
1562860 535
1562870 535
1562880 535
1562890 534
1562900 534
1562910 534
1562920 534
1562930 534
1562940 534
1562950 534
1562960 534
1562970 534
1562980 534
1562990 534
1563000 534
1563010 534
1563020 534
1563030 534
1563040 535
1563050 535
1563060 535
1563070 534
1563080 534
1563090 534
1563100 535
1563110 535
1563120 535
1563130 535
1563140 535
1563150 536
1563160 536
1563170 536
1563180 536
1563190 537
1563200 537
1563210 537
1563220 538
1563230 538
1563240 539
1563250 539
1563260 539
1563270 540
1563280 541
1563290 541
1563300 541
1563310 542
1563320 542
1563330 543
1563340 543
1563350 543
1563360 544
1563370 544
1563380 544
1563390 545
1563400 545
1563410 545
1563420 546
1563430 546
1563440 546
1563450 547
1563460 547
1563470 547
1563480 548
1563490 548
1563500 548
1563510 549
1563520 549
1563530 549
1563540 550
1563550 550
1563560 550
1563570 551
1563580 551
1563590 551
1563600 552
1563610 552
1563620 552
1563630 553
1563640 553
1563650 553
1563660 554
1563670 554
1563680 554
1563690 555
1563700 556
1563710 556
1563720 556
1563730 557
1563740 557
1563750 557
1563760 558
1563770 558
1563780 558
1563790 559
1563800 559
1563810 559
1563820 560
1563830 560
1563840 560
1563850 561
1563860 561
1563870 561
1563880 561
1563890 561
1563900 561
1563910 562
1563920 562
1563930 562
1563940 563
1563950 564
1563960 564
1563970 565
1563980 565
1563990 565
1564000 566
1564010 566
1564020 566
1564030 567
1564040 567
1564050 567
1564060 568
1564070 568
1564080 568
1564090 569
1564100 569
1564110 569
1564120 569
1564130 570
1564140 570
1564150 570
1564160 571
1564170 571
1564180 571
1564190 572
1564200 572
1564210 572
1564220 572
1564230 572
1564240 573
1564250 573
1564260 573
1564270 573
1564280 574
1564290 574
1564300 574
1564310 574
1564320 574
1564330 574
1564340 575
1564350 575
1564360 575
1564370 575
1564380 575
1564390 575
1564400 575
1564410 575
1564420 575
1564430 576
1564440 576
1564450 575
1564460 575
1564470 575
1564480 575
1564490 576
1564500 576
1564510 576
1564520 576
1564530 576
1564540 575
1564550 575
1564560 575
1564570 575
1564580 575
1564590 575
1564600 574
1564610 573
1564620 573
1564630 573
1564640 572
1564650 572
1564660 572
1564670 571
1564680 571
1564690 571
1564700 571
1564710 570
1564720 570
1564730 570
1564740 570
1564750 570
1564760 569
1564770 569
1564780 569
1564790 569
1564800 568
1564810 568
1564820 568
1564830 568
1564840 568
1564850 567
1564860 567
1564870 567
1564880 567
1564890 566
1564900 566
1564910 566
1564920 566
1564930 566
1564940 565
1564950 565
1564960 565
1564970 565
1564980 565
1564990 565
1565000 564
1565010 564
1565020 564
1565030 564
1565040 564
1565050 564
1565060 564
1565070 564
1565080 564
1565090 564
1565100 564
1565110 564
1565120 564
1565130 564
1565140 564
1565150 564
1565160 564
1565170 564
1565180 564
1565190 564
1565200 564
1565210 564
1565220 564
1565230 564
1565240 564
1565250 564
1565260 564
1565270 564
1565280 564
1565290 564
1565300 564
1565310 563
1565320 563
1565330 563
1565340 563
1565350 563
1565360 563
1565370 563
1565380 563
1565390 563
1565400 562
1565410 562
1565420 562
1565430 562
1565440 561
1565450 561
1565460 561
1565470 560
1565480 560
1565490 559
1565500 558
1565510 558
1565520 557
1565530 556
1565540 556
1565550 554
1565560 553
1565570 553
1565580 551
1565590 550
1565600 550
1565610 549
1565620 548
1565630 548
1565640 548
1565650 547
1565660 547
1565670 547
1565680 546
1565690 546
1565700 546
1565710 545
1565720 545
1565730 545
1565740 545
1565750 545
1565760 545
1565770 545
1565780 545
1565790 546
1565800 546
1565810 546
1565820 547
1565830 548
1565840 548
1565850 549
1565860 549
1565870 549
1565880 550
1565890 550
1565900 550
1565910 551
1565920 552
1565930 552
1565940 552
1565950 553
1565960 553
1565970 553
1565980 553
1565990 553
1566000 554
1566010 554
1566020 554
1566030 554
1566040 554
1566050 554
1566060 554
1566070 555
1566080 555
1566090 555
1566100 555
1566110 555
1566120 554
1566130 554
1566140 554
1566150 554
1566160 554
1566170 554
1566180 554
1566190 554
1566200 554
1566210 554
1566220 553
1566230 553
1566240 553
1566250 553
1566260 553
1566270 553
1566280 552
1566290 552
1566300 552
1566310 552
1566320 551
1566330 551
1566340 551
1566350 550
1566360 550
1566370 550
1566380 549
1566390 549
1566400 549
1566410 548
1566420 548
1566430 547
1566440 547
1566450 547
1566460 546
1566470 546
1566480 546
1566490 545
1566500 544
1566510 544
1566520 543
1566530 543
1566540 543
1566550 542
1566560 542
1566570 542
1566580 541
1566590 540
1566600 540
1566610 539
1566620 538
1566630 538
1566640 537
1566650 536
1566660 536
1566670 535
1566680 534
1566690 534
1566700 533
1566710 532
1566720 532
1566730 531
1566740 531
1566750 531
1566760 530
1566770 529
1566780 529
1566790 528
1566800 527
1566810 527
1566820 526
1566830 525
1566840 525
1566850 524
1566860 523
1566870 523
1566880 522
1566890 521
1566900 521
1566910 521
1566920 520
1566930 520
1566940 519
1566950 518
1566960 518
1566970 517
1566980 516
1566990 516
1567000 515
1567010 514
1567020 514
1567030 512
1567040 511
1567050 510
1567060 510
1567070 508
1567080 505
1567090 505
1567100 504
1567110 503
1567120 503
1567130 502
1567140 501
1567150 501
1567160 500
1567170 499
1567180 499
1567190 498
1567200 497
1567210 497
1567220 496
1567230 495
1567240 495
1567250 495
1567260 493
1567270 493
1567280 492
1567290 491
1567300 491
1567310 489
1567320 488
1567330 488
1567340 486
1567350 482
1567360 482
1567370 479
1567380 476
1567390 476
1567400 473
1567410 470
1567420 470
1567430 467
1567440 464
1567450 464
1567460 462
1567470 460
1567480 460
1567490 458
1567500 457
1567510 457
1567520 456
1567530 455
1567540 455
1567550 453
1567560 452
1567570 452
1567580 451
1567590 450
1567600 450
1567610 449
1567620 448
1567630 448
1567640 447
1567650 446
1567660 446
1567670 445
1567680 443
1567690 443
1567700 441
1567710 440
1567720 440
1567730 439
1567740 438
1567750 438
1567760 437
1567770 436
1567780 436
1567790 435
1567800 434
1567810 434
1567820 433
1567830 431
1567840 431
1567850 430
1567860 429
1567870 428
1567880 428
1567890 426
1567900 425
1567910 425
1567920 425
1567930 425
1567940 425
1567950 425
1567960 424
1567970 424
1567980 423
1567990 422
1568000 422
1568010 423
1568020 423
1568030 423
1568040 422
1568050 422
1568060 422
1568070 421
1568080 421
1568090 421
1568100 421
1568110 420
1568120 420
1568130 420
1568140 419
1568150 419
1568160 417
1568170 417
1568180 417
1568190 416
1568200 416
1568210 416
1568220 415
1568230 418
1568240 418
1568250 419
1568260 419
1568270 419
1568280 419
1568290 419
1568300 419
1568310 419
1568320 419
1568330 419
1568340 419
1568350 419
1568360 419
1568370 418
1568380 418
1568390 418
1568400 417
1568410 417
1568420 417
1568430 416
1568440 416
1568450 416
1568460 416
1568470 415
1568480 415
1568490 415
1568500 415
1568510 415
1568520 415
1568530 414
1568540 414
1568550 414
1568560 413
1568570 413
1568580 413
1568590 413
1568600 413
1568610 412
1568620 412
1568630 412
1568640 411
1568650 411
1568660 411
1568670 411
1568680 410
1568690 410
1568700 410
1568710 410
1568720 410
1568730 410
1568740 409
1568750 409
1568760 409
1568770 408
1568780 408
1568790 408
1568800 408
1568810 408
1568820 408
1568830 407
1568840 406
1568850 406
1568860 406
1568870 406
1568880 406
1568890 406
1568900 406
1568910 406
1568920 406
1568930 406
1568940 406
1568950 406
1568960 405
1568970 405
1568980 405
1568990 405
1569000 405
1569010 404
1569020 404
1569030 404
1569040 404
1569050 403
1569060 403
1569070 403
1569080 402
1569090 402
1569100 402
1569110 401
1569120 401
1569130 401
1569140 400
1569150 400
1569160 399
1569170 398
1569180 398
1569190 398
1569200 397
1569210 397
1569220 396
1569230 396
1569240 396
1569250 396
1569260 397
1569270 397
1569280 397
1569290 398
1569300 398
1569310 398
1569320 398
1569330 398
1569340 398
1569350 398
1569360 398
1569370 399
1569380 399
1569390 399
1569400 399
1569410 399
1569420 399
1569430 399
1569440 399
1569450 399
1569460 400
1569470 400
1569480 400
1569490 400
1569500 400
1569510 400
1569520 400
1569530 400
1569540 400
1569550 400
1569560 400
1569570 400
1569580 400
1569590 400
1569600 400
1569610 400
1569620 399
1569630 399
1569640 399
1569650 398
1569660 398
1569670 398
1569680 398
1569690 397
1569700 397
1569710 397
1569720 397
1569730 397
1569740 396
1569750 396
1569760 396
1569770 396
1569780 396
1569790 396
1569800 397
1569810 396
1569820 396
1569830 396
1569840 397
1569850 397
1569860 397
1569870 397
1569880 397
1569890 397
1569900 397
1569910 397
1569920 397
1569930 397
1569940 397
1569950 396
1569960 396
1569970 396
1569980 396
1569990 395
1570000 395
1570010 395
1570020 395
1570030 395
1570040 394
1570050 394
1570060 394
1570070 393
1570080 393
1570090 393
1570100 392
1570110 391
1570120 391
1570130 391
1570140 391
1570150 391
1570160 391
1570170 391
1570180 391
1570190 391
1570200 391
1570210 391
1570220 392
1570230 392
1570240 392
1570250 392
1570260 392
1570270 392
1570280 392
1570290 392
1570300 392
1570310 392
1570320 392
1570330 392
1570340 392
1570350 392
1570360 392
1570370 392
1570380 392
1570390 392
1570400 392
1570410 392
1570420 392
1570430 392
1570440 392
1570450 392
1570460 392
1570470 392
1570480 392
1570490 392
1570500 393
1570510 393
1570520 393
1570530 393
1570540 393
1570550 393
1570560 393
1570570 393
1570580 393
1570590 393
1570600 393
1570610 393
1570620 393
1570630 393
1570640 393
1570650 393
1570660 394
1570670 394
1570680 394
1570690 394
1570700 394
1570710 394
1570720 394
1570730 394
1570740 395
1570750 395
1570760 395
1570770 395
1570780 395
1570790 395
1570800 395
1570810 395
1570820 395
1570830 395
1570840 395
1570850 395
1570860 396
1570870 396
1570880 396
1570890 396
1570900 396
1570910 396
1570920 397
1570930 397
1570940 397
1570950 397
1570960 397
1570970 397
1570980 398
1570990 398
1571000 398
1571010 398
1571020 399
1571030 399
1571040 399
1571050 399
1571060 399
1571070 399
1571080 399
1571090 399
1571100 400
1571110 400
1571120 400
1571130 400
1571140 400
1571150 401
1571160 401
1571170 401
1571180 401
1571190 401
1571200 401
1571210 401
1571220 401
1571230 401
1571240 401
1571250 401
1571260 401
1571270 401
1571280 401
1571290 402
1571300 402
1571310 402
1571320 402
1571330 402
1571340 402
1571350 402
1571360 403
1571370 403
1571380 403
1571390 403
1571400 403
1571410 403
1571420 404
1571430 404
1571440 404
1571450 404
1571460 404
1571470 404
1571480 404
1571490 404
1571500 404
1571510 405
1571520 405
1571530 405
1571540 405
1571550 405
1571560 405
1571570 405
1571580 405
1571590 405
1571600 406
1571610 406
1571620 405
1571630 406
1571640 406
1571650 406
1571660 406
1571670 406
1571680 406
1571690 406
1571700 406
1571710 407
1571720 407
1571730 407
1571740 407
1571750 407
1571760 407
1571770 407
1571780 407
1571790 407
1571800 407
1571810 407
1571820 407
1571830 407
1571840 407
1571850 407
1571860 408
1571870 408
1571880 408
1571890 408
1571900 408
1571910 408
1571920 408
1571930 408
1571940 408
1571950 408
1571960 408
1571970 408
1571980 408
1571990 408
1572000 408
1572010 408
1572020 409
1572030 409
1572040 409
1572050 409
1572060 409
1572070 409
1572080 409
1572090 409
1572100 409
1572110 409
1572120 409
1572130 409
1572140 409
1572150 409
1572160 409
1572170 409
1572180 409
1572190 409
1572200 407
1572210 409
1572220 409
1572230 410
1572240 410
1572250 410
1572260 410
1572270 410
1572280 410
1572290 410
1572300 410
1572310 410
1572320 410
1572330 411
1572340 411
1572350 411
1572360 411
1572370 411
1572380 411
1572390 411
1572400 411
1572410 411
1572420 411
1572430 411
1572440 412
1572450 412
1572460 412
1572470 413
1572480 414
1572490 414
1572500 415
1572510 416
1572520 416
1572530 417
1572540 418
1572550 418
1572560 419
1572570 420
1572580 420
1572590 420
1572600 421
1572610 421
1572620 422
1572630 423
1572640 423
1572650 424
1572660 425
1572670 425
1572680 426
1572690 426
1572700 426
1572710 427
1572720 427
1572730 427
1572740 428
1572750 428
1572760 428
1572770 429
1572780 430
1572790 430
1572800 430
1572810 431
1572820 432
1572830 432
1572840 432
1572850 433
1572860 433
1572870 433
1572880 434
1572890 434
1572900 435
1572910 436
1572920 436
1572930 436
1572940 437
1572950 437
1572960 438
1572970 439
1572980 439
1572990 439
1573000 440
1573010 440
1573020 440
1573030 441
1573040 441
1573050 442
1573060 442
1573070 442
1573080 443
1573090 444
1573100 444
1573110 445
1573120 446
1573130 446
1573140 447
1573150 448
1573160 448
1573170 450
1573180 451
1573190 451
1573200 452
1573210 453
1573220 453
1573230 455
1573240 456
1573250 456
1573260 457
1573270 458
1573280 458
1573290 459
1573300 460
1573310 460
1573320 461
1573330 462
1573340 462
1573350 464
1573360 465
1573370 465
1573380 466
1573390 467
1573400 467
1573410 469
1573420 470
1573430 470
1573440 472
1573450 473
1573460 473
1573470 475
1573480 477
1573490 477
1573500 478
1573510 480
1573520 480
1573530 482
1573540 483
1573550 483
1573560 485
1573570 487
1573580 487
1573590 488
1573600 490
1573610 491
1573620 491
1573630 493
1573640 494
1573650 494
1573660 496
1573670 497
1573680 497
1573690 498
1573700 499
1573710 499
1573720 501
1573730 502
1573740 502
1573750 504
1573760 505
1573770 505
1573780 507
1573790 508
1573800 508
1573810 510
1573820 511
1573830 511
1573840 513
1573850 513
1573860 513
1573870 514
1573880 516
1573890 516
1573900 516
1573910 518
1573920 518
1573930 520
1573940 524
1573950 524
1573960 528
1573970 530
1573980 530
1573990 532
1574000 534
1574010 534
1574020 538
1574030 540
1574040 540
1574050 542
1574060 544
1574070 544
1574080 547
1574090 549
1574100 549
1574110 551
1574120 554
1574130 554
1574140 556
1574150 558
1574160 558
1574170 560
1574180 562
1574190 562
1574200 564
1574210 565
1574220 565
1574230 565
1574240 567
1574250 567
1574260 570
1574270 573
1574280 573
1574290 575
1574300 577
1574310 577
1574320 579
1574330 581
1574340 581
1574350 583
1574360 585
1574370 585
1574380 587
1574390 589
1574400 589
1574410 590
1574420 592
1574430 594
1574440 594
1574450 595
1574460 597
1574470 597
1574480 598
1574490 600
1574500 600
1574510 601
1574520 603
1574530 603
1574540 604
1574550 605
1574560 605
1574570 606
1574580 607
1574590 607
1574600 607
1574610 608
1574620 608
1574630 609
1574640 609
1574650 609
1574660 610
1574670 610
1574680 610
1574690 611
1574700 611
1574710 611
1574720 612
1574730 612
1574740 612
1574750 613
1574760 613
1574770 613
1574780 613
1574790 613
1574800 613
1574810 613
1574820 613
1574830 613
1574840 613
1574850 613
1574860 613
1574870 613
1574880 613
1574890 613
1574900 613
1574910 612
1574920 612
1574930 612
1574940 612
1574950 612
1574960 611
1574970 611
1574980 611
1574990 610
1575000 609
1575010 609
1575020 609
1575030 608
1575040 608
1575050 607
1575060 606
1575070 606
1575080 605
1575090 604
1575100 604
1575110 602
1575120 601
1575130 600
1575140 599
1575150 597
1575160 597
1575170 595
1575180 592
1575190 592
1575200 587
1575210 584
1575220 584
1575230 581
1575240 578
1575250 576
1575260 576
1575270 574
1575280 573
1575290 573
1575300 572
1575310 571
1575320 571
1575330 569
1575340 566
1575350 566
1575360 564
1575370 563
1575380 563
1575390 562
1575400 561
1575410 561
1575420 560
1575430 560
1575440 560
1575450 558
1575460 557
1575470 557
1575480 556
1575490 554
1575500 554
1575510 552
1575520 550
1575530 550
1575540 548
1575550 545
1575560 545
1575570 542
1575580 538
1575590 538
1575600 535
1575610 533
1575620 533
1575630 530
1575640 529
1575650 529
1575660 528
1575670 527
1575680 527
1575690 526
1575700 525
1575710 525
1575720 524
1575730 523
1575740 523
1575750 522
1575760 521
1575770 521
1575780 521
1575790 520
1575800 520
1575810 519
1575820 518
1575830 518
1575840 517
1575850 516
1575860 516
1575870 515
1575880 514
1575890 514
1575900 513
1575910 512
1575920 512
1575930 512
1575940 512
1575950 512
1575960 512
1575970 512
1575980 512
1575990 512
1576000 511
1576010 511
1576020 509
1576030 508
1576040 508
1576050 506
1576060 506
1576070 506
1576080 506
1576090 505
1576100 506
1576110 506
1576120 506
1576130 506
1576140 506
1576150 507
1576160 508
1576170 508
1576180 508
1576190 509
1576200 509
1576210 510
1576220 512
1576230 512
1576240 513
1576250 513
1576260 513
1576270 515
1576280 517
1576290 517
1576300 518
1576310 519
1576320 519
1576330 520
1576340 521
1576350 521
1576360 522
1576370 523
1576380 523
1576390 524
1576400 525
1576410 525
1576420 526
1576430 527
1576440 527
1576450 528
1576460 528
1576470 528
1576480 527
1576490 526
1576500 526
1576510 526
1576520 526
1576530 526
1576540 527
1576550 527
1576560 527
1576570 528
1576580 527
1576590 527
1576600 532
1576610 537
1576620 537
1576630 539
1576640 539
1576650 539
1576660 540
1576670 541
1576680 541
1576690 542
1576700 542
1576710 542
1576720 544
1576730 546
1576740 546
1576750 546
1576760 547
1576770 547
1576780 548
1576790 550
1576800 550
1576810 550
1576820 553
1576830 553
1576840 555
1576850 556
1576860 556
1576870 556
1576880 558
1576890 559
1576900 559
1576910 562
1576920 566
1576930 566
1576940 569
1576950 572
1576960 572
1576970 575
1576980 576
1576990 576
1577000 578
1577010 580
1577020 580
1577030 581
1577040 583
1577050 583
1577060 584
1577070 586
1577080 586
1577090 587
1577100 588
1577110 588
1577120 587
1577130 587
1577140 587
1577150 590
1577160 591
1577170 591
1577180 592
1577190 591
1577200 591
1577210 590
1577220 593
1577230 593
1577240 597
1577250 600
1577260 600
1577270 602
1577280 603
1577290 603
1577300 604
1577310 606
1577320 606
1577330 604
1577340 607
1577350 607
1577360 609
1577370 611
1577380 611
1577390 614
1577400 615
1577410 615
1577420 614
1577430 616
1577440 616
1577450 619
1577460 622
1577470 622
1577480 623
1577490 627
1577500 627
1577510 629
1577520 632
1577530 632
1577540 634
1577550 636
1577560 636
1577570 638
1577580 639
1577590 639
1577600 641
1577610 643
1577620 643
1577630 645
1577640 647
1577650 647
1577660 649
1577670 651
1577680 651
1577690 653
1577700 654
1577710 656
1577720 656
1577730 657
1577740 659
1577750 659
1577760 661
1577770 663
1577780 663
1577790 665
1577800 666
1577810 666
1577820 668
1577830 670
1577840 670
1577850 671
1577860 671
1577870 671
1577880 671
1577890 670
1577900 670
1577910 671
1577920 671
1577930 668
1577940 668
1577950 668
1577960 668
1577970 668
1577980 669
1577990 669
1578000 670
1578010 671
1578020 671
1578030 673
1578040 675
1578050 675
1578060 675
1578070 676
1578080 676
1578090 676
1578100 676
1578110 676
1578120 677
1578130 679
1578140 679
1578150 680
1578160 683
1578170 683
1578180 685
1578190 687
1578200 687
1578210 688
1578220 690
1578230 690
1578240 692
1578250 693
1578260 693
1578270 694
1578280 697
1578290 697
1578300 700
1578310 703
1578320 703
1578330 705
1578340 707
1578350 707
1578360 709
1578370 712
1578380 712
1578390 716
1578400 721
1578410 721
1578420 726
1578430 730
1578440 730
1578450 734
1578460 736
1578470 736
1578480 739
1578490 741
1578500 741
1578510 742
1578520 743
1578530 743
1578540 743
1578550 744
1578560 744
1578570 744
1578580 744
1578590 744
1578600 744
1578610 744
1578620 745
1578630 745
1578640 745
1578650 745
1578660 745
1578670 744
1578680 743
1578690 743
1578700 742
1578710 742
1578720 742
1578730 742
1578740 741
1578750 741
1578760 741
1578770 741
1578780 741
1578790 741
1578800 741
1578810 741
1578820 741
1578830 742
1578840 742
1578850 742
1578860 741
1578870 741
1578880 741
1578890 741
1578900 741
1578910 741
1578920 741
1578930 741
1578940 740
1578950 740
1578960 740
1578970 740
1578980 739
1578990 739
1579000 739
1579010 738
1579020 738
1579030 738
1579040 737
1579050 737
1579060 737
1579070 736
1579080 736
1579090 736
1579100 734
1579110 734
1579120 733
1579130 732
1579140 732
1579150 732
1579160 732
1579170 732
1579180 732
1579190 732
1579200 732
1579210 732
1579220 732
1579230 732
1579240 732
1579250 731
1579260 731
1579270 733
1579280 734
1579290 734
1579300 738
1579310 738
1579320 738
1579330 738
1579340 739
1579350 739
1579360 739
1579370 738
1579380 738
1579390 738
1579400 738
1579410 737
1579420 737
1579430 736
1579440 736
1579450 736
1579460 735
1579470 735
1579480 735
1579490 736
1579500 737
1579510 737
1579520 738
1579530 738
1579540 738
1579550 739
1579560 739
1579570 739
1579580 739
1579590 739
1579600 739
1579610 740
1579620 740
1579630 740
1579640 740
1579650 740
1579660 740
1579670 740
1579680 740
1579690 740
1579700 740
1579710 740
1579720 740
1579730 740
1579740 739
1579750 739
1579760 738
1579770 737
1579780 737
1579790 736
1579800 734
1579810 734
1579820 733
1579830 731
1579840 731
1579850 730
1579860 728
1579870 728
1579880 727
1579890 726
1579900 726
1579910 724
1579920 722
1579930 722
1579940 721
1579950 719
1579960 719
1579970 718
1579980 716
1579990 716
