1560000 487
1560010 487
1560020 487
1560030 486
1560040 486
1560050 486
1560060 486
1560070 486
1560080 486
1560090 486
1560100 486
1560110 486
1560120 486
1560130 485
1560140 485
1560150 485
1560160 485
1560170 485
1560180 485
1560190 485
1560200 485
1560210 486
1560220 486
1560230 486
1560240 487
1560250 487
1560260 487
1560270 487
1560280 487
1560290 487
1560300 487
1560310 487
1560320 487
1560330 486
1560340 486
1560350 486
1560360 486
1560370 485
1560380 485
1560390 484
1560400 484
1560410 484
1560420 484
1560430 484
1560440 484
1560450 484
1560460 485
1560470 485
1560480 485
1560490 485
1560500 485
1560510 485
1560520 485
1560530 485
1560540 485
1560550 485
1560560 485
1560570 485
1560580 485
1560590 485
1560600 486
1560610 487
1560620 487
1560630 488
1560640 489
1560650 489
1560660 490
1560670 491
1560680 491
1560690 492
1560700 492
1560710 492
1560720 493
1560730 494
1560740 494
1560750 495
1560760 495
1560770 495
1560780 496
1560790 497
1560800 497
1560810 498
1560820 498
1560830 498
1560840 498
1560850 498
1560860 498
1560870 498
1560880 499
1560890 499
1560900 499
1560910 500
1560920 500
1560930 500
1560940 500
1560950 500
1560960 500
1560970 500
1560980 500
1560990 500
1561000 500
1561010 500
1561020 500
1561030 500
1561040 500
1561050 500
1561060 500
1561070 500
1561080 500
1561090 499
1561100 499
1561110 499
1561120 498
1561130 498
1561140 498
1561150 498
1561160 497
1561170 497
1561180 497
1561190 496
1561200 496
1561210 496
1561220 496
1561230 496
1561240 494
1561250 494
1561260 494
1561270 495
1561280 495
1561290 495
1561300 496
1561310 497
1561320 496
1561330 497
1561340 498
1561350 498
1561360 499
1561370 499
1561380 499
1561390 500
1561400 501
1561410 501
1561420 501
1561430 502
1561440 502
1561450 502
1561460 503
1561470 503
1561480 504
1561490 504
1561500 504
1561510 505
1561520 505
1561530 505
1561540 506
1561550 506
1561560 506
1561570 507
1561580 507
1561590 507
1561600 508
1561610 508
1561620 508
1561630 508
1561640 509
1561650 509
1561660 509
1561670 510
1561680 510
1561690 510
1561700 510
1561710 510
1561720 511
1561730 511
1561740 511
1561750 511
1561760 511
1561770 512
1561780 512
1561790 512
1561800 512
1561810 512
1561820 513
1561830 513
1561840 513
1561850 513
1561860 513
1561870 513
1561880 514
1561890 514
1561900 514
1561910 514
1561920 514
1561930 514
1561940 514
1561950 514
1561960 514
1561970 514
1561980 515
1561990 515
1562000 515
1562010 515
1562020 515
1562030 515
1562040 515
1562050 515
1562060 515
1562070 516
1562080 516
1562090 516
1562100 516
1562110 516
1562120 516
1562130 516
1562140 516
1562150 516
1562160 516
1562170 516
1562180 516
1562190 516
1562200 516
1562210 517
1562220 517
1562230 517
1562240 518
1562250 518
1562260 518
1562270 519
1562280 519
1562290 519
1562300 519
1562310 520
1562320 520
1562330 520
1562340 520
1562350 520
1562360 521
1562370 521
1562380 521
1562390 521
1562400 521
1562410 521
1562420 522
1562430 522
1562440 522
1562450 522
1562460 523
1562470 523
1562480 523
1562490 523
1562500 523
1562510 524
1562520 524
1562530 524
1562540 525
1562550 525
1562560 525
1562570 526
1562580 526
1562590 527
1562600 527
1562610 528
1562620 528
1562630 528
1562640 529
1562650 529
1562660 529
1562670 530
1562680 531
1562690 531
1562700 531
1562710 532
1562720 532
1562730 533
1562740 534
1562750 534
1562760 535
1562770 536
1562780 536
1562790 536
1562800 537
1562810 537
1562820 538
1562830 539
1562840 539
1562850 540
1562860 541
1562870 541
1562880 542
1562890 542
1562900 542
1562910 543
1562920 544
1562930 544
1562940 545
1562950 546
1562960 546
1562970 548
1562980 549
1562990 549
1563000 550
1563010 552
1563020 552
1563030 552
1563040 553
1563050 553
1563060 554
1563070 554
1563080 554
1563090 555
1563100 555
1563110 555
1563120 555
1563130 556
1563140 556
1563150 556
1563160 556
1563170 556
1563180 556
1563190 556
1563200 556
1563210 555
1563220 555
1563230 555
1563240 555
1563250 554
1563260 554
1563270 554
1563280 553
1563290 553
1563300 553
1563310 552
1563320 552
1563330 551
1563340 550
1563350 550
1563360 550
1563370 549
1563380 549
1563390 548
1563400 548
1563410 548
1563420 548
1563430 547
1563440 547
1563450 547
1563460 547
1563470 547
1563480 547
1563490 547
1563500 547
1563510 547
1563520 548
1563530 548
1563540 548
1563550 548
1563560 548
1563570 548
1563580 548
1563590 548
1563600 548
1563610 548
1563620 548
1563630 548
1563640 548
1563650 548
1563660 548
1563670 547
1563680 547
1563690 547
1563700 547
1563710 547
1563720 547
1563730 546
1563740 546
1563750 546
1563760 546
1563770 546
1563780 546
1563790 545
1563800 545
1563810 545
1563820 545
1563830 544
1563840 544
1563850 544
1563860 543
1563870 543
1563880 543
1563890 542
1563900 542
1563910 542
1563920 542
1563930 542
1563940 541
1563950 541
1563960 541
1563970 541
1563980 541
1563990 541
1564000 540
1564010 540
1564020 540
1564030 540
1564040 540
1564050 540
1564060 539
1564070 539
1564080 539
1564090 539
1564100 538
1564110 538
1564120 538
1564130 537
1564140 537
1564150 537
1564160 536
1564170 536
1564180 535
1564190 534
1564200 534
1564210 533
1564220 532
1564230 532
1564240 532
1564250 531
1564260 531
1564270 531
1564280 530
1564290 530
1564300 530
1564310 529
1564320 529
1564330 529
1564340 529
1564350 528
1564360 528
1564370 528
1564380 528
1564390 528
1564400 528
1564410 527
1564420 527
1564430 526
1564440 526
1564450 526
1564460 527
1564470 528
1564480 528
1564490 529
1564500 530
1564510 530
1564520 530
1564530 531
1564540 531
1564550 531
1564560 532
1564570 532
1564580 532
1564590 533
1564600 533
1564610 533
1564620 533
1564630 533
1564640 534
1564650 535
1564660 535
1564670 536
1564680 536
1564690 536
1564700 537
1564710 537
1564720 537
1564730 538
1564740 539
1564750 539
1564760 539
1564770 540
1564780 540
1564790 540
1564800 541
1564810 541
1564820 541
1564830 542
1564840 542
1564850 543
1564860 543
1564870 543
1564880 544
1564890 544
1564900 544
1564910 545
1564920 545
1564930 545
1564940 546
1564950 546
1564960 546
1564970 546
1564980 547
1564990 547
1565000 547
1565010 547
1565020 547
1565030 546
1565040 546
1565050 546
1565060 546
1565070 546
1565080 546
1565090 546
1565100 546
1565110 547
1565120 547
1565130 547
1565140 547
1565150 547
1565160 547
1565170 546
1565180 546
1565190 546
1565200 546
1565210 546
1565220 545
1565230 545
1565240 545
1565250 544
1565260 544
1565270 544
1565280 543
1565290 542
1565300 542
1565310 541
1565320 540
1565330 540
1565340 540
1565350 538
1565360 538
1565370 536
1565380 535
1565390 535
1565400 534
1565410 533
1565420 533
1565430 533
1565440 533
1565450 533
1565460 532
1565470 532
1565480 532
1565490 532
1565500 531
1565510 531
1565520 531
1565530 530
1565540 530
1565550 530
1565560 530
1565570 530
1565580 530
1565590 530
1565600 530
1565610 530
1565620 530
1565630 530
1565640 530
1565650 530
1565660 530
1565670 531
1565680 531
1565690 531
1565700 531
1565710 530
1565720 530
1565730 530
1565740 530
1565750 530
1565760 529
1565770 529
1565780 529
1565790 529
1565800 529
1565810 529
1565820 529
1565830 529
1565840 529
1565850 529
1565860 529
1565870 529
1565880 528
1565890 528
1565900 528
1565910 527
1565920 527
1565930 526
1565940 526
1565950 524
1565960 523
1565970 523
1565980 521
1565990 520
1566000 520
1566010 519
1566020 518
1566030 518
1566040 517
1566050 517
1566060 517
1566070 516
1566080 516
1566090 516
1566100 516
1566110 516
1566120 516
1566130 516
1566140 517
1566150 517
1566160 518
1566170 520
1566180 520
1566190 521
1566200 522
1566210 522
1566220 524
1566230 525
1566240 525
1566250 526
1566260 526
1566270 526
1566280 527
1566290 528
1566300 528
1566310 528
1566320 529
1566330 529
1566340 529
1566350 530
1566360 530
1566370 530
1566380 530
1566390 530
1566400 530
1566410 530
1566420 530
1566430 530
1566440 530
1566450 530
1566460 530
1566470 530
1566480 530
1566490 530
1566500 530
1566510 530
1566520 529
1566530 529
1566540 529
1566550 529
1566560 529
1566570 529
1566580 529
1566590 528
1566600 528
1566610 528
1566620 528
1566630 528
1566640 529
1566650 529
1566660 529
1566670 530
1566680 531
1566690 531
1566700 531
1566710 531
1566720 531
1566730 531
1566740 532
1566750 532
1566760 532
1566770 532
1566780 532
1566790 532
1566800 533
1566810 533
1566820 533
1566830 533
1566840 534
1566850 534
1566860 534
1566870 534
1566880 534
1566890 535
1566900 535
1566910 535
1566920 535
1566930 535
1566940 535
1566950 535
1566960 535
1566970 535
1566980 535
1566990 535
1567000 535
1567010 535
1567020 535
1567030 535
1567040 535
1567050 534
1567060 534
1567070 534
1567080 534
1567090 534
1567100 534
1567110 533
1567120 533
1567130 532
1567140 532
1567150 532
1567160 531
1567170 531
1567180 531
1567190 530
1567200 529
1567210 529
1567220 528
1567230 528
1567240 528
1567250 527
1567260 526
1567270 526
1567280 525
1567290 524
1567300 524
1567310 523
1567320 520
1567330 520
1567340 518
1567350 517
1567360 517
1567370 514
1567380 513
1567390 513
1567400 513
1567410 513
1567420 513
1567430 512
1567440 511
1567450 511
1567460 510
1567470 510
1567480 510
1567490 508
1567500 504
1567510 504
1567520 500
1567530 498
1567540 498
1567550 497
1567560 497
1567570 497
1567580 495
1567590 494
1567600 493
1567610 493
1567620 492
1567630 491
1567640 491
1567650 490
1567660 488
1567670 488
1567680 487
1567690 484
1567700 484
1567710 482
1567720 481
1567730 481
1567740 479
1567750 477
1567760 477
1567770 475
1567780 473
1567790 473
1567800 471
1567810 469
1567820 469
1567830 468
1567840 465
1567850 465
1567860 463
1567870 461
1567880 461
1567890 460
1567900 460
1567910 460
1567920 459
1567930 458
1567940 458
1567950 456
1567960 454
1567970 454
1567980 452
1567990 451
1568000 451
1568010 450
1568020 449
1568030 449
1568040 448
1568050 447
1568060 447
1568070 447
1568080 446
1568090 446
1568100 444
1568110 440
1568120 440
1568130 440
1568140 442
1568150 442
1568160 443
1568170 443
1568180 443
1568190 442
1568200 442
1568210 442
1568220 442
1568230 442
1568240 442
1568250 442
1568260 441
1568270 441
1568280 441
1568290 440
1568300 440
1568310 440
1568320 440
1568330 440
1568340 439
1568350 439
1568360 439
1568370 439
1568380 438
1568390 438
1568400 438
1568410 437
1568420 437
1568430 437
1568440 436
1568450 436
1568460 436
1568470 435
1568480 434
1568490 434
1568500 434
1568510 433
1568520 433
1568530 432
1568540 432
1568550 432
1568560 431
1568570 430
1568580 430
1568590 429
1568600 428
1568610 428
1568620 428
1568630 427
1568640 427
1568650 426
1568660 425
1568670 425
1568680 425
1568690 424
1568700 424
1568710 424
1568720 423
1568730 423
1568740 423
1568750 422
1568760 422
1568770 422
1568780 421
1568790 421
1568800 421
1568810 420
1568820 420
1568830 420
1568840 420
1568850 420
1568860 419
1568870 419
1568880 419
1568890 418
1568900 418
1568910 418
1568920 418
1568930 417
1568940 417
1568950 417
1568960 416
1568970 416
1568980 416
1568990 416
1569000 416
1569010 415
1569020 415
1569030 415
1569040 415
1569050 415
1569060 415
1569070 414
1569080 414
1569090 414
1569100 413
1569110 413
1569120 413
1569130 412
1569140 412
1569150 412
1569160 412
1569170 411
1569180 411
1569190 411
1569200 410
1569210 410
1569220 410
1569230 410
1569240 410
1569250 409
1569260 409
1569270 408
1569280 408
1569290 408
1569300 408
1569310 408
1569320 407
1569330 407
1569340 407
1569350 407
1569360 406
1569370 406
1569380 406
1569390 405
1569400 405
1569410 404
1569420 405
1569430 405
1569440 406
1569450 405
1569460 405
1569470 404
1569480 402
1569490 402
1569500 402
1569510 402
1569520 402
1569530 401
1569540 401
1569550 401
1569560 401
1569570 401
1569580 401
1569590 401
1569600 401
1569610 401
1569620 401
1569630 401
1569640 401
1569650 400
1569660 400
1569670 400
1569680 400
1569690 399
1569700 399
1569710 399
1569720 398
1569730 398
1569740 398
1569750 397
1569760 397
1569770 396
1569780 395
1569790 395
1569800 394
1569810 394
1569820 394
1569830 395
1569840 396
1569850 396
1569860 396
1569870 397
1569880 397
1569890 397
1569900 398
1569910 398
1569920 398
1569930 398
1569940 398
1569950 399
1569960 399
1569970 399
1569980 399
1569990 399
1570000 399
1570010 399
1570020 399
1570030 399
1570040 399
1570050 399
1570060 399
1570070 399
1570080 399
1570090 399
1570100 398
1570110 398
1570120 398
1570130 398
1570140 397
1570150 397
1570160 397
1570170 397
1570180 397
1570190 397
1570200 396
1570210 396
1570220 396
1570230 396
1570240 395
1570250 395
1570260 394
1570270 393
1570280 393
1570290 391
1570300 389
1570310 389
1570320 388
1570330 387
1570340 387
1570350 386
1570360 386
1570370 386
1570380 386
1570390 386
1570400 386
1570410 387
1570420 385
1570430 385
1570440 385
1570450 386
1570460 386
1570470 386
1570480 386
1570490 386
1570500 386
1570510 386
1570520 386
1570530 386
1570540 386
1570550 386
1570560 386
1570570 386
1570580 386
1570590 386
1570600 386
1570610 386
1570620 386
1570630 386
1570640 386
1570650 386
1570660 386
1570670 386
1570680 386
1570690 386
1570700 386
1570710 386
1570720 386
1570730 386
1570740 386
1570750 386
1570760 386
1570770 386
1570780 386
1570790 386
1570800 386
1570810 386
1570820 386
1570830 386
1570840 386
1570850 386
1570860 386
1570870 386
1570880 386
1570890 386
1570900 386
1570910 386
1570920 386
1570930 386
1570940 386
1570950 386
1570960 386
1570970 386
1570980 386
1570990 386
1571000 386
1571010 386
1571020 386
1571030 386
1571040 386
1571050 386
1571060 386
1571070 386
1571080 386
1571090 386
1571100 386
1571110 386
1571120 386
1571130 386
1571140 386
1571150 386
1571160 386
1571170 386
1571180 386
1571190 386
1571200 386
1571210 386
1571220 386
1571230 386
1571240 386
1571250 386
1571260 386
1571270 386
1571280 386
1571290 386
1571300 386
1571310 386
1571320 386
1571330 386
1571340 386
1571350 387
1571360 387
1571370 387
1571380 387
1571390 387
1571400 387
1571410 387
1571420 387
1571430 387
1571440 387
1571450 387
1571460 387
1571470 387
1571480 387
1571490 387
1571500 387
1571510 387
1571520 387
1571530 387
1571540 387
1571550 387
1571560 387
1571570 387
1571580 387
1571590 387
1571600 387
1571610 387
1571620 387
1571630 387
1571640 387
1571650 387
1571660 387
1571670 387
1571680 387
1571690 388
1571700 388
1571710 388
1571720 388
1571730 388
1571740 388
1571750 388
1571760 388
1571770 388
1571780 388
1571790 388
1571800 388
1571810 388
1571820 389
1571830 389
1571840 389
1571850 389
1571860 389
1571870 389
1571880 389
1571890 389
1571900 389
1571910 389
1571920 389
1571930 389
1571940 389
1571950 389
1571960 389
1571970 389
1571980 389
1571990 389
1572000 389
1572010 389
1572020 389
1572030 389
1572040 389
1572050 390
1572060 390
1572070 390
1572080 390
1572090 390
1572100 390
1572110 390
1572120 390
1572130 390
1572140 390
1572150 390
1572160 390
1572170 391
1572180 391
1572190 391
1572200 391
1572210 391
1572220 391
1572230 391
1572240 392
1572250 392
1572260 392
1572270 392
1572280 392
1572290 392
1572300 393
1572310 392
1572320 393
1572330 393
1572340 393
1572350 393
1572360 394
1572370 394
1572380 394
1572390 395
1572400 395
1572410 396
1572420 395
1572430 395
1572440 396
1572450 396
1572460 396
1572470 397
1572480 397
1572490 397
1572500 397
1572510 398
1572520 398
1572530 398
1572540 399
1572550 399
1572560 399
1572570 400
1572580 400
1572590 400
1572600 401
1572610 401
1572620 401
1572630 402
1572640 402
1572650 402
1572660 403
1572670 403
1572680 403
1572690 404
1572700 404
1572710 404
1572720 404
1572730 405
1572740 405
1572750 405
1572760 406
1572770 406
1572780 406
1572790 407
1572800 407
1572810 407
1572820 408
1572830 408
1572840 408
1572850 408
1572860 408
1572870 408
1572880 409
1572890 409
1572900 409
1572910 409
1572920 409
1572930 410
1572940 410
1572950 410
1572960 410
1572970 411
1572980 411
1572990 411
1573000 411
1573010 411
1573020 410
1573030 411
1573040 411
1573050 411
1573060 411
1573070 411
1573080 412
1573090 412
1573100 412
1573110 413
1573120 413
1573130 413
1573140 414
1573150 415
1573160 415
1573170 415
1573180 416
1573190 416
1573200 417
1573210 417
1573220 417
1573230 418
1573240 419
1573250 419
1573260 420
1573270 420
1573280 420
1573290 420
1573300 421
1573310 421
1573320 422
1573330 423
1573340 423
1573350 423
1573360 423
1573370 423
1573380 423
1573390 423
1573400 423
1573410 424
1573420 424
1573430 424
1573440 425
1573450 425
1573460 425
1573470 426
1573480 427
1573490 427
1573500 427
1573510 428
1573520 428
1573530 428
1573540 429
1573550 430
1573560 430
1573570 430
1573580 431
1573590 431
1573600 432
1573610 434
1573620 434
1573630 434
1573640 435
1573650 435
1573660 436
1573670 437
1573680 437
1573690 438
1573700 440
1573710 440
1573720 441
1573730 442
1573740 442
1573750 443
1573760 445
1573770 444
1573780 445
1573790 446
1573800 446
1573810 447
1573820 449
1573830 449
1573840 450
1573850 453
1573860 453
1573870 453
1573880 455
1573890 455
1573900 456
1573910 458
1573920 458
1573930 458
1573940 460
1573950 460
1573960 461
1573970 462
1573980 462
1573990 463
1574000 464
1574010 464
1574020 466
1574030 467
1574040 467
1574050 468
1574060 470
1574070 470
1574080 471
1574090 472
1574100 472
1574110 474
1574120 475
1574130 475
1574140 476
1574150 477
1574160 477
1574170 479
1574180 480
1574190 480
1574200 481
1574210 482
1574220 482
1574230 483
1574240 485
1574250 485
1574260 486
1574270 487
1574280 487
1574290 489
1574300 490
1574310 490
1574320 490
1574330 488
1574340 489
1574350 489
1574360 491
1574370 493
1574380 493
1574390 494
1574400 496
1574410 496
1574420 498
1574430 500
1574440 500
1574450 502
1574460 504
1574470 504
1574480 506
1574490 508
1574500 508
1574510 509
1574520 510
1574530 510
1574540 512
1574550 513
1574560 513
1574570 514
1574580 515
1574590 515
1574600 516
1574610 517
1574620 517
1574630 518
1574640 519
1574650 519
1574660 520
1574670 521
1574680 521
1574690 522
1574700 523
1574710 523
1574720 523
1574730 524
1574740 524
1574750 525
1574760 525
1574770 525
1574780 526
1574790 527
1574800 527
1574810 527
1574820 528
1574830 528
1574840 528
1574850 529
1574860 529
1574870 529
1574880 529
1574890 529
1574900 530
1574910 530
1574920 530
1574930 530
1574940 530
1574950 530
1574960 530
1574970 529
1574980 529
1574990 528
1575000 527
1575010 527
1575020 525
1575030 524
1575040 524
1575050 522
1575060 521
1575070 521
1575080 519
1575090 517
1575100 517
1575110 515
1575120 514
1575130 514
1575140 513
1575150 512
1575160 511
1575170 511
1575180 509
1575190 507
1575200 507
1575210 504
1575220 502
1575230 502
1575240 498
1575250 496
1575260 496
1575270 494
1575280 492
1575290 492
1575300 490
1575310 488
1575320 488
1575330 487
1575340 487
1575350 487
1575360 486
1575370 484
1575380 484
1575390 481
1575400 478
1575410 478
1575420 475
1575430 472
1575440 472
1575450 471
1575460 470
1575470 470
1575480 470
1575490 469
1575500 469
1575510 468
1575520 469
1575530 469
1575540 476
1575550 483
1575560 483
1575570 488
1575580 492
1575590 492
1575600 496
1575610 498
1575620 498
1575630 500
1575640 503
1575650 503
1575660 507
1575670 510
1575680 510
1575690 513
1575700 515
1575710 515
1575720 517
1575730 519
1575740 519
1575750 521
1575760 523
1575770 523
1575780 524
1575790 526
1575800 526
1575810 527
1575820 528
1575830 528
1575840 529
1575850 530
1575860 530
1575870 532
1575880 533
1575890 533
1575900 534
1575910 534
1575920 534
1575930 534
1575940 534
1575950 534
1575960 534
1575970 533
1575980 533
1575990 531
1576000 529
1576010 527
1576020 527
1576030 525
1576040 524
1576050 524
1576060 523
1576070 523
1576080 523
1576090 522
1576100 521
1576110 521
1576120 519
1576130 518
1576140 518
1576150 515
1576160 511
1576170 511
1576180 508
1576190 506
1576200 506
1576210 506
1576220 508
1576230 508
1576240 511
1576250 514
1576260 514
1576270 516
1576280 518
1576290 518
1576300 521
1576310 525
1576320 525
1576330 528
1576340 532
1576350 532
1576360 534
1576370 536
1576380 536
1576390 538
1576400 539
1576410 539
1576420 539
1576430 541
1576440 541
1576450 542
1576460 543
1576470 543
1576480 544
1576490 544
1576500 544
1576510 544
1576520 544
1576530 544
1576540 545
1576550 545
1576560 545
1576570 545
1576580 546
1576590 546
1576600 547
1576610 546
1576620 549
1576630 548
1576640 548
1576650 548
1576660 548
1576670 548
1576680 548
1576690 548
1576700 548
1576710 548
1576720 549
1576730 550
1576740 550
1576750 550
1576760 554
1576770 554
1576780 555
1576790 556
1576800 556
1576810 557
1576820 558
1576830 558
1576840 558
1576850 559
1576860 561
1576870 561
1576880 563
1576890 566
1576900 566
1576910 568
1576920 569
1576930 569
1576940 571
1576950 572
1576960 572
1576970 573
1576980 574
1576990 574
1577000 575
1577010 576
1577020 576
1577030 576
1577040 577
1577050 577
1577060 579
1577070 580
1577080 580
1577090 582
1577100 583
1577110 583
1577120 585
1577130 588
1577140 588
1577150 589
1577160 590
1577170 590
1577180 592
1577190 594
1577200 594
1577210 596
1577220 598
1577230 598
1577240 599
1577250 601
1577260 601
1577270 603
1577280 605
1577290 605
1577300 607
1577310 609
1577320 609
1577330 611
1577340 613
1577350 613
1577360 614
1577370 617
1577380 617
1577390 619
1577400 621
1577410 621
1577420 624
1577430 627
1577440 627
1577450 630
1577460 630
1577470 630
1577480 631
1577490 632
1577500 632
1577510 634
1577520 637
1577530 637
1577540 640
1577550 642
1577560 642
1577570 643
1577580 644
1577590 644
1577600 645
1577610 646
1577620 646
1577630 647
1577640 648
1577650 648
1577660 649
1577670 651
1577680 651
1577690 652
1577700 653
1577710 654
1577720 654
1577730 654
1577740 655
1577750 655
1577760 656
1577770 657
1577780 657
1577790 657
1577800 658
1577810 658
1577820 658
1577830 657
1577840 657
1577850 657
1577860 656
1577870 656
1577880 655
1577890 655
1577900 655
1577910 654
1577920 654
1577930 654
1577940 653
1577950 652
1577960 652
1577970 652
1577980 651
1577990 651
1578000 651
1578010 651
1578020 651
1578030 650
1578040 649
1578050 649
1578060 648
1578070 646
1578080 646
1578090 645
1578100 643
1578110 643
1578120 639
1578130 636
1578140 636
1578150 634
1578160 634
1578170 634
1578180 633
1578190 632
1578200 632
1578210 631
1578220 630
1578230 630
1578240 628
1578250 627
1578260 627
1578270 624
1578280 621
1578290 621
1578300 619
1578310 619
1578320 619
1578330 618
1578340 616
1578350 616
1578360 613
1578370 611
1578380 611
1578390 609
1578400 607
1578410 607
1578420 606
1578430 605
1578440 605
1578450 602
1578460 600
1578470 600
1578480 599
1578490 597
1578500 597
1578510 596
1578520 594
1578530 594
1578540 593
1578550 591
1578560 590
1578570 590
1578580 588
1578590 585
1578600 585
1578610 584
1578620 583
1578630 583
1578640 580
1578650 578
1578660 578
1578670 577
1578680 575
1578690 575
1578700 572
1578710 568
1578720 568
1578730 565
1578740 566
1578750 566
1578760 568
1578770 567
1578780 567
1578790 566
1578800 565
1578810 565
1578820 564
1578830 563
1578840 563
1578850 561
1578860 558
1578870 558
1578880 555
1578890 552
1578900 552
1578910 555
1578920 553
1578930 553
1578940 556
1578950 557
1578960 557
1578970 558
1578980 557
1578990 557
1579000 556
1579010 555
1579020 555
1579030 556
1579040 555
1579050 555
1579060 555
1579070 554
1579080 554
1579090 553
1579100 552
1579110 552
1579120 551
1579130 548
1579140 548
1579150 544
1579160 541
1579170 541
1579180 537
1579190 534
1579200 534
1579210 533
1579220 534
1579230 534
1579240 538
1579250 542
1579260 542
1579270 543
1579280 544
1579290 544
1579300 545
1579310 545
1579320 545
1579330 546
1579340 547
1579350 547
1579360 547
1579370 547
1579380 547
1579390 547
1579400 549
1579410 550
1579420 550
1579430 549
1579440 550
1579450 550
1579460 552
1579470 553
1579480 553
1579490 552
1579500 553
1579510 553
1579520 554
1579530 554
1579540 554
1579550 554
1579560 555
1579570 555
1579580 555
1579590 555
1579600 555
1579610 555
1579620 556
1579630 556
1579640 557
1579650 557
1579660 557
1579670 558
1579680 556
1579690 556
1579700 556
1579710 557
1579720 557
1579730 560
1579740 564
1579750 564
1579760 568
1579770 572
1579780 572
1579790 576
1579800 579
1579810 579
1579820 582
1579830 585
1579840 585
1579850 588
1579860 591
1579870 591
1579880 593
1579890 596
1579900 596
1579910 599
1579920 601
1579930 601
1579940 603
1579950 606
1579960 606
1579970 608
1579980 611
1579990 611
