1560000 471
1560010 471
1560020 471
1560030 471
1560040 471
1560050 471
1560060 471
1560070 471
1560080 471
1560090 471
1560100 471
1560110 471
1560120 471
1560130 471
1560140 471
1560150 471
1560160 471
1560170 471
1560180 471
1560190 471
1560200 471
1560210 471
1560220 471
1560230 471
1560240 471
1560250 471
1560260 471
1560270 470
1560280 470
1560290 470
1560300 470
1560310 470
1560320 470
1560330 470
1560340 470
1560350 470
1560360 470
1560370 470
1560380 470
1560390 470
1560400 470
1560410 470
1560420 469
1560430 469
1560440 469
1560450 468
1560460 468
1560470 468
1560480 468
1560490 468
1560500 468
1560510 467
1560520 467
1560530 467
1560540 468
1560550 468
1560560 467
1560570 467
1560580 467
1560590 468
1560600 469
1560610 469
1560620 470
1560630 470
1560640 470
1560650 470
1560660 470
1560670 470
1560680 470
1560690 469
1560700 469
1560710 469
1560720 469
1560730 469
1560740 469
1560750 469
1560760 469
1560770 469
1560780 469
1560790 469
1560800 469
1560810 469
1560820 469
1560830 469
1560840 469
1560850 469
1560860 469
1560870 470
1560880 470
1560890 470
1560900 470
1560910 470
1560920 470
1560930 470
1560940 470
1560950 471
1560960 471
1560970 471
1560980 471
1560990 471
1561000 471
1561010 472
1561020 472
1561030 472
1561040 473
1561050 473
1561060 473
1561070 473
1561080 473
1561090 473
1561100 474
1561110 474
1561120 474
1561130 474
1561140 474
1561150 475
1561160 475
1561170 475
1561180 475
1561190 475
1561200 476
1561210 476
1561220 476
1561230 476
1561240 476
1561250 476
1561260 476
1561270 477
1561280 477
1561290 477
1561300 478
1561310 478
1561320 478
1561330 478
1561340 478
1561350 478
1561360 478
1561370 478
1561380 479
1561390 479
1561400 479
1561410 479
1561420 480
1561430 480
1561440 480
1561450 480
1561460 480
1561470 480
1561480 481
1561490 481
1561500 481
1561510 481
1561520 481
1561530 481
1561540 481
1561550 481
1561560 481
1561570 481
1561580 481
1561590 481
1561600 481
1561610 481
1561620 482
1561630 482
1561640 482
1561650 482
1561660 483
1561670 483
1561680 484
1561690 485
1561700 485
1561710 486
1561720 488
1561730 488
1561740 489
1561750 490
1561760 490
1561770 491
1561780 491
1561790 491
1561800 492
1561810 492
1561820 492
1561830 493
1561840 493
1561850 493
1561860 494
1561870 494
1561880 494
1561890 494
1561900 495
1561910 495
1561920 495
1561930 495
1561940 495
1561950 496
1561960 496
1561970 496
1561980 496
1561990 496
1562000 497
1562010 497
1562020 497
1562030 497
1562040 497
1562050 497
1562060 498
1562070 498
1562080 498
1562090 498
1562100 498
1562110 498
1562120 498
1562130 498
1562140 499
1562150 499
1562160 499
1562170 499
1562180 500
1562190 500
1562200 500
1562210 500
1562220 500
1562230 501
1562240 501
1562250 501
1562260 502
1562270 502
1562280 502
1562290 503
1562300 503
1562310 503
1562320 504
1562330 504
1562340 504
1562350 505
1562360 505
1562370 505
1562380 506
1562390 506
1562400 506
1562410 506
1562420 506
1562430 506
1562440 506
1562450 506
1562460 506
1562470 506
1562480 506
1562490 506
1562500 505
1562510 505
1562520 505
1562530 504
1562540 503
1562550 503
1562560 502
1562570 501
1562580 501
1562590 500
1562600 499
1562610 499
1562620 497
1562630 497
1562640 497
1562650 496
1562660 496
1562670 496
1562680 495
1562690 494
1562700 494
1562710 494
1562720 494
1562730 494
1562740 496
1562750 497
1562760 497
1562770 499
1562780 500
1562790 500
1562800 501
1562810 502
1562820 502
1562830 502
1562840 503
1562850 503
1562860 504
1562870 504
1562880 505
1562890 505
1562900 505
1562910 506
1562920 506
1562930 506
1562940 506
1562950 506
1562960 506
1562970 507
1562980 507
1562990 507
1563000 506
1563010 506
1563020 506
1563030 506
1563040 506
1563050 506
1563060 506
1563070 506
1563080 506
1563090 505
1563100 505
1563110 505
1563120 505
1563130 505
1563140 504
1563150 503
1563160 503
1563170 503
1563180 502
1563190 502
1563200 501
1563210 500
1563220 500
1563230 500
1563240 499
1563250 499
1563260 499
1563270 498
1563280 498
1563290 497
1563300 497
1563310 497
1563320 496
1563330 496
1563340 496
1563350 495
1563360 495
1563370 495
1563380 495
1563390 494
1563400 494
1563410 494
1563420 494
1563430 494
1563440 493
1563450 493
1563460 493
1563470 493
1563480 493
1563490 493
1563500 492
1563510 492
1563520 492
1563530 491
1563540 491
1563550 491
1563560 491
1563570 490
1563580 490
1563590 489
1563600 488
1563610 488
1563620 487
1563630 487
1563640 487
1563650 486
1563660 486
1563670 486
1563680 487
1563690 487
1563700 487
1563710 486
1563720 485
1563730 485
1563740 485
1563750 486
1563760 486
1563770 486
1563780 486
1563790 486
1563800 486
1563810 486
1563820 485
1563830 485
1563840 485
1563850 485
1563860 485
1563870 485
1563880 484
1563890 484
1563900 484
1563910 484
1563920 484
1563930 484
1563940 483
1563950 483
1563960 483
1563970 483
1563980 483
1563990 482
1564000 482
1564010 482
1564020 481
1564030 481
1564040 481
1564050 481
1564060 480
1564070 480
1564080 480
1564090 479
1564100 479
1564110 479
1564120 478
1564130 478
1564140 478
1564150 478
1564160 478
1564170 477
1564180 477
1564190 477
1564200 476
1564210 475
1564220 475
1564230 474
1564240 473
1564250 473
1564260 472
1564270 472
1564280 472
1564290 472
1564300 472
1564310 472
1564320 472
1564330 472
1564340 472
1564350 472
1564360 472
1564370 472
1564380 472
1564390 472
1564400 472
1564410 472
1564420 472
1564430 472
1564440 472
1564450 472
1564460 472
1564470 473
1564480 474
1564490 474
1564500 475
1564510 476
1564520 476
1564530 478
1564540 480
1564550 480
1564560 481
1564570 482
1564580 482
1564590 483
1564600 483
1564610 483
1564620 484
1564630 485
1564640 485
1564650 485
1564660 486
1564670 487
1564680 487
1564690 487
1564700 488
1564710 488
1564720 488
1564730 489
1564740 489
1564750 489
1564760 489
1564770 489
1564780 490
1564790 490
1564800 490
1564810 490
1564820 491
1564830 491
1564840 491
1564850 492
1564860 492
1564870 492
1564880 493
1564890 493
1564900 493
1564910 493
1564920 493
1564930 493
1564940 493
1564950 493
1564960 494
1564970 494
1564980 494
1564990 495
1565000 495
1565010 495
1565020 495
1565030 495
1565040 495
1565050 496
1565060 496
1565070 496
1565080 496
1565090 496
1565100 496
1565110 496
1565120 496
1565130 496
1565140 496
1565150 495
1565160 495
1565170 494
1565180 494
1565190 494
1565200 494
1565210 494
1565220 494
1565230 495
1565240 496
1565250 496
1565260 497
1565270 498
1565280 498
1565290 498
1565300 499
1565310 499
1565320 499
1565330 500
1565340 500
1565350 500
1565360 501
1565370 501
1565380 501
1565390 502
1565400 502
1565410 502
1565420 502
1565430 502
1565440 503
1565450 503
1565460 503
1565470 503
1565480 504
1565490 504
1565500 504
1565510 504
1565520 504
1565530 504
1565540 503
1565550 503
1565560 503
1565570 504
1565580 504
1565590 504
1565600 504
1565610 504
1565620 504
1565630 505
1565640 506
1565650 506
1565660 507
1565670 508
1565680 508
1565690 509
1565700 509
1565710 509
1565720 510
1565730 511
1565740 511
1565750 512
1565760 512
1565770 512
1565780 513
1565790 514
1565800 514
1565810 515
1565820 516
1565830 516
1565840 516
1565850 517
1565860 517
1565870 518
1565880 518
1565890 518
1565900 519
1565910 519
1565920 519
1565930 520
1565940 520
1565950 520
1565960 521
1565970 521
1565980 521
1565990 522
1566000 522
1566010 522
1566020 522
1566030 523
1566040 523
1566050 523
1566060 524
1566070 524
1566080 524
1566090 524
1566100 524
1566110 525
1566120 525
1566130 525
1566140 525
1566150 526
1566160 526
1566170 526
1566180 526
1566190 526
1566200 527
1566210 527
1566220 527
1566230 527
1566240 527
1566250 527
1566260 528
1566270 528
1566280 528
1566290 528
1566300 529
1566310 529
1566320 529
1566330 530
1566340 530
1566350 531
1566360 531
1566370 532
1566380 532
1566390 533
1566400 533
1566410 533
1566420 534
1566430 535
1566440 535
1566450 535
1566460 536
1566470 536
1566480 537
1566490 538
1566500 538
1566510 538
1566520 539
1566530 539
1566540 540
1566550 540
1566560 540
1566570 541
1566580 542
1566590 542
1566600 542
1566610 543
1566620 543
1566630 543
1566640 544
1566650 544
1566660 545
1566670 545
1566680 545
1566690 546
1566700 546
1566710 546
1566720 547
1566730 547
1566740 547
1566750 548
1566760 548
1566770 548
1566780 548
1566790 549
1566800 549
1566810 549
1566820 549
1566830 549
1566840 549
1566850 549
1566860 549
1566870 549
1566880 549
1566890 549
1566900 549
1566910 549
1566920 549
1566930 549
1566940 549
1566950 549
1566960 549
1566970 548
1566980 548
1566990 548
1567000 548
1567010 548
1567020 548
1567030 547
1567040 547
1567050 547
1567060 547
1567070 547
1567080 545
1567090 544
1567100 544
1567110 544
1567120 543
1567130 543
1567140 542
1567150 542
1567160 542
1567170 541
1567180 541
1567190 541
1567200 540
1567210 539
1567220 539
1567230 539
1567240 538
1567250 536
1567260 536
1567270 535
1567280 534
1567290 534
1567300 533
1567310 533
1567320 533
1567330 532
1567340 531
1567350 531
1567360 530
1567370 529
1567380 529
1567390 528
1567400 527
1567410 527
1567420 527
1567430 526
1567440 526
1567450 525
1567460 524
1567470 524
1567480 524
1567490 523
1567500 523
1567510 522
1567520 521
1567530 521
1567540 521
1567550 520
1567560 520
1567570 519
1567580 518
1567590 518
1567600 517
1567610 517
1567620 517
1567630 516
1567640 515
1567650 515
1567660 514
1567670 513
1567680 513
1567690 512
1567700 511
1567710 511
1567720 511
1567730 510
1567740 510
1567750 509
1567760 509
1567770 509
1567780 508
1567790 508
1567800 508
1567810 507
1567820 506
1567830 506
1567840 506
1567850 505
1567860 505
1567870 504
1567880 503
1567890 503
1567900 503
1567910 502
1567920 502
1567930 501
1567940 500
1567950 500
1567960 499
1567970 498
1567980 498
1567990 497
1568000 496
1568010 496
1568020 495
1568030 494
1568040 494
1568050 493
1568060 492
1568070 492
1568080 491
1568090 490
1568100 490
1568110 489
1568120 487
1568130 486
1568140 486
1568150 485
1568160 484
1568170 484
1568180 483
1568190 483
1568200 483
1568210 482
1568220 481
1568230 481
1568240 480
1568250 479
1568260 479
1568270 478
1568280 477
1568290 477
1568300 476
1568310 476
1568320 476
1568330 475
1568340 474
1568350 474
1568360 473
1568370 472
1568380 472
1568390 471
1568400 470
1568410 470
1568420 469
1568430 468
1568440 468
1568450 467
1568460 466
1568470 466
1568480 466
1568490 465
1568500 465
1568510 464
1568520 464
1568530 464
1568540 463
1568550 462
1568560 462
1568570 461
1568580 461
1568590 461
1568600 460
1568610 459
1568620 459
1568630 459
1568640 459
1568650 459
1568660 458
1568670 458
1568680 458
1568690 457
1568700 457
1568710 457
1568720 457
1568730 456
1568740 456
1568750 456
1568760 455
1568770 455
1568780 455
1568790 454
1568800 454
1568810 454
1568820 453
1568830 453
1568840 453
1568850 452
1568860 452
1568870 452
1568880 451
1568890 451
1568900 450
1568910 450
1568920 450
1568930 449
1568940 448
1568950 448
1568960 448
1568970 447
1568980 447
1568990 447
1569000 446
1569010 445
1569020 445
1569030 445
1569040 444
1569050 444
1569060 443
1569070 442
1569080 442
1569090 442
1569100 441
1569110 441
1569120 440
1569130 439
1569140 439
1569150 438
1569160 437
1569170 437
1569180 437
1569190 436
1569200 436
1569210 434
1569220 433
1569230 433
1569240 432
1569250 430
1569260 430
1569270 428
1569280 426
1569290 426
1569300 424
1569310 423
1569320 423
1569330 422
1569340 422
1569350 422
1569360 421
1569370 420
1569380 420
1569390 419
1569400 417
1569410 417
1569420 416
1569430 416
1569440 416
1569450 416
1569460 416
1569470 416
1569480 415
1569490 415
1569500 415
1569510 415
1569520 414
1569530 414
1569540 413
1569550 413
1569560 413
1569570 412
1569580 412
1569590 412
1569600 411
1569610 411
1569620 411
1569630 410
1569640 409
1569650 409
1569660 408
1569670 407
1569680 407
1569690 407
1569700 406
1569710 406
1569720 406
1569730 406
1569740 406
1569750 405
1569760 405
1569770 405
1569780 405
1569790 405
1569800 405
1569810 404
1569820 404
1569830 404
1569840 402
1569850 402
1569860 402
1569870 404
1569880 405
1569890 405
1569900 405
1569910 405
1569920 405
1569930 405
1569940 405
1569950 405
1569960 405
1569970 405
1569980 406
1569990 406
1570000 406
1570010 406
1570020 406
1570030 406
1570040 406
1570050 406
1570060 407
1570070 407
1570080 407
1570090 407
1570100 407
1570110 407
1570120 408
1570130 408
1570140 408
1570150 408
1570160 408
1570170 408
1570180 408
1570190 408
1570200 408
1570210 408
1570220 408
1570230 408
1570240 408
1570250 408
1570260 408
1570270 409
1570280 409
1570290 409
1570300 409
1570310 409
1570320 409
1570330 409
1570340 409
1570350 409
1570360 409
1570370 409
1570380 409
1570390 409
1570400 408
1570410 408
1570420 408
1570430 408
1570440 408
1570450 408
1570460 408
1570470 408
1570480 408
1570490 407
1570500 407
1570510 407
1570520 407
1570530 407
1570540 407
1570550 406
1570560 406
1570570 406
1570580 406
1570590 406
1570600 405
1570610 405
1570620 405
1570630 404
1570640 404
1570650 404
1570660 403
1570670 403
1570680 403
1570690 402
1570700 402
1570710 402
1570720 402
1570730 402
1570740 402
1570750 401
1570760 399
1570770 397
1570780 397
1570790 395
1570800 394
1570810 394
1570820 393
1570830 391
1570840 391
1570850 387
1570860 385
1570870 385
1570880 380
1570890 380
1570900 380
1570910 379
1570920 379
1570930 379
1570940 379
1570950 379
1570960 379
1570970 379
1570980 379
1570990 379
1571000 379
1571010 379
1571020 379
1571030 378
1571040 378
1571050 378
1571060 378
1571070 378
1571080 378
1571090 378
1571100 378
1571110 378
1571120 378
1571130 378
1571140 378
1571150 377
1571160 377
1571170 377
1571180 377
1571190 377
1571200 377
1571210 378
1571220 378
1571230 378
1571240 378
1571250 378
1571260 378
1571270 378
1571280 378
1571290 378
1571300 378
1571310 378
1571320 378
1571330 378
1571340 378
1571350 378
1571360 378
1571370 378
1571380 378
1571390 378
1571400 378
1571410 378
1571420 378
1571430 378
1571440 378
1571450 378
1571460 378
1571470 378
1571480 378
1571490 378
1571500 378
1571510 378
1571520 379
1571530 379
1571540 379
1571550 379
1571560 379
1571570 379
1571580 379
1571590 379
1571600 379
1571610 379
1571620 379
1571630 380
1571640 380
1571650 380
1571660 380
1571670 380
1571680 380
1571690 380
1571700 381
1571710 381
1571720 381
1571730 381
1571740 381
1571750 381
1571760 381
1571770 381
1571780 381
1571790 382
1571800 382
1571810 382
1571820 382
1571830 382
1571840 382
1571850 382
1571860 382
1571870 382
1571880 383
1571890 383
1571900 383
1571910 383
1571920 383
1571930 383
1571940 383
1571950 383
1571960 383
1571970 384
1571980 384
1571990 384
1572000 384
1572010 384
1572020 384
1572030 384
1572040 385
1572050 385
1572060 385
1572070 384
1572080 384
1572090 385
1572100 385
1572110 385
1572120 385
1572130 385
1572140 385
1572150 386
1572160 386
1572170 386
1572180 386
1572190 386
1572200 386
1572210 386
1572220 386
1572230 386
1572240 386
1572250 387
1572260 387
1572270 387
1572280 387
1572290 387
1572300 387
1572310 387
1572320 387
1572330 388
1572340 388
1572350 388
1572360 388
1572370 388
1572380 388
1572390 388
1572400 389
1572410 389
1572420 389
1572430 389
1572440 389
1572450 389
1572460 389
1572470 389
1572480 389
1572490 390
1572500 390
1572510 390
1572520 390
1572530 390
1572540 390
1572550 390
1572560 390
1572570 390
1572580 390
1572590 391
1572600 391
1572610 391
1572620 391
1572630 391
1572640 391
1572650 391
1572660 391
1572670 391
1572680 392
1572690 392
1572700 392
1572710 392
1572720 392
1572730 392
1572740 392
1572750 392
1572760 393
1572770 393
1572780 393
1572790 393
1572800 393
1572810 393
1572820 393
1572830 393
1572840 393
1572850 394
1572860 394
1572870 394
1572880 394
1572890 394
1572900 394
1572910 394
1572920 393
1572930 393
1572940 393
1572950 393
1572960 393
1572970 393
1572980 393
1572990 393
1573000 393
1573010 393
1573020 393
1573030 394
1573040 394
1573050 394
1573060 394
1573070 394
1573080 394
1573090 394
1573100 394
1573110 394
1573120 395
1573130 395
1573140 395
1573150 395
1573160 395
1573170 395
1573180 394
1573190 393
1573200 393
1573210 394
1573220 395
1573230 395
1573240 395
1573250 396
1573260 396
1573270 396
1573280 396
1573290 396
1573300 396
1573310 397
1573320 397
1573330 397
1573340 397
1573350 397
1573360 397
1573370 397
1573380 397
1573390 398
1573400 398
1573410 398
1573420 398
1573430 399
1573440 399
1573450 399
1573460 399
1573470 399
1573480 399
1573490 399
1573500 400
1573510 400
1573520 400
1573530 400
1573540 400
1573550 401
1573560 401
1573570 401
1573580 401
1573590 401
1573600 401
1573610 401
1573620 401
1573630 401
1573640 401
1573650 401
1573660 401
1573670 401
1573680 402
1573690 402
1573700 402
1573710 402
1573720 402
1573730 402
1573740 403
1573750 403
1573760 403
1573770 403
1573780 403
1573790 404
1573800 404
1573810 404
1573820 404
1573830 404
1573840 404
1573850 404
1573860 405
1573870 405
1573880 405
1573890 405
1573900 405
1573910 405
1573920 405
1573930 405
1573940 405
1573950 406
1573960 406
1573970 406
1573980 406
1573990 406
1574000 406
1574010 407
1574020 407
1574030 407
1574040 407
1574050 407
1574060 407
1574070 408
1574080 408
1574090 408
1574100 408
1574110 408
1574120 408
1574130 407
1574140 407
1574150 407
1574160 407
1574170 407
1574180 408
1574190 408
1574200 408
1574210 408
1574220 409
1574230 409
1574240 409
1574250 409
1574260 409
1574270 410
1574280 410
1574290 410
1574300 410
1574310 410
1574320 410
1574330 410
1574340 410
1574350 411
1574360 411
1574370 411
1574380 410
1574390 410
1574400 410
1574410 410
1574420 410
1574430 411
1574440 411
1574450 411
1574460 412
1574470 413
1574480 413
1574490 414
1574500 415
1574510 415
1574520 415
1574530 416
1574540 416
1574550 416
1574560 417
1574570 417
1574580 418
1574590 418
1574600 418
1574610 419
1574620 419
1574630 419
1574640 420
1574650 420
1574660 420
1574670 421
1574680 421
1574690 421
1574700 422
1574710 422
1574720 422
1574730 423
1574740 424
1574750 424
1574760 424
1574770 425
1574780 425
1574790 426
1574800 426
1574810 426
1574820 427
1574830 427
1574840 427
1574850 428
1574860 428
1574870 428
1574880 429
1574890 430
1574900 430
1574910 430
1574920 430
1574930 430
1574940 429
1574950 430
1574960 430
1574970 431
1574980 432
1574990 432
1575000 432
1575010 433
1575020 433
1575030 433
1575040 434
1575050 434
1575060 434
1575070 434
1575080 434
1575090 435
1575100 435
1575110 435
1575120 435
1575130 436
1575140 436
1575150 436
1575160 437
1575170 437
1575180 437
1575190 439
1575200 440
1575210 440
1575220 441
1575230 442
1575240 442
1575250 442
1575260 443
1575270 443
1575280 444
1575290 444
1575300 444
1575310 445
1575320 445
1575330 445
1575340 446
1575350 446
1575360 446
1575370 447
1575380 447
1575390 447
1575400 448
1575410 448
1575420 448
1575430 448
1575440 449
1575450 449
1575460 450
1575470 450
1575480 450
1575490 450
1575500 450
1575510 450
1575520 451
1575530 451
1575540 451
1575550 450
1575560 449
1575570 449
1575580 448
1575590 448
1575600 448
1575610 446
1575620 443
1575630 443
1575640 439
1575650 437
1575660 437
1575670 439
1575680 441
1575690 441
1575700 442
1575710 444
1575720 444
1575730 445
1575740 447
1575750 447
1575760 449
1575770 450
1575780 450
1575790 452
1575800 454
1575810 454
1575820 457
1575830 459
1575840 459
1575850 462
1575860 464
1575870 464
1575880 466
1575890 467
1575900 467
1575910 467
1575920 467
1575930 467
1575940 468
1575950 468
1575960 468
1575970 468
1575980 468
1575990 468
1576000 468
1576010 468
1576020 468
1576030 468
1576040 468
1576050 468
1576060 468
1576070 467
1576080 467
1576090 467
1576100 467
1576110 467
1576120 467
1576130 467
1576140 466
1576150 466
1576160 466
1576170 466
1576180 466
1576190 465
1576200 464
1576210 464
1576220 463
1576230 463
1576240 463
1576250 463
1576260 464
1576270 464
1576280 465
1576290 465
1576300 465
1576310 466
1576320 467
1576330 467
1576340 468
1576350 468
1576360 468
1576370 469
1576380 470
1576390 470
1576400 470
1576410 471
1576420 471
1576430 472
1576440 473
1576450 473
1576460 473
1576470 474
1576480 474
1576490 475
1576500 475
1576510 475
1576520 476
1576530 477
1576540 477
1576550 478
1576560 478
1576570 478
1576580 479
1576590 480
1576600 480
1576610 480
1576620 481
1576630 481
1576640 481
1576650 482
1576660 482
1576670 482
1576680 483
1576690 483
1576700 483
1576710 484
1576720 484
1576730 484
1576740 485
1576750 485
1576760 485
1576770 486
1576780 486
1576790 486
1576800 486
1576810 486
1576820 487
1576830 487
1576840 487
1576850 488
1576860 488
1576870 488
1576880 489
1576890 489
1576900 489
1576910 489
1576920 489
1576930 491
1576940 491
1576950 491
1576960 491
1576970 491
1576980 492
1576990 492
1577000 492
1577010 492
1577020 492
1577030 492
1577040 492
1577050 493
1577060 493
1577070 493
1577080 493
1577090 493
1577100 493
1577110 493
1577120 493
1577130 493
1577140 494
1577150 494
1577160 494
1577170 494
1577180 494
1577190 494
1577200 494
1577210 494
1577220 495
1577230 495
1577240 495
1577250 495
1577260 496
1577270 496
1577280 496
1577290 496
1577300 496
1577310 496
1577320 496
1577330 496
1577340 496
1577350 496
1577360 496
1577370 495
1577380 495
1577390 495
1577400 495
1577410 494
1577420 494
1577430 493
1577440 493
1577450 493
1577460 492
1577470 491
1577480 491
1577490 490
1577500 488
1577510 488
1577520 486
1577530 483
1577540 483
1577550 481
1577560 480
1577570 480
1577580 479
1577590 478
1577600 478
1577610 477
1577620 477
1577630 477
1577640 476
1577650 476
1577660 476
1577670 476
1577680 476
1577690 476
1577700 476
1577710 476
1577720 476
1577730 476
1577740 476
1577750 476
1577760 477
1577770 477
1577780 477
1577790 477
1577800 477
1577810 477
1577820 478
1577830 478
1577840 478
1577850 478
1577860 478
1577870 478
1577880 478
1577890 478
1577900 478
1577910 478
1577920 478
1577930 478
1577940 478
1577950 479
1577960 479
1577970 479
1577980 479
1577990 479
1578000 479
1578010 479
1578020 479
1578030 479
1578040 479
1578050 479
1578060 479
1578070 479
1578080 479
1578090 479
1578100 479
1578110 479
1578120 479
1578130 479
1578140 479
1578150 479
1578160 479
1578170 478
1578180 478
1578190 478
1578200 478
1578210 478
1578220 477
1578230 477
1578240 477
1578250 476
1578260 475
1578270 475
1578280 474
1578290 472
1578300 472
1578310 470
1578320 468
1578330 468
1578340 467
1578350 467
1578360 467
1578370 467
1578380 467
1578390 467
1578400 467
1578410 467
1578420 467
1578430 467
1578440 467
1578450 467
1578460 467
1578470 467
1578480 467
1578490 467
1578500 467
1578510 467
1578520 467
1578530 467
1578540 467
1578550 466
1578560 467
1578570 467
1578580 467
1578590 467
1578600 467
1578610 467
1578620 467
1578630 467
1578640 467
1578650 467
1578660 467
1578670 467
1578680 467
1578690 467
1578700 467
1578710 467
1578720 467
1578730 467
1578740 467
1578750 466
1578760 466
1578770 466
1578780 466
1578790 466
1578800 466
1578810 465
1578820 465
1578830 465
1578840 465
1578850 465
1578860 465
1578870 464
1578880 464
1578890 464
1578900 464
1578910 464
1578920 464
1578930 464
1578940 464
1578950 464
1578960 463
1578970 463
1578980 463
1578990 462
1579000 462
1579010 462
1579020 461
1579030 461
1579040 461
1579050 461
1579060 461
1579070 460
1579080 460
1579090 460
1579100 461
1579110 462
1579120 462
1579130 462
1579140 462
1579150 462
1579160 463
1579170 463
1579180 463
1579190 464
1579200 464
1579210 464
1579220 465
1579230 465
1579240 465
1579250 465
1579260 465
1579270 465
1579280 465
1579290 466
1579300 466
1579310 466
1579320 466
1579330 466
1579340 466
1579350 467
1579360 467
1579370 467
1579380 467
1579390 467
1579400 467
1579410 467
1579420 467
1579430 467
1579440 467
1579450 467
1579460 467
1579470 468
1579480 468
1579490 468
1579500 468
1579510 468
1579520 468
1579530 468
1579540 468
1579550 468
1579560 468
1579570 468
1579580 468
1579590 468
1579600 468
1579610 468
1579620 467
1579630 467
1579640 467
1579650 467
1579660 467
1579670 467
1579680 467
1579690 468
1579700 468
1579710 468
1579720 467
1579730 467
1579740 467
1579750 467
1579760 467
1579770 466
1579780 466
1579790 466
1579800 465
1579810 465
1579820 465
1579830 465
1579840 465
1579850 465
1579860 465
1579870 464
1579880 464
1579890 463
1579900 461
1579910 461
1579920 459
1579930 457
1579940 457
1579950 455
1579960 453
1579970 453
1579980 451
1579990 450
