1560000 472
1560010 472
1560020 472
1560030 472
1560040 472
1560050 472
1560060 472
1560070 472
1560080 471
1560090 471
1560100 471
1560110 471
1560120 471
1560130 471
1560140 471
1560150 471
1560160 471
1560170 471
1560180 471
1560190 471
1560200 471
1560210 471
1560220 471
1560230 471
1560240 471
1560250 471
1560260 471
1560270 471
1560280 471
1560290 470
1560300 470
1560310 470
1560320 470
1560330 470
1560340 470
1560350 470
1560360 470
1560370 470
1560380 470
1560390 470
1560400 470
1560410 470
1560420 469
1560430 469
1560440 469
1560450 468
1560460 468
1560470 468
1560480 468
1560490 468
1560500 468
1560510 468
1560520 468
1560530 468
1560540 468
1560550 468
1560560 467
1560570 467
1560580 467
1560590 468
1560600 469
1560610 469
1560620 470
1560630 470
1560640 470
1560650 470
1560660 470
1560670 470
1560680 470
1560690 470
1560700 470
1560710 469
1560720 469
1560730 469
1560740 469
1560750 469
1560760 469
1560770 469
1560780 469
1560790 469
1560800 469
1560810 469
1560820 469
1560830 469
1560840 469
1560850 469
1560860 470
1560870 470
1560880 470
1560890 470
1560900 470
1560910 470
1560920 470
1560930 470
1560940 470
1560950 471
1560960 471
1560970 471
1560980 471
1560990 471
1561000 471
1561010 472
1561020 472
1561030 472
1561040 472
1561050 472
1561060 472
1561070 473
1561080 473
1561090 473
1561100 473
1561110 473
1561120 473
1561130 473
1561140 474
1561150 474
1561160 474
1561170 474
1561180 475
1561190 475
1561200 475
1561210 475
1561220 475
1561230 475
1561240 476
1561250 476
1561260 476
1561270 476
1561280 476
1561290 477
1561300 477
1561310 477
1561320 478
1561330 478
1561340 478
1561350 478
1561360 478
1561370 478
1561380 479
1561390 479
1561400 479
1561410 479
1561420 480
1561430 480
1561440 480
1561450 480
1561460 480
1561470 481
1561480 481
1561490 481
1561500 481
1561510 481
1561520 481
1561530 481
1561540 481
1561550 481
1561560 481
1561570 481
1561580 481
1561590 482
1561600 482
1561610 482
1561620 482
1561630 482
1561640 482
1561650 483
1561660 483
1561670 483
1561680 484
1561690 485
1561700 485
1561710 486
1561720 487
1561730 487
1561740 488
1561750 490
1561760 490
1561770 491
1561780 491
1561790 491
1561800 492
1561810 492
1561820 492
1561830 492
1561840 493
1561850 493
1561860 493
1561870 494
1561880 494
1561890 494
1561900 494
1561910 494
1561920 494
1561930 495
1561940 495
1561950 495
1561960 495
1561970 496
1561980 496
1561990 496
1562000 496
1562010 496
1562020 496
1562030 497
1562040 497
1562050 497
1562060 498
1562070 498
1562080 498
1562090 498
1562100 498
1562110 499
1562120 499
1562130 499
1562140 499
1562150 500
1562160 500
1562170 500
1562180 500
1562190 500
1562200 501
1562210 501
1562220 501
1562230 502
1562240 502
1562250 502
1562260 502
1562270 503
1562280 503
1562290 503
1562300 504
1562310 504
1562320 504
1562330 505
1562340 505
1562350 505
1562360 506
1562370 506
1562380 506
1562390 506
1562400 506
1562410 506
1562420 507
1562430 507
1562440 507
1562450 507
1562460 507
1562470 506
1562480 506
1562490 506
1562500 506
1562510 506
1562520 506
1562530 505
1562540 504
1562550 504
1562560 503
1562570 502
1562580 502
1562590 501
1562600 499
1562610 499
1562620 498
1562630 497
1562640 497
1562650 497
1562660 496
1562670 496
1562680 496
1562690 496
1562700 496
1562710 495
1562720 494
1562730 494
1562740 496
1562750 497
1562760 497
1562770 499
1562780 500
1562790 500
1562800 501
1562810 502
1562820 502
1562830 503
1562840 503
1562850 504
1562860 504
1562870 505
1562880 505
1562890 505
1562900 505
1562910 506
1562920 506
1562930 506
1562940 506
1562950 506
1562960 506
1562970 507
1562980 507
1562990 507
1563000 507
1563010 507
1563020 506
1563030 506
1563040 506
1563050 506
1563060 506
1563070 506
1563080 506
1563090 506
1563100 506
1563110 505
1563120 505
1563130 505
1563140 504
1563150 504
1563160 504
1563170 503
1563180 502
1563190 502
1563200 501
1563210 500
1563220 500
1563230 500
1563240 499
1563250 499
1563260 499
1563270 498
1563280 498
1563290 498
1563300 497
1563310 497
1563320 496
1563330 496
1563340 496
1563350 496
1563360 495
1563370 495
1563380 495
1563390 495
1563400 495
1563410 494
1563420 494
1563430 494
1563440 494
1563450 493
1563460 493
1563470 493
1563480 493
1563490 493
1563500 492
1563510 492
1563520 492
1563530 492
1563540 491
1563550 491
1563560 491
1563570 490
1563580 490
1563590 489
1563600 489
1563610 489
1563620 489
1563630 489
1563640 489
1563650 489
1563660 489
1563670 489
1563680 488
1563690 488
1563700 488
1563710 488
1563720 488
1563730 488
1563740 488
1563750 487
1563760 487
1563770 487
1563780 487
1563790 487
1563800 487
1563810 487
1563820 486
1563830 486
1563840 486
1563850 486
1563860 486
1563870 486
1563880 486
1563890 486
1563900 485
1563910 485
1563920 485
1563930 485
1563940 484
1563950 484
1563960 484
1563970 484
1563980 484
1563990 483
1564000 483
1564010 483
1564020 482
1564030 482
1564040 482
1564050 481
1564060 481
1564070 481
1564080 480
1564090 480
1564100 480
1564110 479
1564120 479
1564130 479
1564140 478
1564150 478
1564160 478
1564170 477
1564180 477
1564190 477
1564200 476
1564210 475
1564220 475
1564230 473
1564240 472
1564250 472
1564260 472
1564270 472
1564280 472
1564290 472
1564300 472
1564310 472
1564320 472
1564330 472
1564340 472
1564350 472
1564360 472
1564370 472
1564380 472
1564390 472
1564400 472
1564410 472
1564420 472
1564430 472
1564440 472
1564450 472
1564460 472
1564470 472
1564480 472
1564490 472
1564500 473
1564510 474
1564520 474
1564530 477
1564540 479
1564550 479
1564560 480
1564570 481
1564580 481
1564590 482
1564600 483
1564610 484
1564620 484
1564630 484
1564640 485
1564650 485
1564660 486
1564670 486
1564680 486
1564690 487
1564700 487
1564710 487
1564720 488
1564730 488
1564740 488
1564750 489
1564760 489
1564770 489
1564780 489
1564790 490
1564800 490
1564810 490
1564820 490
1564830 490
1564840 491
1564850 491
1564860 491
1564870 492
1564880 492
1564890 492
1564900 492
1564910 492
1564920 492
1564930 493
1564940 493
1564950 493
1564960 493
1564970 493
1564980 493
1564990 494
1565000 494
1565010 494
1565020 494
1565030 494
1565040 494
1565050 494
1565060 494
1565070 494
1565080 495
1565090 495
1565100 495
1565110 494
1565120 494
1565130 494
1565140 494
1565150 493
1565160 493
1565170 493
1565180 493
1565190 493
1565200 493
1565210 493
1565220 493
1565230 494
1565240 494
1565250 494
1565260 495
1565270 496
1565280 496
1565290 497
1565300 497
1565310 497
1565320 498
1565330 498
1565340 498
1565350 499
1565360 499
1565370 499
1565380 500
1565390 500
1565400 500
1565410 501
1565420 501
1565430 501
1565440 501
1565450 501
1565460 501
1565470 501
1565480 502
1565490 502
1565500 503
1565510 503
1565520 503
1565530 503
1565540 503
1565550 503
1565560 503
1565570 503
1565580 503
1565590 503
1565600 504
1565610 505
1565620 505
1565630 506
1565640 506
1565650 506
1565660 507
1565670 508
1565680 508
1565690 509
1565700 510
1565710 510
1565720 511
1565730 511
1565740 511
1565750 512
1565760 513
1565770 513
1565780 514
1565790 515
1565800 515
1565810 515
1565820 516
1565830 516
1565840 517
1565850 518
1565860 518
1565870 518
1565880 519
1565890 519
1565900 519
1565910 520
1565920 520
1565930 520
1565940 521
1565950 521
1565960 521
1565970 522
1565980 522
1565990 522
1566000 523
1566010 523
1566020 523
1566030 524
1566040 524
1566050 524
1566060 524
1566070 524
1566080 525
1566090 525
1566100 525
1566110 525
1566120 526
1566130 526
1566140 526
1566150 526
1566160 526
1566170 527
1566180 527
1566190 527
1566200 527
1566210 528
1566220 528
1566230 528
1566240 528
1566250 528
1566260 528
1566270 529
1566280 529
1566290 529
1566300 529
1566310 529
1566320 530
1566330 530
1566340 531
1566350 531
1566360 532
1566370 532
1566380 532
1566390 533
1566400 533
1566410 533
1566420 534
1566430 535
1566440 535
1566450 536
1566460 536
1566470 536
1566480 537
1566490 538
1566500 538
1566510 538
1566520 539
1566530 539
1566540 540
1566550 540
1566560 540
1566570 541
1566580 542
1566590 542
1566600 542
1566610 543
1566620 543
1566630 543
1566640 544
1566650 544
1566660 544
1566670 545
1566680 545
1566690 546
1566700 546
1566710 546
1566720 547
1566730 547
1566740 547
1566750 548
1566760 548
1566770 548
1566780 548
1566790 549
1566800 549
1566810 549
1566820 549
1566830 549
1566840 550
1566850 550
1566860 550
1566870 550
1566880 550
1566890 550
1566900 549
1566910 549
1566920 549
1566930 549
1566940 549
1566950 549
1566960 549
1566970 549
1566980 549
1566990 549
1567000 548
1567010 548
1567020 548
1567030 547
1567040 547
1567050 547
1567060 547
1567070 547
1567080 545
1567090 544
1567100 544
1567110 544
1567120 543
1567130 543
1567140 542
1567150 541
1567160 541
1567170 541
1567180 541
1567190 541
1567200 540
1567210 540
1567220 539
1567230 539
1567240 538
1567250 536
1567260 536
1567270 535
1567280 534
1567290 534
1567300 534
1567310 533
1567320 533
1567330 532
1567340 531
1567350 531
1567360 530
1567370 529
1567380 529
1567390 528
1567400 527
1567410 527
1567420 527
1567430 526
1567440 526
1567450 525
1567460 525
1567470 525
1567480 524
1567490 523
1567500 523
1567510 522
1567520 522
1567530 522
1567540 521
1567550 521
1567560 521
1567570 520
1567580 519
1567590 519
1567600 518
1567610 517
1567620 517
1567630 516
1567640 516
1567650 516
1567660 515
1567670 514
1567680 514
1567690 513
1567700 512
1567710 512
1567720 511
1567730 511
1567740 511
1567750 510
1567760 510
1567770 510
1567780 509
1567790 508
1567800 508
1567810 508
1567820 507
1567830 507
1567840 506
1567850 506
1567860 506
1567870 505
1567880 504
1567890 504
1567900 503
1567910 502
1567920 502
1567930 501
1567940 500
1567950 500
1567960 499
1567970 498
1567980 498
1567990 498
1568000 496
1568010 496
1568020 495
1568030 494
1568040 494
1568050 493
1568060 492
1568070 492
1568080 491
1568090 490
1568100 489
1568110 489
1568120 488
1568130 487
1568140 487
1568150 487
1568160 486
1568170 486
1568180 485
1568190 484
1568200 484
1568210 484
1568220 483
1568230 483
1568240 481
1568250 481
1568260 481
1568270 480
1568280 479
1568290 479
1568300 479
1568310 478
1568320 478
1568330 477
1568340 476
1568350 476
1568360 475
1568370 474
1568380 474
1568390 474
1568400 472
1568410 472
1568420 471
1568430 470
1568440 470
1568450 470
1568460 469
1568470 469
1568480 468
1568490 467
1568500 467
1568510 467
1568520 466
1568530 466
1568540 465
1568550 464
1568560 464
1568570 463
1568580 463
1568590 463
1568600 462
1568610 461
1568620 461
1568630 461
1568640 459
1568650 459
1568660 459
1568670 458
1568680 458
1568690 458
1568700 458
1568710 458
1568720 457
1568730 457
1568740 457
1568750 456
1568760 456
1568770 456
1568780 455
1568790 455
1568800 455
1568810 454
1568820 454
1568830 454
1568840 453
1568850 453
1568860 453
1568870 452
1568880 451
1568890 451
1568900 450
1568910 450
1568920 450
1568930 449
1568940 448
1568950 448
1568960 448
1568970 447
1568980 447
1568990 447
1569000 446
1569010 445
1569020 445
1569030 444
1569040 444
1569050 444
1569060 443
1569070 442
1569080 442
1569090 441
1569100 441
1569110 441
1569120 440
1569130 439
1569140 439
1569150 438
1569160 437
1569170 437
1569180 436
1569190 436
1569200 436
1569210 434
1569220 433
1569230 433
1569240 432
1569250 430
1569260 430
1569270 428
1569280 426
1569290 426
1569300 425
1569310 424
1569320 424
1569330 423
1569340 422
1569350 422
1569360 421
1569370 421
1569380 421
1569390 420
1569400 418
1569410 418
1569420 417
1569430 416
1569440 416
1569450 416
1569460 416
1569470 416
1569480 416
1569490 416
1569500 416
1569510 415
1569520 414
1569530 414
1569540 413
1569550 413
1569560 413
1569570 413
1569580 412
1569590 412
1569600 412
1569610 411
1569620 411
1569630 410
1569640 410
1569650 410
1569660 409
1569670 408
1569680 408
1569690 408
1569700 407
1569710 407
1569720 407
1569730 407
1569740 407
1569750 406
1569760 406
1569770 406
1569780 405
1569790 404
1569800 404
1569810 402
1569820 402
1569830 402
1569840 402
1569850 405
1569860 406
1569870 406
1569880 406
1569890 406
1569900 406
1569910 406
1569920 406
1569930 406
1569940 406
1569950 406
1569960 406
1569970 406
1569980 406
1569990 406
1570000 406
1570010 406
1570020 406
1570030 407
1570040 407
1570050 407
1570060 407
1570070 408
1570080 408
1570090 408
1570100 408
1570110 408
1570120 408
1570130 408
1570140 408
1570150 408
1570160 408
1570170 408
1570180 408
1570190 408
1570200 408
1570210 408
1570220 409
1570230 409
1570240 409
1570250 409
1570260 409
1570270 409
1570280 409
1570290 409
1570300 409
1570310 409
1570320 409
1570330 409
1570340 409
1570350 409
1570360 409
1570370 409
1570380 409
1570390 408
1570400 408
1570410 408
1570420 408
1570430 408
1570440 408
1570450 408
1570460 408
1570470 408
1570480 408
1570490 407
1570500 407
1570510 407
1570520 407
1570530 407
1570540 406
1570550 406
1570560 406
1570570 406
1570580 405
1570590 405
1570600 405
1570610 405
1570620 405
1570630 404
1570640 404
1570650 404
1570660 403
1570670 403
1570680 403
1570690 402
1570700 402
1570710 402
1570720 401
1570730 401
1570740 400
1570750 400
1570760 398
1570770 396
1570780 396
1570790 395
1570800 394
1570810 394
1570820 392
1570830 391
1570840 391
1570850 387
1570860 383
1570870 383
1570880 380
1570890 380
1570900 380
1570910 380
1570920 379
1570930 379
1570940 379
1570950 379
1570960 379
1570970 379
1570980 379
1570990 379
1571000 379
1571010 379
1571020 379
1571030 378
1571040 378
1571050 378
1571060 378
1571070 378
1571080 378
1571090 378
1571100 378
1571110 378
1571120 378
1571130 378
1571140 378
1571150 377
1571160 378
1571170 378
1571180 378
1571190 378
1571200 378
1571210 378
1571220 378
1571230 378
1571240 378
1571250 378
1571260 378
1571270 378
1571280 378
1571290 378
1571300 378
1571310 378
1571320 378
1571330 378
1571340 378
1571350 378
1571360 378
1571370 378
1571380 378
1571390 378
1571400 378
1571410 378
1571420 378
1571430 378
1571440 378
1571450 378
1571460 378
1571470 378
1571480 378
1571490 378
1571500 378
1571510 378
1571520 378
1571530 378
1571540 379
1571550 379
1571560 379
1571570 379
1571580 379
1571590 379
1571600 379
1571610 379
1571620 379
1571630 379
1571640 380
1571650 380
1571660 380
1571670 380
1571680 380
1571690 380
1571700 380
1571710 381
1571720 381
1571730 381
1571740 381
1571750 381
1571760 381
1571770 381
1571780 381
1571790 382
1571800 382
1571810 382
1571820 382
1571830 382
1571840 382
1571850 382
1571860 382
1571870 382
1571880 382
1571890 383
1571900 383
1571910 383
1571920 383
1571930 383
1571940 383
1571950 383
1571960 383
1571970 383
1571980 384
1571990 384
1572000 384
1572010 384
1572020 384
1572030 384
1572040 385
1572050 385
1572060 385
1572070 385
1572080 385
1572090 385
1572100 385
1572110 385
1572120 385
1572130 385
1572140 385
1572150 386
1572160 386
1572170 386
1572180 386
1572190 386
1572200 386
1572210 386
1572220 386
1572230 386
1572240 387
1572250 387
1572260 387
1572270 387
1572280 387
1572290 387
1572300 387
1572310 387
1572320 387
1572330 388
1572340 388
1572350 388
1572360 388
1572370 388
1572380 388
1572390 388
1572400 389
1572410 389
1572420 389
1572430 389
1572440 389
1572450 389
1572460 389
1572470 389
1572480 389
1572490 390
1572500 390
1572510 390
1572520 390
1572530 390
1572540 390
1572550 390
1572560 390
1572570 390
1572580 390
1572590 390
1572600 390
1572610 391
1572620 391
1572630 391
1572640 391
1572650 391
1572660 391
1572670 391
1572680 391
1572690 391
1572700 392
1572710 392
1572720 392
1572730 392
1572740 392
1572750 392
1572760 392
1572770 393
1572780 393
1572790 393
1572800 393
1572810 393
1572820 394
1572830 394
1572840 394
1572850 394
1572860 394
1572870 394
1572880 394
1572890 394
1572900 394
1572910 394
1572920 394
1572930 394
1572940 394
1572950 393
1572960 393
1572970 393
1572980 393
1572990 393
1573000 393
1573010 393
1573020 393
1573030 394
1573040 394
1573050 394
1573060 394
1573070 394
1573080 394
1573090 395
1573100 395
1573110 395
1573120 395
1573130 395
1573140 395
1573150 395
1573160 395
1573170 395
1573180 395
1573190 394
1573200 394
1573210 393
1573220 395
1573230 395
1573240 396
1573250 396
1573260 396
1573270 396
1573280 396
1573290 396
1573300 396
1573310 397
1573320 397
1573330 397
1573340 397
1573350 397
1573360 397
1573370 397
1573380 398
1573390 398
1573400 398
1573410 398
1573420 398
1573430 398
1573440 399
1573450 399
1573460 399
1573470 399
1573480 399
1573490 399
1573500 399
1573510 399
1573520 400
1573530 400
1573540 400
1573550 400
1573560 401
1573570 401
1573580 401
1573590 401
1573600 401
1573610 401
1573620 401
1573630 401
1573640 401
1573650 401
1573660 401
1573670 401
1573680 401
1573690 401
1573700 402
1573710 402
1573720 402
1573730 402
1573740 402
1573750 402
1573760 403
1573770 403
1573780 403
1573790 403
1573800 403
1573810 403
1573820 404
1573830 404
1573840 404
1573850 404
1573860 404
1573870 404
1573880 405
1573890 405
1573900 405
1573910 405
1573920 405
1573930 405
1573940 405
1573950 406
1573960 406
1573970 406
1573980 406
1573990 406
1574000 406
1574010 407
1574020 407
1574030 407
1574040 407
1574050 407
1574060 407
1574070 407
1574080 407
1574090 408
1574100 407
1574110 407
1574120 407
1574130 407
1574140 407
1574150 407
1574160 407
1574170 407
1574180 408
1574190 409
1574200 409
1574210 409
1574220 410
1574230 410
1574240 410
1574250 410
1574260 410
1574270 410
1574280 410
1574290 411
1574300 411
1574310 411
1574320 411
1574330 411
1574340 411
1574350 412
1574360 412
1574370 412
1574380 411
1574390 411
1574400 411
1574410 411
1574420 411
1574430 411
1574440 411
1574450 411
1574460 412
1574470 413
1574480 413
1574490 413
1574500 414
1574510 414
1574520 414
1574530 415
1574540 415
1574550 416
1574560 416
1574570 417
1574580 417
1574590 418
1574600 418
1574610 418
1574620 419
1574630 419
1574640 419
1574650 420
1574660 420
1574670 421
1574680 421
1574690 421
1574700 422
1574710 422
1574720 422
1574730 423
1574740 423
1574750 423
1574760 424
1574770 425
1574780 425
1574790 425
1574800 426
1574810 426
1574820 427
1574830 427
1574840 427
1574850 428
1574860 428
1574870 428
1574880 428
1574890 429
1574900 429
1574910 429
1574920 429
1574930 429
1574940 429
1574950 429
1574960 429
1574970 430
1574980 431
1574990 431
1575000 431
1575010 432
1575020 432
1575030 433
1575040 433
1575050 433
1575060 434
1575070 434
1575080 434
1575090 434
1575100 434
1575110 434
1575120 435
1575130 435
1575140 435
1575150 435
1575160 435
1575170 436
1575180 436
1575190 437
1575200 439
1575210 439
1575220 440
1575230 441
1575240 441
1575250 441
1575260 442
1575270 442
1575280 443
1575290 443
1575300 443
1575310 444
1575320 444
1575330 444
1575340 445
1575350 445
1575360 445
1575370 445
1575380 447
1575390 447
1575400 448
1575410 448
1575420 448
1575430 448
1575440 448
1575450 448
1575460 449
1575470 449
1575480 449
1575490 449
1575500 449
1575510 449
1575520 449
1575530 448
1575540 448
1575550 448
1575560 447
1575570 447
1575580 445
1575590 443
1575600 443
1575610 440
1575620 437
1575630 437
1575640 436
1575650 437
1575660 437
1575670 439
1575680 442
1575690 442
1575700 443
1575710 444
1575720 444
1575730 446
1575740 448
1575750 448
1575760 449
1575770 451
1575780 451
1575790 453
1575800 455
1575810 455
1575820 457
1575830 460
1575840 460
1575850 463
1575860 465
1575870 465
1575880 465
1575890 466
1575900 466
1575910 466
1575920 466
1575930 466
1575940 466
1575950 466
1575960 466
1575970 466
1575980 466
1575990 466
1576000 467
1576010 467
1576020 467
1576030 467
1576040 467
1576050 466
1576060 466
1576070 466
1576080 466
1576090 466
1576100 466
1576110 466
1576120 466
1576130 465
1576140 465
1576150 465
1576160 465
1576170 464
1576180 464
1576190 463
1576200 462
1576210 462
1576220 461
1576230 462
1576240 462
1576250 462
1576260 463
1576270 463
1576280 464
1576290 464
1576300 464
1576310 465
1576320 466
1576330 466
1576340 466
1576350 467
1576360 467
1576370 468
1576380 469
1576390 469
1576400 469
1576410 470
1576420 470
1576430 471
1576440 472
1576450 472
1576460 472
1576470 473
1576480 473
1576490 474
1576500 474
1576510 474
1576520 475
1576530 476
1576540 476
1576550 477
1576560 477
1576570 477
1576580 478
1576590 479
1576600 479
1576610 479
1576620 480
1576630 480
1576640 480
1576650 481
1576660 481
1576670 481
1576680 482
1576690 482
1576700 482
1576710 483
1576720 483
1576730 483
1576740 483
1576750 483
1576760 484
1576770 484
1576780 484
1576790 485
1576800 485
1576810 485
1576820 486
1576830 486
1576840 486
1576850 487
1576860 487
1576870 487
1576880 487
1576890 488
1576900 488
1576910 488
1576920 488
1576930 488
1576940 488
1576950 488
1576960 488
1576970 488
1576980 488
1576990 489
1577000 489
1577010 489
1577020 489
1577030 489
1577040 489
1577050 489
1577060 489
1577070 490
1577080 490
1577090 490
1577100 490
1577110 490
1577120 490
1577130 490
1577140 490
1577150 490
1577160 491
1577170 491
1577180 491
1577190 491
1577200 491
1577210 491
1577220 492
1577230 492
1577240 492
1577250 492
1577260 493
1577270 493
1577280 493
1577290 493
1577300 493
1577310 493
1577320 493
1577330 493
1577340 493
1577350 493
1577360 493
1577370 493
1577380 493
1577390 493
1577400 494
1577410 493
1577420 493
1577430 493
1577440 492
1577450 492
1577460 491
1577470 490
1577480 490
1577490 489
1577500 488
1577510 488
1577520 486
1577530 484
1577540 484
1577550 481
1577560 479
1577570 479
1577580 478
1577590 477
1577600 477
1577610 477
1577620 476
1577630 476
1577640 476
1577650 475
1577660 475
1577670 475
1577680 475
1577690 475
1577700 475
1577710 475
1577720 475
1577730 476
1577740 476
1577750 476
1577760 476
1577770 476
1577780 476
1577790 476
1577800 476
1577810 476
1577820 476
1577830 477
1577840 477
1577850 477
1577860 477
1577870 477
1577880 477
1577890 477
1577900 477
1577910 477
1577920 477
1577930 478
1577940 478
1577950 478
1577960 478
1577970 478
1577980 478
1577990 478
1578000 478
1578010 478
1578020 478
1578030 478
1578040 478
1578050 478
1578060 478
1578070 478
1578080 478
1578090 478
1578100 478
1578110 478
1578120 478
1578130 478
1578140 478
1578150 478
1578160 478
1578170 478
1578180 478
1578190 477
1578200 477
1578210 477
1578220 477
1578230 476
1578240 476
1578250 476
1578260 475
1578270 475
1578280 474
1578290 473
1578300 473
1578310 471
1578320 469
1578330 469
1578340 468
1578350 467
1578360 467
1578370 466
1578380 466
1578390 466
1578400 466
1578410 466
1578420 466
1578430 466
1578440 466
1578450 466
1578460 466
1578470 465
1578480 465
1578490 465
1578500 465
1578510 465
1578520 465
1578530 465
1578540 465
1578550 465
1578560 465
1578570 465
1578580 465
1578590 465
1578600 465
1578610 465
1578620 465
1578630 465
1578640 465
1578650 465
1578660 465
1578670 465
1578680 465
1578690 465
1578700 465
1578710 465
1578720 465
1578730 465
1578740 465
1578750 465
1578760 465
1578770 465
1578780 465
1578790 465
1578800 465
1578810 465
1578820 465
1578830 464
1578840 464
1578850 464
1578860 464
1578870 464
1578880 464
1578890 464
1578900 463
1578910 463
1578920 463
1578930 463
1578940 463
1578950 463
1578960 463
1578970 463
1578980 462
1578990 462
1579000 462
1579010 462
1579020 461
1579030 461
1579040 461
1579050 461
1579060 461
1579070 461
1579080 461
1579090 461
1579100 461
1579110 461
1579120 461
1579130 462
1579140 462
1579150 462
1579160 462
1579170 463
1579180 463
1579190 463
1579200 463
1579210 463
1579220 464
1579230 464
1579240 464
1579250 464
1579260 464
1579270 464
1579280 465
1579290 465
1579300 465
1579310 465
1579320 465
1579330 465
1579340 465
1579350 466
1579360 466
1579370 466
1579380 466
1579390 466
1579400 466
1579410 466
1579420 466
1579430 466
1579440 466
1579450 466
1579460 466
1579470 467
1579480 467
1579490 467
1579500 467
1579510 467
1579520 467
1579530 467
1579540 467
1579550 467
1579560 467
1579570 467
1579580 467
1579590 467
1579600 466
1579610 466
1579620 466
1579630 466
1579640 466
1579650 466
1579660 466
1579670 466
1579680 466
1579690 466
1579700 466
1579710 466
1579720 465
1579730 465
1579740 465
1579750 465
1579760 465
1579770 464
1579780 464
1579790 464
1579800 464
1579810 463
1579820 463
1579830 463
1579840 463
1579850 463
1579860 462
1579870 461
1579880 461
1579890 460
1579900 458
1579910 458
1579920 456
1579930 455
1579940 455
1579950 453
1579960 452
1579970 452
1579980 450
1579990 450
