1560000 453
1560010 453
1560020 453
1560030 453
1560040 453
1560050 452
1560060 452
1560070 452
1560080 452
1560090 452
1560100 452
1560110 452
1560120 452
1560130 452
1560140 452
1560150 452
1560160 452
1560170 452
1560180 452
1560190 452
1560200 452
1560210 452
1560220 452
1560230 452
1560240 452
1560250 452
1560260 452
1560270 452
1560280 452
1560290 451
1560300 451
1560310 451
1560320 451
1560330 451
1560340 451
1560350 450
1560360 450
1560370 450
1560380 450
1560390 450
1560400 450
1560410 450
1560420 450
1560430 449
1560440 449
1560450 449
1560460 449
1560470 449
1560480 449
1560490 448
1560500 448
1560510 448
1560520 448
1560530 448
1560540 447
1560550 447
1560560 447
1560570 447
1560580 447
1560590 447
1560600 447
1560610 447
1560620 447
1560630 447
1560640 447
1560650 447
1560660 447
1560670 447
1560680 448
1560690 448
1560700 448
1560710 449
1560720 449
1560730 449
1560740 449
1560750 449
1560760 449
1560770 450
1560780 450
1560790 450
1560800 450
1560810 450
1560820 450
1560830 450
1560840 451
1560850 450
1560860 450
1560870 450
1560880 450
1560890 450
1560900 451
1560910 451
1560920 451
1560930 451
1560940 451
1560950 451
1560960 451
1560970 451
1560980 451
1560990 452
1561000 452
1561010 452
1561020 452
1561030 452
1561040 452
1561050 452
1561060 452
1561070 452
1561080 452
1561090 452
1561100 452
1561110 452
1561120 452
1561130 452
1561140 451
1561150 451
1561160 451
1561170 451
1561180 451
1561190 451
1561200 451
1561210 451
1561220 451
1561230 450
1561240 450
1561250 450
1561260 450
1561270 450
1561280 449
1561290 449
1561300 449
1561310 448
1561320 448
1561330 448
1561340 447
1561350 447
1561360 447
1561370 447
1561380 446
1561390 446
1561400 446
1561410 446
1561420 446
1561430 446
1561440 447
1561450 447
1561460 447
1561470 448
1561480 448
1561490 448
1561500 449
1561510 449
1561520 449
1561530 449
1561540 450
1561550 450
1561560 450
1561570 450
1561580 450
1561590 450
1561600 450
1561610 450
1561620 450
1561630 450
1561640 450
1561650 450
1561660 450
1561670 450
1561680 450
1561690 450
1561700 450
1561710 450
1561720 450
1561730 450
1561740 450
1561750 450
1561760 450
1561770 450
1561780 450
1561790 450
1561800 450
1561810 450
1561820 450
1561830 450
1561840 450
1561850 450
1561860 450
1561870 450
1561880 450
1561890 450
1561900 449
1561910 449
1561920 449
1561930 449
1561940 449
1561950 449
1561960 449
1561970 449
1561980 449
1561990 449
1562000 449
1562010 449
1562020 449
1562030 449
1562040 449
1562050 448
1562060 448
1562070 448
1562080 448
1562090 448
1562100 448
1562110 447
1562120 447
1562130 447
1562140 447
1562150 447
1562160 447
1562170 447
1562180 447
1562190 447
1562200 447
1562210 447
1562220 447
1562230 447
1562240 447
1562250 447
1562260 448
1562270 448
1562280 448
1562290 448
1562300 448
1562310 448
1562320 448
1562330 448
1562340 449
1562350 449
1562360 449
1562370 448
1562380 448
1562390 448
1562400 448
1562410 448
1562420 448
1562430 448
1562440 448
1562450 448
1562460 448
1562470 448
1562480 448
1562490 448
1562500 448
1562510 448
1562520 448
1562530 448
1562540 448
1562550 448
1562560 448
1562570 448
1562580 448
1562590 449
1562600 449
1562610 449
1562620 449
1562630 449
1562640 449
1562650 449
1562660 449
1562670 449
1562680 449
1562690 449
1562700 449
1562710 449
1562720 449
1562730 449
1562740 449
1562750 449
1562760 449
1562770 448
1562780 448
1562790 448
1562800 448
1562810 447
1562820 447
1562830 446
1562840 446
1562850 446
1562860 445
1562870 445
1562880 445
1562890 444
1562900 443
1562910 443
1562920 442
1562930 442
1562940 442
1562950 441
1562960 441
1562970 441
1562980 441
1562990 442
1563000 442
1563010 441
1563020 441
1563030 441
1563040 441
1563050 441
1563060 441
1563070 441
1563080 441
1563090 441
1563100 441
1563110 441
1563120 441
1563130 441
1563140 440
1563150 440
1563160 440
1563170 440
1563180 440
1563190 439
1563200 439
1563210 439
1563220 438
1563230 437
1563240 437
1563250 435
1563260 432
1563270 432
1563280 429
1563290 427
1563300 427
1563310 427
1563320 427
1563330 427
1563340 427
1563350 427
1563360 427
1563370 427
1563380 427
1563390 427
1563400 427
1563410 428
1563420 428
1563430 428
1563440 428
1563450 428
1563460 430
1563470 434
1563480 434
1563490 436
1563500 437
1563510 437
1563520 437
1563530 438
1563540 439
1563550 439
1563560 439
1563570 440
1563580 440
1563590 441
1563600 442
1563610 442
1563620 443
1563630 444
1563640 444
1563650 444
1563660 445
1563670 445
1563680 446
1563690 447
1563700 447
1563710 448
1563720 449
1563730 449
1563740 450
1563750 451
1563760 451
1563770 451
1563780 452
1563790 452
1563800 453
1563810 453
1563820 453
1563830 453
1563840 454
1563850 454
1563860 454
1563870 454
1563880 454
1563890 454
1563900 454
1563910 454
1563920 454
1563930 453
1563940 453
1563950 453
1563960 451
1563970 451
1563980 450
1563990 448
1564000 448
1564010 446
1564020 445
1564030 445
1564040 445
1564050 446
1564060 446
1564070 447
1564080 447
1564090 447
1564100 448
1564110 449
1564120 449
1564130 449
1564140 449
1564150 449
1564160 449
1564170 448
1564180 448
1564190 449
1564200 449
1564210 449
1564220 449
1564230 449
1564240 449
1564250 449
1564260 450
1564270 450
1564280 450
1564290 451
1564300 451
1564310 451
1564320 452
1564330 452
1564340 452
1564350 453
1564360 453
1564370 453
1564380 454
1564390 454
1564400 454
1564410 455
1564420 455
1564430 455
1564440 456
1564450 456
1564460 458
1564470 459
1564480 461
1564490 461
1564500 463
1564510 464
1564520 464
1564530 465
1564540 467
1564550 467
1564560 468
1564570 470
1564580 470
1564590 471
1564600 472
1564610 472
1564620 473
1564630 474
1564640 474
1564650 475
1564660 476
1564670 476
1564680 476
1564690 476
1564700 476
1564710 476
1564720 476
1564730 476
1564740 477
1564750 477
1564760 477
1564770 477
1564780 477
1564790 477
1564800 477
1564810 477
1564820 477
1564830 477
1564840 476
1564850 476
1564860 475
1564870 475
1564880 475
1564890 476
1564900 478
1564910 478
1564920 479
1564930 480
1564940 480
1564950 481
1564960 482
1564970 482
1564980 483
1564990 484
1565000 484
1565010 484
1565020 485
1565030 485
1565040 486
1565050 486
1565060 486
1565070 487
1565080 488
1565090 488
1565100 488
1565110 489
1565120 489
1565130 489
1565140 490
1565150 490
1565160 491
1565170 491
1565180 491
1565190 491
1565200 492
1565210 492
1565220 493
1565230 493
1565240 493
1565250 494
1565260 494
1565270 494
1565280 495
1565290 495
1565300 495
1565310 496
1565320 496
1565330 496
1565340 497
1565350 497
1565360 497
1565370 498
1565380 499
1565390 499
1565400 500
1565410 501
1565420 501
1565430 502
1565440 502
1565450 502
1565460 503
1565470 504
1565480 504
1565490 504
1565500 505
1565510 505
1565520 505
1565530 505
1565540 505
1565550 505
1565560 504
1565570 504
1565580 504
1565590 504
1565600 504
1565610 504
1565620 504
1565630 504
1565640 504
1565650 504
1565660 503
1565670 503
1565680 503
1565690 502
1565700 502
1565710 502
1565720 501
1565730 501
1565740 501
1565750 501
1565760 501
1565770 501
1565780 501
1565790 501
1565800 500
1565810 500
1565820 500
1565830 500
1565840 500
1565850 500
1565860 499
1565870 499
1565880 499
1565890 499
1565900 498
1565910 498
1565920 498
1565930 497
1565940 497
1565950 497
1565960 496
1565970 496
1565980 496
1565990 495
1566000 495
1566010 495
1566020 494
1566030 494
1566040 494
1566050 493
1566060 493
1566070 493
1566080 493
1566090 493
1566100 492
1566110 492
1566120 492
1566130 491
1566140 491
1566150 491
1566160 490
1566170 490
1566180 490
1566190 490
1566200 489
1566210 489
1566220 489
1566230 489
1566240 489
1566250 489
1566260 488
1566270 488
1566280 488
1566290 488
1566300 488
1566310 488
1566320 488
1566330 488
1566340 487
1566350 487
1566360 487
1566370 487
1566380 487
1566390 487
1566400 486
1566410 486
1566420 486
1566430 486
1566440 485
1566450 485
1566460 485
1566470 484
1566480 484
1566490 484
1566500 483
1566510 482
1566520 482
1566530 482
1566540 481
1566550 481
1566560 479
1566570 478
1566580 478
1566590 476
1566600 475
1566610 475
1566620 475
1566630 477
1566640 477
1566650 481
1566660 485
1566670 485
1566680 486
1566690 486
1566700 486
1566710 485
1566720 481
1566730 481
1566740 479
1566750 479
1566760 479
1566770 480
1566780 480
1566790 480
1566800 481
1566810 482
1566820 482
1566830 483
1566840 484
1566850 484
1566860 484
1566870 485
1566880 485
1566890 486
1566900 486
1566910 486
1566920 487
1566930 488
1566940 488
1566950 488
1566960 489
1566970 489
1566980 490
1566990 490
1567000 490
1567010 491
1567020 492
1567030 492
1567040 492
1567050 493
1567060 493
1567070 493
1567080 494
1567090 494
1567100 494
1567110 495
1567120 495
1567130 495
1567140 496
1567150 496
1567160 496
1567170 497
1567180 497
1567190 498
1567200 498
1567210 498
1567220 499
1567230 499
1567240 499
1567250 500
1567260 500
1567270 500
1567280 500
1567290 501
1567300 501
1567310 501
1567320 502
1567330 502
1567340 502
1567350 502
1567360 502
1567370 502
1567380 503
1567390 503
1567400 503
1567410 503
1567420 503
1567430 503
1567440 503
1567450 503
1567460 503
1567470 503
1567480 503
1567490 503
1567500 502
1567510 502
1567520 502
1567530 502
1567540 501
1567550 501
1567560 501
1567570 501
1567580 501
1567590 500
1567600 500
1567610 500
1567620 499
1567630 498
1567640 498
1567650 497
1567660 497
1567670 497
1567680 496
1567690 495
1567700 495
1567710 495
1567720 494
1567730 494
1567740 493
1567750 491
1567760 491
1567770 491
1567780 490
1567790 490
1567800 489
1567810 488
1567820 488
1567830 487
1567840 486
1567850 486
1567860 485
1567870 484
1567880 484
1567890 483
1567900 482
1567910 482
1567920 481
1567930 480
1567940 480
1567950 479
1567960 478
1567970 478
1567980 477
1567990 476
1568000 476
1568010 475
1568020 474
1568030 474
1568040 473
1568050 473
1568060 473
1568070 471
1568080 470
1568090 470
1568100 470
1568110 471
1568120 471
1568130 471
1568140 470
1568150 470
1568160 470
1568170 470
1568180 470
1568190 469
1568200 469
1568210 469
1568220 468
1568230 467
1568240 467
1568250 467
1568260 466
1568270 466
1568280 465
1568290 463
1568300 463
1568310 461
1568320 459
1568330 459
1568340 458
1568350 455
1568360 455
1568370 453
1568380 452
1568390 452
1568400 450
1568410 448
1568420 446
1568430 446
1568440 444
1568450 442
1568460 442
1568470 440
1568480 439
1568490 439
1568500 438
1568510 437
1568520 437
1568530 438
1568540 441
1568550 441
1568560 446
1568570 448
1568580 448
1568590 450
1568600 451
1568610 451
1568620 453
1568630 454
1568640 454
1568650 455
1568660 457
1568670 457
1568680 458
1568690 459
1568700 459
1568710 459
1568720 460
1568730 460
1568740 461
1568750 462
1568760 462
1568770 463
1568780 464
1568790 464
1568800 464
1568810 465
1568820 465
1568830 465
1568840 466
1568850 466
1568860 466
1568870 466
1568880 465
1568890 465
1568900 465
1568910 465
1568920 465
1568930 465
1568940 465
1568950 464
1568960 464
1568970 464
1568980 463
1568990 463
1569000 463
1569010 462
1569020 462
1569030 462
1569040 461
1569050 460
1569060 460
1569070 460
1569080 459
1569090 459
1569100 459
1569110 458
1569120 458
1569130 458
1569140 457
1569150 457
1569160 456
1569170 456
1569180 456
1569190 455
1569200 455
1569210 455
1569220 454
1569230 454
1569240 454
1569250 454
1569260 453
1569270 453
1569280 453
1569290 452
1569300 452
1569310 452
1569320 452
1569330 452
1569340 451
1569350 451
1569360 451
1569370 450
1569380 449
1569390 449
1569400 449
1569410 448
1569420 447
1569430 447
1569440 446
1569450 446
1569460 446
1569470 445
1569480 444
1569490 444
1569500 442
1569510 441
1569520 441
1569530 439
1569540 437
1569550 437
1569560 435
1569570 431
1569580 431
1569590 429
1569600 428
1569610 428
1569620 427
1569630 426
1569640 426
1569650 425
1569660 424
1569670 424
1569680 423
1569690 421
1569700 421
1569710 420
1569720 418
1569730 418
1569740 416
1569750 414
1569760 414
1569770 411
1569780 408
1569790 408
1569800 406
1569810 405
1569820 405
1569830 403
1569840 402
1569850 402
1569860 401
1569870 400
1569880 400
1569890 399
1569900 398
1569910 398
1569920 398
1569930 398
1569940 398
1569950 398
1569960 401
1569970 401
1569980 406
1569990 412
1570000 412
1570010 417
1570020 420
1570030 420
1570040 421
1570050 422
1570060 422
1570070 422
1570080 423
1570090 423
1570100 424
1570110 424
1570120 424
1570130 424
1570140 425
1570150 425
1570160 425
1570170 425
1570180 425
1570190 424
1570200 424
1570210 424
1570220 424
1570230 423
1570240 423
1570250 423
1570260 422
1570270 422
1570280 421
1570290 420
1570300 420
1570310 419
1570320 418
1570330 418
1570340 418
1570350 417
1570360 417
1570370 417
1570380 416
1570390 416
1570400 415
1570410 415
1570420 415
1570430 415
1570440 415
1570450 415
1570460 415
1570470 415
1570480 415
1570490 415
1570500 415
1570510 415
1570520 415
1570530 415
1570540 414
1570550 414
1570560 414
1570570 414
1570580 414
1570590 413
1570600 412
1570610 412
1570620 412
1570630 411
1570640 411
1570650 411
1570660 411
1570670 411
1570680 410
1570690 410
1570700 410
1570710 410
1570720 410
1570730 410
1570740 409
1570750 409
1570760 409
1570770 408
1570780 408
1570790 408
1570800 407
1570810 406
1570820 406
1570830 404
1570840 403
1570850 403
1570860 401
1570870 400
1570880 400
1570890 398
1570900 397
1570910 397
1570920 395
1570930 394
1570940 394
1570950 393
1570960 391
1570970 391
1570980 390
1570990 389
1571000 389
1571010 388
1571020 387
1571030 387
1571040 386
1571050 384
1571060 384
1571070 383
1571080 382
1571090 382
1571100 381
1571110 379
1571120 379
1571130 379
1571140 378
1571150 378
1571160 377
1571170 376
1571180 376
1571190 375
1571200 374
1571210 374
1571220 373
1571230 370
1571240 370
1571250 370
1571260 371
1571270 371
1571280 371
1571290 371
1571300 371
1571310 371
1571320 371
1571330 371
1571340 370
1571350 370
1571360 370
1571370 370
1571380 370
1571390 369
1571400 369
1571410 369
1571420 369
1571430 369
1571440 369
1571450 369
1571460 369
1571470 369
1571480 368
1571490 368
1571500 368
1571510 368
1571520 368
1571530 368
1571540 368
1571550 368
1571560 367
1571570 367
1571580 367
1571590 366
1571600 366
1571610 366
1571620 366
1571630 366
1571640 366
1571650 366
1571660 366
1571670 366
1571680 365
1571690 365
1571700 365
1571710 365
1571720 365
1571730 365
1571740 365
1571750 363
1571760 363
1571770 364
1571780 365
1571790 365
1571800 366
1571810 366
1571820 366
1571830 366
1571840 366
1571850 366
1571860 366
1571870 366
1571880 366
1571890 366
1571900 366
1571910 366
1571920 366
1571930 366
1571940 366
1571950 366
1571960 366
1571970 366
1571980 367
1571990 367
1572000 367
1572010 366
1572020 366
1572030 366
1572040 368
1572050 370
1572060 370
1572070 373
1572080 376
1572090 376
1572100 379
1572110 381
1572120 381
1572130 382
1572140 384
1572150 384
1572160 385
1572170 387
1572180 387
1572190 389
1572200 390
1572210 390
1572220 392
1572230 393
1572240 393
1572250 395
1572260 396
1572270 396
1572280 398
1572290 399
1572300 399
1572310 400
1572320 402
1572330 402
1572340 403
1572350 404
1572360 404
1572370 405
1572380 406
1572390 407
1572400 407
1572410 408
1572420 409
1572430 409
1572440 410
1572450 411
1572460 411
1572470 412
1572480 413
1572490 413
1572500 413
1572510 414
1572520 414
1572530 415
1572540 416
1572550 416
1572560 417
1572570 418
1572580 418
1572590 418
1572600 419
1572610 419
1572620 420
1572630 421
1572640 421
1572650 422
1572660 422
1572670 422
1572680 423
1572690 424
1572700 424
1572710 424
1572720 425
1572730 425
1572740 425
1572750 426
1572760 426
1572770 426
1572780 427
1572790 427
1572800 427
1572810 427
1572820 427
1572830 428
1572840 428
1572850 428
1572860 428
1572870 428
1572880 428
1572890 428
1572900 429
1572910 429
1572920 429
1572930 429
1572940 429
1572950 429
1572960 428
1572970 428
1572980 428
1572990 428
1573000 428
1573010 428
1573020 428
1573030 428
1573040 428
1573050 427
1573060 427
1573070 427
1573080 427
1573090 427
1573100 427
1573110 427
1573120 427
1573130 427
1573140 427
1573150 427
1573160 427
1573170 427
1573180 427
1573190 427
1573200 427
1573210 427
1573220 427
1573230 427
1573240 427
1573250 427
1573260 427
1573270 427
1573280 427
1573290 427
1573300 427
1573310 428
1573320 428
1573330 428
1573340 428
1573350 428
1573360 426
1573370 426
1573380 426
1573390 426
1573400 426
1573410 426
1573420 426
1573430 426
1573440 426
1573450 426
1573460 426
1573470 426
1573480 426
1573490 426
1573500 426
1573510 426
1573520 426
1573530 426
1573540 425
1573550 425
1573560 425
1573570 426
1573580 426
1573590 426
1573600 426
1573610 426
1573620 426
1573630 426
1573640 426
1573650 426
1573660 426
1573670 426
1573680 426
1573690 426
1573700 426
1573710 427
1573720 427
1573730 427
1573740 427
1573750 427
1573760 427
1573770 427
1573780 426
1573790 426
1573800 426
1573810 427
1573820 427
1573830 427
1573840 426
1573850 426
1573860 426
1573870 427
1573880 427
1573890 427
1573900 427
1573910 427
1573920 428
1573930 428
1573940 428
1573950 427
1573960 427
1573970 427
1573980 427
1573990 427
1574000 427
1574010 428
1574020 428
1574030 428
1574040 429
1574050 431
1574060 431
1574070 431
1574080 431
1574090 431
1574100 432
1574110 433
1574120 433
1574130 433
1574140 433
1574150 433
1574160 432
1574170 432
1574180 432
1574190 432
1574200 432
1574210 432
1574220 432
1574230 432
1574240 432
1574250 432
1574260 432
1574270 432
1574280 432
1574290 432
1574300 432
1574310 431
1574320 430
1574330 430
1574340 431
1574350 430
1574360 428
1574370 428
1574380 428
1574390 429
1574400 429
1574410 428
1574420 428
1574430 428
1574440 430
1574450 432
1574460 432
1574470 434
1574480 436
1574490 436
1574500 438
1574510 441
1574520 441
1574530 444
1574540 446
1574550 446
1574560 449
1574570 450
1574580 450
1574590 451
1574600 453
1574610 453
1574620 454
1574630 455
1574640 455
1574650 455
1574660 456
1574670 456
1574680 457
1574690 458
1574700 458
1574710 458
1574720 459
1574730 459
1574740 460
1574750 460
1574760 460
1574770 461
1574780 461
1574790 461
1574800 461
1574810 461
1574820 461
1574830 462
1574840 462
1574850 462
1574860 462
1574870 462
1574880 462
1574890 463
1574900 463
1574910 463
1574920 463
1574930 463
1574940 463
1574950 463
1574960 463
1574970 463
1574980 464
1574990 464
1575000 464
1575010 464
1575020 464
1575030 464
1575040 465
1575050 465
1575060 465
1575070 465
1575080 465
1575090 465
1575100 466
1575110 466
1575120 466
1575130 466
1575140 466
1575150 466
1575160 467
1575170 467
1575180 467
1575190 467
1575200 467
1575210 467
1575220 467
1575230 467
1575240 467
1575250 468
1575260 468
1575270 468
1575280 468
1575290 468
1575300 468
1575310 468
1575320 468
1575330 468
1575340 468
1575350 468
1575360 468
1575370 468
1575380 468
1575390 468
1575400 468
1575410 468
1575420 468
1575430 468
1575440 469
1575450 470
1575460 470
1575470 471
1575480 471
1575490 471
1575500 472
1575510 472
1575520 472
1575530 473
1575540 474
1575550 474
1575560 474
1575570 475
1575580 475
1575590 475
1575600 476
1575610 476
1575620 476
1575630 477
1575640 477
1575650 477
1575660 477
1575670 477
1575680 478
1575690 478
1575700 478
1575710 479
1575720 479
1575730 479
1575740 480
1575750 480
1575760 480
1575770 480
1575780 481
1575790 481
1575800 481
1575810 482
1575820 482
1575830 482
1575840 483
1575850 483
1575860 483
1575870 483
1575880 483
1575890 484
1575900 484
1575910 484
1575920 485
1575930 485
1575940 485
1575950 485
1575960 486
1575970 486
1575980 486
1575990 486
1576000 486
1576010 487
1576020 487
1576030 487
1576040 487
1576050 487
1576060 487
1576070 488
1576080 488
1576090 488
1576100 488
1576110 488
1576120 488
1576130 489
1576140 489
1576150 489
1576160 489
1576170 489
1576180 489
1576190 490
1576200 490
1576210 490
1576220 490
1576230 490
1576240 490
1576250 490
1576260 490
1576270 490
1576280 490
1576290 490
1576300 490
1576310 490
1576320 490
1576330 490
1576340 490
1576350 490
1576360 490
1576370 490
1576380 490
1576390 490
1576400 490
1576410 490
1576420 489
1576430 489
1576440 488
1576450 488
1576460 488
1576470 487
1576480 487
1576490 487
1576500 486
1576510 485
1576520 485
1576530 484
1576540 483
1576550 483
1576560 482
1576570 480
1576580 480
1576590 479
1576600 477
1576610 477
1576620 476
1576630 476
1576640 476
1576650 475
1576660 474
1576670 474
1576680 474
1576690 473
1576700 473
1576710 472
1576720 472
1576730 472
1576740 471
1576750 470
1576760 470
1576770 470
1576780 469
1576790 469
1576800 469
1576810 468
1576820 468
1576830 467
1576840 466
1576850 466
1576860 465
1576870 464
1576880 464
1576890 464
1576900 464
1576910 464
1576920 463
1576930 462
1576940 462
1576950 462
1576960 463
1576970 463
1576980 464
1576990 464
1577000 464
1577010 464
1577020 464
1577030 464
1577040 464
1577050 464
1577060 464
1577070 464
1577080 464
1577090 464
1577100 465
1577110 465
1577120 465
1577130 466
1577140 466
1577150 466
1577160 467
1577170 467
1577180 467
1577190 467
1577200 467
1577210 467
1577220 468
1577230 468
1577240 468
1577250 468
1577260 468
1577270 468
1577280 467
1577290 467
1577300 467
1577310 467
1577320 467
1577330 467
1577340 467
1577350 466
1577360 466
1577370 466
1577380 465
1577390 463
1577400 463
1577410 462
1577420 460
1577430 460
1577440 459
1577450 458
1577460 458
1577470 456
1577480 454
1577490 454
1577500 455
1577510 456
1577520 456
1577530 458
1577540 460
1577550 460
1577560 462
1577570 463
1577580 463
1577590 465
1577600 466
1577610 466
1577620 468
1577630 468
1577640 468
1577650 470
1577660 471
1577670 471
1577680 472
1577690 472
1577700 472
1577710 472
1577720 473
1577730 473
1577740 473
1577750 473
1577760 473
1577770 473
1577780 473
1577790 473
1577800 474
1577810 474
1577820 474
1577830 474
1577840 474
1577850 474
1577860 474
1577870 474
1577880 474
1577890 474
1577900 474
1577910 474
1577920 474
1577930 473
1577940 473
1577950 473
1577960 472
1577970 472
1577980 472
1577990 471
1578000 471
1578010 471
1578020 470
1578030 470
1578040 470
1578050 469
1578060 469
1578070 469
1578080 468
1578090 468
1578100 467
1578110 467
1578120 467
1578130 466
1578140 466
1578150 466
1578160 466
1578170 466
1578180 466
1578190 466
1578200 466
1578210 466
1578220 466
1578230 466
1578240 466
1578250 467
1578260 467
1578270 467
1578280 467
1578290 467
1578300 467
1578310 467
1578320 467
1578330 467
1578340 467
1578350 467
1578360 467
1578370 467
1578380 467
1578390 468
1578400 468
1578410 468
1578420 467
1578430 467
1578440 467
1578450 467
1578460 467
1578470 467
1578480 467
1578490 467
1578500 467
1578510 467
1578520 467
1578530 467
1578540 467
1578550 467
1578560 467
1578570 467
1578580 467
1578590 467
1578600 466
1578610 466
1578620 466
1578630 466
1578640 466
1578650 466
1578660 465
1578670 465
1578680 465
1578690 465
1578700 465
1578710 465
1578720 464
1578730 464
1578740 464
1578750 464
1578760 464
1578770 463
1578780 463
1578790 463
1578800 462
1578810 461
1578820 461
1578830 461
1578840 460
1578850 460
1578860 459
1578870 459
1578880 459
1578890 458
1578900 458
1578910 458
1578920 457
1578930 457
1578940 457
1578950 457
1578960 457
1578970 457
1578980 457
1578990 456
1579000 456
1579010 457
1579020 457
1579030 457
1579040 457
1579050 457
1579060 457
1579070 457
1579080 457
1579090 457
1579100 457
1579110 457
1579120 457
1579130 457
1579140 456
1579150 456
1579160 455
1579170 455
1579180 455
1579190 455
1579200 455
1579210 455
1579220 455
1579230 455
1579240 455
1579250 455
1579260 454
1579270 454
1579280 453
1579290 452
1579300 451
1579310 451
1579320 450
1579330 450
1579340 450
1579350 449
1579360 448
1579370 448
1579380 447
1579390 446
1579400 446
1579410 445
1579420 443
1579430 443
1579440 442
1579450 440
1579460 440
1579470 439
1579480 437
1579490 437
1579500 436
1579510 436
1579520 436
1579530 435
1579540 434
1579550 434
1579560 434
1579570 433
1579580 433
1579590 433
1579600 433
1579610 433
1579620 432
1579630 432
1579640 432
1579650 432
1579660 431
1579670 431
1579680 430
1579690 431
1579700 431
1579710 431
1579720 431
1579730 431
1579740 430
1579750 430
1579760 430
1579770 430
1579780 430
1579790 430
1579800 430
1579810 429
1579820 429
1579830 429
1579840 429
1579850 429
1579860 428
1579870 428
1579880 428
1579890 427
1579900 427
1579910 427
1579920 427
1579930 426
1579940 426
1579950 425
1579960 425
1579970 425
1579980 424
1579990 424
