1560000 423
1560010 423
1560020 422
1560030 421
1560040 421
1560050 420
1560060 419
1560070 419
1560080 419
1560090 418
1560100 418
1560110 418
1560120 418
1560130 418
1560140 419
1560150 419
1560160 419
1560170 419
1560180 419
1560190 419
1560200 418
1560210 416
1560220 416
1560230 415
1560240 415
1560250 415
1560260 415
1560270 413
1560280 413
1560290 412
1560300 411
1560310 411
1560320 411
1560330 410
1560340 410
1560350 410
1560360 410
1560370 410
1560380 411
1560390 413
1560400 413
1560410 416
1560420 419
1560430 419
1560440 420
1560450 421
1560460 421
1560470 422
1560480 422
1560490 422
1560500 422
1560510 422
1560520 422
1560530 423
1560540 423
1560550 423
1560560 423
1560570 424
1560580 424
1560590 424
1560600 424
1560610 424
1560620 424
1560630 424
1560640 424
1560650 424
1560660 424
1560670 424
1560680 424
1560690 424
1560700 424
1560710 424
1560720 424
1560730 424
1560740 424
1560750 423
1560760 423
1560770 423
1560780 422
1560790 422
1560800 421
1560810 420
1560820 420
1560830 419
1560840 419
1560850 419
1560860 420
1560870 421
1560880 421
1560890 422
1560900 423
1560910 423
1560920 423
1560930 423
1560940 423
1560950 423
1560960 424
1560970 424
1560980 424
1560990 424
1561000 424
1561010 424
1561020 424
1561030 424
1561040 424
1561050 424
1561060 424
1561070 424
1561080 424
1561090 424
1561100 424
1561110 423
1561120 423
1561130 423
1561140 423
1561150 423
1561160 423
1561170 422
1561180 422
1561190 422
1561200 421
1561210 420
1561220 420
1561230 419
1561240 418
1561250 418
1561260 416
1561270 413
1561280 413
1561290 411
1561300 409
1561310 409
1561320 408
1561330 407
1561340 407
1561350 406
1561360 406
1561370 406
1561380 406
1561390 406
1561400 406
1561410 406
1561420 406
1561430 406
1561440 406
1561450 407
1561460 407
1561470 408
1561480 409
1561490 409
1561500 410
1561510 411
1561520 411
1561530 413
1561540 414
1561550 414
1561560 414
1561570 414
1561580 414
1561590 414
1561600 414
1561610 414
1561620 414
1561630 414
1561640 414
1561650 414
1561660 414
1561670 414
1561680 414
1561690 413
1561700 413
1561710 413
1561720 412
1561730 412
1561740 412
1561750 411
1561760 411
1561770 410
1561780 410
1561790 410
1561800 409
1561810 409
1561820 409
1561830 408
1561840 408
1561850 408
1561860 407
1561870 406
1561880 406
1561890 405
1561900 404
1561910 404
1561920 403
1561930 402
1561940 402
1561950 399
1561960 398
1561970 398
1561980 398
1561990 398
1562000 398
1562010 398
1562020 397
1562030 397
1562040 397
1562050 397
1562060 397
1562070 397
1562080 397
1562090 397
1562100 398
1562110 398
1562120 398
1562130 399
1562140 400
1562150 400
1562160 402
1562170 405
1562180 407
1562190 407
1562200 407
1562210 409
1562220 409
1562230 410
1562240 414
1562250 414
1562260 418
1562270 419
1562280 419
1562290 420
1562300 421
1562310 421
1562320 421
1562330 422
1562340 422
1562350 422
1562360 423
1562370 423
1562380 423
1562390 423
1562400 423
1562410 424
1562420 424
1562430 424
1562440 424
1562450 425
1562460 425
1562470 425
1562480 426
1562490 426
1562500 426
1562510 426
1562520 426
1562530 426
1562540 427
1562550 427
1562560 427
1562570 427
1562580 427
1562590 427
1562600 427
1562610 427
1562620 427
1562630 428
1562640 428
1562650 428
1562660 428
1562670 428
1562680 428
1562690 428
1562700 428
1562710 428
1562720 428
1562730 428
1562740 428
1562750 428
1562760 428
1562770 428
1562780 428
1562790 428
1562800 428
1562810 428
1562820 428
1562830 428
1562840 428
1562850 428
1562860 428
1562870 428
1562880 428
1562890 428
1562900 428
1562910 428
1562920 428
1562930 428
1562940 428
1562950 428
1562960 428
1562970 428
1562980 428
1562990 428
1563000 428
1563010 427
1563020 427
1563030 427
1563040 427
1563050 427
1563060 427
1563070 427
1563080 427
1563090 427
1563100 427
1563110 427
1563120 427
1563130 427
1563140 427
1563150 427
1563160 427
1563170 427
1563180 427
1563190 427
1563200 427
1563210 427
1563220 427
1563230 427
1563240 427
1563250 427
1563260 427
1563270 427
1563280 427
1563290 427
1563300 427
1563310 427
1563320 427
1563330 427
1563340 427
1563350 427
1563360 427
1563370 427
1563380 427
1563390 427
1563400 427
1563410 427
1563420 427
1563430 427
1563440 427
1563450 427
1563460 427
1563470 427
1563480 426
1563490 426
1563500 426
1563510 426
1563520 426
1563530 426
1563540 426
1563550 426
1563560 425
1563570 425
1563580 425
1563590 425
1563600 424
1563610 424
1563620 424
1563630 423
1563640 423
1563650 423
1563660 422
1563670 422
1563680 422
1563690 421
1563700 421
1563710 421
1563720 421
1563730 421
1563740 420
1563750 420
1563760 420
1563770 420
1563780 420
1563790 420
1563800 419
1563810 419
1563820 419
1563830 419
1563840 419
1563850 419
1563860 419
1563870 419
1563880 419
1563890 419
1563900 418
1563910 418
1563920 418
1563930 418
1563940 418
1563950 418
1563960 419
1563970 419
1563980 419
1563990 419
1564000 419
1564010 420
1564020 420
1564030 420
1564040 421
1564050 422
1564060 422
1564070 422
1564080 423
1564090 423
1564100 423
1564110 424
1564120 424
1564130 425
1564140 425
1564150 425
1564160 426
1564170 426
1564180 426
1564190 426
1564200 427
1564210 427
1564220 427
1564230 428
1564240 428
1564250 428
1564260 429
1564270 429
1564280 429
1564290 429
1564300 429
1564310 430
1564320 430
1564330 430
1564340 430
1564350 430
1564360 430
1564370 430
1564380 430
1564390 430
1564400 430
1564410 430
1564420 430
1564430 430
1564440 430
1564450 430
1564460 430
1564470 430
1564480 430
1564490 430
1564500 430
1564510 429
1564520 429
1564530 429
1564540 429
1564550 429
1564560 428
1564570 428
1564580 428
1564590 428
1564600 427
1564610 427
1564620 427
1564630 426
1564640 426
1564650 426
1564660 425
1564670 425
1564680 425
1564690 425
1564700 425
1564710 425
1564720 425
1564730 425
1564740 425
1564750 425
1564760 425
1564770 426
1564780 426
1564790 426
1564800 427
1564810 427
1564820 427
1564830 428
1564840 428
1564850 428
1564860 428
1564870 429
1564880 429
1564890 429
1564900 429
1564910 429
1564920 429
1564930 430
1564940 430
1564950 430
1564960 430
1564970 430
1564980 430
1564990 430
1565000 430
1565010 430
1565020 430
1565030 430
1565040 430
1565050 430
1565060 430
1565070 430
1565080 430
1565090 430
1565100 430
1565110 430
1565120 430
1565130 430
1565140 429
1565150 429
1565160 429
1565170 428
1565180 428
1565190 428
1565200 427
1565210 427
1565220 426
1565230 426
1565240 426
1565250 425
1565260 424
1565270 424
1565280 424
1565290 421
1565300 421
1565310 420
1565320 419
1565330 419
1565340 419
1565350 418
1565360 418
1565370 418
1565380 418
1565390 418
1565400 418
1565410 418
1565420 418
1565430 418
1565440 420
1565450 420
1565460 422
1565470 423
1565480 423
1565490 423
1565500 424
1565510 424
1565520 427
1565530 429
1565540 430
1565550 430
1565560 430
1565570 431
1565580 431
1565590 432
1565600 433
1565610 433
1565620 433
1565630 434
1565640 434
1565650 434
1565660 435
1565670 435
1565680 435
1565690 436
1565700 436
1565710 436
1565720 437
1565730 437
1565740 437
1565750 438
1565760 438
1565770 438
1565780 439
1565790 439
1565800 439
1565810 440
1565820 440
1565830 440
1565840 441
1565850 441
1565860 441
1565870 442
1565880 442
1565890 442
1565900 443
1565910 443
1565920 443
1565930 444
1565940 444
1565950 444
1565960 445
1565970 445
1565980 445
1565990 446
1566000 446
1566010 446
1566020 446
1566030 446
1566040 447
1566050 447
1566060 447
1566070 447
1566080 447
1566090 447
1566100 447
1566110 447
1566120 447
1566130 447
1566140 446
1566150 446
1566160 446
1566170 446
1566180 446
1566190 445
1566200 445
1566210 445
1566220 444
1566230 443
1566240 443
1566250 441
1566260 439
1566270 439
1566280 438
1566290 436
1566300 436
1566310 435
1566320 434
1566330 434
1566340 434
1566350 433
1566360 433
1566370 432
1566380 431
1566390 431
1566400 431
1566410 431
1566420 431
1566430 430
1566440 430
1566450 429
1566460 429
1566470 429
1566480 429
1566490 428
1566500 428
1566510 428
1566520 428
1566530 428
1566540 428
1566550 426
1566560 425
1566570 425
1566580 425
1566590 425
1566600 425
1566610 425
1566620 426
1566630 428
1566640 428
1566650 430
1566660 432
1566670 432
1566680 434
1566690 435
1566700 435
1566710 436
1566720 437
1566730 437
1566740 438
1566750 439
1566760 439
1566770 440
1566780 441
1566790 441
1566800 442
1566810 443
1566820 443
1566830 443
1566840 444
1566850 444
1566860 445
1566870 446
1566880 446
1566890 447
1566900 448
1566910 448
1566920 449
1566930 450
1566940 450
1566950 450
1566960 451
1566970 451
1566980 451
1566990 452
1567000 452
1567010 453
1567020 453
1567030 453
1567040 454
1567050 454
1567060 454
1567070 455
1567080 455
1567090 455
1567100 455
1567110 455
1567120 455
1567130 456
1567140 456
1567150 456
1567160 456
1567170 455
1567180 455
1567190 455
1567200 454
1567210 454
1567220 454
1567230 453
1567240 453
1567250 452
1567260 452
1567270 452
1567280 451
1567290 450
1567300 450
1567310 449
1567320 447
1567330 447
1567340 447
1567350 447
1567360 447
1567370 447
1567380 447
1567390 447
1567400 447
1567410 447
1567420 447
1567430 447
1567440 448
1567450 448
1567460 448
1567470 448
1567480 448
1567490 449
1567500 449
1567510 449
1567520 450
1567530 450
1567540 450
1567550 451
1567560 451
1567570 451
1567580 452
1567590 453
1567600 453
1567610 454
1567620 455
1567630 455
1567640 455
1567650 456
1567660 456
1567670 457
1567680 457
1567690 457
1567700 457
1567710 458
1567720 458
1567730 458
1567740 459
1567750 459
1567760 459
1567770 459
1567780 459
1567790 459
1567800 459
1567810 459
1567820 459
1567830 459
1567840 459
1567850 459
1567860 459
1567870 459
1567880 459
1567890 458
1567900 458
1567910 458
1567920 457
1567930 457
1567940 457
1567950 456
1567960 455
1567970 455
1567980 454
1567990 453
1568000 453
1568010 452
1568020 451
1568030 451
1568040 449
1568050 447
1568060 447
1568070 446
1568080 446
1568090 446
1568100 447
1568110 448
1568120 448
1568130 450
1568140 452
1568150 452
1568160 454
1568170 456
1568180 456
1568190 457
1568200 459
1568210 459
1568220 460
1568230 461
1568240 461
1568250 462
1568260 463
1568270 463
1568280 463
1568290 464
1568300 464
1568310 465
1568320 465
1568330 465
1568340 466
1568350 467
1568360 467
1568370 468
1568380 468
1568390 468
1568400 469
1568410 470
1568420 470
1568430 470
1568440 471
1568450 471
1568460 472
1568470 472
1568480 472
1568490 472
1568500 473
1568510 473
1568520 474
1568530 474
1568540 474
1568550 475
1568560 475
1568570 475
1568580 475
1568590 476
1568600 476
1568610 476
1568620 476
1568630 476
1568640 476
1568650 476
1568660 476
1568670 476
1568680 477
1568690 477
1568700 477
1568710 476
1568720 476
1568730 476
1568740 477
1568750 477
1568760 477
1568770 477
1568780 477
1568790 477
1568800 477
1568810 477
1568820 477
1568830 476
1568840 476
1568850 476
1568860 476
1568870 476
1568880 476
1568890 476
1568900 476
1568910 476
1568920 476
1568930 475
1568940 475
1568950 475
1568960 475
1568970 475
1568980 474
1568990 474
1569000 474
1569010 474
1569020 473
1569030 473
1569040 473
1569050 472
1569060 472
1569070 472
1569080 471
1569090 471
1569100 470
1569110 470
1569120 470
1569130 469
1569140 468
1569150 468
1569160 468
1569170 467
1569180 467
1569190 466
1569200 466
1569210 466
1569220 465
1569230 464
1569240 464
1569250 464
1569260 463
1569270 463
1569280 462
1569290 462
1569300 462
1569310 461
1569320 459
1569330 459
1569340 457
1569350 455
1569360 455
1569370 454
1569380 455
1569390 455
1569400 456
1569410 456
1569420 456
1569430 456
1569440 455
1569450 455
1569460 455
1569470 455
1569480 455
1569490 454
1569500 454
1569510 454
1569520 453
1569530 452
1569540 452
1569550 450
1569560 449
1569570 449
1569580 448
1569590 448
1569600 448
1569610 447
1569620 446
1569630 446
1569640 446
1569650 444
1569660 444
1569670 444
1569680 443
1569690 443
1569700 442
1569710 442
1569720 442
1569730 441
1569740 441
1569750 441
1569760 440
1569770 439
1569780 439
1569790 439
1569800 438
1569810 438
1569820 438
1569830 437
1569840 437
1569850 437
1569860 436
1569870 436
1569880 436
1569890 435
1569900 435
1569910 434
1569920 434
1569930 434
1569940 434
1569950 434
1569960 433
1569970 433
1569980 433
1569990 432
1570000 432
1570010 432
1570020 431
1570030 431
1570040 430
1570050 430
1570060 430
1570070 429
1570080 428
1570090 428
1570100 428
1570110 428
1570120 428
1570130 428
1570140 427
1570150 427
1570160 427
1570170 426
1570180 426
1570190 426
1570200 425
1570210 425
1570220 424
1570230 423
1570240 423
1570250 423
1570260 422
1570270 422
1570280 421
1570290 421
1570300 421
1570310 420
1570320 419
1570330 419
1570340 418
1570350 417
1570360 417
1570370 416
1570380 415
1570390 415
1570400 414
1570410 413
1570420 413
1570430 412
1570440 411
1570450 411
1570460 411
1570470 410
1570480 410
1570490 409
1570500 409
1570510 409
1570520 408
1570530 408
1570540 408
1570550 407
1570560 407
1570570 407
1570580 406
1570590 406
1570600 406
1570610 405
1570620 404
1570630 404
1570640 403
1570650 402
1570660 402
1570670 401
1570680 400
1570690 400
1570700 398
1570710 396
1570720 396
1570730 394
1570740 392
1570750 392
1570760 391
1570770 391
1570780 391
1570790 391
1570800 392
1570810 392
1570820 394
1570830 396
1570840 396
1570850 398
1570860 399
1570870 399
1570880 401
1570890 402
1570900 402
1570910 404
1570920 405
1570930 405
1570940 407
1570950 408
1570960 408
1570970 408
1570980 409
1570990 409
1571000 410
1571010 411
1571020 411
1571030 412
1571040 413
1571050 412
1571060 412
1571070 413
1571080 413
1571090 413
1571100 413
1571110 413
1571120 413
1571130 413
1571140 413
1571150 413
1571160 412
1571170 412
1571180 412
1571190 411
1571200 409
1571210 409
1571220 407
1571230 406
1571240 406
1571250 404
1571260 403
1571270 403
1571280 401
1571290 400
1571300 400
1571310 397
1571320 395
1571330 395
1571340 394
1571350 392
1571360 392
1571370 391
1571380 390
1571390 390
1571400 389
1571410 387
1571420 387
1571430 386
1571440 385
1571450 385
1571460 383
1571470 381
1571480 381
1571490 380
1571500 378
1571510 378
1571520 377
1571530 375
1571540 375
1571550 374
1571560 373
1571570 373
1571580 372
1571590 371
1571600 371
1571610 370
1571620 369
1571630 369
1571640 368
1571650 366
1571660 366
1571670 365
1571680 363
1571690 363
1571700 362
1571710 361
1571720 361
1571730 361
1571740 360
1571750 360
1571760 359
1571770 358
1571780 358
1571790 354
1571800 353
1571810 353
1571820 354
1571830 355
1571840 355
1571850 354
1571860 354
1571870 354
1571880 354
1571890 354
1571900 354
1571910 353
1571920 353
1571930 353
1571940 353
1571950 354
1571960 354
1571970 354
1571980 354
1571990 354
1572000 354
1572010 354
1572020 354
1572030 353
1572040 353
1572050 353
1572060 353
1572070 352
1572080 352
1572090 349
1572100 349
1572110 349
1572120 351
1572130 355
1572140 355
1572150 358
1572160 361
1572170 361
1572180 367
1572190 371
1572200 373
1572210 373
1572220 374
1572230 379
1572240 379
1572250 382
1572260 385
1572270 385
1572280 388
1572290 390
1572300 390
1572310 392
1572320 395
1572330 395
1572340 397
1572350 399
1572360 399
1572370 401
1572380 402
1572390 402
1572400 403
1572410 404
1572420 404
1572430 404
1572440 405
1572450 405
1572460 405
1572470 407
1572480 407
1572490 408
1572500 410
1572510 410
1572520 412
1572530 412
1572540 412
1572550 412
1572560 411
1572570 411
1572580 411
1572590 411
1572600 411
1572610 411
1572620 410
1572630 410
1572640 408
1572650 406
1572660 406
1572670 404
1572680 402
1572690 402
1572700 399
1572710 397
1572720 397
1572730 395
1572740 393
1572750 393
1572760 390
1572770 389
1572780 389
1572790 391
1572800 395
1572810 395
1572820 398
1572830 402
1572840 402
1572850 406
1572860 411
1572870 411
1572880 415
1572890 418
1572900 418
1572910 421
1572920 424
1572930 424
1572940 427
1572950 430
1572960 430
1572970 433
1572980 435
1572990 435
1573000 437
1573010 439
1573020 439
1573030 441
1573040 443
1573050 443
1573060 445
1573070 446
1573080 446
1573090 448
1573100 449
1573110 449
1573120 450
1573130 451
1573140 451
1573150 452
1573160 453
1573170 453
1573180 454
1573190 455
1573200 455
1573210 456
1573220 457
1573230 457
1573240 458
1573250 459
1573260 459
1573270 460
1573280 461
1573290 461
1573300 462
1573310 462
1573320 463
1573330 463
1573340 464
1573350 465
1573360 465
1573370 466
1573380 466
1573390 466
1573400 467
1573410 468
1573420 468
1573430 469
1573440 469
1573450 469
1573460 470
1573470 471
1573480 471
1573490 471
1573500 472
1573510 472
1573520 473
1573530 474
1573540 474
1573550 475
1573560 476
1573570 476
1573580 476
1573590 477
1573600 477
1573610 477
1573620 478
1573630 478
1573640 478
1573650 479
1573660 479
1573670 479
1573680 479
1573690 479
1573700 480
1573710 480
1573720 480
1573730 481
1573740 481
1573750 481
1573760 482
1573770 482
1573780 482
1573790 482
1573800 482
1573810 482
1573820 483
1573830 483
1573840 483
1573850 483
1573860 483
1573870 483
1573880 483
1573890 483
1573900 483
1573910 483
1573920 483
1573930 483
1573940 483
1573950 483
1573960 483
1573970 483
1573980 482
1573990 482
1574000 482
1574010 481
1574020 481
1574030 480
1574040 479
1574050 479
1574060 478
1574070 477
1574080 477
1574090 476
1574100 476
1574110 476
1574120 475
1574130 475
1574140 475
1574150 474
1574160 473
1574170 473
1574180 473
1574190 473
1574200 473
1574210 473
1574220 472
1574230 472
1574240 472
1574250 472
1574260 472
1574270 472
1574280 472
1574290 472
1574300 472
1574310 473
1574320 473
1574330 473
1574340 473
1574350 473
1574360 473
1574370 473
1574380 473
1574390 473
1574400 473
1574410 473
1574420 473
1574430 473
1574440 472
1574450 472
1574460 472
1574470 471
1574480 471
1574490 471
1574500 471
1574510 471
1574520 470
1574530 470
1574540 470
1574550 469
1574560 469
1574570 469
1574580 469
1574590 468
1574600 468
1574610 468
1574620 468
1574630 468
1574640 467
1574650 467
1574660 467
1574670 467
1574680 466
1574690 466
1574700 466
1574710 465
1574720 465
1574730 465
1574740 465
1574750 465
1574760 464
1574770 464
1574780 464
1574790 464
1574800 463
1574810 463
1574820 462
1574830 462
1574840 462
1574850 461
1574860 460
1574870 460
1574880 460
1574890 459
1574900 459
1574910 458
1574920 457
1574930 457
1574940 457
1574950 456
1574960 456
1574970 455
1574980 455
1574990 455
1575000 454
1575010 453
1575020 453
1575030 452
1575040 451
1575050 451
1575060 450
1575070 450
1575080 450
1575090 449
1575100 449
1575110 449
1575120 448
1575130 447
1575140 447
1575150 446
1575160 446
1575170 446
1575180 445
1575190 444
1575200 444
1575210 443
1575220 442
1575230 442
1575240 441
1575250 440
1575260 440
1575270 439
1575280 438
1575290 438
1575300 437
1575310 436
1575320 436
1575330 434
1575340 434
1575350 434
1575360 433
1575370 432
1575380 432
1575390 431
1575400 430
1575410 430
1575420 429
1575430 429
1575440 429
1575450 428
1575460 427
1575470 427
1575480 427
1575490 426
1575500 426
1575510 425
1575520 424
1575530 423
1575540 423
1575550 422
1575560 422
1575570 422
1575580 421
1575590 421
1575600 421
1575610 420
1575620 419
1575630 419
1575640 418
1575650 417
1575660 417
1575670 416
1575680 415
1575690 415
1575700 413
1575710 412
1575720 412
1575730 411
1575740 413
1575750 413
1575760 415
1575770 417
1575780 417
1575790 418
1575800 420
1575810 420
1575820 421
1575830 423
1575840 423
1575850 424
1575860 425
1575870 425
1575880 427
1575890 428
1575900 428
1575910 429
1575920 431
1575930 431
1575940 432
1575950 434
1575960 434
1575970 436
1575980 437
1575990 437
1576000 438
1576010 439
1576020 439
1576030 440
1576040 442
1576050 442
1576060 443
1576070 443
1576080 443
1576090 444
1576100 445
1576110 445
1576120 445
1576130 445
1576140 445
1576150 445
1576160 444
1576170 444
1576180 444
1576190 443
1576200 443
1576210 443
1576220 442
1576230 442
1576240 442
1576250 441
1576260 441
1576270 441
1576280 440
1576290 440
1576300 439
1576310 439
1576320 439
1576330 438
1576340 437
1576350 437
1576360 437
1576370 436
1576380 436
1576390 436
1576400 435
1576410 435
1576420 434
1576430 433
1576440 433
1576450 432
1576460 432
1576470 432
1576480 431
1576490 431
1576500 431
1576510 430
1576520 430
1576530 430
1576540 429
1576550 429
1576560 429
1576570 429
1576580 428
1576590 428
1576600 428
1576610 428
1576620 428
1576630 427
1576640 427
1576650 426
1576660 426
1576670 426
1576680 426
1576690 426
1576700 426
1576710 425
1576720 425
1576730 425
1576740 426
1576750 426
1576760 426
1576770 426
1576780 426
1576790 426
1576800 426
1576810 426
1576820 426
1576830 427
1576840 426
1576850 426
1576860 426
1576870 426
1576880 426
1576890 426
1576900 426
1576910 426
1576920 426
1576930 426
1576940 426
1576950 426
1576960 426
1576970 426
1576980 426
1576990 426
1577000 426
1577010 426
1577020 426
1577030 426
1577040 426
1577050 426
1577060 426
1577070 426
1577080 426
1577090 426
1577100 425
1577110 425
1577120 425
1577130 425
1577140 425
1577150 425
1577160 425
1577170 425
1577180 424
1577190 424
1577200 424
1577210 424
1577220 424
1577230 424
1577240 423
1577250 423
1577260 423
1577270 422
1577280 422
1577290 422
1577300 421
1577310 420
1577320 420
1577330 419
1577340 419
1577350 419
1577360 418
1577370 418
1577380 418
1577390 417
1577400 417
1577410 417
1577420 416
1577430 416
1577440 416
1577450 416
1577460 415
1577470 415
1577480 414
1577490 415
1577500 415
1577510 416
1577520 416
1577530 416
1577540 416
1577550 417
1577560 417
1577570 417
1577580 417
1577590 417
1577600 417
1577610 417
1577620 417
1577630 417
1577640 417
1577650 417
1577660 417
1577670 416
1577680 416
1577690 416
1577700 416
1577710 416
1577720 416
1577730 416
1577740 415
1577750 415
1577760 415
1577770 415
1577780 415
1577790 414
1577800 413
1577810 413
1577820 410
1577830 407
1577840 407
1577850 407
1577860 408
1577870 408
1577880 410
1577890 411
1577900 411
1577910 411
1577920 412
1577930 412
1577940 413
1577950 413
1577960 413
1577970 413
1577980 413
1577990 413
1578000 413
1578010 413
1578020 413
1578030 413
1578040 413
1578050 413
1578060 412
1578070 412
1578080 412
1578090 412
1578100 412
1578110 412
1578120 412
1578130 412
1578140 412
1578150 413
1578160 413
1578170 413
1578180 413
1578190 413
1578200 413
1578210 414
1578220 414
1578230 413
1578240 414
1578250 414
1578260 414
1578270 414
1578280 415
1578290 415
1578300 415
1578310 415
1578320 415
1578330 415
1578340 415
1578350 415
1578360 415
1578370 415
1578380 415
1578390 415
1578400 415
1578410 415
1578420 415
1578430 415
1578440 415
1578450 415
1578460 415
1578470 415
1578480 416
1578490 416
1578500 416
1578510 417
1578520 417
1578530 417
1578540 418
1578550 418
1578560 418
1578570 419
1578580 419
1578590 419
1578600 419
1578610 419
1578620 419
1578630 420
1578640 420
1578650 420
1578660 420
1578670 420
1578680 420
1578690 420
1578700 420
1578710 420
1578720 421
1578730 421
1578740 421
1578750 421
1578760 421
1578770 421
1578780 421
1578790 421
1578800 421
1578810 421
1578820 421
1578830 421
1578840 421
1578850 421
1578860 421
1578870 421
1578880 421
1578890 421
1578900 421
1578910 421
1578920 421
1578930 421
1578940 421
1578950 420
1578960 420
1578970 420
1578980 420
1578990 420
1579000 420
1579010 420
1579020 420
1579030 420
1579040 419
1579050 419
1579060 419
1579070 419
1579080 419
1579090 419
1579100 418
1579110 418
1579120 418
1579130 418
1579140 418
1579150 418
1579160 418
1579170 418
1579180 418
1579190 418
1579200 418
1579210 417
1579220 417
1579230 417
1579240 417
1579250 417
1579260 417
1579270 417
1579280 417
1579290 417
1579300 416
1579310 416
1579320 416
1579330 416
1579340 416
1579350 416
1579360 415
1579370 415
1579380 415
1579390 415
1579400 415
1579410 415
1579420 414
1579430 414
1579440 414
1579450 414
1579460 414
1579470 414
1579480 414
1579490 414
1579500 414
1579510 414
1579520 414
1579530 414
1579540 414
1579550 414
1579560 414
1579570 414
1579580 414
1579590 414
1579600 414
1579610 414
1579620 414
1579630 413
1579640 413
1579650 413
1579660 413
1579670 413
1579680 413
1579690 413
1579700 412
1579710 412
1579720 412
1579730 411
1579740 411
1579750 412
1579760 412
1579770 412
1579780 411
1579790 411
1579800 411
1579810 411
1579820 410
1579830 410
1579840 410
1579850 410
1579860 410
1579870 409
1579880 408
1579890 408
1579900 407
1579910 407
1579920 407
1579930 406
1579940 406
1579950 406
1579960 405
1579970 405
1579980 404
1579990 404
