1560000 344
1560010 344
1560020 345
1560030 345
1560040 347
1560050 348
1560060 348
1560070 348
1560080 348
1560090 348
1560100 349
1560110 351
1560120 351
1560130 353
1560140 354
1560150 354
1560160 357
1560170 359
1560180 359
1560190 363
1560200 367
1560210 367
1560220 371
1560230 373
1560240 373
1560250 374
1560260 375
1560270 375
1560280 376
1560290 377
1560300 377
1560310 377
1560320 378
1560330 378
1560340 379
1560350 379
1560360 379
1560370 380
1560380 380
1560390 380
1560400 380
1560410 381
1560420 381
1560430 382
1560440 382
1560450 382
1560460 383
1560470 384
1560480 384
1560490 384
1560500 385
1560510 385
1560520 385
1560530 385
1560540 386
1560550 386
1560560 386
1560570 387
1560580 387
1560590 387
1560600 387
1560610 387
1560620 388
1560630 388
1560640 388
1560650 388
1560660 388
1560670 388
1560680 389
1560690 389
1560700 389
1560710 389
1560720 389
1560730 389
1560740 389
1560750 390
1560760 390
1560770 390
1560780 390
1560790 390
1560800 390
1560810 390
1560820 390
1560830 390
1560840 390
1560850 390
1560860 390
1560870 390
1560880 390
1560890 390
1560900 390
1560910 390
1560920 390
1560930 390
1560940 390
1560950 390
1560960 389
1560970 389
1560980 389
1560990 389
1561000 389
1561010 389
1561020 389
1561030 389
1561040 388
1561050 388
1561060 388
1561070 388
1561080 388
1561090 388
1561100 388
1561110 388
1561120 388
1561130 388
1561140 388
1561150 388
1561160 388
1561170 388
1561180 388
1561190 389
1561200 389
1561210 389
1561220 389
1561230 389
1561240 389
1561250 389
1561260 389
1561270 389
1561280 389
1561290 389
1561300 389
1561310 389
1561320 389
1561330 389
1561340 389
1561350 390
1561360 390
1561370 390
1561380 390
1561390 390
1561400 390
1561410 390
1561420 390
1561430 390
1561440 390
1561450 390
1561460 390
1561470 390
1561480 390
1561490 390
1561500 390
1561510 390
1561520 390
1561530 389
1561540 389
1561550 389
1561560 389
1561570 389
1561580 390
1561590 390
1561600 390
1561610 390
1561620 390
1561630 390
1561640 390
1561650 390
1561660 390
1561670 390
1561680 390
1561690 390
1561700 390
1561710 390
1561720 390
1561730 390
1561740 390
1561750 390
1561760 389
1561770 389
1561780 389
1561790 390
1561800 390
1561810 390
1561820 391
1561830 391
1561840 391
1561850 391
1561860 390
1561870 390
1561880 389
1561890 389
1561900 389
1561910 389
1561920 389
1561930 389
1561940 389
1561950 389
1561960 389
1561970 389
1561980 389
1561990 389
1562000 389
1562010 389
1562020 389
1562030 389
1562040 389
1562050 389
1562060 389
1562070 389
1562080 389
1562090 389
1562100 389
1562110 389
1562120 389
1562130 389
1562140 389
1562150 388
1562160 388
1562170 388
1562180 388
1562190 388
1562200 388
1562210 388
1562220 388
1562230 388
1562240 388
1562250 387
1562260 387
1562270 387
1562280 387
1562290 387
1562300 387
1562310 387
1562320 386
1562330 386
1562340 386
1562350 386
1562360 386
1562370 385
1562380 385
1562390 385
1562400 385
1562410 384
1562420 384
1562430 384
1562440 383
1562450 383
1562460 382
1562470 382
1562480 382
1562490 381
1562500 380
1562510 380
1562520 379
1562530 378
1562540 378
1562550 377
1562560 376
1562570 376
1562580 376
1562590 376
1562600 376
1562610 377
1562620 377
1562630 377
1562640 378
1562650 379
1562660 379
1562670 380
1562680 380
1562690 380
1562700 381
1562710 382
1562720 382
1562730 383
1562740 383
1562750 383
1562760 384
1562770 384
1562780 384
1562790 385
1562800 385
1562810 385
1562820 386
1562830 386
1562840 386
1562850 387
1562860 387
1562870 387
1562880 387
1562890 387
1562900 387
1562910 387
1562920 387
1562930 387
1562940 387
1562950 387
1562960 387
1562970 387
1562980 387
1562990 387
1563000 387
1563010 387
1563020 387
1563030 387
1563040 387
1563050 387
1563060 387
1563070 387
1563080 387
1563090 387
1563100 387
1563110 387
1563120 387
1563130 387
1563140 387
1563150 386
1563160 386
1563170 386
1563180 386
1563190 386
1563200 386
1563210 385
1563220 385
1563230 385
1563240 385
1563250 384
1563260 384
1563270 384
1563280 383
1563290 383
1563300 383
1563310 382
1563320 382
1563330 382
1563340 381
1563350 381
1563360 381
1563370 380
1563380 380
1563390 379
1563400 379
1563410 379
1563420 377
1563430 376
1563440 376
1563450 375
1563460 374
1563470 374
1563480 374
1563490 372
1563500 372
1563510 370
1563520 368
1563530 368
1563540 367
1563550 367
1563560 367
1563570 367
1563580 367
1563590 367
1563600 367
1563610 367
1563620 367
1563630 367
1563640 367
1563650 367
1563660 366
1563670 367
1563680 367
1563690 367
1563700 366
1563710 366
1563720 367
1563730 368
1563740 368
1563750 370
1563760 371
1563770 371
1563780 374
1563790 376
1563800 376
1563810 377
1563820 378
1563830 378
1563840 379
1563850 380
1563860 380
1563870 380
1563880 381
1563890 381
1563900 381
1563910 382
1563920 382
1563930 382
1563940 382
1563950 382
1563960 383
1563970 383
1563980 383
1563990 383
1564000 383
1564010 384
1564020 384
1564030 384
1564040 384
1564050 384
1564060 384
1564070 384
1564080 384
1564090 384
1564100 384
1564110 384
1564120 384
1564130 384
1564140 384
1564150 384
1564160 384
1564170 384
1564180 384
1564190 384
1564200 384
1564210 383
1564220 383
1564230 383
1564240 383
1564250 382
1564260 382
1564270 382
1564280 382
1564290 382
1564300 381
1564310 381
1564320 381
1564330 381
1564340 381
1564350 381
1564360 381
1564370 381
1564380 381
1564390 382
1564400 382
1564410 382
1564420 382
1564430 382
1564440 382
1564450 383
1564460 383
1564470 383
1564480 383
1564490 383
1564500 383
1564510 383
1564520 384
1564530 384
1564540 383
1564550 383
1564560 383
1564570 383
1564580 383
1564590 383
1564600 383
1564610 383
1564620 383
1564630 383
1564640 383
1564650 383
1564660 383
1564670 383
1564680 383
1564690 382
1564700 382
1564710 382
1564720 382
1564730 382
1564740 382
1564750 381
1564760 381
1564770 381
1564780 381
1564790 381
1564800 381
1564810 381
1564820 380
1564830 380
1564840 380
1564850 380
1564860 380
1564870 380
1564880 381
1564890 381
1564900 381
1564910 381
1564920 381
1564930 382
1564940 383
1564950 383
1564960 383
1564970 384
1564980 384
1564990 384
1565000 384
1565010 384
1565020 385
1565030 385
1565040 385
1565050 385
1565060 386
1565070 386
1565080 386
1565090 386
1565100 386
1565110 386
1565120 387
1565130 387
1565140 387
1565150 387
1565160 387
1565170 387
1565180 387
1565190 387
1565200 387
1565210 387
1565220 387
1565230 387
1565240 387
1565250 387
1565260 387
1565270 387
1565280 387
1565290 387
1565300 386
1565310 386
1565320 386
1565330 385
1565340 385
1565350 385
1565360 385
1565370 385
1565380 384
1565390 384
1565400 384
1565410 383
1565420 383
1565430 383
1565440 382
1565450 382
1565460 382
1565470 382
1565480 381
1565490 381
1565500 381
1565510 381
1565520 381
1565530 380
1565540 380
1565550 380
1565560 379
1565570 379
1565580 379
1565590 379
1565600 378
1565610 378
1565620 378
1565630 377
1565640 377
1565650 377
1565660 376
1565670 376
1565680 376
1565690 375
1565700 375
1565710 375
1565720 374
1565730 373
1565740 373
1565750 373
1565760 372
1565770 372
1565780 372
1565790 371
1565800 371
1565810 371
1565820 371
1565830 371
1565840 372
1565850 376
1565860 376
1565870 379
1565880 379
1565890 379
1565900 380
1565910 381
1565920 381
1565930 381
1565940 381
1565950 381
1565960 382
1565970 382
1565980 382
1565990 382
1566000 383
1566010 383
1566020 383
1566030 383
1566040 383
1566050 384
1566060 384
1566070 384
1566080 384
1566090 385
1566100 385
1566110 385
1566120 385
1566130 385
1566140 385
1566150 386
1566160 386
1566170 386
1566180 386
1566190 386
1566200 386
1566210 386
1566220 386
1566230 386
1566240 386
1566250 386
1566260 386
1566270 386
1566280 386
1566290 386
1566300 386
1566310 386
1566320 386
1566330 386
1566340 386
1566350 386
1566360 386
1566370 386
1566380 386
1566390 386
1566400 386
1566410 386
1566420 386
1566430 386
1566440 386
1566450 386
1566460 386
1566470 386
1566480 386
1566490 386
1566500 386
1566510 386
1566520 386
1566530 386
1566540 386
1566550 386
1566560 386
1566570 386
1566580 386
1566590 386
1566600 386
1566610 386
1566620 386
1566630 386
1566640 386
1566650 386
1566660 386
1566670 386
1566680 386
1566690 386
1566700 386
1566710 386
1566720 386
1566730 386
1566740 386
1566750 386
1566760 386
1566770 386
1566780 386
1566790 386
1566800 386
1566810 386
1566820 386
1566830 386
1566840 386
1566850 386
1566860 386
1566870 386
1566880 386
1566890 386
1566900 386
1566910 386
1566920 386
1566930 386
1566940 386
1566950 386
1566960 386
1566970 386
1566980 386
1566990 386
1567000 386
1567010 386
1567020 386
1567030 386
1567040 386
1567050 386
1567060 386
1567070 386
1567080 386
1567090 386
1567100 386
1567110 386
1567120 386
1567130 386
1567140 386
1567150 386
1567160 385
1567170 385
1567180 385
1567190 385
1567200 385
1567210 385
1567220 385
1567230 385
1567240 385
1567250 385
1567260 384
1567270 384
1567280 384
1567290 384
1567300 384
1567310 384
1567320 384
1567330 384
1567340 383
1567350 383
1567360 383
1567370 383
1567380 383
1567390 383
1567400 382
1567410 382
1567420 382
1567430 382
1567440 381
1567450 381
1567460 381
1567470 381
1567480 381
1567490 381
1567500 380
1567510 380
1567520 380
1567530 379
1567540 379
1567550 379
1567560 379
1567570 378
1567580 378
1567590 378
1567600 379
1567610 379
1567620 379
1567630 379
1567640 379
1567650 379
1567660 379
1567670 379
1567680 379
1567690 379
1567700 379
1567710 379
1567720 379
1567730 379
1567740 379
1567750 379
1567760 379
1567770 378
1567780 378
1567790 378
1567800 378
1567810 378
1567820 378
1567830 377
1567840 377
1567850 377
1567860 377
1567870 376
1567880 376
1567890 376
1567900 375
1567910 375
1567920 375
1567930 374
1567940 374
1567950 373
1567960 373
1567970 373
1567980 372
1567990 371
1568000 371
1568010 370
1568020 370
1568030 370
1568040 368
1568050 367
1568060 367
1568070 366
1568080 364
1568090 364
1568100 362
1568110 361
1568120 361
1568130 359
1568140 358
1568150 358
1568160 357
1568170 356
1568180 356
1568190 355
1568200 355
1568210 355
1568220 355
1568230 355
1568240 355
1568250 355
1568260 354
1568270 354
1568280 355
1568290 354
1568300 354
1568310 354
1568320 355
1568330 355
1568340 355
1568350 355
1568360 355
1568370 355
1568380 355
1568390 355
1568400 357
1568410 363
1568420 363
1568430 370
1568440 373
1568450 373
1568460 373
1568470 373
1568480 373
1568490 374
1568500 375
1568510 375
1568520 375
1568530 376
1568540 376
1568550 377
1568560 377
1568570 377
1568580 378
1568590 378
1568600 378
1568610 378
1568620 379
1568630 379
1568640 379
1568650 380
1568660 380
1568670 380
1568680 380
1568690 380
1568700 381
1568710 381
1568720 381
1568730 381
1568740 381
1568750 381
1568760 382
1568770 382
1568780 382
1568790 382
1568800 382
1568810 382
1568820 382
1568830 383
1568840 383
1568850 383
1568860 383
1568870 383
1568880 383
1568890 383
1568900 383
1568910 383
1568920 384
1568930 384
1568940 384
1568950 384
1568960 384
1568970 384
1568980 384
1568990 384
1569000 384
1569010 384
1569020 384
1569030 384
1569040 384
1569050 384
1569060 384
1569070 384
1569080 384
1569090 384
1569100 384
1569110 384
1569120 384
1569130 384
1569140 384
1569150 384
1569160 384
1569170 384
1569180 384
1569190 384
1569200 384
1569210 384
1569220 383
1569230 383
1569240 383
1569250 383
1569260 382
1569270 382
1569280 382
1569290 381
1569300 381
1569310 380
1569320 380
1569330 380
1569340 382
1569350 383
1569360 383
1569370 383
1569380 383
1569390 383
1569400 383
1569410 384
1569420 384
1569430 384
1569440 384
1569450 384
1569460 385
1569470 385
1569480 385
1569490 385
1569500 385
1569510 385
1569520 385
1569530 385
1569540 385
1569550 385
1569560 385
1569570 385
1569580 385
1569590 385
1569600 385
1569610 385
1569620 385
1569630 385
1569640 385
1569650 385
1569660 385
1569670 385
1569680 385
1569690 385
1569700 385
1569710 385
1569720 385
1569730 385
1569740 385
1569750 385
1569760 385
1569770 385
1569780 385
1569790 385
1569800 385
1569810 385
1569820 385
1569830 385
1569840 385
1569850 385
1569860 385
1569870 385
1569880 385
1569890 385
1569900 385
1569910 385
1569920 385
1569930 385
1569940 385
1569950 384
1569960 384
1569970 384
1569980 384
1569990 384
1570000 384
1570010 384
1570020 384
1570030 384
1570040 384
1570050 384
1570060 384
1570070 384
1570080 384
1570090 384
1570100 384
1570110 384
1570120 384
1570130 384
1570140 384
1570150 384
1570160 384
1570170 384
1570180 384
1570190 384
1570200 384
1570210 384
1570220 384
1570230 384
1570240 384
1570250 383
1570260 383
1570270 383
1570280 384
1570290 384
1570300 384
1570310 384
1570320 384
1570330 384
1570340 384
1570350 384
1570360 384
1570370 384
1570380 384
1570390 384
1570400 384
1570410 384
1570420 384
1570430 384
1570440 384
1570450 385
1570460 384
1570470 384
1570480 384
1570490 383
1570500 383
1570510 382
1570520 382
1570530 382
1570540 383
1570550 383
1570560 383
1570570 383
1570580 382
1570590 382
1570600 382
1570610 381
1570620 381
1570630 381
1570640 381
1570650 381
1570660 381
1570670 381
1570680 381
1570690 381
1570700 380
1570710 380
1570720 381
1570730 381
1570740 381
1570750 381
1570760 381
1570770 381
1570780 381
1570790 381
1570800 381
1570810 381
1570820 381
1570830 381
1570840 381
1570850 381
1570860 381
1570870 381
1570880 381
1570890 381
1570900 381
1570910 381
1570920 380
1570930 380
1570940 380
1570950 380
1570960 380
1570970 380
1570980 380
1570990 380
1571000 380
1571010 380
1571020 380
1571030 380
1571040 380
1571050 380
1571060 379
1571070 379
1571080 379
1571090 379
1571100 378
1571110 378
1571120 378
1571130 378
1571140 378
1571150 377
1571160 377
1571170 377
1571180 377
1571190 376
1571200 376
1571210 376
1571220 375
1571230 375
1571240 375
1571250 374
1571260 374
1571270 374
1571280 373
1571290 373
1571300 373
1571310 372
1571320 372
1571330 372
1571340 372
1571350 372
1571360 372
1571370 372
1571380 372
1571390 373
1571400 373
1571410 373
1571420 374
1571430 374
1571440 374
1571450 375
1571460 376
1571470 376
1571480 376
1571490 377
1571500 377
1571510 377
1571520 378
1571530 378
1571540 378
1571550 379
1571560 379
1571570 379
1571580 379
1571590 379
1571600 379
1571610 380
1571620 380
1571630 380
1571640 380
1571650 380
1571660 380
1571670 380
1571680 380
1571690 381
1571700 381
1571710 381
1571720 381
1571730 381
1571740 381
1571750 381
1571760 381
1571770 381
1571780 381
1571790 381
1571800 381
1571810 381
1571820 381
1571830 381
1571840 381
1571850 381
1571860 381
1571870 381
1571880 381
1571890 381
1571900 381
1571910 381
1571920 381
1571930 381
1571940 380
1571950 380
1571960 380
1571970 380
1571980 380
1571990 380
1572000 380
1572010 380
1572020 380
1572030 380
1572040 380
1572050 379
1572060 379
1572070 379
1572080 379
1572090 379
1572100 379
1572110 379
1572120 379
1572130 379
1572140 379
1572150 379
1572160 379
1572170 379
1572180 379
1572190 379
1572200 379
1572210 379
1572220 379
1572230 379
1572240 378
1572250 378
1572260 378
1572270 378
1572280 378
1572290 378
1572300 378
1572310 378
1572320 378
1572330 379
1572340 379
1572350 379
1572360 378
1572370 378
1572380 378
1572390 379
1572400 379
1572410 378
1572420 378
1572430 378
1572440 378
1572450 378
1572460 378
1572470 378
1572480 378
1572490 378
1572500 378
1572510 378
1572520 378
1572530 378
1572540 378
1572550 378
1572560 379
1572570 378
1572580 378
1572590 378
1572600 378
1572610 378
1572620 378
1572630 378
1572640 378
1572650 378
1572660 378
1572670 378
1572680 378
1572690 378
1572700 378
1572710 378
1572720 378
1572730 378
1572740 378
1572750 378
1572760 378
1572770 378
1572780 378
1572790 378
1572800 378
1572810 377
1572820 377
1572830 377
1572840 377
1572850 377
1572860 377
1572870 377
1572880 377
1572890 377
1572900 376
1572910 376
1572920 376
1572930 376
1572940 376
1572950 376
1572960 375
1572970 375
1572980 375
1572990 375
1573000 375
1573010 375
1573020 374
1573030 374
1573040 374
1573050 374
1573060 373
1573070 373
1573080 373
1573090 373
1573100 373
1573110 372
1573120 372
1573130 372
1573140 372
1573150 371
1573160 371
1573170 371
1573180 370
1573190 370
1573200 370
1573210 369
1573220 369
1573230 369
1573240 368
1573250 368
1573260 368
1573270 367
1573280 367
1573290 366
1573300 366
1573310 366
1573320 365
1573330 364
1573340 364
1573350 363
1573360 361
1573370 361
1573380 360
1573390 359
1573400 359
1573410 358
1573420 357
1573430 357
1573440 355
1573450 353
1573460 353
1573470 352
1573480 351
1573490 351
1573500 351
1573510 350
1573520 350
1573530 350
1573540 350
1573550 350
1573560 349
1573570 349
1573580 349
1573590 349
1573600 348
1573610 348
1573620 348
1573630 347
1573640 347
1573650 346
1573660 346
1573670 346
1573680 346
1573690 346
1573700 346
1573710 345
1573720 346
1573730 346
1573740 346
1573750 345
1573760 345
1573770 345
1573780 345
1573790 345
1573800 345
1573810 345
1573820 345
1573830 345
1573840 345
1573850 345
1573860 345
1573870 346
1573880 346
1573890 349
1573900 354
1573910 354
1573920 358
1573930 362
1573940 362
1573950 366
1573960 368
1573970 368
1573980 369
1573990 369
1574000 369
1574010 370
1574020 370
1574030 370
1574040 370
1574050 371
1574060 371
1574070 371
1574080 372
1574090 372
1574100 372
1574110 373
1574120 373
1574130 373
1574140 374
1574150 374
1574160 374
1574170 374
1574180 374
1574190 374
1574200 375
1574210 375
1574220 375
1574230 375
1574240 375
1574250 375
1574260 375
1574270 375
1574280 376
1574290 376
1574300 376
1574310 376
1574320 376
1574330 376
1574340 376
1574350 376
1574360 376
1574370 376
1574380 376
1574390 376
1574400 376
1574410 376
1574420 376
1574430 376
1574440 376
1574450 376
1574460 376
1574470 376
1574480 376
1574490 376
1574500 376
1574510 376
1574520 376
1574530 376
1574540 376
1574550 376
1574560 375
1574570 375
1574580 375
1574590 375
1574600 375
1574610 375
1574620 375
1574630 375
1574640 375
1574650 375
1574660 375
1574670 375
1574680 375
1574690 374
1574700 374
1574710 374
1574720 374
1574730 374
1574740 374
1574750 374
1574760 374
1574770 373
1574780 373
1574790 373
1574800 373
1574810 373
1574820 373
1574830 373
1574840 372
1574850 372
1574860 372
1574870 372
1574880 372
1574890 371
1574900 371
1574910 371
1574920 371
1574930 370
1574940 370
1574950 370
1574960 370
1574970 370
1574980 370
1574990 370
1575000 370
1575010 370
1575020 371
1575030 371
1575040 371
1575050 371
1575060 371
1575070 371
1575080 372
1575090 372
1575100 372
1575110 372
1575120 372
1575130 373
1575140 373
1575150 373
1575160 373
1575170 373
1575180 373
1575190 373
1575200 374
1575210 374
1575220 374
1575230 374
1575240 374
1575250 374
1575260 374
1575270 374
1575280 374
1575290 374
1575300 374
1575310 374
1575320 374
1575330 374
1575340 374
1575350 374
1575360 374
1575370 374
1575380 373
1575390 373
1575400 373
1575410 374
1575420 374
1575430 374
1575440 374
1575450 374
1575460 375
1575470 375
1575480 375
1575490 375
1575500 375
1575510 375
1575520 375
1575530 375
1575540 375
1575550 375
1575560 375
1575570 375
1575580 375
1575590 376
1575600 376
1575610 376
1575620 376
1575630 376
1575640 376
1575650 376
1575660 376
1575670 376
1575680 376
1575690 376
1575700 376
1575710 376
1575720 376
1575730 376
1575740 376
1575750 376
1575760 376
1575770 376
1575780 376
1575790 376
1575800 376
1575810 376
1575820 376
1575830 376
1575840 376
1575850 376
1575860 376
1575870 376
1575880 376
1575890 376
1575900 376
1575910 376
1575920 376
1575930 376
1575940 376
1575950 376
1575960 376
1575970 376
1575980 376
1575990 376
1576000 376
1576010 377
1576020 377
1576030 377
1576040 377
1576050 377
1576060 377
1576070 377
1576080 377
1576090 377
1576100 377
1576110 377
1576120 377
1576130 377
1576140 377
1576150 377
1576160 377
1576170 377
1576180 377
1576190 377
1576200 377
1576210 377
1576220 376
1576230 377
1576240 377
1576250 376
1576260 376
1576270 376
1576280 376
1576290 376
1576300 376
1576310 376
1576320 376
1576330 376
1576340 376
1576350 376
1576360 376
1576370 376
1576380 376
1576390 376
1576400 375
1576410 375
1576420 375
1576430 375
1576440 375
1576450 375
1576460 375
1576470 375
1576480 375
1576490 375
1576500 375
1576510 375
1576520 375
1576530 375
1576540 375
1576550 375
1576560 374
1576570 374
1576580 374
1576590 374
1576600 374
1576610 374
1576620 374
1576630 374
1576640 373
1576650 373
1576660 373
1576670 373
1576680 373
1576690 373
1576700 373
1576710 373
1576720 373
1576730 373
1576740 372
1576750 372
1576760 372
1576770 372
1576780 372
1576790 372
1576800 372
1576810 372
1576820 371
1576830 371
1576840 371
1576850 371
1576860 371
1576870 371
1576880 371
1576890 370
1576900 370
1576910 370
1576920 369
1576930 369
1576940 369
1576950 369
1576960 369
1576970 368
1576980 368
1576990 368
1577000 368
1577010 367
1577020 367
1577030 367
1577040 366
1577050 366
1577060 366
1577070 365
1577080 365
1577090 365
1577100 364
1577110 364
1577120 363
1577130 362
1577140 362
1577150 361
1577160 360
1577170 360
1577180 360
1577190 359
1577200 359
1577210 358
1577220 357
1577230 357
1577240 357
1577250 356
1577260 356
1577270 355
1577280 353
1577290 353
1577300 352
1577310 351
1577320 351
1577330 351
1577340 350
1577350 350
1577360 349
1577370 349
1577380 349
1577390 349
1577400 348
1577410 348
1577420 348
1577430 348
1577440 348
1577450 348
1577460 347
1577470 347
1577480 347
1577490 346
1577500 346
1577510 346
1577520 345
1577530 345
1577540 344
1577550 343
1577560 343
1577570 342
1577580 341
1577590 341
1577600 341
1577610 340
1577620 340
1577630 340
1577640 340
1577650 340
1577660 340
1577670 340
1577680 340
1577690 340
1577700 339
1577710 339
1577720 339
1577730 339
1577740 339
1577750 338
1577760 339
1577770 339
1577780 339
1577790 339
1577800 339
1577810 339
1577820 340
1577830 344
1577840 344
1577850 349
1577860 353
1577870 353
1577880 357
1577890 359
1577900 359
1577910 362
1577920 363
1577930 363
1577940 364
1577950 365
1577960 365
1577970 365
1577980 365
1577990 365
1578000 365
1578010 366
1578020 366
1578030 366
1578040 366
1578050 366
1578060 366
1578070 366
1578080 366
1578090 366
1578100 366
1578110 366
1578120 366
1578130 366
1578140 366
1578150 366
1578160 366
1578170 366
1578180 366
1578190 366
1578200 366
1578210 366
1578220 366
1578230 366
1578240 366
1578250 366
1578260 366
1578270 365
1578280 365
1578290 365
1578300 365
1578310 365
1578320 365
1578330 364
1578340 364
1578350 364
1578360 364
1578370 363
1578380 363
1578390 363
1578400 362
1578410 362
1578420 362
1578430 361
1578440 361
1578450 360
1578460 360
1578470 360
1578480 359
1578490 358
1578500 358
1578510 357
1578520 356
1578530 356
1578540 355
1578550 354
1578560 354
1578570 354
1578580 353
1578590 353
1578600 353
1578610 352
1578620 352
1578630 352
1578640 351
1578650 351
1578660 351
1578670 350
1578680 350
1578690 349
1578700 347
1578710 347
1578720 346
1578730 345
1578740 345
1578750 345
1578760 347
1578770 347
1578780 351
1578790 355
1578800 355
1578810 360
1578820 363
1578830 363
1578840 365
1578850 367
1578860 367
1578870 368
1578880 368
1578890 368
1578900 369
1578910 369
1578920 369
1578930 370
1578940 370
1578950 370
1578960 370
1578970 371
1578980 371
1578990 371
1579000 371
1579010 371
1579020 371
1579030 371
1579040 371
1579050 371
1579060 371
1579070 371
1579080 372
1579090 372
1579100 372
1579110 372
1579120 372
1579130 372
1579140 372
1579150 371
1579160 371
1579170 372
1579180 372
1579190 372
1579200 372
1579210 372
1579220 372
1579230 372
1579240 372
1579250 372
1579260 373
1579270 373
1579280 373
1579290 373
1579300 373
1579310 373
1579320 373
1579330 373
1579340 373
1579350 373
1579360 373
1579370 373
1579380 373
1579390 373
1579400 373
1579410 373
1579420 372
1579430 372
1579440 372
1579450 372
1579460 372
1579470 372
1579480 372
1579490 372
1579500 372
1579510 373
1579520 373
1579530 372
1579540 372
1579550 372
1579560 372
1579570 372
1579580 372
1579590 372
1579600 372
1579610 372
1579620 372
1579630 372
1579640 372
1579650 372
1579660 372
1579670 373
1579680 373
1579690 373
1579700 372
1579710 372
1579720 372
1579730 372
1579740 372
1579750 372
1579760 372
1579770 372
1579780 372
1579790 372
1579800 372
1579810 372
1579820 372
1579830 372
1579840 372
1579850 372
1579860 372
1579870 372
1579880 372
1579890 372
1579900 372
1579910 372
1579920 372
1579930 372
1579940 372
1579950 372
1579960 372
1579970 372
1579980 372
1579990 372
