1560000 323
1560010 323
1560020 323
1560030 323
1560040 323
1560050 323
1560060 323
1560070 323
1560080 323
1560090 323
1560100 323
1560110 323
1560120 323
1560130 323
1560140 323
1560150 323
1560160 322
1560170 322
1560180 322
1560190 322
1560200 322
1560210 321
1560220 321
1560230 321
1560240 321
1560250 321
1560260 321
1560270 321
1560280 321
1560290 321
1560300 321
1560310 321
1560320 321
1560330 321
1560340 321
1560350 321
1560360 321
1560370 321
1560380 321
1560390 321
1560400 321
1560410 321
1560420 321
1560430 321
1560440 321
1560450 321
1560460 321
1560470 321
1560480 321
1560490 321
1560500 321
1560510 321
1560520 321
1560530 321
1560540 321
1560550 321
1560560 321
1560570 321
1560580 321
1560590 321
1560600 321
1560610 321
1560620 321
1560630 321
1560640 321
1560650 321
1560660 321
1560670 321
1560680 321
1560690 321
1560700 321
1560710 321
1560720 321
1560730 321
1560740 321
1560750 321
1560760 321
1560770 321
1560780 321
1560790 321
1560800 321
1560810 321
1560820 321
1560830 321
1560840 321
1560850 321
1560860 321
1560870 321
1560880 321
1560890 321
1560900 321
1560910 321
1560920 321
1560930 321
1560940 321
1560950 321
1560960 321
1560970 321
1560980 321
1560990 321
1561000 321
1561010 321
1561020 321
1561030 321
1561040 321
1561050 321
1561060 320
1561070 320
1561080 320
1561090 320
1561100 320
1561110 320
1561120 320
1561130 320
1561140 320
1561150 321
1561160 321
1561170 321
1561180 320
1561190 320
1561200 320
1561210 321
1561220 321
1561230 321
1561240 320
1561250 320
1561260 320
1561270 320
1561280 320
1561290 320
1561300 320
1561310 320
1561320 320
1561330 320
1561340 320
1561350 320
1561360 320
1561370 320
1561380 320
1561390 320
1561400 320
1561410 320
1561420 320
1561430 320
1561440 320
1561450 320
1561460 320
1561470 321
1561480 320
1561490 320
1561500 319
1561510 318
1561520 318
1561530 318
1561540 319
1561550 319
1561560 320
1561570 320
1561580 320
1561590 320
1561600 320
1561610 320
1561620 320
1561630 320
1561640 320
1561650 320
1561660 319
1561670 319
1561680 320
1561690 320
1561700 320
1561710 320
1561720 320
1561730 320
1561740 320
1561750 319
1561760 319
1561770 319
1561780 319
1561790 319
1561800 319
1561810 319
1561820 319
1561830 319
1561840 319
1561850 319
1561860 319
1561870 319
1561880 319
1561890 319
1561900 319
1561910 319
1561920 319
1561930 319
1561940 319
1561950 319
1561960 319
1561970 319
1561980 319
1561990 318
1562000 318
1562010 318
1562020 318
1562030 318
1562040 318
1562050 318
1562060 318
1562070 318
1562080 318
1562090 318
1562100 318
1562110 318
1562120 318
1562130 318
1562140 318
1562150 318
1562160 318
1562170 318
1562180 317
1562190 317
1562200 317
1562210 317
1562220 317
1562230 317
1562240 317
1562250 317
1562260 317
1562270 317
1562280 317
1562290 317
1562300 317
1562310 317
1562320 317
1562330 317
1562340 317
1562350 317
1562360 317
1562370 317
1562380 317
1562390 317
1562400 317
1562410 317
1562420 317
1562430 317
1562440 317
1562450 317
1562460 317
1562470 317
1562480 317
1562490 317
1562500 316
1562510 316
1562520 316
1562530 316
1562540 316
1562550 316
1562560 316
1562570 317
1562580 317
1562590 317
1562600 317
1562610 317
1562620 317
1562630 317
1562640 317
1562650 316
1562660 316
1562670 316
1562680 316
1562690 316
1562700 316
1562710 316
1562720 316
1562730 316
1562740 316
1562750 316
1562760 316
1562770 316
1562780 316
1562790 316
1562800 316
1562810 316
1562820 316
1562830 316
1562840 316
1562850 316
1562860 316
1562870 316
1562880 316
1562890 316
1562900 316
1562910 316
1562920 316
1562930 316
1562940 316
1562950 316
1562960 316
1562970 316
1562980 316
1562990 316
1563000 316
1563010 316
1563020 316
1563030 316
1563040 315
1563050 314
1563060 314
1563070 313
1563080 313
1563090 313
1563100 314
1563110 314
1563120 314
1563130 314
1563140 314
1563150 314
1563160 314
1563170 314
1563180 314
1563190 313
1563200 313
1563210 313
1563220 313
1563230 313
1563240 313
1563250 313
1563260 313
1563270 313
1563280 313
1563290 313
1563300 313
1563310 313
1563320 313
1563330 313
1563340 312
1563350 312
1563360 312
1563370 312
1563380 312
1563390 312
1563400 313
1563410 313
1563420 313
1563430 313
1563440 313
1563450 313
1563460 313
1563470 313
1563480 313
1563490 313
1563500 312
1563510 312
1563520 312
1563530 312
1563540 312
1563550 312
1563560 312
1563570 312
1563580 312
1563590 312
1563600 312
1563610 312
1563620 312
1563630 312
1563640 313
1563650 313
1563660 313
1563670 313
1563680 313
1563690 313
1563700 313
1563710 313
1563720 313
1563730 313
1563740 313
1563750 313
1563760 313
1563770 313
1563780 313
1563790 313
1563800 313
1563810 313
1563820 313
1563830 313
1563840 313
1563850 313
1563860 313
1563870 313
1563880 313
1563890 313
1563900 313
1563910 313
1563920 313
1563930 313
1563940 313
1563950 313
1563960 313
1563970 314
1563980 314
1563990 314
1564000 314
1564010 314
1564020 314
1564030 314
1564040 314
1564050 314
1564060 314
1564070 314
1564080 314
1564090 314
1564100 314
1564110 314
1564120 314
1564130 313
1564140 313
1564150 313
1564160 313
1564170 313
1564180 313
1564190 312
1564200 312
1564210 311
1564220 311
1564230 311
1564240 311
1564250 311
1564260 311
1564270 311
1564280 311
1564290 311
1564300 311
1564310 311
1564320 311
1564330 311
1564340 311
1564350 311
1564360 310
1564370 311
1564380 311
1564390 311
1564400 310
1564410 310
1564420 310
1564430 310
1564440 310
1564450 310
1564460 310
1564470 310
1564480 310
1564490 310
1564500 310
1564510 310
1564520 310
1564530 310
1564540 310
1564550 310
1564560 310
1564570 310
1564580 310
1564590 310
1564600 310
1564610 310
1564620 310
1564630 311
1564640 311
1564650 311
1564660 311
1564670 310
1564680 311
1564690 311
1564700 311
1564710 311
1564720 311
1564730 311
1564740 311
1564750 311
1564760 311
1564770 311
1564780 311
1564790 312
1564800 312
1564810 312
1564820 312
1564830 312
1564840 312
1564850 312
1564860 311
1564870 311
1564880 311
1564890 311
1564900 311
1564910 310
1564920 307
1564930 307
1564940 306
1564950 306
1564960 306
1564970 307
1564980 307
1564990 307
1565000 307
1565010 307
1565020 307
1565030 307
1565040 307
1565050 307
1565060 307
1565070 307
1565080 307
1565090 307
1565100 307
1565110 307
1565120 307
1565130 307
1565140 307
1565150 307
1565160 307
1565170 307
1565180 307
1565190 307
1565200 307
1565210 307
1565220 307
1565230 307
1565240 306
1565250 306
1565260 306
1565270 306
1565280 306
1565290 306
1565300 306
1565310 306
1565320 306
1565330 306
1565340 305
1565350 305
1565360 305
1565370 305
1565380 305
1565390 305
1565400 305
1565410 305
1565420 305
1565430 306
1565440 306
1565450 306
1565460 306
1565470 306
1565480 306
1565490 306
1565500 306
1565510 306
1565520 306
1565530 306
1565540 306
1565550 306
1565560 306
1565570 306
1565580 306
1565590 306
1565600 306
1565610 306
1565620 306
1565630 306
1565640 306
1565650 306
1565660 306
1565670 307
1565680 307
1565690 307
1565700 306
1565710 306
1565720 306
1565730 306
1565740 306
1565750 306
1565760 307
1565770 307
1565780 306
1565790 306
1565800 306
1565810 306
1565820 306
1565830 306
1565840 306
1565850 306
1565860 306
1565870 306
1565880 306
1565890 306
1565900 306
1565910 306
1565920 306
1565930 305
1565940 305
1565950 305
1565960 305
1565970 305
1565980 305
1565990 305
1566000 305
1566010 305
1566020 305
1566030 305
1566040 305
1566050 306
1566060 306
1566070 306
1566080 305
1566090 305
1566100 305
1566110 305
1566120 305
1566130 305
1566140 305
1566150 305
1566160 305
1566170 305
1566180 305
1566190 305
1566200 305
1566210 305
1566220 305
1566230 305
1566240 305
1566250 305
1566260 305
1566270 305
1566280 305
1566290 305
1566300 305
1566310 305
1566320 305
1566330 305
1566340 305
1566350 305
1566360 305
1566370 305
1566380 305
1566390 304
1566400 304
1566410 304
1566420 304
1566430 304
1566440 304
1566450 304
1566460 304
1566470 303
1566480 304
1566490 304
1566500 304
1566510 304
1566520 304
1566530 304
1566540 304
1566550 304
1566560 304
1566570 304
1566580 304
1566590 304
1566600 304
1566610 304
1566620 304
1566630 304
1566640 304
1566650 304
1566660 304
1566670 304
1566680 305
1566690 304
1566700 304
1566710 304
1566720 304
1566730 304
1566740 304
1566750 304
1566760 304
1566770 304
1566780 304
1566790 304
1566800 304
1566810 304
1566820 304
1566830 304
1566840 304
1566850 304
1566860 304
1566870 304
1566880 304
1566890 304
1566900 304
1566910 304
1566920 304
1566930 304
1566940 304
1566950 304
1566960 304
1566970 304
1566980 303
1566990 303
1567000 303
1567010 303
1567020 303
1567030 303
1567040 303
1567050 303
1567060 303
1567070 303
1567080 303
1567090 303
1567100 303
1567110 303
1567120 303
1567130 303
1567140 303
1567150 303
1567160 303
1567170 304
1567180 304
1567190 304
1567200 303
1567210 303
1567220 303
1567230 303
1567240 303
1567250 304
1567260 303
1567270 303
1567280 303
1567290 303
1567300 303
1567310 303
1567320 303
1567330 303
1567340 303
1567350 303
1567360 303
1567370 303
1567380 303
1567390 303
1567400 303
1567410 303
1567420 303
1567430 303
1567440 303
1567450 303
1567460 303
1567470 303
1567480 303
1567490 303
1567500 303
1567510 303
1567520 303
1567530 303
1567540 303
1567550 303
1567560 303
1567570 303
1567580 303
1567590 303
1567600 303
1567610 303
1567620 303
1567630 303
1567640 303
1567650 303
1567660 303
1567670 303
1567680 303
1567690 303
1567700 303
1567710 303
1567720 303
1567730 303
1567740 303
1567750 303
1567760 303
1567770 303
1567780 302
1567790 302
1567800 302
1567810 302
1567820 302
1567830 302
1567840 302
1567850 302
1567860 302
1567870 302
1567880 302
1567890 302
1567900 303
1567910 303
1567920 303
1567930 303
1567940 303
1567950 303
1567960 303
1567970 303
1567980 303
1567990 303
1568000 303
1568010 302
1568020 302
1568030 302
1568040 302
1568050 302
1568060 302
1568070 302
1568080 302
1568090 302
1568100 301
1568110 299
1568120 299
1568130 298
1568140 298
1568150 298
1568160 298
1568170 298
1568180 298
1568190 298
1568200 298
1568210 298
1568220 297
1568230 298
1568240 298
1568250 298
1568260 298
1568270 298
1568280 298
1568290 298
1568300 298
1568310 298
1568320 297
1568330 297
1568340 297
1568350 297
1568360 297
1568370 297
1568380 297
1568390 297
1568400 297
1568410 297
1568420 297
1568430 297
1568440 298
1568450 298
1568460 299
1568470 300
1568480 300
1568490 301
1568500 301
1568510 301
1568520 300
1568530 301
1568540 301
1568550 301
1568560 301
1568570 301
1568580 301
1568590 301
1568600 301
1568610 301
1568620 301
1568630 301
1568640 301
1568650 301
1568660 301
1568670 301
1568680 301
1568690 301
1568700 300
1568710 300
1568720 300
1568730 300
1568740 300
1568750 300
1568760 300
1568770 301
1568780 301
1568790 301
1568800 301
1568810 301
1568820 301
1568830 301
1568840 301
1568850 301
1568860 301
1568870 301
1568880 301
1568890 301
1568900 301
1568910 301
1568920 301
1568930 301
1568940 301
1568950 301
1568960 301
1568970 301
1568980 301
1568990 301
1569000 300
1569010 300
1569020 300
1569030 300
1569040 300
1569050 300
1569060 300
1569070 300
1569080 300
1569090 300
1569100 300
1569110 300
1569120 300
1569130 300
1569140 300
1569150 300
1569160 300
1569170 300
1569180 300
1569190 300
1569200 300
1569210 300
1569220 300
1569230 300
1569240 300
1569250 300
1569260 300
1569270 300
1569280 300
1569290 300
1569300 300
1569310 300
1569320 300
1569330 299
1569340 298
1569350 298
1569360 298
1569370 298
1569380 298
1569390 298
1569400 299
1569410 299
1569420 299
1569430 299
1569440 299
1569450 299
1569460 299
1569470 299
1569480 299
1569490 299
1569500 299
1569510 299
1569520 299
1569530 299
1569540 298
1569550 298
1569560 298
1569570 298
1569580 298
1569590 298
1569600 298
1569610 299
1569620 299
1569630 299
1569640 300
1569650 300
1569660 300
1569670 300
1569680 300
1569690 300
1569700 299
1569710 299
1569720 299
1569730 299
1569740 299
1569750 299
1569760 299
1569770 299
1569780 299
1569790 299
1569800 299
1569810 299
1569820 299
1569830 299
1569840 299
1569850 299
1569860 299
1569870 298
1569880 298
1569890 298
1569900 298
1569910 299
1569920 299
1569930 299
1569940 299
1569950 299
1569960 299
1569970 299
1569980 299
1569990 299
1570000 299
1570010 299
1570020 299
1570030 299
1570040 299
1570050 299
1570060 299
1570070 299
1570080 299
1570090 299
1570100 299
1570110 299
1570120 299
1570130 299
1570140 299
1570150 298
1570160 298
1570170 298
1570180 298
1570190 298
1570200 298
1570210 298
1570220 298
1570230 298
1570240 298
1570250 298
1570260 298
1570270 298
1570280 298
1570290 298
1570300 298
1570310 298
1570320 298
1570330 298
1570340 298
1570350 298
1570360 298
1570370 298
1570380 298
1570390 298
1570400 298
1570410 298
1570420 298
1570430 298
1570440 298
1570450 298
1570460 298
1570470 298
1570480 298
1570490 298
1570500 298
1570510 298
1570520 298
1570530 298
1570540 298
1570550 298
1570560 298
1570570 297
1570580 297
1570590 297
1570600 297
1570610 297
1570620 297
1570630 297
1570640 297
1570650 297
1570660 297
1570670 297
1570680 297
1570690 297
1570700 297
1570710 297
1570720 297
1570730 297
1570740 297
1570750 297
1570760 297
1570770 297
1570780 298
1570790 300
1570800 300
1570810 301
1570820 303
1570830 303
1570840 304
1570850 304
1570860 304
1570870 304
1570880 304
1570890 304
1570900 304
1570910 304
1570920 304
1570930 304
1570940 303
1570950 303
1570960 302
1570970 301
1570980 301
1570990 299
1571000 298
1571010 298
1571020 297
1571030 297
1571040 297
1571050 297
1571060 297
1571070 297
1571080 297
1571090 297
1571100 297
1571110 297
1571120 297
1571130 297
1571140 297
1571150 297
1571160 297
1571170 297
1571180 297
1571190 297
1571200 297
1571210 297
1571220 297
1571230 297
1571240 297
1571250 297
1571260 297
1571270 297
1571280 297
1571290 297
1571300 297
1571310 297
1571320 297
1571330 296
1571340 296
1571350 297
1571360 297
1571370 297
1571380 297
1571390 297
1571400 297
1571410 296
1571420 296
1571430 296
1571440 296
1571450 296
1571460 296
1571470 296
1571480 296
1571490 296
1571500 296
1571510 296
1571520 296
1571530 296
1571540 296
1571550 296
1571560 295
1571570 295
1571580 295
1571590 293
1571600 291
1571610 291
1571620 290
1571630 289
1571640 289
1571650 289
1571660 289
1571670 289
1571680 289
1571690 289
1571700 289
1571710 289
1571720 289
1571730 289
1571740 289
1571750 289
1571760 289
1571770 289
1571780 290
1571790 290
1571800 291
1571810 292
1571820 292
1571830 294
1571840 295
1571850 295
1571860 297
1571870 298
1571880 298
1571890 298
1571900 296
1571910 296
1571920 297
1571930 298
1571940 298
1571950 298
1571960 296
1571970 296
1571980 292
1571990 289
1572000 289
1572010 288
1572020 289
1572030 289
1572040 289
1572050 289
1572060 289
1572070 289
1572080 289
1572090 289
1572100 289
1572110 289
1572120 289
1572130 289
1572140 289
1572150 289
1572160 288
1572170 288
1572180 288
1572190 288
1572200 288
1572210 288
1572220 288
1572230 288
1572240 288
1572250 288
1572260 288
1572270 288
1572280 288
1572290 288
1572300 288
1572310 288
1572320 288
1572330 288
1572340 288
1572350 288
1572360 288
1572370 288
1572380 288
1572390 288
1572400 288
1572410 288
1572420 288
1572430 288
1572440 288
1572450 288
1572460 288
1572470 288
1572480 288
1572490 288
1572500 288
1572510 288
1572520 288
1572530 288
1572540 288
1572550 288
1572560 288
1572570 288
1572580 288
1572590 288
1572600 288
1572610 288
1572620 288
1572630 288
1572640 288
1572650 288
1572660 288
1572670 288
1572680 288
1572690 288
1572700 289
1572710 289
1572720 289
1572730 289
1572740 289
1572750 289
1572760 289
1572770 289
1572780 289
1572790 289
1572800 289
1572810 289
1572820 289
1572830 289
1572840 289
1572850 289
1572860 288
1572870 288
1572880 288
1572890 288
1572900 288
1572910 288
1572920 288
1572930 288
1572940 288
1572950 288
1572960 288
1572970 288
1572980 288
1572990 289
1573000 289
1573010 289
1573020 289
1573030 289
1573040 290
1573050 291
1573060 291
1573070 292
1573080 293
1573090 293
1573100 294
1573110 294
1573120 294
1573130 294
1573140 294
1573150 294
1573160 294
1573170 294
1573180 294
1573190 294
1573200 294
1573210 294
1573220 294
1573230 294
1573240 294
1573250 295
1573260 295
1573270 295
1573280 296
1573290 297
1573300 297
1573310 297
1573320 297
1573330 297
1573340 297
1573350 297
1573360 297
1573370 297
1573380 296
1573390 296
1573400 295
1573410 294
1573420 294
1573430 293
1573440 293
1573450 293
1573460 293
1573470 293
1573480 293
1573490 293
1573500 293
1573510 293
1573520 293
1573530 293
1573540 293
1573550 293
1573560 293
1573570 293
1573580 293
1573590 293
1573600 293
1573610 294
1573620 294
1573630 294
1573640 294
1573650 294
1573660 294
1573670 293
1573680 293
1573690 293
1573700 293
1573710 293
1573720 293
1573730 293
1573740 293
1573750 293
1573760 293
1573770 293
1573780 293
1573790 293
1573800 293
1573810 293
1573820 293
1573830 293
1573840 293
1573850 293
1573860 293
1573870 293
1573880 293
1573890 293
1573900 293
1573910 293
1573920 293
1573930 293
1573940 293
1573950 293
1573960 293
1573970 293
1573980 293
1573990 293
1574000 293
1574010 293
1574020 293
1574030 293
1574040 293
1574050 293
1574060 293
1574070 293
1574080 293
1574090 293
1574100 292
1574110 292
1574120 292
1574130 292
1574140 292
1574150 292
1574160 292
1574170 292
1574180 292
1574190 292
1574200 292
1574210 292
1574220 292
1574230 292
1574240 292
1574250 292
1574260 292
1574270 292
1574280 292
1574290 292
1574300 292
1574310 292
1574320 292
1574330 291
1574340 291
1574350 291
1574360 291
1574370 292
1574380 292
1574390 292
1574400 292
1574410 292
1574420 292
1574430 292
1574440 292
1574450 292
1574460 292
1574470 292
1574480 292
1574490 292
1574500 292
1574510 292
1574520 291
1574530 291
1574540 291
1574550 292
1574560 292
1574570 292
1574580 293
1574590 293
1574600 293
1574610 293
1574620 293
1574630 293
1574640 293
1574650 293
1574660 293
1574670 293
1574680 293
1574690 293
1574700 293
1574710 293
1574720 293
1574730 293
1574740 293
1574750 293
1574760 293
1574770 293
1574780 293
1574790 293
1574800 293
1574810 293
1574820 293
1574830 293
1574840 290
1574850 289
1574860 289
1574870 288
1574880 289
1574890 289
1574900 293
1574910 296
1574920 296
1574930 295
1574940 295
1574950 295
1574960 294
1574970 293
1574980 293
1574990 293
1575000 293
1575010 293
1575020 292
1575030 292
1575040 292
1575050 292
1575060 292
1575070 292
1575080 292
1575090 293
1575100 293
1575110 292
1575120 292
1575130 292
1575140 292
1575150 292
1575160 292
1575170 292
1575180 291
1575190 291
1575200 291
1575210 291
1575220 291
1575230 291
1575240 291
1575250 291
1575260 291
1575270 291
1575280 291
1575290 292
1575300 292
1575310 292
1575320 293
1575330 293
1575340 293
1575350 293
1575360 293
1575370 293
1575380 292
1575390 292
1575400 292
1575410 292
1575420 292
1575430 292
1575440 292
1575450 292
1575460 292
1575470 292
1575480 292
1575490 292
1575500 292
1575510 292
1575520 292
1575530 292
1575540 292
1575550 292
1575560 292
1575570 292
1575580 292
1575590 292
1575600 291
1575610 291
1575620 291
1575630 291
1575640 291
1575650 291
1575660 291
1575670 291
1575680 291
1575690 291
1575700 291
1575710 291
1575720 291
1575730 291
1575740 291
1575750 291
1575760 292
1575770 292
1575780 292
1575790 292
1575800 292
1575810 292
1575820 292
1575830 292
1575840 292
1575850 292
1575860 292
1575870 291
1575880 291
1575890 291
1575900 291
1575910 291
1575920 291
1575930 291
1575940 291
1575950 291
1575960 291
1575970 291
1575980 291
1575990 291
1576000 292
1576010 292
1576020 292
1576030 292
1576040 292
1576050 292
1576060 292
1576070 292
1576080 292
1576090 292
1576100 292
1576110 292
1576120 292
1576130 292
1576140 292
1576150 292
1576160 292
1576170 292
1576180 292
1576190 292
1576200 292
1576210 292
1576220 292
1576230 292
1576240 292
1576250 292
1576260 292
1576270 292
1576280 292
1576290 292
1576300 292
1576310 292
1576320 292
1576330 293
1576340 293
1576350 293
1576360 293
1576370 293
1576380 293
1576390 293
1576400 293
1576410 293
1576420 293
1576430 293
1576440 292
1576450 292
1576460 292
1576470 293
1576480 293
1576490 293
1576500 293
1576510 293
1576520 293
1576530 293
1576540 293
1576550 293
1576560 293
1576570 293
1576580 293
1576590 292
1576600 292
1576610 292
1576620 292
1576630 292
1576640 292
1576650 292
1576660 292
1576670 292
1576680 292
1576690 292
1576700 292
1576710 292
1576720 292
1576730 292
1576740 292
1576750 292
1576760 292
1576770 292
1576780 292
1576790 292
1576800 292
1576810 292
1576820 292
1576830 292
1576840 292
1576850 292
1576860 292
1576870 292
1576880 292
1576890 292
1576900 292
1576910 292
1576920 292
1576930 292
1576940 292
1576950 292
1576960 292
1576970 292
1576980 292
1576990 291
1577000 291
1577010 291
1577020 292
1577030 292
1577040 292
1577050 292
1577060 292
1577070 292
1577080 292
1577090 292
1577100 292
1577110 292
1577120 292
1577130 293
1577140 295
1577150 295
1577160 296
1577170 298
1577180 298
1577190 300
1577200 305
1577210 305
1577220 311
1577230 318
1577240 318
1577250 325
1577260 332
1577270 332
1577280 335
1577290 335
1577300 335
1577310 335
1577320 336
1577330 336
1577340 337
1577350 336
1577360 336
1577370 335
1577380 335
1577390 335
1577400 339
1577410 346
1577420 346
1577430 352
1577440 355
1577450 355
1577460 356
1577470 356
1577480 356
1577490 357
1577500 357
1577510 357
1577520 358
1577530 358
1577540 358
1577550 357
1577560 358
1577570 358
1577580 358
1577590 359
1577600 359
1577610 359
1577620 359
1577630 359
1577640 360
1577650 360
1577660 360
1577670 360
1577680 360
1577690 360
1577700 360
1577710 360
1577720 360
1577730 361
1577740 361
1577750 361
1577760 361
1577770 361
1577780 361
1577790 361
1577800 361
1577810 361
1577820 361
1577830 362
1577840 362
1577850 362
1577860 362
1577870 362
1577880 362
1577890 362
1577900 362
1577910 362
1577920 362
1577930 362
1577940 362
1577950 362
1577960 362
1577970 362
1577980 362
1577990 362
1578000 362
1578010 362
1578020 362
1578030 362
1578040 362
1578050 362
1578060 362
1578070 362
1578080 362
1578090 362
1578100 361
1578110 361
1578120 362
1578130 362
1578140 362
1578150 361
1578160 361
1578170 361
1578180 361
1578190 361
1578200 361
1578210 361
1578220 361
1578230 361
1578240 361
1578250 360
1578260 360
1578270 360
1578280 360
1578290 360
1578300 360
1578310 360
1578320 360
1578330 360
1578340 360
1578350 360
1578360 360
1578370 360
1578380 360
1578390 360
1578400 360
1578410 360
1578420 359
1578430 359
1578440 359
1578450 359
1578460 359
1578470 359
1578480 359
1578490 359
1578500 359
1578510 359
1578520 359
1578530 359
1578540 358
1578550 358
1578560 358
1578570 358
1578580 358
1578590 358
1578600 358
1578610 358
1578620 358
1578630 358
1578640 357
1578650 357
1578660 357
1578670 357
1578680 357
1578690 357
1578700 357
1578710 357
1578720 357
1578730 357
1578740 356
1578750 356
1578760 356
1578770 356
1578780 356
1578790 356
1578800 356
1578810 356
1578820 356
1578830 356
1578840 356
1578850 356
1578860 356
1578870 356
1578880 356
1578890 356
1578900 356
1578910 356
1578920 356
1578930 356
1578940 356
1578950 356
1578960 356
1578970 356
1578980 356
1578990 356
1579000 356
1579010 355
1579020 355
1579030 355
1579040 355
1579050 355
1579060 355
1579070 355
1579080 355
1579090 354
1579100 354
1579110 354
1579120 354
1579130 353
1579140 353
1579150 353
1579160 352
1579170 352
1579180 352
1579190 351
1579200 351
1579210 351
1579220 350
1579230 350
1579240 350
1579250 349
1579260 349
1579270 348
1579280 347
1579290 347
1579300 346
1579310 346
1579320 346
1579330 345
1579340 344
1579350 344
1579360 343
1579370 342
1579380 342
1579390 341
1579400 339
1579410 339
1579420 338
1579430 336
1579440 336
1579450 334
1579460 333
1579470 333
1579480 331
1579490 330
1579500 330
1579510 328
1579520 327
1579530 327
1579540 326
1579550 325
1579560 325
1579570 324
1579580 324
1579590 324
1579600 325
1579610 324
1579620 324
1579630 324
1579640 324
1579650 324
1579660 323
1579670 323
1579680 323
1579690 323
1579700 323
1579710 323
1579720 322
1579730 322
1579740 322
1579750 322
1579760 322
1579770 322
1579780 322
1579790 321
1579800 321
1579810 321
1579820 321
1579830 321
1579840 321
1579850 320
1579860 320
1579870 320
1579880 320
1579890 320
1579900 319
1579910 319
1579920 319
1579930 319
1579940 319
1579950 319
1579960 318
1579970 318
1579980 318
1579990 318
