1560000 340
1560010 340
1560020 339
1560030 338
1560040 338
1560050 338
1560060 338
1560070 338
1560080 338
1560090 337
1560100 337
1560110 337
1560120 337
1560130 337
1560140 337
1560150 337
1560160 337
1560170 337
1560180 337
1560190 337
1560200 337
1560210 337
1560220 337
1560230 337
1560240 337
1560250 337
1560260 337
1560270 337
1560280 337
1560290 337
1560300 337
1560310 337
1560320 337
1560330 337
1560340 337
1560350 337
1560360 337
1560370 337
1560380 337
1560390 336
1560400 336
1560410 336
1560420 336
1560430 336
1560440 336
1560450 336
1560460 336
1560470 335
1560480 335
1560490 335
1560500 335
1560510 335
1560520 335
1560530 335
1560540 335
1560550 335
1560560 335
1560570 335
1560580 335
1560590 334
1560600 334
1560610 334
1560620 334
1560630 334
1560640 334
1560650 334
1560660 334
1560670 334
1560680 334
1560690 334
1560700 334
1560710 334
1560720 334
1560730 334
1560740 334
1560750 334
1560760 334
1560770 334
1560780 334
1560790 334
1560800 334
1560810 334
1560820 334
1560830 334
1560840 335
1560850 335
1560860 335
1560870 335
1560880 335
1560890 335
1560900 334
1560910 334
1560920 334
1560930 334
1560940 334
1560950 334
1560960 334
1560970 334
1560980 334
1560990 334
1561000 334
1561010 335
1561020 335
1561030 335
1561040 336
1561050 336
1561060 336
1561070 336
1561080 336
1561090 336
1561100 336
1561110 336
1561120 336
1561130 336
1561140 336
1561150 336
1561160 337
1561170 337
1561180 337
1561190 337
1561200 337
1561210 337
1561220 337
1561230 337
1561240 337
1561250 337
1561260 337
1561270 337
1561280 337
1561290 337
1561300 337
1561310 337
1561320 337
1561330 337
1561340 337
1561350 337
1561360 337
1561370 337
1561380 338
1561390 338
1561400 338
1561410 338
1561420 338
1561430 338
1561440 338
1561450 338
1561460 338
1561470 338
1561480 338
1561490 339
1561500 339
1561510 339
1561520 339
1561530 339
1561540 339
1561550 339
1561560 340
1561570 340
1561580 340
1561590 340
1561600 340
1561610 341
1561620 341
1561630 341
1561640 342
1561650 342
1561660 342
1561670 342
1561680 342
1561690 342
1561700 343
1561710 343
1561720 343
1561730 343
1561740 343
1561750 343
1561760 343
1561770 343
1561780 343
1561790 343
1561800 343
1561810 343
1561820 343
1561830 343
1561840 343
1561850 343
1561860 342
1561870 342
1561880 342
1561890 343
1561900 343
1561910 343
1561920 344
1561930 344
1561940 344
1561950 344
1561960 344
1561970 344
1561980 344
1561990 344
1562000 344
1562010 344
1562020 344
1562030 343
1562040 343
1562050 343
1562060 343
1562070 342
1562080 342
1562090 342
1562100 342
1562110 342
1562120 341
1562130 341
1562140 341
1562150 340
1562160 339
1562170 339
1562180 339
1562190 339
1562200 339
1562210 340
1562220 342
1562230 342
1562240 343
1562250 345
1562260 345
1562270 348
1562280 350
1562290 350
1562300 352
1562310 354
1562320 354
1562330 355
1562340 356
1562350 356
1562360 357
1562370 358
1562380 358
1562390 358
1562400 359
1562410 359
1562420 359
1562430 359
1562440 359
1562450 359
1562460 360
1562470 360
1562480 360
1562490 360
1562500 358
1562510 358
1562520 359
1562530 359
1562540 360
1562550 360
1562560 360
1562570 361
1562580 362
1562590 362
1562600 363
1562610 363
1562620 363
1562630 364
1562640 365
1562650 365
1562660 365
1562670 366
1562680 366
1562690 367
1562700 367
1562710 367
1562720 367
1562730 367
1562740 367
1562750 367
1562760 367
1562770 367
1562780 367
1562790 366
1562800 366
1562810 365
1562820 365
1562830 365
1562840 365
1562850 364
1562860 364
1562870 364
1562880 364
1562890 364
1562900 363
1562910 363
1562920 363
1562930 363
1562940 363
1562950 363
1562960 363
1562970 363
1562980 363
1562990 362
1563000 362
1563010 362
1563020 362
1563030 363
1563040 363
1563050 363
1563060 362
1563070 362
1563080 362
1563090 363
1563100 363
1563110 363
1563120 363
1563130 363
1563140 363
1563150 363
1563160 363
1563170 363
1563180 363
1563190 363
1563200 363
1563210 363
1563220 363
1563230 363
1563240 363
1563250 363
1563260 363
1563270 363
1563280 363
1563290 363
1563300 363
1563310 363
1563320 363
1563330 363
1563340 363
1563350 363
1563360 363
1563370 363
1563380 362
1563390 362
1563400 362
1563410 362
1563420 362
1563430 362
1563440 362
1563450 362
1563460 362
1563470 362
1563480 361
1563490 361
1563500 361
1563510 361
1563520 361
1563530 361
1563540 361
1563550 361
1563560 360
1563570 360
1563580 360
1563590 360
1563600 359
1563610 359
1563620 359
1563630 358
1563640 358
1563650 358
1563660 357
1563670 357
1563680 356
1563690 356
1563700 354
1563710 354
1563720 353
1563730 352
1563740 352
1563750 352
1563760 351
1563770 351
1563780 350
1563790 349
1563800 349
1563810 348
1563820 347
1563830 347
1563840 347
1563850 346
1563860 346
1563870 346
1563880 345
1563890 345
1563900 345
1563910 345
1563920 345
1563930 344
1563940 344
1563950 344
1563960 343
1563970 343
1563980 343
1563990 342
1564000 342
1564010 342
1564020 341
1564030 341
1564040 341
1564050 340
1564060 340
1564070 340
1564080 339
1564090 338
1564100 338
1564110 337
1564120 336
1564130 336
1564140 336
1564150 336
1564160 336
1564170 335
1564180 334
1564190 334
1564200 334
1564210 333
1564220 333
1564230 332
1564240 331
1564250 331
1564260 331
1564270 330
1564280 330
1564290 330
1564300 330
1564310 330
1564320 330
1564330 329
1564340 329
1564350 329
1564360 328
1564370 328
1564380 328
1564390 327
1564400 327
1564410 327
1564420 327
1564430 327
1564440 327
1564450 326
1564460 326
1564470 325
1564480 325
1564490 325
1564500 324
1564510 324
1564520 324
1564530 324
1564540 323
1564550 323
1564560 323
1564570 323
1564580 323
1564590 322
1564600 323
1564610 323
1564620 323
1564630 323
1564640 323
1564650 323
1564660 323
1564670 323
1564680 323
1564690 323
1564700 323
1564710 323
1564720 323
1564730 323
1564740 323
1564750 324
1564760 324
1564770 325
1564780 327
1564790 327
1564800 328
1564810 330
1564820 330
1564830 331
1564840 333
1564850 333
1564860 335
1564870 337
1564880 337
1564890 338
1564900 339
1564910 339
1564920 339
1564930 340
1564940 340
1564950 340
1564960 341
1564970 341
1564980 342
1564990 342
1565000 342
1565010 343
1565020 343
1565030 343
1565040 343
1565050 343
1565060 343
1565070 343
1565080 343
1565090 343
1565100 343
1565110 342
1565120 342
1565130 342
1565140 341
1565150 341
1565160 340
1565170 339
1565180 339
1565190 338
1565200 337
1565210 337
1565220 337
1565230 338
1565240 338
1565250 339
1565260 340
1565270 340
1565280 341
1565290 342
1565300 342
1565310 342
1565320 343
1565330 343
1565340 343
1565350 344
1565360 344
1565370 344
1565380 344
1565390 344
1565400 344
1565410 344
1565420 344
1565430 344
1565440 344
1565450 344
1565460 344
1565470 344
1565480 344
1565490 344
1565500 344
1565510 344
1565520 344
1565530 344
1565540 344
1565550 344
1565560 344
1565570 344
1565580 344
1565590 344
1565600 344
1565610 344
1565620 344
1565630 344
1565640 344
1565650 344
1565660 344
1565670 344
1565680 344
1565690 344
1565700 344
1565710 344
1565720 344
1565730 344
1565740 344
1565750 344
1565760 344
1565770 344
1565780 344
1565790 344
1565800 344
1565810 344
1565820 344
1565830 344
1565840 344
1565850 344
1565860 344
1565870 344
1565880 344
1565890 344
1565900 344
1565910 343
1565920 343
1565930 343
1565940 343
1565950 343
1565960 343
1565970 342
1565980 342
1565990 342
1566000 342
1566010 341
1566020 341
1566030 341
1566040 340
1566050 340
1566060 340
1566070 340
1566080 340
1566090 339
1566100 339
1566110 339
1566120 338
1566130 338
1566140 338
1566150 338
1566160 337
1566170 337
1566180 337
1566190 336
1566200 336
1566210 336
1566220 335
1566230 335
1566240 335
1566250 335
1566260 335
1566270 334
1566280 334
1566290 334
1566300 334
1566310 333
1566320 333
1566330 333
1566340 333
1566350 333
1566360 332
1566370 331
1566380 331
1566390 331
1566400 330
1566410 330
1566420 330
1566430 329
1566440 329
1566450 329
1566460 329
1566470 329
1566480 329
1566490 329
1566500 329
1566510 330
1566520 334
1566530 334
1566540 336
1566550 338
1566560 338
1566570 339
1566580 339
1566590 339
1566600 340
1566610 340
1566620 340
1566630 341
1566640 341
1566650 341
1566660 341
1566670 341
1566680 341
1566690 341
1566700 342
1566710 342
1566720 342
1566730 342
1566740 342
1566750 342
1566760 342
1566770 342
1566780 342
1566790 342
1566800 342
1566810 342
1566820 342
1566830 342
1566840 341
1566850 341
1566860 341
1566870 342
1566880 342
1566890 342
1566900 342
1566910 341
1566920 341
1566930 342
1566940 342
1566950 342
1566960 342
1566970 342
1566980 342
1566990 342
1567000 342
1567010 342
1567020 342
1567030 341
1567040 341
1567050 341
1567060 341
1567070 341
1567080 341
1567090 341
1567100 341
1567110 341
1567120 341
1567130 341
1567140 341
1567150 341
1567160 341
1567170 341
1567180 340
1567190 340
1567200 340
1567210 340
1567220 340
1567230 340
1567240 340
1567250 340
1567260 340
1567270 340
1567280 340
1567290 340
1567300 339
1567310 339
1567320 339
1567330 339
1567340 339
1567350 338
1567360 338
1567370 338
1567380 338
1567390 337
1567400 337
1567410 337
1567420 336
1567430 336
1567440 336
1567450 335
1567460 335
1567470 335
1567480 334
1567490 334
1567500 333
1567510 332
1567520 332
1567530 331
1567540 330
1567550 330
1567560 329
1567570 328
1567580 328
1567590 327
1567600 327
1567610 327
1567620 327
1567630 327
1567640 327
1567650 328
1567660 330
1567670 330
1567680 330
1567690 331
1567700 331
1567710 332
1567720 332
1567730 332
1567740 333
1567750 334
1567760 334
1567770 334
1567780 335
1567790 335
1567800 335
1567810 336
1567820 336
1567830 336
1567840 336
1567850 336
1567860 337
1567870 337
1567880 337
1567890 337
1567900 337
1567910 337
1567920 337
1567930 338
1567940 338
1567950 338
1567960 338
1567970 338
1567980 338
1567990 338
1568000 338
1568010 338
1568020 338
1568030 338
1568040 338
1568050 337
1568060 337
1568070 337
1568080 337
1568090 337
1568100 337
1568110 337
1568120 337
1568130 337
1568140 337
1568150 337
1568160 337
1568170 336
1568180 336
1568190 336
1568200 336
1568210 336
1568220 336
1568230 335
1568240 335
1568250 335
1568260 335
1568270 335
1568280 334
1568290 334
1568300 334
1568310 333
1568320 333
1568330 333
1568340 332
1568350 332
1568360 332
1568370 332
1568380 331
1568390 331
1568400 331
1568410 330
1568420 330
1568430 330
1568440 329
1568450 329
1568460 329
1568470 328
1568480 328
1568490 328
1568500 327
1568510 327
1568520 326
1568530 326
1568540 326
1568550 325
1568560 324
1568570 324
1568580 323
1568590 323
1568600 323
1568610 322
1568620 322
1568630 322
1568640 322
1568650 322
1568660 322
1568670 322
1568680 322
1568690 322
1568700 322
1568710 322
1568720 322
1568730 323
1568740 323
1568750 323
1568760 323
1568770 323
1568780 323
1568790 323
1568800 324
1568810 324
1568820 324
1568830 324
1568840 324
1568850 324
1568860 325
1568870 325
1568880 325
1568890 325
1568900 326
1568910 326
1568920 326
1568930 326
1568940 326
1568950 326
1568960 326
1568970 326
1568980 326
1568990 325
1569000 325
1569010 325
1569020 324
1569030 324
1569040 324
1569050 323
1569060 323
1569070 322
1569080 322
1569090 322
1569100 322
1569110 322
1569120 322
1569130 322
1569140 322
1569150 322
1569160 321
1569170 320
1569180 320
1569190 320
1569200 320
1569210 320
1569220 319
1569230 319
1569240 319
1569250 319
1569260 318
1569270 318
1569280 318
1569290 318
1569300 318
1569310 317
1569320 317
1569330 317
1569340 317
1569350 316
1569360 316
1569370 316
1569380 316
1569390 316
1569400 315
1569410 315
1569420 315
1569430 315
1569440 315
1569450 315
1569460 315
1569470 315
1569480 315
1569490 315
1569500 315
1569510 315
1569520 315
1569530 314
1569540 314
1569550 314
1569560 314
1569570 314
1569580 314
1569590 314
1569600 314
1569610 314
1569620 314
1569630 314
1569640 314
1569650 314
1569660 314
1569670 314
1569680 314
1569690 314
1569700 314
1569710 314
1569720 314
1569730 314
1569740 314
1569750 314
1569760 314
1569770 314
1569780 314
1569790 314
1569800 314
1569810 314
1569820 314
1569830 314
1569840 314
1569850 314
1569860 314
1569870 314
1569880 314
1569890 314
1569900 314
1569910 314
1569920 314
1569930 314
1569940 313
1569950 313
1569960 313
1569970 313
1569980 313
1569990 313
1570000 313
1570010 313
1570020 313
1570030 313
1570040 313
1570050 313
1570060 313
1570070 313
1570080 313
1570090 313
1570100 313
1570110 313
1570120 313
1570130 313
1570140 313
1570150 313
1570160 313
1570170 313
1570180 312
1570190 312
1570200 312
1570210 312
1570220 312
1570230 312
1570240 312
1570250 312
1570260 312
1570270 312
1570280 312
1570290 312
1570300 312
1570310 312
1570320 312
1570330 311
1570340 311
1570350 311
1570360 311
1570370 311
1570380 311
1570390 311
1570400 311
1570410 311
1570420 311
1570430 311
1570440 311
1570450 311
1570460 311
1570470 311
1570480 311
1570490 311
1570500 311
1570510 311
1570520 311
1570530 311
1570540 311
1570550 311
1570560 311
1570570 311
1570580 311
1570590 311
1570600 311
1570610 311
1570620 311
1570630 311
1570640 310
1570650 310
1570660 310
1570670 310
1570680 310
1570690 310
1570700 310
1570710 310
1570720 310
1570730 310
1570740 310
1570750 310
1570760 309
1570770 309
1570780 309
1570790 309
1570800 309
1570810 309
1570820 310
1570830 310
1570840 310
1570850 309
1570860 309
1570870 310
1570880 310
1570890 310
1570900 309
1570910 309
1570920 309
1570930 308
1570940 308
1570950 308
1570960 308
1570970 308
1570980 308
1570990 308
1571000 308
1571010 308
1571020 308
1571030 308
1571040 308
1571050 308
1571060 308
1571070 308
1571080 308
1571090 308
1571100 308
1571110 308
1571120 308
1571130 308
1571140 308
1571150 308
1571160 308
1571170 308
1571180 308
1571190 308
1571200 308
1571210 308
1571220 308
1571230 308
1571240 308
1571250 308
1571260 308
1571270 308
1571280 308
1571290 307
1571300 307
1571310 307
1571320 307
1571330 307
1571340 307
1571350 307
1571360 307
1571370 307
1571380 307
1571390 307
1571400 307
1571410 307
1571420 307
1571430 307
1571440 307
1571450 307
1571460 307
1571470 307
1571480 307
1571490 307
1571500 307
1571510 307
1571520 307
1571530 307
1571540 307
1571550 307
1571560 307
1571570 307
1571580 307
1571590 307
1571600 307
1571610 307
1571620 306
1571630 306
1571640 306
1571650 306
1571660 306
1571670 306
1571680 306
1571690 306
1571700 306
1571710 306
1571720 306
1571730 306
1571740 306
1571750 305
1571760 305
1571770 305
1571780 305
1571790 305
1571800 305
1571810 304
1571820 304
1571830 304
1571840 304
1571850 304
1571860 304
1571870 304
1571880 304
1571890 303
1571900 303
1571910 303
1571920 303
1571930 304
1571940 304
1571950 304
1571960 304
1571970 304
1571980 303
1571990 304
1572000 304
1572010 304
1572020 304
1572030 304
1572040 304
1572050 304
1572060 304
1572070 304
1572080 304
1572090 304
1572100 304
1572110 304
1572120 304
1572130 304
1572140 304
1572150 304
1572160 305
1572170 305
1572180 305
1572190 305
1572200 305
1572210 305
1572220 305
1572230 305
1572240 305
1572250 305
1572260 305
1572270 305
1572280 305
1572290 305
1572300 305
1572310 305
1572320 305
1572330 305
1572340 305
1572350 305
1572360 305
1572370 305
1572380 305
1572390 305
1572400 305
1572410 305
1572420 305
1572430 305
1572440 305
1572450 305
1572460 305
1572470 305
1572480 305
1572490 305
1572500 305
1572510 305
1572520 305
1572530 305
1572540 305
1572550 305
1572560 305
1572570 305
1572580 305
1572590 305
1572600 305
1572610 305
1572620 305
1572630 305
1572640 305
1572650 305
1572660 305
1572670 304
1572680 304
1572690 304
1572700 304
1572710 305
1572720 305
1572730 305
1572740 305
1572750 305
1572760 305
1572770 305
1572780 305
1572790 305
1572800 305
1572810 305
1572820 304
1572830 304
1572840 304
1572850 304
1572860 304
1572870 304
1572880 304
1572890 304
1572900 304
1572910 304
1572920 304
1572930 304
1572940 304
1572950 304
1572960 304
1572970 304
1572980 304
1572990 304
1573000 304
1573010 304
1573020 304
1573030 303
1573040 303
1573050 303
1573060 303
1573070 303
1573080 303
1573090 303
1573100 303
1573110 303
1573120 303
1573130 302
1573140 302
1573150 302
1573160 302
1573170 302
1573180 302
1573190 301
1573200 301
1573210 301
1573220 302
1573230 302
1573240 302
1573250 302
1573260 302
1573270 302
1573280 301
1573290 301
1573300 301
1573310 301
1573320 301
1573330 301
1573340 301
1573350 301
1573360 302
1573370 302
1573380 302
1573390 302
1573400 302
1573410 302
1573420 302
1573430 303
1573440 303
1573450 303
1573460 303
1573470 303
1573480 303
1573490 303
1573500 303
1573510 303
1573520 304
1573530 304
1573540 304
1573550 304
1573560 304
1573570 304
1573580 304
1573590 304
1573600 304
1573610 304
1573620 304
1573630 304
1573640 303
1573650 303
1573660 303
1573670 303
1573680 303
1573690 303
1573700 303
1573710 303
1573720 303
1573730 303
1573740 303
1573750 303
1573760 303
1573770 303
1573780 303
1573790 302
1573800 302
1573810 302
1573820 302
1573830 302
1573840 303
1573850 303
1573860 303
1573870 302
1573880 302
1573890 302
1573900 302
1573910 302
1573920 302
1573930 302
1573940 302
1573950 302
1573960 302
1573970 302
1573980 302
1573990 302
1574000 302
1574010 302
1574020 302
1574030 302
1574040 302
1574050 302
1574060 302
1574070 302
1574080 301
1574090 301
1574100 301
1574110 301
1574120 301
1574130 301
1574140 301
1574150 300
1574160 300
1574170 300
1574180 300
1574190 300
1574200 300
1574210 300
1574220 300
1574230 299
1574240 299
1574250 299
1574260 299
1574270 299
1574280 299
1574290 299
1574300 299
1574310 299
1574320 299
1574330 299
1574340 299
1574350 299
1574360 299
1574370 299
1574380 299
1574390 298
1574400 298
1574410 298
1574420 298
1574430 298
1574440 298
1574450 298
1574460 298
1574470 298
1574480 298
1574490 297
1574500 297
1574510 297
1574520 297
1574530 297
1574540 297
1574550 296
1574560 296
1574570 296
1574580 297
1574590 297
1574600 297
1574610 297
1574620 297
1574630 297
1574640 297
1574650 297
1574660 297
1574670 297
1574680 297
1574690 297
1574700 297
1574710 297
1574720 297
1574730 297
1574740 297
1574750 297
1574760 297
1574770 297
1574780 297
1574790 296
1574800 296
1574810 296
1574820 296
1574830 296
1574840 296
1574850 297
1574860 297
1574870 297
1574880 297
1574890 297
1574900 297
1574910 297
1574920 297
1574930 297
1574940 297
1574950 297
1574960 297
1574970 297
1574980 297
1574990 297
1575000 297
1575010 297
1575020 297
1575030 297
1575040 297
1575050 297
1575060 297
1575070 297
1575080 297
1575090 297
1575100 297
1575110 297
1575120 297
1575130 297
1575140 297
1575150 297
1575160 297
1575170 296
1575180 296
1575190 296
1575200 296
1575210 296
1575220 296
1575230 296
1575240 295
1575250 295
1575260 297
1575270 298
1575280 298
1575290 299
1575300 299
1575310 299
1575320 299
1575330 299
1575340 299
1575350 300
1575360 300
1575370 300
1575380 300
1575390 300
1575400 300
1575410 301
1575420 301
1575430 301
1575440 300
1575450 301
1575460 301
1575470 301
1575480 301
1575490 301
1575500 300
1575510 300
1575520 300
1575530 300
1575540 300
1575550 300
1575560 300
1575570 300
1575580 300
1575590 300
1575600 300
1575610 300
1575620 300
1575630 299
1575640 299
1575650 299
1575660 300
1575670 300
1575680 300
1575690 300
1575700 300
1575710 300
1575720 300
1575730 300
1575740 300
1575750 300
1575760 300
1575770 300
1575780 300
1575790 300
1575800 300
1575810 300
1575820 300
1575830 300
1575840 300
1575850 300
1575860 300
1575870 299
1575880 299
1575890 299
1575900 299
1575910 299
1575920 299
1575930 299
1575940 299
1575950 299
1575960 299
1575970 299
1575980 299
1575990 299
1576000 299
1576010 299
1576020 299
1576030 299
1576040 299
1576050 301
1576060 301
1576070 296
1576080 295
1576090 295
1576100 295
1576110 295
1576120 295
1576130 293
1576140 293
1576150 293
1576160 292
1576170 292
1576180 292
1576190 292
1576200 292
1576210 292
1576220 293
1576230 294
1576240 294
1576250 294
1576260 293
1576270 293
1576280 292
1576290 292
1576300 292
1576310 292
1576320 291
1576330 291
1576340 290
1576350 289
1576360 289
1576370 289
1576380 288
1576390 288
1576400 289
1576410 292
1576420 292
1576430 294
1576440 294
1576450 294
1576460 296
1576470 297
1576480 297
1576490 296
1576500 296
1576510 296
1576520 296
1576530 296
1576540 296
1576550 296
1576560 297
1576570 297
1576580 297
1576590 297
1576600 297
1576610 297
1576620 297
1576630 297
1576640 297
1576650 298
1576660 298
1576670 298
1576680 298
1576690 298
1576700 298
1576710 298
1576720 298
1576730 298
1576740 298
1576750 298
1576760 300
1576770 299
1576780 299
1576790 298
1576800 298
1576810 298
1576820 298
1576830 298
1576840 298
1576850 298
1576860 298
1576870 298
1576880 298
1576890 298
1576900 298
1576910 298
1576920 298
1576930 298
1576940 298
1576950 298
1576960 298
1576970 298
1576980 298
1576990 298
1577000 298
1577010 298
1577020 298
1577030 298
1577040 298
1577050 298
1577060 298
1577070 298
1577080 298
1577090 298
1577100 298
1577110 298
1577120 298
1577130 298
1577140 298
1577150 298
1577160 298
1577170 298
1577180 298
1577190 298
1577200 298
1577210 298
1577220 297
1577230 297
1577240 297
1577250 297
1577260 297
1577270 297
1577280 297
1577290 297
1577300 297
1577310 297
1577320 297
1577330 297
1577340 297
1577350 297
1577360 297
1577370 297
1577380 297
1577390 297
1577400 297
1577410 297
1577420 297
1577430 297
1577440 297
1577450 297
1577460 297
1577470 297
1577480 297
1577490 297
1577500 297
1577510 297
1577520 298
1577530 298
1577540 298
1577550 298
1577560 298
1577570 298
1577580 298
1577590 298
1577600 298
1577610 298
1577620 298
1577630 297
1577640 297
1577650 297
1577660 298
1577670 298
1577680 298
1577690 297
1577700 297
1577710 297
1577720 297
1577730 297
1577740 297
1577750 296
1577760 296
1577770 296
1577780 296
1577790 296
1577800 296
1577810 296
1577820 296
1577830 296
1577840 296
1577850 296
1577860 296
1577870 296
1577880 296
1577890 296
1577900 296
1577910 296
1577920 296
1577930 296
1577940 296
1577950 296
1577960 296
1577970 296
1577980 296
1577990 296
1578000 297
1578010 297
1578020 296
1578030 297
1578040 297
1578050 297
1578060 296
1578070 296
1578080 296
1578090 296
1578100 296
1578110 296
1578120 296
1578130 296
1578140 296
1578150 296
1578160 296
1578170 296
1578180 296
1578190 296
1578200 296
1578210 296
1578220 296
1578230 296
1578240 296
1578250 296
1578260 296
1578270 296
1578280 296
1578290 296
1578300 296
1578310 296
1578320 296
1578330 296
1578340 296
1578350 296
1578360 296
1578370 296
1578380 296
1578390 296
1578400 296
1578410 296
1578420 296
1578430 296
1578440 296
1578450 296
1578460 296
1578470 295
1578480 295
1578490 295
1578500 295
1578510 295
1578520 295
1578530 295
1578540 295
1578550 295
1578560 295
1578570 295
1578580 295
1578590 295
1578600 295
1578610 295
1578620 295
1578630 295
1578640 295
1578650 296
1578660 296
1578670 296
1578680 296
1578690 296
1578700 296
1578710 296
1578720 297
1578730 297
1578740 297
1578750 297
1578760 297
1578770 297
1578780 297
1578790 297
1578800 297
1578810 297
1578820 297
1578830 297
1578840 297
1578850 297
1578860 297
1578870 297
1578880 297
1578890 297
1578900 296
1578910 296
1578920 296
1578930 296
1578940 296
1578950 296
1578960 295
1578970 295
1578980 295
1578990 294
1579000 294
1579010 294
1579020 293
1579030 293
1579040 293
1579050 292
1579060 293
1579070 292
1579080 291
1579090 291
1579100 290
1579110 290
1579120 290
1579130 290
1579140 289
1579150 289
1579160 289
1579170 290
1579180 290
1579190 289
1579200 289
1579210 289
1579220 289
1579230 289
1579240 289
1579250 289
1579260 289
1579270 289
1579280 288
1579290 288
1579300 288
1579310 288
1579320 288
1579330 288
1579340 288
1579350 287
1579360 287
1579370 287
1579380 287
1579390 287
1579400 287
1579410 287
1579420 287
1579430 287
1579440 287
1579450 287
1579460 287
1579470 287
1579480 287
1579490 287
1579500 287
1579510 287
1579520 287
1579530 287
1579540 287
1579550 287
1579560 287
1579570 287
1579580 287
1579590 287
1579600 287
1579610 287
1579620 287
1579630 287
1579640 287
1579650 286
1579660 286
1579670 286
1579680 286
1579690 286
1579700 286
1579710 286
1579720 286
1579730 286
1579740 286
1579750 286
1579760 286
1579770 286
1579780 286
1579790 286
1579800 286
1579810 286
1579820 286
1579830 287
1579840 287
1579850 287
1579860 287
1579870 287
1579880 287
1579890 287
1579900 287
1579910 287
1579920 287
1579930 287
1579940 287
1579950 287
1579960 287
1579970 287
1579980 286
1579990 286
