1560000 436
1560010 436
1560020 435
1560030 435
1560040 435
1560050 434
1560060 433
1560070 433
1560080 431
1560090 429
1560100 429
1560110 426
1560120 423
1560130 423
1560140 421
1560150 419
1560160 419
1560170 418
1560180 416
1560190 416
1560200 415
1560210 413
1560220 413
1560230 412
1560240 411
1560250 411
1560260 410
1560270 409
1560280 409
1560290 408
1560300 408
1560310 408
1560320 407
1560330 407
1560340 407
1560350 406
1560360 406
1560370 406
1560380 406
1560390 405
1560400 405
1560410 405
1560420 405
1560430 405
1560440 405
1560450 405
1560460 405
1560470 405
1560480 405
1560490 405
1560500 406
1560510 406
1560520 406
1560530 407
1560540 408
1560550 408
1560560 408
1560570 409
1560580 409
1560590 410
1560600 410
1560610 410
1560620 410
1560630 410
1560640 410
1560650 410
1560660 410
1560670 410
1560680 411
1560690 410
1560700 410
1560710 410
1560720 410
1560730 410
1560740 409
1560750 409
1560760 409
1560770 407
1560780 406
1560790 406
1560800 405
1560810 403
1560820 403
1560830 400
1560840 399
1560850 399
1560860 398
1560870 396
1560880 396
1560890 395
1560900 393
1560910 393
1560920 391
1560930 389
1560940 389
1560950 388
1560960 386
1560970 386
1560980 385
1560990 384
1561000 384
1561010 383
1561020 382
1561030 382
1561040 381
1561050 380
1561060 380
1561070 379
1561080 378
1561090 378
1561100 378
1561110 378
1561120 378
1561130 378
1561140 378
1561150 378
1561160 378
1561170 378
1561180 378
1561190 377
1561200 377
1561210 377
1561220 378
1561230 378
1561240 378
1561250 377
1561260 377
1561270 377
1561280 376
1561290 376
1561300 376
1561310 376
1561320 376
1561330 376
1561340 376
1561350 376
1561360 376
1561370 376
1561380 376
1561390 376
1561400 376
1561410 375
1561420 375
1561430 376
1561440 377
1561450 377
1561460 377
1561470 377
1561480 377
1561490 376
1561500 376
1561510 376
1561520 376
1561530 376
1561540 376
1561550 376
1561560 377
1561570 377
1561580 377
1561590 377
1561600 377
1561610 376
1561620 376
1561630 376
1561640 376
1561650 375
1561660 375
1561670 375
1561680 375
1561690 375
1561700 376
1561710 377
1561720 377
1561730 377
1561740 377
1561750 377
1561760 377
1561770 377
1561780 377
1561790 376
1561800 376
1561810 376
1561820 376
1561830 375
1561840 375
1561850 375
1561860 375
1561870 375
1561880 375
1561890 374
1561900 374
1561910 374
1561920 374
1561930 374
1561940 374
1561950 373
1561960 373
1561970 373
1561980 372
1561990 372
1562000 372
1562010 372
1562020 372
1562030 371
1562040 371
1562050 371
1562060 370
1562070 369
1562080 369
1562090 369
1562100 367
1562110 367
1562120 367
1562130 366
1562140 366
1562150 366
1562160 366
1562170 366
1562180 366
1562190 367
1562200 367
1562210 368
1562220 368
1562230 368
1562240 368
1562250 369
1562260 369
1562270 370
1562280 372
1562290 372
1562300 374
1562310 376
1562320 376
1562330 379
1562340 382
1562350 382
1562360 386
1562370 388
1562380 388
1562390 391
1562400 394
1562410 394
1562420 396
1562430 397
1562440 398
1562450 398
1562460 399
1562470 400
1562480 400
1562490 401
1562500 401
1562510 401
1562520 402
1562530 403
1562540 403
1562550 403
1562560 404
1562570 404
1562580 405
1562590 406
1562600 406
1562610 407
1562620 408
1562630 408
1562640 408
1562650 409
1562660 409
1562670 410
1562680 411
1562690 411
1562700 413
1562710 414
1562720 414
1562730 415
1562740 417
1562750 417
1562760 418
1562770 419
1562780 419
1562790 420
1562800 421
1562810 421
1562820 421
1562830 422
1562840 422
1562850 423
1562860 423
1562870 423
1562880 425
1562890 425
1562900 425
1562910 426
1562920 426
1562930 426
1562940 426
1562950 427
1562960 427
1562970 427
1562980 427
1562990 427
1563000 427
1563010 427
1563020 427
1563030 427
1563040 426
1563050 426
1563060 425
1563070 425
1563080 425
1563090 424
1563100 423
1563110 423
1563120 422
1563130 421
1563140 421
1563150 420
1563160 418
1563170 418
1563180 417
1563190 416
1563200 416
1563210 414
1563220 413
1563230 413
1563240 411
1563250 408
1563260 408
1563270 406
1563280 404
1563290 404
1563300 402
1563310 400
1563320 400
1563330 399
1563340 398
1563350 398
1563360 396
1563370 395
1563380 395
1563390 393
1563400 389
1563410 389
1563420 385
1563430 383
1563440 383
1563450 385
1563460 388
1563470 388
1563480 390
1563490 393
1563500 393
1563510 394
1563520 396
1563530 396
1563540 397
1563550 399
1563560 399
1563570 400
1563580 401
1563590 401
1563600 403
1563610 404
1563620 404
1563630 405
1563640 406
1563650 406
1563660 408
1563670 409
1563680 409
1563690 410
1563700 412
1563710 412
1563720 414
1563730 415
1563740 415
1563750 416
1563760 417
1563770 417
1563780 419
1563790 419
1563800 419
1563810 420
1563820 421
1563830 421
1563840 422
1563850 423
1563860 423
1563870 423
1563880 424
1563890 424
1563900 425
1563910 425
1563920 425
1563930 425
1563940 426
1563950 426
1563960 426
1563970 427
1563980 427
1563990 427
1564000 427
1564010 427
1564020 427
1564030 427
1564040 427
1564050 427
1564060 427
1564070 427
1564080 427
1564090 427
1564100 427
1564110 427
1564120 426
1564130 426
1564140 426
1564150 425
1564160 425
1564170 424
1564180 424
1564190 424
1564200 423
1564210 422
1564220 422
1564230 421
1564240 420
1564250 420
1564260 418
1564270 417
1564280 417
1564290 415
1564300 414
1564310 414
1564320 412
1564330 410
1564340 410
1564350 409
1564360 408
1564370 408
1564380 406
1564390 405
1564400 405
1564410 403
1564420 402
1564430 402
1564440 400
1564450 399
1564460 399
1564470 397
1564480 396
1564490 396
1564500 394
1564510 393
1564520 393
1564530 391
1564540 390
1564550 390
1564560 389
1564570 387
1564580 387
1564590 386
1564600 385
1564610 385
1564620 384
1564630 383
1564640 383
1564650 382
1564660 381
1564670 381
1564680 380
1564690 379
1564700 379
1564710 378
1564720 377
1564730 377
1564740 376
1564750 375
1564760 375
1564770 375
1564780 374
1564790 374
1564800 374
1564810 374
1564820 374
1564830 374
1564840 374
1564850 374
1564860 374
1564870 374
1564880 374
1564890 374
1564900 374
1564910 374
1564920 374
1564930 375
1564940 375
1564950 375
1564960 375
1564970 375
1564980 375
1564990 375
1565000 375
1565010 376
1565020 376
1565030 376
1565040 376
1565050 376
1565060 376
1565070 376
1565080 376
1565090 376
1565100 376
1565110 376
1565120 376
1565130 376
1565140 376
1565150 376
1565160 376
1565170 376
1565180 376
1565190 376
1565200 376
1565210 376
1565220 376
1565230 376
1565240 376
1565250 376
1565260 376
1565270 376
1565280 377
1565290 377
1565300 377
1565310 377
1565320 378
1565330 378
1565340 378
1565350 379
1565360 379
1565370 380
1565380 381
1565390 381
1565400 381
1565410 382
1565420 382
1565430 383
1565440 383
1565450 383
1565460 383
1565470 384
1565480 384
1565490 385
1565500 385
1565510 385
1565520 386
1565530 386
1565540 386
1565550 386
1565560 386
1565570 386
1565580 386
1565590 386
1565600 386
1565610 387
1565620 387
1565630 387
1565640 387
1565650 387
1565660 387
1565670 387
1565680 388
1565690 388
1565700 388
1565710 388
1565720 388
1565730 388
1565740 388
1565750 388
1565760 389
1565770 389
1565780 389
1565790 389
1565800 389
1565810 389
1565820 389
1565830 389
1565840 389
1565850 389
1565860 390
1565870 390
1565880 390
1565890 390
1565900 390
1565910 390
1565920 390
1565930 390
1565940 390
1565950 390
1565960 390
1565970 390
1565980 390
1565990 390
1566000 390
1566010 390
1566020 390
1566030 390
1566040 390
1566050 390
1566060 390
1566070 390
1566080 390
1566090 390
1566100 389
1566110 389
1566120 389
1566130 389
1566140 389
1566150 389
1566160 388
1566170 388
1566180 388
1566190 388
1566200 388
1566210 387
1566220 387
1566230 387
1566240 387
1566250 386
1566260 386
1566270 386
1566280 385
1566290 385
1566300 384
1566310 384
1566320 384
1566330 383
1566340 382
1566350 382
1566360 381
1566370 381
1566380 381
1566390 380
1566400 379
1566410 379
1566420 379
1566430 379
1566440 379
1566450 378
1566460 378
1566470 378
1566480 378
1566490 378
1566500 378
1566510 377
1566520 377
1566530 377
1566540 377
1566550 377
1566560 377
1566570 377
1566580 377
1566590 377
1566600 376
1566610 376
1566620 376
1566630 376
1566640 376
1566650 376
1566660 376
1566670 375
1566680 375
1566690 375
1566700 375
1566710 375
1566720 375
1566730 375
1566740 375
1566750 375
1566760 374
1566770 374
1566780 374
1566790 374
1566800 374
1566810 374
1566820 374
1566830 374
1566840 373
1566850 373
1566860 373
1566870 373
1566880 372
1566890 372
1566900 372
1566910 372
1566920 372
1566930 371
1566940 371
1566950 371
1566960 371
1566970 370
1566980 370
1566990 370
1567000 369
1567010 369
1567020 369
1567030 369
1567040 369
1567050 368
1567060 367
1567070 367
1567080 367
1567090 366
1567100 366
1567110 366
1567120 365
1567130 365
1567140 364
1567150 364
1567160 364
1567170 363
1567180 362
1567190 362
1567200 362
1567210 361
1567220 361
1567230 361
1567240 360
1567250 360
1567260 360
1567270 359
1567280 359
1567290 358
1567300 358
1567310 358
1567320 357
1567330 356
1567340 356
1567350 355
1567360 355
1567370 355
1567380 355
1567390 354
1567400 354
1567410 354
1567420 354
1567430 354
1567440 354
1567450 355
1567460 355
1567470 356
1567480 356
1567490 356
1567500 358
1567510 359
1567520 359
1567530 360
1567540 362
1567550 362
1567560 362
1567570 363
1567580 363
1567590 363
1567600 364
1567610 364
1567620 364
1567630 364
1567640 364
1567650 364
1567660 365
1567670 365
1567680 365
1567690 365
1567700 365
1567710 366
1567720 366
1567730 366
1567740 366
1567750 366
1567760 366
1567770 367
1567780 367
1567790 367
1567800 367
1567810 367
1567820 367
1567830 367
1567840 367
1567850 367
1567860 367
1567870 367
1567880 367
1567890 367
1567900 367
1567910 367
1567920 367
1567930 367
1567940 367
1567950 367
1567960 367
1567970 367
1567980 366
1567990 366
1568000 366
1568010 366
1568020 365
1568030 365
1568040 365
1568050 364
1568060 364
1568070 364
1568080 363
1568090 364
1568100 363
1568110 363
1568120 363
1568130 362
1568140 362
1568150 362
1568160 361
1568170 360
1568180 360
1568190 360
1568200 359
1568210 359
1568220 359
1568230 358
1568240 358
1568250 358
1568260 358
1568270 358
1568280 357
1568290 357
1568300 357
1568310 357
1568320 357
1568330 357
1568340 357
1568350 357
1568360 357
1568370 357
1568380 358
1568390 358
1568400 358
1568410 358
1568420 358
1568430 358
1568440 359
1568450 359
1568460 359
1568470 359
1568480 359
1568490 360
1568500 360
1568510 360
1568520 360
1568530 361
1568540 361
1568550 361
1568560 361
1568570 361
1568580 362
1568590 362
1568600 362
1568610 362
1568620 362
1568630 362
1568640 362
1568650 362
1568660 362
1568670 362
1568680 362
1568690 362
1568700 362
1568710 361
1568720 361
1568730 361
1568740 361
1568750 361
1568760 361
1568770 361
1568780 361
1568790 361
1568800 361
1568810 361
1568820 360
1568830 360
1568840 360
1568850 360
1568860 360
1568870 360
1568880 359
1568890 359
1568900 359
1568910 359
1568920 358
1568930 358
1568940 358
1568950 358
1568960 358
1568970 358
1568980 357
1568990 357
1569000 357
1569010 357
1569020 357
1569030 356
1569040 356
1569050 356
1569060 355
1569070 355
1569080 355
1569090 355
1569100 354
1569110 354
1569120 354
1569130 353
1569140 353
1569150 353
1569160 352
1569170 352
1569180 352
1569190 351
1569200 351
1569210 351
1569220 351
1569230 351
1569240 350
1569250 350
1569260 350
1569270 349
1569280 349
1569290 349
1569300 348
1569310 348
1569320 348
1569330 347
1569340 347
1569350 347
1569360 346
1569370 346
1569380 346
1569390 345
1569400 344
1569410 344
1569420 344
1569430 343
1569440 343
1569450 343
1569460 342
1569470 342
1569480 341
1569490 340
1569500 340
1569510 340
1569520 339
1569530 339
1569540 339
1569550 339
1569560 339
1569570 339
1569580 339
1569590 339
1569600 340
1569610 340
1569620 340
1569630 341
1569640 342
1569650 342
1569660 343
1569670 344
1569680 344
1569690 344
1569700 345
1569710 345
1569720 346
1569730 347
1569740 347
1569750 348
1569760 348
1569770 348
1569780 349
1569790 349
1569800 349
1569810 350
1569820 350
1569830 350
1569840 350
1569850 351
1569860 351
1569870 351
1569880 351
1569890 351
1569900 352
1569910 352
1569920 352
1569930 353
1569940 353
1569950 353
1569960 353
1569970 354
1569980 354
1569990 354
1570000 354
1570010 354
1570020 354
1570030 355
1570040 355
1570050 355
1570060 355
1570070 355
1570080 355
1570090 355
1570100 355
1570110 355
1570120 355
1570130 355
1570140 355
1570150 355
1570160 355
1570170 354
1570180 354
1570190 354
1570200 354
1570210 354
1570220 354
1570230 354
1570240 354
1570250 354
1570260 354
1570270 354
1570280 354
1570290 354
1570300 354
1570310 354
1570320 354
1570330 353
1570340 353
1570350 353
1570360 353
1570370 353
1570380 353
1570390 352
1570400 352
1570410 352
1570420 352
1570430 352
1570440 351
1570450 351
1570460 351
1570470 351
1570480 350
1570490 350
1570500 350
1570510 349
1570520 349
1570530 349
1570540 349
1570550 349
1570560 348
1570570 348
1570580 348
1570590 347
1570600 347
1570610 347
1570620 346
1570630 346
1570640 346
1570650 345
1570660 345
1570670 345
1570680 344
1570690 343
1570700 343
1570710 343
1570720 341
1570730 341
1570740 341
1570750 342
1570760 342
1570770 343
1570780 344
1570790 344
1570800 344
1570810 345
1570820 345
1570830 345
1570840 346
1570850 346
1570860 346
1570870 346
1570880 346
1570890 346
1570900 347
1570910 347
1570920 347
1570930 347
1570940 347
1570950 347
1570960 347
1570970 347
1570980 348
1570990 348
1571000 348
1571010 348
1571020 347
1571030 347
1571040 348
1571050 348
1571060 348
1571070 348
1571080 347
1571090 347
1571100 347
1571110 347
1571120 347
1571130 347
1571140 347
1571150 347
1571160 347
1571170 347
1571180 347
1571190 347
1571200 346
1571210 346
1571220 346
1571230 346
1571240 345
1571250 345
1571260 345
1571270 345
1571280 345
1571290 344
1571300 344
1571310 344
1571320 343
1571330 343
1571340 343
1571350 342
1571360 342
1571370 342
1571380 341
1571390 340
1571400 340
1571410 340
1571420 339
1571430 339
1571440 339
1571450 338
1571460 338
1571470 338
1571480 337
1571490 337
1571500 336
1571510 336
1571520 336
1571530 335
1571540 334
1571550 334
1571560 334
1571570 333
1571580 333
1571590 333
1571600 333
1571610 333
1571620 333
1571630 333
1571640 333
1571650 333
1571660 332
1571670 332
1571680 333
1571690 333
1571700 333
1571710 333
1571720 333
1571730 333
1571740 333
1571750 333
1571760 333
1571770 333
1571780 334
1571790 334
1571800 334
1571810 334
1571820 334
1571830 334
1571840 334
1571850 334
1571860 334
1571870 334
1571880 334
1571890 334
1571900 334
1571910 334
1571920 334
1571930 334
1571940 334
1571950 336
1571960 336
1571970 336
1571980 336
1571990 336
1572000 336
1572010 336
1572020 336
1572030 336
1572040 336
1572050 337
1572060 337
1572070 337
1572080 337
1572090 337
1572100 337
1572110 337
1572120 337
1572130 337
1572140 337
1572150 337
1572160 337
1572170 337
1572180 337
1572190 337
1572200 337
1572210 337
1572220 337
1572230 337
1572240 337
1572250 337
1572260 337
1572270 337
1572280 336
1572290 336
1572300 336
1572310 335
1572320 335
1572330 335
1572340 336
1572350 336
1572360 336
1572370 335
1572380 335
1572390 335
1572400 335
1572410 335
1572420 335
1572430 335
1572440 334
1572450 334
1572460 334
1572470 334
1572480 334
1572490 334
1572500 333
1572510 333
1572520 333
1572530 333
1572540 333
1572550 333
1572560 332
1572570 332
1572580 332
1572590 332
1572600 332
1572610 332
1572620 331
1572630 331
1572640 331
1572650 331
1572660 331
1572670 330
1572680 330
1572690 330
1572700 329
1572710 328
1572720 328
1572730 328
1572740 328
1572750 328
1572760 328
1572770 328
1572780 328
1572790 328
1572800 329
1572810 329
1572820 329
1572830 330
1572840 330
1572850 330
1572860 331
1572870 331
1572880 331
1572890 332
1572900 332
1572910 332
1572920 332
1572930 332
1572940 333
1572950 333
1572960 333
1572970 333
1572980 333
1572990 333
1573000 333
1573010 333
1573020 333
1573030 333
1573040 333
1573050 333
1573060 333
1573070 333
1573080 333
1573090 333
1573100 333
1573110 333
1573120 333
1573130 333
1573140 333
1573150 333
1573160 333
1573170 333
1573180 333
1573190 333
1573200 333
1573210 333
1573220 333
1573230 333
1573240 333
1573250 332
1573260 332
1573270 332
1573280 332
1573290 332
1573300 332
1573310 332
1573320 332
1573330 332
1573340 332
1573350 332
1573360 332
1573370 332
1573380 332
1573390 332
1573400 331
1573410 331
1573420 331
1573430 331
1573440 331
1573450 331
1573460 331
1573470 331
1573480 331
1573490 330
1573500 330
1573510 330
1573520 330
1573530 330
1573540 330
1573550 330
1573560 330
1573570 330
1573580 329
1573590 329
1573600 329
1573610 329
1573620 329
1573630 329
1573640 329
1573650 329
1573660 329
1573670 328
1573680 328
1573690 328
1573700 328
1573710 328
1573720 327
1573730 327
1573740 327
1573750 327
1573760 327
1573770 327
1573780 327
1573790 326
1573800 326
1573810 326
1573820 326
1573830 326
1573840 325
1573850 325
1573860 325
1573870 325
1573880 324
1573890 324
1573900 324
1573910 324
1573920 324
1573930 323
1573940 323
1573950 323
1573960 323
1573970 322
1573980 322
1573990 322
1574000 322
1574010 322
1574020 321
1574030 321
1574040 321
1574050 321
1574060 320
1574070 320
1574080 320
1574090 319
1574100 319
1574110 319
1574120 319
1574130 319
1574140 318
1574150 318
1574160 318
1574170 318
1574180 317
1574190 317
1574200 317
1574210 317
1574220 317
1574230 316
1574240 316
1574250 316
1574260 316
1574270 315
1574280 315
1574290 314
1574300 314
1574310 314
1574320 313
1574330 313
1574340 313
1574350 313
1574360 313
1574370 313
1574380 313
1574390 312
1574400 312
1574410 312
1574420 312
1574430 312
1574440 311
1574450 311
1574460 311
1574470 311
1574480 311
1574490 311
1574500 310
1574510 309
1574520 309
1574530 309
1574540 310
1574550 310
1574560 311
1574570 311
1574580 311
1574590 311
1574600 310
1574610 310
1574620 310
1574630 310
1574640 310
1574650 310
1574660 310
1574670 310
1574680 310
1574690 310
1574700 310
1574710 310
1574720 310
1574730 310
1574740 310
1574750 310
1574760 310
1574770 310
1574780 310
1574790 310
1574800 309
1574810 309
1574820 309
1574830 309
1574840 309
1574850 309
1574860 309
1574870 308
1574880 308
1574890 308
1574900 308
1574910 308
1574920 308
1574930 308
1574940 308
1574950 307
1574960 307
1574970 307
1574980 307
1574990 307
1575000 307
1575010 307
1575020 306
1575030 306
1575040 306
1575050 306
1575060 306
1575070 306
1575080 306
1575090 306
1575100 306
1575110 306
1575120 306
1575130 306
1575140 306
1575150 306
1575160 305
1575170 305
1575180 305
1575190 305
1575200 305
1575210 305
1575220 305
1575230 305
1575240 305
1575250 305
1575260 305
1575270 305
1575280 304
1575290 304
1575300 304
1575310 304
1575320 304
1575330 304
1575340 304
1575350 304
1575360 304
1575370 304
1575380 303
1575390 303
1575400 303
1575410 303
1575420 303
1575430 304
1575440 304
1575450 304
1575460 304
1575470 303
1575480 303
1575490 303
1575500 303
1575510 303
1575520 303
1575530 303
1575540 303
1575550 304
1575560 303
1575570 303
1575580 303
1575590 303
1575600 303
1575610 303
1575620 303
1575630 303
1575640 303
1575650 302
1575660 302
1575670 302
1575680 302
1575690 302
1575700 302
1575710 302
1575720 302
1575730 302
1575740 302
1575750 302
1575760 302
1575770 302
1575780 302
1575790 301
1575800 301
1575810 301
1575820 301
1575830 301
1575840 301
1575850 301
1575860 301
1575870 301
1575880 301
1575890 301
1575900 301
1575910 301
1575920 301
1575930 301
1575940 301
1575950 301
1575960 301
1575970 300
1575980 300
1575990 300
1576000 300
1576010 300
1576020 300
1576030 300
1576040 300
1576050 300
1576060 300
1576070 300
1576080 300
1576090 300
1576100 300
1576110 300
1576120 300
1576130 300
1576140 300
1576150 300
1576160 300
1576170 300
1576180 300
1576190 300
1576200 300
1576210 300
1576220 300
1576230 300
1576240 300
1576250 300
1576260 300
1576270 300
1576280 300
1576290 300
1576300 300
1576310 300
1576320 300
1576330 299
1576340 299
1576350 299
1576360 299
1576370 299
1576380 299
1576390 299
1576400 299
1576410 299
1576420 299
1576430 299
1576440 299
1576450 299
1576460 299
1576470 299
1576480 299
1576490 299
1576500 299
1576510 299
1576520 299
1576530 299
1576540 299
1576550 299
1576560 299
1576570 298
1576580 298
1576590 298
1576600 298
1576610 298
1576620 298
1576630 298
1576640 298
1576650 298
1576660 298
1576670 298
1576680 298
1576690 298
1576700 298
1576710 298
1576720 298
1576730 298
1576740 298
1576750 298
1576760 298
1576770 298
1576780 298
1576790 298
1576800 298
1576810 298
1576820 298
1576830 298
1576840 297
1576850 297
1576860 297
1576870 297
1576880 297
1576890 297
1576900 297
1576910 297
1576920 297
1576930 297
1576940 297
1576950 297
1576960 297
1576970 297
1576980 297
1576990 297
1577000 297
1577010 297
1577020 297
1577030 297
1577040 297
1577050 297
1577060 296
1577070 296
1577080 296
1577090 296
1577100 296
1577110 296
1577120 296
1577130 296
1577140 296
1577150 296
1577160 296
1577170 296
1577180 296
1577190 296
1577200 295
1577210 295
1577220 295
1577230 295
1577240 295
1577250 295
1577260 295
1577270 295
1577280 295
1577290 295
1577300 295
1577310 295
1577320 295
1577330 295
1577340 295
1577350 295
1577360 294
1577370 294
1577380 294
1577390 295
1577400 295
1577410 295
1577420 294
1577430 294
1577440 295
1577450 295
1577460 295
1577470 295
1577480 295
1577490 295
1577500 295
1577510 295
1577520 295
1577530 296
1577540 296
1577550 296
1577560 296
1577570 296
1577580 296
1577590 296
1577600 296
1577610 296
1577620 296
1577630 296
1577640 296
1577650 296
1577660 296
1577670 296
1577680 296
1577690 296
1577700 296
1577710 296
1577720 296
1577730 296
1577740 296
1577750 296
1577760 296
1577770 296
1577780 296
1577790 296
1577800 296
1577810 296
1577820 296
1577830 296
1577840 296
1577850 296
1577860 296
1577870 296
1577880 296
1577890 296
1577900 296
1577910 296
1577920 296
1577930 296
1577940 296
1577950 296
1577960 296
1577970 296
1577980 296
1577990 297
1578000 297
1578010 297
1578020 297
1578030 297
1578040 296
1578050 296
1578060 296
1578070 296
1578080 295
1578090 295
1578100 295
1578110 295
1578120 295
1578130 295
1578140 295
1578150 295
1578160 295
1578170 295
1578180 295
1578190 295
1578200 295
1578210 295
1578220 295
1578230 295
1578240 295
1578250 295
1578260 295
1578270 295
1578280 295
1578290 295
1578300 295
1578310 294
1578320 295
1578330 295
1578340 295
1578350 295
1578360 295
1578370 294
1578380 294
1578390 294
1578400 294
1578410 294
1578420 294
1578430 294
1578440 294
1578450 294
1578460 294
1578470 293
1578480 293
1578490 293
1578500 293
1578510 293
1578520 293
1578530 293
1578540 293
1578550 293
1578560 292
1578570 292
1578580 292
1578590 292
1578600 292
1578610 292
1578620 292
1578630 292
1578640 292
1578650 292
1578660 292
1578670 292
1578680 291
1578690 291
1578700 292
1578710 292
1578720 292
1578730 292
1578740 292
1578750 292
1578760 292
1578770 292
1578780 292
1578790 292
1578800 292
1578810 292
1578820 292
1578830 292
1578840 292
1578850 292
1578860 292
1578870 292
1578880 292
1578890 292
1578900 292
1578910 292
1578920 292
1578930 292
1578940 292
1578950 291
1578960 291
1578970 291
1578980 291
1578990 291
1579000 292
1579010 292
1579020 292
1579030 292
1579040 292
1579050 292
1579060 292
1579070 292
1579080 292
1579090 292
1579100 292
1579110 292
1579120 293
1579130 293
1579140 293
1579150 293
1579160 293
1579170 293
1579180 293
1579190 293
1579200 293
1579210 293
1579220 293
1579230 293
1579240 293
1579250 293
1579260 293
1579270 293
1579280 293
1579290 293
1579300 294
1579310 294
1579320 294
1579330 294
1579340 294
1579350 294
1579360 294
1579370 294
1579380 294
1579390 294
1579400 294
1579410 294
1579420 294
1579430 294
1579440 294
1579450 294
1579460 294
1579470 294
1579480 294
1579490 294
1579500 294
1579510 294
1579520 293
1579530 293
1579540 293
1579550 293
1579560 293
1579570 294
1579580 294
1579590 294
1579600 294
1579610 294
1579620 294
1579630 294
1579640 294
1579650 294
1579660 294
1579670 294
1579680 294
1579690 294
1579700 293
1579710 294
1579720 294
1579730 294
1579740 294
1579750 294
1579760 293
1579770 293
1579780 293
1579790 293
1579800 293
1579810 293
1579820 293
1579830 293
1579840 293
1579850 293
1579860 293
1579870 293
1579880 293
1579890 293
1579900 293
1579910 293
1579920 293
1579930 293
1579940 293
1579950 293
1579960 293
1579970 293
1579980 293
1579990 293
