1560000 363
1560010 364
1560020 364
1560030 365
1560040 366
1560050 366
1560060 367
1560070 369
1560080 369
1560090 371
1560100 373
1560110 373
1560120 375
1560130 377
1560140 377
1560150 378
1560160 378
1560170 378
1560180 379
1560190 380
1560200 380
1560210 381
1560220 382
1560230 382
1560240 383
1560250 384
1560260 384
1560270 385
1560280 385
1560290 385
1560300 386
1560310 386
1560320 386
1560330 387
1560340 389
1560350 389
1560360 389
1560370 390
1560380 390
1560390 392
1560400 393
1560410 393
1560420 394
1560430 395
1560440 395
1560450 396
1560460 396
1560470 396
1560480 397
1560490 398
1560500 398
1560510 398
1560520 400
1560530 400
1560540 401
1560550 402
1560560 402
1560570 403
1560580 404
1560590 404
1560600 405
1560610 406
1560620 406
1560630 407
1560640 408
1560650 408
1560660 409
1560670 409
1560680 409
1560690 410
1560700 411
1560710 411
1560720 412
1560730 413
1560740 413
1560750 414
1560760 415
1560770 415
1560780 416
1560790 417
1560800 417
1560810 418
1560820 419
1560830 419
1560840 421
1560850 422
1560860 422
1560870 424
1560880 425
1560890 425
1560900 426
1560910 427
1560920 427
1560930 428
1560940 429
1560950 429
1560960 429
1560970 430
1560980 430
1560990 431
1561000 432
1561010 432
1561020 432
1561030 432
1561040 432
1561050 432
1561060 432
1561070 432
1561080 432
1561090 432
1561100 432
1561110 433
1561120 433
1561130 433
1561140 434
1561150 435
1561160 435
1561170 436
1561180 436
1561190 436
1561200 436
1561210 436
1561220 436
1561230 436
1561240 435
1561250 435
1561260 435
1561270 435
1561280 435
1561290 435
1561300 435
1561310 435
1561320 435
1561330 434
1561340 434
1561350 435
1561360 434
1561370 434
1561380 434
1561390 433
1561400 433
1561410 433
1561420 432
1561430 432
1561440 432
1561450 432
1561460 432
1561470 431
1561480 431
1561490 431
1561500 432
1561510 432
1561520 432
1561530 432
1561540 431
1561550 431
1561560 430
1561570 430
1561580 430
1561590 431
1561600 431
1561610 431
1561620 431
1561630 431
1561640 431
1561650 432
1561660 432
1561670 432
1561680 432
1561690 433
1561700 433
1561710 433
1561720 433
1561730 433
1561740 433
1561750 434
1561760 434
1561770 434
1561780 434
1561790 434
1561800 434
1561810 435
1561820 435
1561830 435
1561840 435
1561850 435
1561860 435
1561870 436
1561880 436
1561890 436
1561900 436
1561910 436
1561920 436
1561930 437
1561940 437
1561950 437
1561960 437
1561970 437
1561980 437
1561990 437
1562000 437
1562010 437
1562020 438
1562030 436
1562040 437
1562050 437
1562060 437
1562070 437
1562080 437
1562090 437
1562100 437
1562110 437
1562120 437
1562130 437
1562140 437
1562150 437
1562160 437
1562170 437
1562180 437
1562190 438
1562200 438
1562210 438
1562220 437
1562230 437
1562240 437
1562250 437
1562260 437
1562270 437
1562280 436
1562290 435
1562300 435
1562310 435
1562320 435
1562330 435
1562340 435
1562350 434
1562360 434
1562370 434
1562380 433
1562390 433
1562400 433
1562410 432
1562420 432
1562430 431
1562440 430
1562450 430
1562460 429
1562470 429
1562480 429
1562490 428
1562500 427
1562510 427
1562520 427
1562530 426
1562540 426
1562550 425
1562560 424
1562570 424
1562580 423
1562590 421
1562600 421
1562610 419
1562620 416
1562630 416
1562640 414
1562650 412
1562660 412
1562670 409
1562680 407
1562690 407
1562700 405
1562710 404
1562720 404
1562730 402
1562740 401
1562750 401
1562760 399
1562770 398
1562780 398
1562790 397
1562800 395
1562810 395
1562820 394
1562830 391
1562840 391
1562850 386
1562860 384
1562870 384
1562880 383
1562890 382
1562900 382
1562910 381
1562920 380
1562930 380
1562940 379
1562950 378
1562960 378
1562970 377
1562980 375
1562990 375
1563000 374
1563010 373
1563020 373
1563030 372
1563040 371
1563050 371
1563060 370
1563070 370
1563080 370
1563090 372
1563100 372
1563110 372
1563120 373
1563130 373
1563140 373
1563150 372
1563160 372
1563170 372
1563180 371
1563190 370
1563200 370
1563210 369
1563220 369
1563230 369
1563240 369
1563250 369
1563260 369
1563270 370
1563280 370
1563290 370
1563300 371
1563310 371
1563320 371
1563330 372
1563340 373
1563350 373
1563360 375
1563370 376
1563380 376
1563390 377
1563400 378
1563410 378
1563420 379
1563430 379
1563440 379
1563450 379
1563460 379
1563470 379
1563480 379
1563490 378
1563500 378
1563510 378
1563520 378
1563530 378
1563540 376
1563550 376
1563560 376
1563570 376
1563580 377
1563590 377
1563600 377
1563610 377
1563620 377
1563630 376
1563640 373
1563650 373
1563660 372
1563670 372
1563680 372
1563690 373
1563700 374
1563710 374
1563720 376
1563730 378
1563740 378
1563750 380
1563760 381
1563770 381
1563780 382
1563790 382
1563800 382
1563810 382
1563820 381
1563830 381
1563840 381
1563850 381
1563860 381
1563870 380
1563880 380
1563890 380
1563900 380
1563910 379
1563920 379
1563930 378
1563940 378
1563950 378
1563960 378
1563970 380
1563980 380
1563990 382
1564000 384
1564010 384
1564020 387
1564030 390
1564040 390
1564050 392
1564060 395
1564070 395
1564080 399
1564090 402
1564100 402
1564110 403
1564120 405
1564130 405
1564140 406
1564150 406
1564160 406
1564170 407
1564180 408
1564190 408
1564200 408
1564210 409
1564220 409
1564230 409
1564240 410
1564250 410
1564260 410
1564270 410
1564280 410
1564290 410
1564300 410
1564310 410
1564320 410
1564330 410
1564340 410
1564350 411
1564360 412
1564370 412
1564380 413
1564390 413
1564400 413
1564410 414
1564420 414
1564430 414
1564440 415
1564450 415
1564460 415
1564470 415
1564480 416
1564490 416
1564500 416
1564510 416
1564520 416
1564530 417
1564540 417
1564550 417
1564560 417
1564570 418
1564580 418
1564590 418
1564600 419
1564610 419
1564620 419
1564630 419
1564640 419
1564650 420
1564660 420
1564670 420
1564680 420
1564690 421
1564700 421
1564710 421
1564720 422
1564730 422
1564740 422
1564750 423
1564760 423
1564770 423
1564780 424
1564790 424
1564800 424
1564810 425
1564820 425
1564830 425
1564840 425
1564850 425
1564860 426
1564870 426
1564880 426
1564890 427
1564900 427
1564910 427
1564920 428
1564930 428
1564940 428
1564950 429
1564960 430
1564970 430
1564980 430
1564990 431
1565000 431
1565010 431
1565020 432
1565030 432
1565040 432
1565050 433
1565060 433
1565070 433
1565080 434
1565090 434
1565100 434
1565110 435
1565120 435
1565130 436
1565140 436
1565150 436
1565160 437
1565170 437
1565180 437
1565190 438
1565200 438
1565210 438
1565220 438
1565230 439
1565240 439
1565250 439
1565260 439
1565270 439
1565280 440
1565290 440
1565300 440
1565310 440
1565320 440
1565330 440
1565340 441
1565350 441
1565360 441
1565370 441
1565380 441
1565390 441
1565400 441
1565410 441
1565420 441
1565430 441
1565440 441
1565450 441
1565460 441
1565470 441
1565480 441
1565490 441
1565500 441
1565510 441
1565520 441
1565530 441
1565540 441
1565550 441
1565560 441
1565570 441
1565580 440
1565590 440
1565600 440
1565610 440
1565620 439
1565630 439
1565640 439
1565650 438
1565660 438
1565670 438
1565680 437
1565690 437
1565700 437
1565710 436
1565720 436
1565730 435
1565740 435
1565750 435
1565760 434
1565770 434
1565780 434
1565790 433
1565800 432
1565810 432
1565820 432
1565830 431
1565840 431
1565850 431
1565860 430
1565870 430
1565880 429
1565890 427
1565900 427
1565910 424
1565920 420
1565930 420
1565940 417
1565950 415
1565960 415
1565970 413
1565980 412
1565990 412
1566000 411
1566010 409
1566020 409
1566030 408
1566040 407
1566050 407
1566060 405
1566070 404
1566080 404
1566090 404
1566100 406
1566110 406
1566120 406
1566130 407
1566140 407
1566150 407
1566160 407
1566170 407
1566180 407
1566190 408
1566200 408
1566210 408
1566220 408
1566230 408
1566240 409
1566250 409
1566260 409
1566270 409
1566280 409
1566290 409
1566300 410
1566310 410
1566320 410
1566330 410
1566340 411
1566350 411
1566360 411
1566370 411
1566380 411
1566390 411
1566400 411
1566410 411
1566420 412
1566430 412
1566440 412
1566450 412
1566460 412
1566470 412
1566480 412
1566490 412
1566500 412
1566510 412
1566520 412
1566530 412
1566540 413
1566550 413
1566560 413
1566570 413
1566580 413
1566590 413
1566600 414
1566610 414
1566620 414
1566630 414
1566640 414
1566650 414
1566660 414
1566670 414
1566680 414
1566690 414
1566700 414
1566710 414
1566720 414
1566730 414
1566740 414
1566750 414
1566760 415
1566770 415
1566780 415
1566790 416
1566800 416
1566810 416
1566820 416
1566830 416
1566840 416
1566850 417
1566860 417
1566870 417
1566880 417
1566890 417
1566900 418
1566910 420
1566920 420
1566930 420
1566940 421
1566950 421
1566960 421
1566970 422
1566980 422
1566990 422
1567000 423
1567010 423
1567020 423
1567030 424
1567040 424
1567050 424
1567060 425
1567070 425
1567080 425
1567090 426
1567100 426
1567110 426
1567120 427
1567130 427
1567140 427
1567150 427
1567160 427
1567170 428
1567180 428
1567190 428
1567200 428
1567210 428
1567220 428
1567230 428
1567240 428
1567250 428
1567260 428
1567270 428
1567280 428
1567290 427
1567300 427
1567310 427
1567320 427
1567330 427
1567340 427
1567350 426
1567360 426
1567370 426
1567380 425
1567390 425
1567400 425
1567410 424
1567420 424
1567430 424
1567440 424
1567450 423
1567460 423
1567470 423
1567480 423
1567490 423
1567500 422
1567510 422
1567520 422
1567530 421
1567540 420
1567550 420
1567560 420
1567570 419
1567580 419
1567590 418
1567600 417
1567610 417
1567620 415
1567630 414
1567640 414
1567650 413
1567660 412
1567670 412
1567680 409
1567690 405
1567700 405
1567710 403
1567720 401
1567730 401
1567740 401
1567750 402
1567760 402
1567770 402
1567780 402
1567790 402
1567800 401
1567810 401
1567820 401
1567830 401
1567840 400
1567850 400
1567860 400
1567870 400
1567880 400
1567890 399
1567900 399
1567910 399
1567920 398
1567930 397
1567940 397
1567950 397
1567960 396
1567970 396
1567980 395
1567990 394
1568000 394
1568010 393
1568020 392
1568030 392
1568040 391
1568050 390
1568060 390
1568070 389
1568080 389
1568090 389
1568100 388
1568110 387
1568120 387
1568130 386
1568140 385
1568150 385
1568160 384
1568170 383
1568180 383
1568190 382
1568200 382
1568210 382
1568220 381
1568230 380
1568240 380
1568250 379
1568260 379
1568270 379
1568280 378
1568290 377
1568300 377
1568310 377
1568320 376
1568330 376
1568340 376
1568350 375
1568360 375
1568370 374
1568380 374
1568390 374
1568400 373
1568410 373
1568420 373
1568430 372
1568440 372
1568450 372
1568460 372
1568470 370
1568480 370
1568490 369
1568500 369
1568510 369
1568520 368
1568530 367
1568540 367
1568550 367
1568560 366
1568570 366
1568580 365
1568590 364
1568600 364
1568610 364
1568620 363
1568630 363
1568640 362
1568650 362
1568660 362
1568670 363
1568680 363
1568690 363
1568700 363
1568710 363
1568720 363
1568730 363
1568740 364
1568750 364
1568760 365
1568770 366
1568780 366
1568790 366
1568800 366
1568810 366
1568820 366
1568830 366
1568840 366
1568850 366
1568860 365
1568870 365
1568880 365
1568890 365
1568900 365
1568910 365
1568920 364
1568930 364
1568940 364
1568950 364
1568960 364
1568970 364
1568980 364
1568990 364
1569000 364
1569010 364
1569020 364
1569030 364
1569040 364
1569050 364
1569060 364
1569070 364
1569080 364
1569090 364
1569100 365
1569110 365
1569120 365
1569130 365
1569140 365
1569150 365
1569160 365
1569170 365
1569180 364
1569190 364
1569200 364
1569210 363
1569220 363
1569230 363
1569240 362
1569250 361
1569260 361
1569270 361
1569280 360
1569290 360
1569300 360
1569310 359
1569320 359
1569330 359
1569340 358
1569350 358
1569360 358
1569370 358
1569380 358
1569390 356
1569400 356
1569410 356
1569420 356
1569430 358
1569440 358
1569450 360
1569460 361
1569470 361
1569480 362
1569490 363
1569500 363
1569510 363
1569520 364
1569530 364
1569540 364
1569550 365
1569560 365
1569570 365
1569580 366
1569590 366
1569600 366
1569610 366
1569620 366
1569630 367
1569640 367
1569650 367
1569660 368
1569670 368
1569680 368
1569690 369
1569700 369
1569710 369
1569720 369
1569730 370
1569740 370
1569750 370
1569760 370
1569770 370
1569780 371
1569790 371
1569800 371
1569810 371
1569820 371
1569830 371
1569840 371
1569850 371
1569860 371
1569870 371
1569880 371
1569890 371
1569900 370
1569910 370
1569920 370
1569930 370
1569940 370
1569950 370
1569960 370
1569970 369
1569980 369
1569990 369
1570000 370
1570010 370
1570020 370
1570030 370
1570040 370
1570050 369
1570060 369
1570070 369
1570080 369
1570090 369
1570100 369
1570110 369
1570120 369
1570130 369
1570140 369
1570150 369
1570160 369
1570170 369
1570180 369
1570190 369
1570200 369
1570210 369
1570220 368
1570230 368
1570240 368
1570250 368
1570260 368
1570270 368
1570280 367
1570290 367
1570300 367
1570310 366
1570320 366
1570330 366
1570340 366
1570350 366
1570360 366
1570370 365
1570380 365
1570390 365
1570400 365
1570410 365
1570420 364
1570430 364
1570440 364
1570450 364
1570460 364
1570470 364
1570480 363
1570490 363
1570500 363
1570510 363
1570520 363
1570530 363
1570540 362
1570550 362
1570560 362
1570570 362
1570580 362
1570590 362
1570600 362
1570610 361
1570620 361
1570630 361
1570640 361
1570650 361
1570660 360
1570670 360
1570680 360
1570690 359
1570700 359
1570710 359
1570720 358
1570730 358
1570740 358
1570750 358
1570760 357
1570770 357
1570780 357
1570790 356
1570800 356
1570810 356
1570820 356
1570830 356
1570840 355
1570850 355
1570860 355
1570870 355
1570880 355
1570890 355
1570900 354
1570910 354
1570920 354
1570930 354
1570940 353
1570950 353
1570960 353
1570970 353
1570980 353
1570990 353
1571000 352
1571010 352
1571020 352
1571030 352
1571040 352
1571050 353
1571060 353
1571070 353
1571080 353
1571090 354
1571100 354
1571110 355
1571120 355
1571130 355
1571140 356
1571150 356
1571160 356
1571170 357
1571180 357
1571190 357
1571200 357
1571210 356
1571220 356
1571230 356
1571240 356
1571250 356
1571260 356
1571270 356
1571280 356
1571290 356
1571300 356
1571310 356
1571320 356
1571330 356
1571340 356
1571350 356
1571360 356
1571370 356
1571380 356
1571390 357
1571400 357
1571410 358
1571420 358
1571430 358
1571440 359
1571450 359
1571460 359
1571470 359
1571480 359
1571490 359
1571500 358
1571510 358
1571520 358
1571530 358
1571540 358
1571550 358
1571560 358
1571570 357
1571580 357
1571590 357
1571600 357
1571610 357
1571620 357
1571630 356
1571640 356
1571650 356
1571660 355
1571670 355
1571680 355
1571690 355
1571700 355
1571710 354
1571720 354
1571730 354
1571740 353
1571750 353
1571760 353
1571770 352
1571780 352
1571790 352
1571800 351
1571810 351
1571820 351
1571830 351
1571840 350
1571850 350
1571860 349
1571870 349
1571880 349
1571890 349
1571900 348
1571910 348
1571920 348
1571930 348
1571940 348
1571950 348
1571960 348
1571970 348
1571980 348
1571990 348
1572000 348
1572010 348
1572020 349
1572030 349
1572040 349
1572050 349
1572060 349
1572070 350
1572080 350
1572090 350
1572100 351
1572110 351
1572120 351
1572130 351
1572140 352
1572150 352
1572160 352
1572170 352
1572180 352
1572190 352
1572200 352
1572210 352
1572220 352
1572230 352
1572240 352
1572250 352
1572260 352
1572270 352
1572280 352
1572290 352
1572300 352
1572310 352
1572320 351
1572330 351
1572340 351
1572350 351
1572360 351
1572370 351
1572380 350
1572390 350
1572400 350
1572410 350
1572420 350
1572430 349
1572440 349
1572450 349
1572460 349
1572470 348
1572480 348
1572490 348
1572500 348
1572510 348
1572520 347
1572530 347
1572540 347
1572550 347
1572560 347
1572570 347
1572580 346
1572590 346
1572600 346
1572610 346
1572620 346
1572630 346
1572640 346
1572650 346
1572660 346
1572670 346
1572680 346
1572690 346
1572700 346
1572710 346
1572720 346
1572730 346
1572740 347
1572750 347
1572760 347
1572770 347
1572780 347
1572790 347
1572800 348
1572810 348
1572820 348
1572830 348
1572840 348
1572850 348
1572860 349
1572870 349
1572880 349
1572890 349
1572900 349
1572910 349
1572920 349
1572930 349
1572940 349
1572950 349
1572960 349
1572970 350
1572980 350
1572990 350
1573000 350
1573010 350
1573020 350
1573030 350
1573040 350
1573050 350
1573060 350
1573070 350
1573080 350
1573090 350
1573100 350
1573110 350
1573120 350
1573130 349
1573140 349
1573150 349
1573160 349
1573170 349
1573180 348
1573190 348
1573200 348
1573210 348
1573220 347
1573230 347
1573240 346
1573250 345
1573260 345
1573270 344
1573280 343
1573290 343
1573300 342
1573310 342
1573320 342
1573330 341
1573340 341
1573350 341
1573360 341
1573370 342
1573380 342
1573390 343
1573400 344
1573410 344
1573420 345
1573430 346
1573440 346
1573450 347
1573460 347
1573470 347
1573480 347
1573490 348
1573500 348
1573510 348
1573520 348
1573530 348
1573540 348
1573550 348
1573560 348
1573570 348
1573580 348
1573590 348
1573600 348
1573610 348
1573620 348
1573630 348
1573640 348
1573650 348
1573660 348
1573670 348
1573680 348
1573690 348
1573700 348
1573710 348
1573720 347
1573730 347
1573740 347
1573750 347
1573760 347
1573770 347
1573780 347
1573790 346
1573800 346
1573810 346
1573820 346
1573830 346
1573840 346
1573850 345
1573860 345
1573870 345
1573880 345
1573890 345
1573900 344
1573910 344
1573920 344
1573930 344
1573940 343
1573950 343
1573960 343
1573970 343
1573980 343
1573990 342
1574000 342
1574010 342
1574020 341
1574030 341
1574040 341
1574050 341
1574060 340
1574070 340
1574080 340
1574090 339
1574100 339
1574110 339
1574120 339
1574130 339
1574140 338
1574150 337
1574160 337
1574170 337
1574180 337
1574190 337
1574200 336
1574210 336
1574220 336
1574230 335
1574240 335
1574250 335
1574260 335
1574270 334
1574280 334
1574290 334
1574300 333
1574310 333
1574320 333
1574330 333
1574340 333
1574350 332
1574360 332
1574370 332
1574380 331
1574390 331
1574400 331
1574410 331
1574420 330
1574430 330
1574440 329
1574450 329
1574460 329
1574470 328
1574480 328
1574490 328
1574500 327
1574510 327
1574520 327
1574530 326
1574540 326
1574550 326
1574560 325
1574570 324
1574580 324
1574590 324
1574600 325
1574610 325
1574620 325
1574630 325
1574640 325
1574650 325
1574660 325
1574670 325
1574680 325
1574690 326
1574700 326
1574710 326
1574720 327
1574730 327
1574740 327
1574750 328
1574760 328
1574770 328
1574780 328
1574790 328
1574800 328
1574810 328
1574820 328
1574830 328
1574840 329
1574850 329
1574860 329
1574870 329
1574880 329
1574890 329
1574900 329
1574910 329
1574920 330
1574930 330
1574940 330
1574950 330
1574960 330
1574970 330
1574980 331
1574990 331
1575000 331
1575010 331
1575020 331
1575030 331
1575040 331
1575050 331
1575060 331
1575070 332
1575080 331
1575090 331
1575100 331
1575110 331
1575120 331
1575130 331
1575140 331
1575150 331
1575160 331
1575170 332
1575180 332
1575190 332
1575200 332
1575210 332
1575220 332
1575230 331
1575240 331
1575250 331
1575260 331
1575270 331
1575280 330
1575290 330
1575300 330
1575310 330
1575320 330
1575330 330
1575340 329
1575350 329
1575360 329
1575370 328
1575380 328
1575390 328
1575400 327
1575410 327
1575420 327
1575430 326
1575440 326
1575450 326
1575460 326
1575470 325
1575480 325
1575490 325
1575500 324
1575510 324
1575520 324
1575530 324
1575540 324
1575550 323
1575560 323
1575570 323
1575580 322
1575590 322
1575600 322
1575610 321
1575620 321
1575630 321
1575640 320
1575650 320
1575660 320
1575670 319
1575680 319
1575690 319
1575700 319
1575710 318
1575720 318
1575730 318
1575740 318
1575750 318
1575760 318
1575770 318
1575780 318
1575790 318
1575800 318
1575810 318
1575820 317
1575830 317
1575840 317
1575850 317
1575860 316
1575870 317
1575880 316
1575890 316
1575900 316
1575910 315
1575920 315
1575930 315
1575940 315
1575950 314
1575960 314
1575970 314
1575980 313
1575990 313
1576000 313
1576010 312
1576020 312
1576030 312
1576040 312
1576050 312
1576060 311
1576070 311
1576080 311
1576090 311
1576100 311
1576110 311
1576120 310
1576130 310
1576140 310
1576150 310
1576160 310
1576170 310
1576180 309
1576190 309
1576200 309
1576210 308
1576220 308
1576230 308
1576240 308
1576250 308
1576260 308
1576270 308
1576280 308
1576290 308
1576300 308
1576310 308
1576320 308
1576330 307
1576340 307
1576350 307
1576360 307
1576370 307
1576380 307
1576390 306
1576400 306
1576410 306
1576420 306
1576430 307
1576440 307
1576450 307
1576460 307
1576470 307
1576480 307
1576490 307
1576500 307
1576510 307
1576520 307
1576530 307
1576540 307
1576550 307
1576560 307
1576570 307
1576580 307
1576590 307
1576600 307
1576610 307
1576620 307
1576630 308
1576640 308
1576650 308
1576660 307
1576670 307
1576680 307
1576690 307
1576700 307
1576710 307
1576720 307
1576730 307
1576740 307
1576750 307
1576760 307
1576770 307
1576780 307
1576790 307
1576800 307
1576810 307
1576820 307
1576830 307
1576840 307
1576850 307
1576860 307
1576870 307
1576880 306
1576890 306
1576900 306
1576910 306
1576920 306
1576930 306
1576940 306
1576950 306
1576960 306
1576970 306
1576980 306
1576990 306
1577000 306
1577010 306
1577020 305
1577030 305
1577040 305
1577050 305
1577060 305
1577070 305
1577080 305
1577090 305
1577100 305
1577110 304
1577120 304
1577130 304
1577140 304
1577150 304
1577160 304
1577170 303
1577180 303
1577190 303
1577200 303
1577210 302
1577220 302
1577230 302
1577240 302
1577250 302
1577260 301
1577270 301
1577280 301
1577290 301
1577300 301
1577310 301
1577320 301
1577330 301
1577340 301
1577350 301
1577360 300
1577370 300
1577380 301
1577390 301
1577400 301
1577410 300
1577420 300
1577430 300
1577440 300
1577450 301
1577460 301
1577470 301
1577480 301
1577490 301
1577500 301
1577510 301
1577520 301
1577530 301
1577540 301
1577550 301
1577560 301
1577570 302
1577580 302
1577590 302
1577600 301
1577610 301
1577620 301
1577630 301
1577640 301
1577650 301
1577660 301
1577670 301
1577680 301
1577690 301
1577700 301
1577710 301
1577720 301
1577730 301
1577740 301
1577750 301
1577760 301
1577770 301
1577780 301
1577790 301
1577800 300
1577810 300
1577820 300
1577830 300
1577840 300
1577850 300
1577860 300
1577870 300
1577880 300
1577890 301
1577900 300
1577910 300
1577920 300
1577930 301
1577940 301
1577950 301
1577960 301
1577970 301
1577980 301
1577990 301
1578000 301
1578010 301
1578020 301
1578030 301
1578040 301
1578050 301
1578060 301
1578070 301
1578080 301
1578090 301
1578100 301
1578110 300
1578120 300
1578130 300
1578140 300
1578150 300
1578160 300
1578170 300
1578180 300
1578190 300
1578200 300
1578210 300
1578220 300
1578230 300
1578240 300
1578250 300
1578260 300
1578270 300
1578280 300
1578290 300
1578300 300
1578310 300
1578320 300
1578330 300
1578340 300
1578350 300
1578360 300
1578370 299
1578380 298
1578390 298
1578400 298
1578410 298
1578420 298
1578430 298
1578440 298
1578450 298
1578460 298
1578470 298
1578480 298
1578490 298
1578500 298
1578510 298
1578520 298
1578530 298
1578540 298
1578550 298
1578560 298
1578570 298
1578580 298
1578590 298
1578600 298
1578610 298
1578620 298
1578630 298
1578640 298
1578650 298
1578660 298
1578670 298
1578680 298
1578690 298
1578700 298
1578710 297
1578720 297
1578730 297
1578740 297
1578750 297
1578760 297
1578770 297
1578780 297
1578790 297
1578800 297
1578810 297
1578820 297
1578830 297
1578840 297
1578850 297
1578860 297
1578870 297
1578880 297
1578890 297
1578900 297
1578910 296
1578920 296
1578930 296
1578940 296
1578950 296
1578960 296
1578970 296
1578980 296
1578990 296
1579000 296
1579010 296
1579020 296
1579030 296
1579040 296
1579050 296
1579060 296
1579070 296
1579080 296
1579090 296
1579100 296
1579110 296
1579120 296
1579130 296
1579140 296
1579150 296
1579160 296
1579170 296
1579180 296
1579190 296
1579200 296
1579210 296
1579220 296
1579230 296
1579240 296
1579250 296
1579260 296
1579270 296
1579280 296
1579290 296
1579300 296
1579310 296
1579320 296
1579330 296
1579340 296
1579350 296
1579360 296
1579370 296
1579380 296
1579390 296
1579400 296
1579410 296
1579420 296
1579430 296
1579440 296
1579450 295
1579460 295
1579470 295
1579480 295
1579490 295
1579500 295
1579510 295
1579520 295
1579530 295
1579540 295
1579550 295
1579560 295
1579570 295
1579580 295
1579590 295
1579600 295
1579610 295
1579620 295
1579630 295
1579640 295
1579650 295
1579660 295
1579670 295
1579680 295
1579690 295
1579700 295
1579710 295
1579720 295
1579730 295
1579740 295
1579750 295
1579760 295
1579770 295
1579780 295
1579790 295
1579800 295
1579810 295
1579820 295
1579830 295
1579840 295
1579850 295
1579860 295
1579870 295
1579880 295
1579890 295
1579900 295
1579910 295
1579920 295
1579930 294
1579940 294
1579950 294
1579960 293
1579970 293
1579980 293
1579990 293
