1560000 416
1560010 415
1560020 415
1560030 415
1560040 415
1560050 415
1560060 415
1560070 414
1560080 414
1560090 414
1560100 414
1560110 414
1560120 414
1560130 414
1560140 412
1560150 412
1560160 412
1560170 412
1560180 412
1560190 412
1560200 412
1560210 412
1560220 412
1560230 412
1560240 412
1560250 412
1560260 412
1560270 412
1560280 412
1560290 412
1560300 412
1560310 412
1560320 412
1560330 412
1560340 412
1560350 411
1560360 411
1560370 411
1560380 411
1560390 411
1560400 411
1560410 411
1560420 411
1560430 410
1560440 410
1560450 410
1560460 410
1560470 409
1560480 409
1560490 409
1560500 408
1560510 408
1560520 408
1560530 407
1560540 407
1560550 407
1560560 407
1560570 407
1560580 406
1560590 405
1560600 405
1560610 405
1560620 404
1560630 404
1560640 403
1560650 403
1560660 403
1560670 402
1560680 401
1560690 401
1560700 399
1560710 398
1560720 398
1560730 397
1560740 397
1560750 397
1560760 395
1560770 393
1560780 393
1560790 391
1560800 388
1560810 388
1560820 384
1560830 383
1560840 383
1560850 381
1560860 379
1560870 379
1560880 378
1560890 376
1560900 376
1560910 374
1560920 372
1560930 372
1560940 370
1560950 368
1560960 368
1560970 366
1560980 365
1560990 365
1561000 363
1561010 361
1561020 361
1561030 360
1561040 358
1561050 358
1561060 357
1561070 355
1561080 355
1561090 354
1561100 354
1561110 354
1561120 353
1561130 352
1561140 352
1561150 352
1561160 352
1561170 352
1561180 352
1561190 350
1561200 350
1561210 349
1561220 349
1561230 349
1561240 348
1561250 347
1561260 347
1561270 346
1561280 345
1561290 345
1561300 344
1561310 344
1561320 344
1561330 343
1561340 343
1561350 343
1561360 342
1561370 341
1561380 341
1561390 341
1561400 340
1561410 340
1561420 339
1561430 339
1561440 339
1561450 338
1561460 337
1561470 337
1561480 336
1561490 336
1561500 336
1561510 337
1561520 336
1561530 336
1561540 335
1561550 335
1561560 335
1561570 334
1561580 334
1561590 334
1561600 333
1561610 332
1561620 332
1561630 330
1561640 330
1561650 330
1561660 329
1561670 328
1561680 328
1561690 327
1561700 326
1561710 326
1561720 325
1561730 324
1561740 324
1561750 323
1561760 322
1561770 322
1561780 321
1561790 320
1561800 320
1561810 319
1561820 318
1561830 318
1561840 317
1561850 318
1561860 318
1561870 319
1561880 319
1561890 319
1561900 319
1561910 319
1561920 319
1561930 320
1561940 320
1561950 320
1561960 320
1561970 321
1561980 321
1561990 321
1562000 322
1562010 322
1562020 323
1562030 324
1562040 324
1562050 324
1562060 324
1562070 324
1562080 324
1562090 325
1562100 325
1562110 325
1562120 326
1562130 326
1562140 326
1562150 327
1562160 327
1562170 327
1562180 327
1562190 327
1562200 328
1562210 329
1562220 329
1562230 330
1562240 331
1562250 331
1562260 332
1562270 332
1562280 332
1562290 333
1562300 333
1562310 333
1562320 332
1562330 332
1562340 332
1562350 332
1562360 332
1562370 332
1562380 333
1562390 333
1562400 333
1562410 335
1562420 338
1562430 338
1562440 340
1562450 342
1562460 342
1562470 342
1562480 343
1562490 343
1562500 344
1562510 345
1562520 345
1562530 345
1562540 345
1562550 345
1562560 346
1562570 346
1562580 346
1562590 346
1562600 346
1562610 346
1562620 345
1562630 342
1562640 342
1562650 339
1562660 338
1562670 338
1562680 338
1562690 339
1562700 339
1562710 339
1562720 339
1562730 339
1562740 340
1562750 340
1562760 340
1562770 339
1562780 338
1562790 338
1562800 337
1562810 337
1562820 337
1562830 336
1562840 335
1562850 335
1562860 334
1562870 333
1562880 333
1562890 332
1562900 330
1562910 330
1562920 329
1562930 328
1562940 328
1562950 327
1562960 325
1562970 325
1562980 324
1562990 324
1563000 324
1563010 324
1563020 323
1563030 323
1563040 322
1563050 321
1563060 321
1563070 320
1563080 319
1563090 319
1563100 319
1563110 319
1563120 319
1563130 319
1563140 319
1563150 319
1563160 319
1563170 318
1563180 318
1563190 319
1563200 321
1563210 321
1563220 322
1563230 323
1563240 323
1563250 324
1563260 325
1563270 325
1563280 324
1563290 324
1563300 324
1563310 325
1563320 326
1563330 326
1563340 326
1563350 327
1563360 327
1563370 327
1563380 327
1563390 327
1563400 328
1563410 329
1563420 329
1563430 330
1563440 331
1563450 331
1563460 331
1563470 332
1563480 332
1563490 333
1563500 334
1563510 334
1563520 335
1563530 336
1563540 336
1563550 336
1563560 336
1563570 336
1563580 337
1563590 337
1563600 337
1563610 338
1563620 339
1563630 339
1563640 341
1563650 342
1563660 342
1563670 343
1563680 344
1563690 344
1563700 346
1563710 347
1563720 347
1563730 348
1563740 350
1563750 350
1563760 351
1563770 352
1563780 352
1563790 353
1563800 353
1563810 353
1563820 354
1563830 356
1563840 356
1563850 358
1563860 359
1563870 359
1563880 359
1563890 359
1563900 359
1563910 358
1563920 359
1563930 359
1563940 361
1563950 362
1563960 362
1563970 362
1563980 363
1563990 363
1564000 365
1564010 366
1564020 366
1564030 366
1564040 368
1564050 368
1564060 369
1564070 371
1564080 371
1564090 372
1564100 372
1564110 372
1564120 373
1564130 374
1564140 374
1564150 378
1564160 381
1564170 381
1564180 384
1564190 386
1564200 386
1564210 388
1564220 389
1564230 389
1564240 390
1564250 392
1564260 392
1564270 393
1564280 394
1564290 394
1564300 395
1564310 396
1564320 396
1564330 397
1564340 398
1564350 398
1564360 399
1564370 400
1564380 400
1564390 401
1564400 402
1564410 402
1564420 403
1564430 403
1564440 403
1564450 404
1564460 405
1564470 405
1564480 405
1564490 406
1564500 406
1564510 407
1564520 407
1564530 407
1564540 408
1564550 408
1564560 408
1564570 409
1564580 410
1564590 410
1564600 411
1564610 413
1564620 413
1564630 414
1564640 415
1564650 415
1564660 416
1564670 417
1564680 417
1564690 418
1564700 420
1564710 420
1564720 421
1564730 422
1564740 422
1564750 424
1564760 425
1564770 425
1564780 426
1564790 426
1564800 426
1564810 427
1564820 428
1564830 428
1564840 429
1564850 429
1564860 429
1564870 430
1564880 430
1564890 430
1564900 431
1564910 431
1564920 431
1564930 431
1564940 431
1564950 431
1564960 431
1564970 431
1564980 431
1564990 431
1565000 431
1565010 431
1565020 431
1565030 431
1565040 431
1565050 430
1565060 430
1565070 430
1565080 429
1565090 429
1565100 429
1565110 429
1565120 428
1565130 428
1565140 427
1565150 426
1565160 426
1565170 426
1565180 426
1565190 426
1565200 425
1565210 425
1565220 425
1565230 424
1565240 423
1565250 423
1565260 423
1565270 422
1565280 422
1565290 421
1565300 420
1565310 420
1565320 419
1565330 418
1565340 418
1565350 417
1565360 415
1565370 415
1565380 414
1565390 412
1565400 412
1565410 410
1565420 409
1565430 409
1565440 408
1565450 407
1565460 407
1565470 406
1565480 405
1565490 405
1565500 404
1565510 403
1565520 403
1565530 402
1565540 401
1565550 401
1565560 400
1565570 400
1565580 400
1565590 399
1565600 399
1565610 399
1565620 398
1565630 397
1565640 397
1565650 397
1565660 397
1565670 397
1565680 397
1565690 396
1565700 396
1565710 396
1565720 395
1565730 395
1565740 394
1565750 393
1565760 393
1565770 392
1565780 391
1565790 391
1565800 390
1565810 389
1565820 389
1565830 388
1565840 386
1565850 386
1565860 385
1565870 385
1565880 385
1565890 384
1565900 382
1565910 382
1565920 382
1565930 383
1565940 383
1565950 383
1565960 383
1565970 383
1565980 382
1565990 380
1566000 380
1566010 379
1566020 376
1566030 376
1566040 373
1566050 372
1566060 372
1566070 371
1566080 371
1566090 371
1566100 370
1566110 370
1566120 370
1566130 369
1566140 369
1566150 369
1566160 368
1566170 367
1566180 367
1566190 366
1566200 366
1566210 366
1566220 366
1566230 366
1566240 366
1566250 366
1566260 366
1566270 366
1566280 367
1566290 367
1566300 367
1566310 365
1566320 363
1566330 363
1566340 362
1566350 362
1566360 362
1566370 361
1566380 361
1566390 361
1566400 360
1566410 359
1566420 359
1566430 358
1566440 357
1566450 357
1566460 358
1566470 357
1566480 357
1566490 357
1566500 357
1566510 357
1566520 357
1566530 357
1566540 357
1566550 357
1566560 358
1566570 358
1566580 358
1566590 359
1566600 359
1566610 359
1566620 360
1566630 360
1566640 360
1566650 361
1566660 361
1566670 362
1566680 364
1566690 364
1566700 364
1566710 363
1566720 361
1566730 360
1566740 358
1566750 358
1566760 356
1566770 355
1566780 355
1566790 355
1566800 355
1566810 355
1566820 355
1566830 355
1566840 355
1566850 355
1566860 355
1566870 355
1566880 355
1566890 356
1566900 356
1566910 356
1566920 356
1566930 356
1566940 356
1566950 355
1566960 355
1566970 355
1566980 354
1566990 354
1567000 353
1567010 352
1567020 352
1567030 351
1567040 351
1567050 351
1567060 350
1567070 350
1567080 350
1567090 350
1567100 351
1567110 351
1567120 352
1567130 353
1567140 353
1567150 356
1567160 358
1567170 358
1567180 358
1567190 359
1567200 359
1567210 358
1567220 357
1567230 357
1567240 357
1567250 357
1567260 357
1567270 357
1567280 357
1567290 357
1567300 357
1567310 356
1567320 356
1567330 353
1567340 349
1567350 349
1567360 347
1567370 346
1567380 346
1567390 346
1567400 346
1567410 346
1567420 346
1567430 346
1567440 346
1567450 347
1567460 347
1567470 347
1567480 348
1567490 349
1567500 349
1567510 349
1567520 349
1567530 349
1567540 349
1567550 349
1567560 349
1567570 350
1567580 349
1567590 349
1567600 349
1567610 349
1567620 349
1567630 348
1567640 346
1567650 346
1567660 347
1567670 348
1567680 348
1567690 349
1567700 350
1567710 350
1567720 350
1567730 352
1567740 352
1567750 356
1567760 361
1567770 361
1567780 364
1567790 366
1567800 366
1567810 368
1567820 370
1567830 370
1567840 372
1567850 373
1567860 373
1567870 375
1567880 377
1567890 377
1567900 379
1567910 381
1567920 381
1567930 383
1567940 386
1567950 386
1567960 389
1567970 389
1567980 389
1567990 388
1568000 386
1568010 386
1568020 387
1568030 388
1568040 388
1568050 390
1568060 391
1568070 391
1568080 392
1568090 393
1568100 393
1568110 393
1568120 391
1568130 391
1568140 388
1568150 387
1568160 387
1568170 387
1568180 387
1568190 387
1568200 387
1568210 388
1568220 388
1568230 389
1568240 390
1568250 390
1568260 391
1568270 392
1568280 392
1568290 390
1568300 391
1568310 391
1568320 393
1568330 394
1568340 394
1568350 395
1568360 396
1568370 396
1568380 398
1568390 399
1568400 399
1568410 399
1568420 400
1568430 400
1568440 402
1568450 404
1568460 404
1568470 406
1568480 408
1568490 408
1568500 411
1568510 415
1568520 415
1568530 417
1568540 419
1568550 419
1568560 420
1568570 421
1568580 421
1568590 421
1568600 422
1568610 422
1568620 422
1568630 422
1568640 422
1568650 422
1568660 422
1568670 422
1568680 422
1568690 422
1568700 422
1568710 422
1568720 421
1568730 421
1568740 421
1568750 420
1568760 420
1568770 419
1568780 418
1568790 418
1568800 417
1568810 416
1568820 416
1568830 415
1568840 415
1568850 415
1568860 414
1568870 414
1568880 414
1568890 414
1568900 414
1568910 414
1568920 414
1568930 414
1568940 414
1568950 414
1568960 413
1568970 413
1568980 413
1568990 413
1569000 413
1569010 413
1569020 413
1569030 413
1569040 413
1569050 413
1569060 413
1569070 414
1569080 414
1569090 414
1569100 414
1569110 414
1569120 414
1569130 414
1569140 414
1569150 414
1569160 414
1569170 413
1569180 413
1569190 413
1569200 412
1569210 412
1569220 412
1569230 412
1569240 412
1569250 412
1569260 412
1569270 412
1569280 412
1569290 413
1569300 413
1569310 414
1569320 414
1569330 414
1569340 415
1569350 415
1569360 415
1569370 416
1569380 417
1569390 417
1569400 417
1569410 418
1569420 418
1569430 419
1569440 419
1569450 419
1569460 419
1569470 419
1569480 419
1569490 420
1569500 420
1569510 420
1569520 420
1569530 420
1569540 420
1569550 420
1569560 420
1569570 420
1569580 420
1569590 420
1569600 420
1569610 420
1569620 419
1569630 419
1569640 419
1569650 418
1569660 418
1569670 417
1569680 417
1569690 417
1569700 416
1569710 415
1569720 415
1569730 414
1569740 414
1569750 414
1569760 413
1569770 412
1569780 412
1569790 411
1569800 411
1569810 411
1569820 410
1569830 411
1569840 411
1569850 410
1569860 410
1569870 410
1569880 410
1569890 409
1569900 409
1569910 408
1569920 408
1569930 408
1569940 407
1569950 406
1569960 406
1569970 405
1569980 404
1569990 404
1570000 404
1570010 403
1570020 403
1570030 403
1570040 403
1570050 403
1570060 402
1570070 402
1570080 402
1570090 402
1570100 402
1570110 402
1570120 403
1570130 403
1570140 403
1570150 403
1570160 404
1570170 404
1570180 404
1570190 404
1570200 404
1570210 404
1570220 404
1570230 404
1570240 404
1570250 404
1570260 404
1570270 403
1570280 403
1570290 403
1570300 403
1570310 402
1570320 402
1570330 401
1570340 401
1570350 401
1570360 400
1570370 400
1570380 400
1570390 399
1570400 399
1570410 399
1570420 398
1570430 398
1570440 398
1570450 397
1570460 396
1570470 396
1570480 396
1570490 395
1570500 395
1570510 394
1570520 393
1570530 393
1570540 392
1570550 391
1570560 391
1570570 390
1570580 388
1570590 388
1570600 387
1570610 386
1570620 386
1570630 385
1570640 384
1570650 384
1570660 383
1570670 382
1570680 382
1570690 381
1570700 380
1570710 380
1570720 379
1570730 377
1570740 377
1570750 376
1570760 375
1570770 375
1570780 373
1570790 372
1570800 372
1570810 371
1570820 370
1570830 370
1570840 369
1570850 368
1570860 368
1570870 367
1570880 366
1570890 366
1570900 366
1570910 366
1570920 366
1570930 366
1570940 366
1570950 366
1570960 366
1570970 366
1570980 366
1570990 366
1571000 366
1571010 366
1571020 367
1571030 367
1571040 367
1571050 367
1571060 368
1571070 368
1571080 368
1571090 368
1571100 368
1571110 368
1571120 368
1571130 368
1571140 368
1571150 368
1571160 368
1571170 368
1571180 368
1571190 368
1571200 368
1571210 368
1571220 368
1571230 367
1571240 367
1571250 367
1571260 367
1571270 366
1571280 366
1571290 365
1571300 364
1571310 364
1571320 363
1571330 363
1571340 362
1571350 361
1571360 361
1571370 361
1571380 362
1571390 364
1571400 364
1571410 366
1571420 366
1571430 366
1571440 366
1571450 365
1571460 365
1571470 364
1571480 362
1571490 362
1571500 361
1571510 360
1571520 360
1571530 361
1571540 362
1571550 362
1571560 363
1571570 364
1571580 364
1571590 364
1571600 364
1571610 364
1571620 364
1571630 364
1571640 364
1571650 364
1571660 364
1571670 364
1571680 364
1571690 365
1571700 365
1571710 365
1571720 366
1571730 366
1571740 365
1571750 365
1571760 365
1571770 366
1571780 366
1571790 366
1571800 366
1571810 365
1571820 365
1571830 365
1571840 365
1571850 365
1571860 364
1571870 364
1571880 364
1571890 363
1571900 363
1571910 363
1571920 362
1571930 361
1571940 361
1571950 361
1571960 360
1571970 360
1571980 359
1571990 359
1572000 359
1572010 358
1572020 357
1572030 357
1572040 356
1572050 356
1572060 356
1572070 355
1572080 355
1572090 355
1572100 354
1572110 354
1572120 354
1572130 354
1572140 354
1572150 354
1572160 353
1572170 352
1572180 352
1572190 352
1572200 351
1572210 351
1572220 351
1572230 351
1572240 351
1572250 350
1572260 350
1572270 350
1572280 350
1572290 349
1572300 349
1572310 349
1572320 349
1572330 349
1572340 348
1572350 348
1572360 348
1572370 347
1572380 346
1572390 346
1572400 345
1572410 345
1572420 345
1572430 344
1572440 344
1572450 344
1572460 343
1572470 343
1572480 343
1572490 343
1572500 342
1572510 342
1572520 341
1572530 341
1572540 341
1572550 340
1572560 339
1572570 339
1572580 339
1572590 338
1572600 338
1572610 338
1572620 338
1572630 338
1572640 337
1572650 337
1572660 337
1572670 337
1572680 336
1572690 336
1572700 336
1572710 335
1572720 335
1572730 335
1572740 337
1572750 337
1572760 338
1572770 339
1572780 339
1572790 341
1572800 342
1572810 342
1572820 342
1572830 343
1572840 343
1572850 343
1572860 344
1572870 344
1572880 344
1572890 344
1572900 344
1572910 345
1572920 345
1572930 345
1572940 345
1572950 345
1572960 345
1572970 345
1572980 344
1572990 344
1573000 344
1573010 343
1573020 343
1573030 343
1573040 342
1573050 342
1573060 341
1573070 341
1573080 341
1573090 340
1573100 339
1573110 339
1573120 338
1573130 337
1573140 337
1573150 337
1573160 337
1573170 337
1573180 337
1573190 338
1573200 338
1573210 339
1573220 339
1573230 339
1573240 340
1573250 341
1573260 341
1573270 342
1573280 343
1573290 343
1573300 344
1573310 345
1573320 345
1573330 345
1573340 346
1573350 346
1573360 346
1573370 345
1573380 345
1573390 345
1573400 345
1573410 345
1573420 344
1573430 344
1573440 344
1573450 344
1573460 343
1573470 343
1573480 343
1573490 344
1573500 344
1573510 344
1573520 345
1573530 345
1573540 345
1573550 347
1573560 347
1573570 348
1573580 349
1573590 349
1573600 349
1573610 350
1573620 350
1573630 350
1573640 350
1573650 350
1573660 350
1573670 350
1573680 350
1573690 350
1573700 350
1573710 350
1573720 350
1573730 349
1573740 349
1573750 349
1573760 349
1573770 349
1573780 349
1573790 349
1573800 349
1573810 350
1573820 350
1573830 350
1573840 350
1573850 350
1573860 350
1573870 350
1573880 350
1573890 350
1573900 350
1573910 350
1573920 350
1573930 349
1573940 349
1573950 349
1573960 349
1573970 349
1573980 349
1573990 350
1574000 350
1574010 350
1574020 351
1574030 351
1574040 351
1574050 351
1574060 351
1574070 351
1574080 352
1574090 352
1574100 352
1574110 352
1574120 352
1574130 352
1574140 352
1574150 352
1574160 352
1574170 352
1574180 352
1574190 352
1574200 352
1574210 352
1574220 352
1574230 352
1574240 353
1574250 353
1574260 353
1574270 353
1574280 353
1574290 353
1574300 354
1574310 354
1574320 354
1574330 354
1574340 354
1574350 354
1574360 354
1574370 354
1574380 354
1574390 355
1574400 355
1574410 355
1574420 355
1574430 355
1574440 355
1574450 356
1574460 356
1574470 356
1574480 356
1574490 356
1574500 356
1574510 356
1574520 356
1574530 356
1574540 357
1574550 357
1574560 356
1574570 356
1574580 356
1574590 356
1574600 356
1574610 356
1574620 356
1574630 356
1574640 356
1574650 356
1574660 355
1574670 355
1574680 355
1574690 355
1574700 355
1574710 354
1574720 354
1574730 354
1574740 354
1574750 353
1574760 353
1574770 353
1574780 353
1574790 353
1574800 352
1574810 352
1574820 352
1574830 352
1574840 352
1574850 352
1574860 351
1574870 351
1574880 351
1574890 351
1574900 351
1574910 351
1574920 351
1574930 351
1574940 351
1574950 351
1574960 351
1574970 351
1574980 351
1574990 351
1575000 351
1575010 351
1575020 351
1575030 351
1575040 351
1575050 352
1575060 352
1575070 352
1575080 352
1575090 352
1575100 353
1575110 353
1575120 353
1575130 353
1575140 354
1575150 354
1575160 354
1575170 354
1575180 354
1575190 354
1575200 354
1575210 354
1575220 353
1575230 353
1575240 353
1575250 353
1575260 353
1575270 353
1575280 353
1575290 353
1575300 353
1575310 352
1575320 352
1575330 352
1575340 352
1575350 351
1575360 351
1575370 351
1575380 351
1575390 351
1575400 350
1575410 350
1575420 350
1575430 349
1575440 349
1575450 349
1575460 348
1575470 348
1575480 348
1575490 347
1575500 347
1575510 347
1575520 346
1575530 345
1575540 345
1575550 345
1575560 344
1575570 344
1575580 344
1575590 343
1575600 343
1575610 343
1575620 342
1575630 342
1575640 341
1575650 341
1575660 341
1575670 340
1575680 339
1575690 339
1575700 339
1575710 338
1575720 338
1575730 338
1575740 337
1575750 337
1575760 337
1575770 336
1575780 336
1575790 336
1575800 336
1575810 336
1575820 336
1575830 336
1575840 336
1575850 336
1575860 336
1575870 336
1575880 336
1575890 336
1575900 336
1575910 336
1575920 336
1575930 336
1575940 336
1575950 336
1575960 336
1575970 336
1575980 336
1575990 336
1576000 336
1576010 336
1576020 336
1576030 335
1576040 335
1576050 335
1576060 334
1576070 334
1576080 334
1576090 333
1576100 333
1576110 333
1576120 333
1576130 333
1576140 333
1576150 333
1576160 333
1576170 333
1576180 334
1576190 334
1576200 334
1576210 334
1576220 335
1576230 335
1576240 335
1576250 335
1576260 335
1576270 335
1576280 335
1576290 335
1576300 335
1576310 335
1576320 335
1576330 335
1576340 335
1576350 335
1576360 335
1576370 335
1576380 335
1576390 335
1576400 335
1576410 335
1576420 335
1576430 335
1576440 335
1576450 335
1576460 335
1576470 335
1576480 335
1576490 335
1576500 335
1576510 334
1576520 334
1576530 334
1576540 334
1576550 334
1576560 334
1576570 334
1576580 333
1576590 333
1576600 333
1576610 333
1576620 333
1576630 333
1576640 333
1576650 333
1576660 332
1576670 332
1576680 332
1576690 331
1576700 331
1576710 331
1576720 331
1576730 330
1576740 330
1576750 330
1576760 329
1576770 329
1576780 329
1576790 328
1576800 328
1576810 328
1576820 327
1576830 327
1576840 327
1576850 326
1576860 326
1576870 325
1576880 324
1576890 324
1576900 324
1576910 323
1576920 323
1576930 322
1576940 320
1576950 320
1576960 319
1576970 318
1576980 318
1576990 317
1577000 316
1577010 316
1577020 316
1577030 316
1577040 316
1577050 316
1577060 315
1577070 315
1577080 315
1577090 314
1577100 314
1577110 314
1577120 316
1577130 316
1577140 316
1577150 315
1577160 315
1577170 315
1577180 315
1577190 315
1577200 315
1577210 314
1577220 314
1577230 314
1577240 314
1577250 314
1577260 313
1577270 313
1577280 313
1577290 313
1577300 313
1577310 313
1577320 312
1577330 312
1577340 312
1577350 311
1577360 311
1577370 311
1577380 311
1577390 310
1577400 310
1577410 310
1577420 310
1577430 310
1577440 310
1577450 310
1577460 310
1577470 310
1577480 310
1577490 310
1577500 310
1577510 310
1577520 310
1577530 310
1577540 310
1577550 310
1577560 310
1577570 310
1577580 310
1577590 310
1577600 310
1577610 310
1577620 310
1577630 310
1577640 310
1577650 310
1577660 311
1577670 311
1577680 311
1577690 312
1577700 312
1577710 312
1577720 313
1577730 313
1577740 313
1577750 314
1577760 314
1577770 314
1577780 314
1577790 314
1577800 315
1577810 315
1577820 315
1577830 315
1577840 315
1577850 315
1577860 316
1577870 315
1577880 315
1577890 315
1577900 315
1577910 315
1577920 315
1577930 315
1577940 315
1577950 315
1577960 315
1577970 315
1577980 315
1577990 315
1578000 315
1578010 315
1578020 315
1578030 315
1578040 315
1578050 315
1578060 315
1578070 315
1578080 315
1578090 315
1578100 315
1578110 315
1578120 315
1578130 315
1578140 314
1578150 314
1578160 314
1578170 314
1578180 314
1578190 313
1578200 313
1578210 313
1578220 313
1578230 313
1578240 312
1578250 312
1578260 312
1578270 312
1578280 312
1578290 311
1578300 311
1578310 311
1578320 310
1578330 310
1578340 310
1578350 310
1578360 309
1578370 309
1578380 309
1578390 308
1578400 308
1578410 308
1578420 308
1578430 308
1578440 307
1578450 307
1578460 307
1578470 307
1578480 306
1578490 306
1578500 306
1578510 306
1578520 306
1578530 305
1578540 305
1578550 305
1578560 305
1578570 305
1578580 305
1578590 305
1578600 305
1578610 305
1578620 305
1578630 305
1578640 305
1578650 304
1578660 304
1578670 304
1578680 305
1578690 305
1578700 305
1578710 305
1578720 305
1578730 305
1578740 305
1578750 305
1578760 305
1578770 305
1578780 305
1578790 305
1578800 306
1578810 306
1578820 306
1578830 306
1578840 307
1578850 307
1578860 307
1578870 308
1578880 308
1578890 308
1578900 308
1578910 308
1578920 308
1578930 308
1578940 308
1578950 308
1578960 308
1578970 308
1578980 307
1578990 307
1579000 307
1579010 307
1579020 307
1579030 307
1579040 307
1579050 306
1579060 306
1579070 306
1579080 306
1579090 306
1579100 306
1579110 305
1579120 305
1579130 305
1579140 304
1579150 304
1579160 304
1579170 304
1579180 304
1579190 303
1579200 303
1579210 303
1579220 303
1579230 303
1579240 303
1579250 303
1579260 303
1579270 303
1579280 303
1579290 304
1579300 304
1579310 304
1579320 304
1579330 304
1579340 305
1579350 305
1579360 305
1579370 305
1579380 305
1579390 305
1579400 305
1579410 305
1579420 305
1579430 305
1579440 305
1579450 305
1579460 305
1579470 305
1579480 305
1579490 305
1579500 305
1579510 305
1579520 305
1579530 305
1579540 305
1579550 305
1579560 305
1579570 305
1579580 304
1579590 304
1579600 304
1579610 304
1579620 304
1579630 304
1579640 304
1579650 303
1579660 303
1579670 303
1579680 303
1579690 303
1579700 302
1579710 302
1579720 302
1579730 301
1579740 300
1579750 300
1579760 300
1579770 299
1579780 299
1579790 299
1579800 298
1579810 298
1579820 298
1579830 298
1579840 298
1579850 297
1579860 297
1579870 297
1579880 297
1579890 298
1579900 298
1579910 299
1579920 300
1579930 300
1579940 300
1579950 301
1579960 301
1579970 302
1579980 302
1579990 302
