1560000 263
1560010 263
1560020 264
1560030 264
1560040 264
1560050 264
1560060 264
1560070 264
1560080 264
1560090 264
1560100 264
1560110 264
1560120 264
1560130 264
1560140 265
1560150 265
1560160 265
1560170 265
1560180 265
1560190 265
1560200 265
1560210 265
1560220 265
1560230 265
1560240 265
1560250 265
1560260 265
1560270 264
1560280 264
1560290 263
1560300 263
1560310 263
1560320 263
1560330 264
1560340 264
1560350 264
1560360 264
1560370 264
1560380 264
1560390 264
1560400 264
1560410 264
1560420 264
1560430 264
1560440 263
1560450 263
1560460 263
1560470 263
1560480 263
1560490 263
1560500 264
1560510 265
1560520 265
1560530 265
1560540 264
1560550 264
1560560 264
1560570 264
1560580 264
1560590 265
1560600 265
1560610 265
1560620 265
1560630 265
1560640 265
1560650 265
1560660 265
1560670 265
1560680 265
1560690 265
1560700 265
1560710 265
1560720 265
1560730 265
1560740 264
1560750 264
1560760 264
1560770 264
1560780 264
1560790 264
1560800 264
1560810 263
1560820 263
1560830 263
1560840 264
1560850 264
1560860 265
1560870 265
1560880 265
1560890 265
1560900 265
1560910 265
1560920 265
1560930 264
1560940 264
1560950 263
1560960 263
1560970 261
1560980 260
1560990 260
1561000 260
1561010 260
1561020 260
1561030 261
1561040 262
1561050 262
1561060 262
1561070 263
1561080 263
1561090 265
1561100 265
1561110 265
1561120 265
1561130 265
1561140 265
1561150 265
1561160 265
1561170 265
1561180 265
1561190 265
1561200 265
1561210 265
1561220 265
1561230 265
1561240 265
1561250 266
1561260 266
1561270 266
1561280 266
1561290 266
1561300 266
1561310 266
1561320 266
1561330 266
1561340 265
1561350 265
1561360 265
1561370 264
1561380 264
1561390 264
1561400 264
1561410 264
1561420 264
1561430 264
1561440 264
1561450 264
1561460 264
1561470 264
1561480 264
1561490 264
1561500 264
1561510 264
1561520 264
1561530 264
1561540 264
1561550 264
1561560 264
1561570 264
1561580 264
1561590 264
1561600 264
1561610 264
1561620 264
1561630 264
1561640 264
1561650 264
1561660 264
1561670 264
1561680 264
1561690 265
1561700 265
1561710 265
1561720 264
1561730 264
1561740 264
1561750 264
1561760 264
1561770 264
1561780 264
1561790 264
1561800 264
1561810 264
1561820 264
1561830 264
1561840 264
1561850 264
1561860 264
1561870 264
1561880 264
1561890 264
1561900 264
1561910 264
1561920 264
1561930 264
1561940 264
1561950 264
1561960 264
1561970 264
1561980 264
1561990 264
1562000 264
1562010 264
1562020 264
1562030 264
1562040 264
1562050 263
1562060 263
1562070 263
1562080 263
1562090 263
1562100 263
1562110 263
1562120 263
1562130 263
1562140 264
1562150 264
1562160 264
1562170 262
1562180 261
1562190 261
1562200 261
1562210 261
1562220 261
1562230 261
1562240 262
1562250 262
1562260 262
1562270 262
1562280 262
1562290 262
1562300 263
1562310 263
1562320 263
1562330 264
1562340 264
1562350 264
1562360 264
1562370 264
1562380 264
1562390 264
1562400 264
1562410 264
1562420 264
1562430 264
1562440 264
1562450 264
1562460 264
1562470 264
1562480 264
1562490 264
1562500 264
1562510 264
1562520 264
1562530 264
1562540 264
1562550 264
1562560 264
1562570 264
1562580 264
1562590 264
1562600 264
1562610 264
1562620 264
1562630 264
1562640 264
1562650 264
1562660 263
1562670 263
1562680 263
1562690 263
1562700 263
1562710 263
1562720 263
1562730 263
1562740 263
1562750 263
1562760 263
1562770 263
1562780 263
1562790 263
1562800 263
1562810 263
1562820 263
1562830 263
1562840 262
1562850 262
1562860 262
1562870 262
1562880 262
1562890 262
1562900 261
1562910 261
1562920 262
1562930 263
1562940 263
1562950 263
1562960 263
1562970 263
1562980 263
1562990 263
1563000 263
1563010 263
1563020 263
1563030 263
1563040 263
1563050 262
1563060 262
1563070 263
1563080 264
1563090 264
1563100 264
1563110 264
1563120 264
1563130 264
1563140 264
1563150 264
1563160 264
1563170 264
1563180 264
1563190 264
1563200 264
1563210 264
1563220 264
1563230 264
1563240 264
1563250 264
1563260 264
1563270 264
1563280 264
1563290 264
1563300 264
1563310 263
1563320 263
1563330 263
1563340 263
1563350 263
1563360 263
1563370 264
1563380 263
1563390 263
1563400 263
1563410 263
1563420 263
1563430 264
1563440 264
1563450 264
1563460 263
1563470 263
1563480 263
1563490 263
1563500 263
1563510 263
1563520 263
1563530 263
1563540 263
1563550 263
1563560 263
1563570 263
1563580 263
1563590 263
1563600 263
1563610 263
1563620 263
1563630 263
1563640 263
1563650 263
1563660 263
1563670 263
1563680 263
1563690 263
1563700 263
1563710 263
1563720 263
1563730 263
1563740 263
1563750 263
1563760 263
1563770 263
1563780 263
1563790 263
1563800 263
1563810 263
1563820 263
1563830 263
1563840 263
1563850 263
1563860 263
1563870 263
1563880 263
1563890 263
1563900 263
1563910 263
1563920 263
1563930 263
1563940 263
1563950 263
1563960 263
1563970 263
1563980 263
1563990 263
1564000 263
1564010 263
1564020 263
1564030 263
1564040 263
1564050 263
1564060 263
1564070 263
1564080 263
1564090 262
1564100 263
1564110 263
1564120 263
1564130 263
1564140 263
1564150 263
1564160 263
1564170 263
1564180 263
1564190 262
1564200 262
1564210 262
1564220 262
1564230 262
1564240 262
1564250 262
1564260 262
1564270 262
1564280 262
1564290 262
1564300 262
1564310 262
1564320 262
1564330 262
1564340 262
1564350 262
1564360 262
1564370 262
1564380 262
1564390 262
1564400 262
1564410 262
1564420 262
1564430 262
1564440 262
1564450 262
1564460 262
1564470 262
1564480 262
1564490 262
1564500 262
1564510 262
1564520 262
1564530 262
1564540 262
1564550 262
1564560 262
1564570 261
1564580 262
1564590 262
1564600 262
1564610 262
1564620 262
1564630 262
1564640 263
1564650 263
1564660 263
1564670 262
1564680 262
1564690 262
1564700 262
1564710 262
1564720 262
1564730 262
1564740 262
1564750 262
1564760 262
1564770 262
1564780 262
1564790 262
1564800 262
1564810 262
1564820 262
1564830 262
1564840 262
1564850 262
1564860 262
1564870 262
1564880 262
1564890 262
1564900 262
1564910 262
1564920 262
1564930 262
1564940 262
1564950 262
1564960 262
1564970 262
1564980 262
1564990 262
1565000 262
1565010 262
1565020 261
1565030 261
1565040 261
1565050 261
1565060 261
1565070 261
1565080 261
1565090 261
1565100 261
1565110 262
1565120 262
1565130 262
1565140 262
1565150 262
1565160 262
1565170 262
1565180 262
1565190 262
1565200 262
1565210 262
1565220 262
1565230 262
1565240 262
1565250 262
1565260 262
1565270 262
1565280 262
1565290 262
1565300 262
1565310 262
1565320 262
1565330 262
1565340 262
1565350 262
1565360 262
1565370 262
1565380 262
1565390 262
1565400 262
1565410 262
1565420 262
1565430 262
1565440 262
1565450 262
1565460 262
1565470 262
1565480 262
1565490 262
1565500 262
1565510 262
1565520 261
1565530 261
1565540 261
1565550 261
1565560 261
1565570 261
1565580 261
1565590 261
1565600 261
1565610 261
1565620 261
1565630 261
1565640 261
1565650 261
1565660 261
1565670 262
1565680 261
1565690 261
1565700 261
1565710 261
1565720 261
1565730 261
1565740 261
1565750 261
1565760 261
1565770 261
1565780 261
1565790 261
1565800 261
1565810 261
1565820 261
1565830 261
1565840 261
1565850 261
1565860 261
1565870 261
1565880 261
1565890 261
1565900 261
1565910 261
1565920 261
1565930 261
1565940 261
1565950 261
1565960 261
1565970 261
1565980 262
1565990 262
1566000 261
1566010 261
1566020 261
1566030 261
1566040 261
1566050 261
1566060 261
1566070 261
1566080 261
1566090 261
1566100 261
1566110 261
1566120 261
1566130 261
1566140 261
1566150 260
1566160 260
1566170 260
1566180 260
1566190 260
1566200 260
1566210 261
1566220 261
1566230 261
1566240 261
1566250 261
1566260 261
1566270 261
1566280 261
1566290 261
1566300 262
1566310 262
1566320 262
1566330 262
1566340 262
1566350 262
1566360 262
1566370 262
1566380 262
1566390 262
1566400 263
1566410 263
1566420 262
1566430 262
1566440 262
1566450 262
1566460 262
1566470 262
1566480 262
1566490 262
1566500 262
1566510 262
1566520 262
1566530 262
1566540 262
1566550 262
1566560 262
1566570 262
1566580 262
1566590 262
1566600 261
1566610 261
1566620 261
1566630 260
1566640 260
1566650 260
1566660 260
1566670 260
1566680 260
1566690 260
1566700 260
1566710 260
1566720 260
1566730 260
1566740 260
1566750 260
1566760 260
1566770 260
1566780 260
1566790 260
1566800 260
1566810 260
1566820 261
1566830 261
1566840 260
1566850 260
1566860 260
1566870 259
1566880 260
1566890 260
1566900 261
1566910 261
1566920 261
1566930 262
1566940 261
1566950 261
1566960 261
1566970 260
1566980 260
1566990 261
1567000 261
1567010 261
1567020 261
1567030 261
1567040 261
1567050 261
1567060 261
1567070 261
1567080 261
1567090 261
1567100 261
1567110 261
1567120 261
1567130 261
1567140 262
1567150 261
1567160 261
1567170 261
1567180 261
1567190 261
1567200 261
1567210 262
1567220 262
1567230 262
1567240 261
1567250 261
1567260 261
1567270 261
1567280 261
1567290 262
1567300 262
1567310 262
1567320 262
1567330 262
1567340 262
1567350 262
1567360 262
1567370 262
1567380 262
1567390 262
1567400 262
1567410 262
1567420 262
1567430 262
1567440 261
1567450 261
1567460 261
1567470 261
1567480 261
1567490 261
1567500 261
1567510 262
1567520 262
1567530 262
1567540 262
1567550 262
1567560 261
1567570 261
1567580 261
1567590 261
1567600 261
1567610 261
1567620 261
1567630 261
1567640 261
1567650 261
1567660 261
1567670 261
1567680 261
1567690 261
1567700 261
1567710 262
1567720 261
1567730 261
1567740 261
1567750 261
1567760 261
1567770 261
1567780 261
1567790 261
1567800 261
1567810 261
1567820 261
1567830 261
1567840 261
1567850 261
1567860 261
1567870 261
1567880 261
1567890 261
1567900 261
1567910 261
1567920 261
1567930 261
1567940 261
1567950 261
1567960 261
1567970 261
1567980 261
1567990 261
1568000 261
1568010 261
1568020 261
1568030 261
1568040 261
1568050 261
1568060 261
1568070 261
1568080 261
1568090 261
1568100 261
1568110 261
1568120 261
1568130 261
1568140 261
1568150 261
1568160 261
1568170 261
1568180 261
1568190 261
1568200 261
1568210 261
1568220 261
1568230 261
1568240 261
1568250 261
1568260 261
1568270 261
1568280 261
1568290 261
1568300 261
1568310 261
1568320 261
1568330 261
1568340 261
1568350 261
1568360 261
1568370 261
1568380 261
1568390 261
1568400 261
1568410 261
1568420 261
1568430 261
1568440 261
1568450 261
1568460 261
1568470 261
1568480 261
1568490 261
1568500 261
1568510 261
1568520 261
1568530 261
1568540 261
1568550 261
1568560 261
1568570 261
1568580 261
1568590 261
1568600 261
1568610 261
1568620 261
1568630 261
1568640 260
1568650 260
1568660 260
1568670 260
1568680 261
1568690 261
1568700 261
1568710 261
1568720 261
1568730 261
1568740 261
1568750 261
1568760 261
1568770 261
1568780 261
1568790 261
1568800 260
1568810 260
1568820 260
1568830 260
1568840 260
1568850 260
1568860 260
1568870 260
1568880 260
1568890 260
1568900 260
1568910 259
1568920 259
1568930 259
1568940 260
1568950 260
1568960 260
1568970 260
1568980 260
1568990 260
1569000 260
1569010 260
1569020 259
1569030 260
1569040 260
1569050 260
1569060 260
1569070 260
1569080 260
1569090 260
1569100 260
1569110 260
1569120 260
1569130 260
1569140 260
1569150 261
1569160 261
1569170 261
1569180 261
1569190 261
1569200 261
1569210 261
1569220 261
1569230 260
1569240 260
1569250 260
1569260 261
1569270 261
1569280 261
1569290 260
1569300 260
1569310 260
1569320 260
1569330 260
1569340 260
1569350 260
1569360 260
1569370 260
1569380 260
1569390 260
1569400 260
1569410 260
1569420 260
1569430 260
1569440 260
1569450 260
1569460 260
1569470 260
1569480 260
1569490 260
1569500 260
1569510 260
1569520 260
1569530 260
1569540 260
1569550 260
1569560 260
1569570 260
1569580 260
1569590 260
1569600 260
1569610 260
1569620 260
1569630 260
1569640 260
1569650 260
1569660 261
1569670 261
1569680 261
1569690 260
1569700 260
1569710 260
1569720 260
1569730 260
1569740 260
1569750 260
1569760 260
1569770 260
1569780 260
1569790 260
1569800 260
1569810 260
1569820 260
1569830 260
1569840 260
1569850 260
1569860 260
1569870 260
1569880 260
1569890 260
1569900 259
1569910 259
1569920 259
1569930 259
1569940 259
1569950 259
1569960 259
1569970 259
1569980 260
1569990 260
1570000 260
1570010 260
1570020 260
1570030 260
1570040 260
1570050 260
1570060 260
1570070 260
1570080 260
1570090 260
1570100 260
1570110 260
1570120 260
1570130 260
1570140 260
1570150 260
1570160 259
1570170 259
1570180 259
1570190 259
1570200 259
1570210 259
1570220 260
1570230 260
1570240 260
1570250 259
1570260 259
1570270 259
1570280 259
1570290 260
1570300 260
1570310 259
1570320 259
1570330 259
1570340 259
1570350 260
1570360 260
1570370 260
1570380 260
1570390 260
1570400 260
1570410 260
1570420 260
1570430 260
1570440 260
1570450 260
1570460 260
1570470 260
1570480 260
1570490 260
1570500 260
1570510 260
1570520 261
1570530 261
1570540 261
1570550 261
1570560 260
1570570 260
1570580 260
1570590 260
1570600 260
1570610 260
1570620 260
1570630 260
1570640 260
1570650 260
1570660 260
1570670 260
1570680 260
1570690 260
1570700 260
1570710 260
1570720 260
1570730 260
1570740 260
1570750 260
1570760 260
1570770 260
1570780 260
1570790 260
1570800 260
1570810 260
1570820 260
1570830 260
1570840 260
1570850 260
1570860 260
1570870 260
1570880 260
1570890 260
1570900 260
1570910 260
1570920 260
1570930 260
1570940 260
1570950 260
1570960 260
1570970 260
1570980 260
1570990 260
1571000 260
1571010 260
1571020 260
1571030 260
1571040 260
1571050 260
1571060 260
1571070 260
1571080 260
1571090 260
1571100 260
1571110 260
1571120 259
1571130 259
1571140 259
1571150 259
1571160 260
1571170 260
1571180 260
1571190 259
1571200 259
1571210 259
1571220 259
1571230 259
1571240 259
1571250 259
1571260 259
1571270 259
1571280 259
1571290 259
1571300 259
1571310 259
1571320 259
1571330 259
1571340 259
1571350 259
1571360 259
1571370 259
1571380 259
1571390 259
1571400 259
1571410 259
1571420 259
1571430 259
1571440 259
1571450 259
1571460 259
1571470 259
1571480 259
1571490 259
1571500 259
1571510 259
1571520 259
1571530 259
1571540 259
1571550 260
1571560 260
1571570 260
1571580 260
1571590 260
1571600 260
1571610 260
1571620 260
1571630 260
1571640 260
1571650 260
1571660 260
1571670 260
1571680 260
1571690 260
1571700 260
1571710 260
1571720 260
1571730 260
1571740 260
1571750 260
1571760 260
1571770 260
1571780 259
1571790 259
1571800 259
1571810 259
1571820 259
1571830 259
1571840 259
1571850 259
1571860 259
1571870 259
1571880 259
1571890 259
1571900 259
1571910 259
1571920 259
1571930 259
1571940 259
1571950 259
1571960 259
1571970 259
1571980 259
1571990 259
1572000 259
1572010 259
1572020 259
1572030 259
1572040 259
1572050 259
1572060 259
1572070 259
1572080 259
1572090 259
1572100 259
1572110 259
1572120 260
1572130 260
1572140 260
1572150 260
1572160 260
1572170 259
1572180 259
1572190 259
1572200 259
1572210 259
1572220 259
1572230 259
1572240 259
1572250 259
1572260 259
1572270 259
1572280 259
1572290 259
1572300 259
1572310 259
1572320 259
1572330 259
1572340 259
1572350 259
1572360 259
1572370 259
1572380 258
1572390 258
1572400 258
1572410 258
1572420 259
1572430 259
1572440 259
1572450 259
1572460 259
1572470 259
1572480 259
1572490 259
1572500 259
1572510 259
1572520 259
1572530 259
1572540 259
1572550 259
1572560 259
1572570 259
1572580 259
1572590 259
1572600 259
1572610 259
1572620 258
1572630 258
1572640 258
1572650 258
1572660 258
1572670 258
1572680 258
1572690 258
1572700 258
1572710 258
1572720 258
1572730 258
1572740 258
1572750 258
1572760 258
1572770 258
1572780 258
1572790 258
1572800 258
1572810 258
1572820 258
1572830 258
1572840 258
1572850 259
1572860 259
1572870 259
1572880 259
1572890 259
1572900 259
1572910 259
1572920 259
1572930 259
1572940 259
1572950 258
1572960 258
1572970 258
1572980 258
1572990 258
1573000 258
1573010 258
1573020 258
1573030 258
1573040 258
1573050 258
1573060 258
1573070 258
1573080 258
1573090 258
1573100 258
1573110 258
1573120 258
1573130 258
1573140 258
1573150 258
1573160 258
1573170 258
1573180 258
1573190 258
1573200 258
1573210 258
1573220 258
1573230 258
1573240 258
1573250 258
1573260 258
1573270 258
1573280 258
1573290 258
1573300 258
1573310 257
1573320 257
1573330 258
1573340 258
1573350 258
1573360 258
1573370 258
1573380 258
1573390 258
1573400 258
1573410 258
1573420 258
1573430 258
1573440 258
1573450 259
1573460 259
1573470 259
1573480 259
1573490 259
1573500 259
1573510 259
1573520 259
1573530 259
1573540 259
1573550 259
1573560 259
1573570 259
1573580 259
1573590 259
1573600 259
1573610 259
1573620 259
1573630 259
1573640 259
1573650 259
1573660 259
1573670 259
1573680 259
1573690 259
1573700 259
1573710 259
1573720 259
1573730 259
1573740 259
1573750 259
1573760 259
1573770 259
1573780 259
1573790 259
1573800 259
1573810 259
1573820 259
1573830 259
1573840 259
1573850 259
1573860 259
1573870 259
1573880 259
1573890 259
1573900 259
1573910 259
1573920 259
1573930 259
1573940 259
1573950 259
1573960 259
1573970 259
1573980 259
1573990 259
1574000 259
1574010 259
1574020 259
1574030 259
1574040 259
1574050 259
1574060 259
1574070 259
1574080 259
1574090 259
1574100 259
1574110 259
1574120 259
1574130 259
1574140 259
1574150 259
1574160 259
1574170 259
1574180 259
1574190 259
1574200 259
1574210 259
1574220 259
1574230 258
1574240 258
1574250 258
1574260 258
1574270 258
1574280 258
1574290 258
1574300 258
1574310 258
1574320 258
1574330 258
1574340 258
1574350 258
1574360 258
1574370 258
1574380 258
1574390 258
1574400 258
1574410 258
1574420 258
1574430 258
1574440 258
1574450 258
1574460 258
1574470 258
1574480 258
1574490 258
1574500 258
1574510 258
1574520 258
1574530 258
1574540 258
1574550 258
1574560 258
1574570 258
1574580 258
1574590 258
1574600 258
1574610 258
1574620 258
1574630 258
1574640 258
1574650 258
1574660 258
1574670 258
1574680 258
1574690 257
1574700 257
1574710 257
1574720 257
1574730 257
1574740 258
1574750 258
1574760 258
1574770 258
1574780 258
1574790 258
1574800 258
1574810 258
1574820 258
1574830 258
1574840 258
1574850 258
1574860 258
1574870 258
1574880 258
1574890 258
1574900 258
1574910 258
1574920 258
1574930 258
1574940 258
1574950 258
1574960 258
1574970 258
1574980 258
1574990 258
1575000 258
1575010 258
1575020 258
1575030 258
1575040 258
1575050 258
1575060 258
1575070 258
1575080 258
1575090 258
1575100 258
1575110 258
1575120 258
1575130 258
1575140 258
1575150 258
1575160 258
1575170 258
1575180 258
1575190 258
1575200 258
1575210 258
1575220 258
1575230 258
1575240 258
1575250 258
1575260 258
1575270 258
1575280 258
1575290 258
1575300 258
1575310 258
1575320 258
1575330 258
1575340 258
1575350 257
1575360 257
1575370 257
1575380 257
1575390 257
1575400 257
1575410 257
1575420 257
1575430 257
1575440 257
1575450 257
1575460 257
1575470 257
1575480 257
1575490 257
1575500 257
1575510 257
1575520 257
1575530 257
1575540 257
1575550 257
1575560 258
1575570 258
1575580 258
1575590 258
1575600 258
1575610 258
1575620 258
1575630 258
1575640 258
1575650 258
1575660 258
1575670 258
1575680 258
1575690 258
1575700 258
1575710 258
1575720 258
1575730 258
1575740 258
1575750 258
1575760 258
1575770 257
1575780 257
1575790 257
1575800 257
1575810 257
1575820 257
1575830 257
1575840 257
1575850 257
1575860 257
1575870 257
1575880 257
1575890 257
1575900 257
1575910 257
1575920 257
1575930 257
1575940 257
1575950 258
1575960 258
1575970 258
1575980 257
1575990 257
1576000 257
1576010 258
1576020 258
1576030 258
1576040 257
1576050 257
1576060 257
1576070 257
1576080 257
1576090 257
1576100 257
1576110 257
1576120 257
1576130 258
1576140 258
1576150 258
1576160 257
1576170 257
1576180 257
1576190 257
1576200 257
1576210 257
1576220 257
1576230 257
1576240 257
1576250 256
1576260 257
1576270 257
1576280 255
1576290 255
1576300 256
1576310 257
1576320 257
1576330 257
1576340 257
1576350 257
1576360 257
1576370 256
1576380 256
1576390 255
1576400 256
1576410 256
1576420 256
1576430 257
1576440 257
1576450 258
1576460 258
1576470 258
1576480 258
1576490 258
1576500 258
1576510 259
1576520 259
1576530 259
1576540 259
1576550 260
1576560 260
1576570 260
1576580 261
1576590 261
1576600 262
1576610 262
1576620 262
1576630 263
1576640 264
1576650 264
1576660 265
1576670 266
1576680 266
1576690 267
1576700 267
1576710 267
1576720 267
1576730 267
1576740 267
1576750 268
1576760 268
1576770 268
1576780 268
1576790 268
1576800 268
1576810 269
1576820 269
1576830 269
1576840 269
1576850 269
1576860 268
1576870 268
1576880 268
1576890 268
1576900 268
1576910 268
1576920 267
1576930 267
1576940 267
1576950 267
1576960 267
1576970 267
1576980 267
1576990 266
1577000 266
1577010 266
1577020 266
1577030 266
1577040 265
1577050 265
1577060 265
1577070 265
1577080 265
1577090 265
1577100 264
1577110 264
1577120 264
1577130 264
1577140 264
1577150 264
1577160 263
1577170 263
1577180 263
1577190 263
1577200 263
1577210 263
1577220 263
1577230 262
1577240 262
1577250 262
1577260 262
1577270 262
1577280 262
1577290 261
1577300 261
1577310 261
1577320 261
1577330 261
1577340 261
1577350 261
1577360 261
1577370 261
1577380 261
1577390 261
1577400 261
1577410 261
1577420 261
1577430 261
1577440 261
1577450 261
1577460 261
1577470 261
1577480 261
1577490 260
1577500 260
1577510 260
1577520 260
1577530 261
1577540 261
1577550 261
1577560 261
1577570 261
1577580 261
1577590 261
1577600 261
1577610 261
1577620 261
1577630 261
1577640 261
1577650 261
1577660 261
1577670 261
1577680 261
1577690 261
1577700 261
1577710 260
1577720 260
1577730 260
1577740 261
1577750 261
1577760 261
1577770 260
1577780 260
1577790 260
1577800 260
1577810 260
1577820 261
1577830 261
1577840 261
1577850 260
1577860 260
1577870 260
1577880 260
1577890 261
1577900 261
1577910 261
1577920 261
1577930 261
1577940 261
1577950 261
1577960 261
1577970 260
1577980 260
1577990 260
1578000 261
1578010 261
1578020 261
1578030 261
1578040 261
1578050 261
1578060 261
1578070 261
1578080 261
1578090 261
1578100 261
1578110 261
1578120 261
1578130 261
1578140 261
1578150 260
1578160 260
1578170 260
1578180 261
1578190 261
1578200 261
1578210 260
1578220 260
1578230 260
1578240 260
1578250 260
1578260 260
1578270 261
1578280 261
1578290 261
1578300 261
1578310 261
1578320 261
1578330 261
1578340 261
1578350 261
1578360 261
1578370 261
1578380 261
1578390 261
1578400 261
1578410 261
1578420 261
1578430 261
1578440 261
1578450 261
1578460 261
1578470 261
1578480 260
1578490 260
1578500 260
1578510 260
1578520 261
1578530 261
1578540 261
1578550 261
1578560 261
1578570 261
1578580 261
1578590 261
1578600 261
1578610 261
1578620 261
1578630 261
1578640 260
1578650 260
1578660 260
1578670 260
1578680 260
1578690 260
1578700 259
1578710 259
1578720 259
1578730 259
1578740 259
1578750 259
1578760 258
1578770 258
1578780 258
1578790 258
1578800 258
1578810 257
1578820 257
1578830 257
1578840 258
1578850 258
1578860 258
1578870 258
1578880 258
1578890 258
1578900 258
1578910 258
1578920 258
1578930 258
1578940 258
1578950 258
1578960 258
1578970 257
1578980 257
1578990 257
1579000 256
1579010 256
1579020 257
1579030 257
1579040 257
1579050 258
1579060 259
1579070 259
1579080 259
1579090 259
1579100 259
1579110 259
1579120 260
1579130 260
1579140 260
1579150 260
1579160 260
1579170 260
1579180 260
1579190 260
1579200 260
1579210 260
1579220 260
1579230 261
1579240 262
1579250 262
1579260 264
1579270 266
1579280 266
1579290 269
1579300 271
1579310 271
1579320 272
1579330 274
1579340 274
1579350 277
1579360 280
1579370 280
1579380 284
1579390 286
1579400 286
1579410 287
1579420 290
1579430 290
1579440 292
1579450 294
1579460 294
1579470 295
1579480 296
1579490 296
1579500 298
1579510 298
1579520 298
1579530 299
1579540 299
1579550 299
1579560 298
1579570 295
1579580 295
1579590 291
1579600 288
1579610 288
1579620 286
1579630 285
1579640 285
1579650 284
1579660 283
1579670 283
1579680 282
1579690 280
1579700 280
1579710 279
1579720 279
1579730 279
1579740 281
1579750 284
1579760 284
1579770 286
1579780 287
1579790 287
1579800 288
1579810 289
1579820 289
1579830 290
1579840 291
1579850 291
1579860 292
1579870 293
1579880 293
1579890 294
1579900 295
1579910 295
1579920 296
1579930 297
1579940 297
1579950 298
1579960 300
1579970 300
1579980 301
1579990 302
