1560000 272
1560010 273
1560020 273
1560030 273
1560040 272
1560050 272
1560060 272
1560070 272
1560080 272
1560090 272
1560100 273
1560110 273
1560120 273
1560130 273
1560140 273
1560150 273
1560160 272
1560170 272
1560180 272
1560190 272
1560200 272
1560210 272
1560220 272
1560230 272
1560240 272
1560250 272
1560260 272
1560270 271
1560280 271
1560290 271
1560300 271
1560310 271
1560320 271
1560330 271
1560340 271
1560350 271
1560360 271
1560370 271
1560380 271
1560390 271
1560400 271
1560410 271
1560420 271
1560430 271
1560440 271
1560450 271
1560460 271
1560470 271
1560480 271
1560490 271
1560500 271
1560510 271
1560520 271
1560530 271
1560540 271
1560550 271
1560560 271
1560570 270
1560580 269
1560590 269
1560600 269
1560610 270
1560620 270
1560630 270
1560640 270
1560650 270
1560660 268
1560670 267
1560680 267
1560690 267
1560700 267
1560710 267
1560720 267
1560730 267
1560740 267
1560750 267
1560760 267
1560770 267
1560780 267
1560790 268
1560800 268
1560810 268
1560820 268
1560830 268
1560840 268
1560850 268
1560860 268
1560870 268
1560880 268
1560890 268
1560900 268
1560910 268
1560920 268
1560930 268
1560940 268
1560950 268
1560960 268
1560970 268
1560980 268
1560990 267
1561000 267
1561010 267
1561020 266
1561030 265
1561040 265
1561050 262
1561060 262
1561070 262
1561080 263
1561090 263
1561100 263
1561110 264
1561120 264
1561130 264
1561140 263
1561150 263
1561160 263
1561170 263
1561180 263
1561190 263
1561200 264
1561210 264
1561220 264
1561230 263
1561240 264
1561250 264
1561260 264
1561270 264
1561280 264
1561290 264
1561300 264
1561310 264
1561320 264
1561330 264
1561340 264
1561350 264
1561360 264
1561370 264
1561380 264
1561390 264
1561400 264
1561410 265
1561420 264
1561430 264
1561440 263
1561450 263
1561460 263
1561470 264
1561480 266
1561490 266
1561500 266
1561510 266
1561520 266
1561530 266
1561540 266
1561550 266
1561560 267
1561570 267
1561580 267
1561590 267
1561600 267
1561610 267
1561620 267
1561630 267
1561640 267
1561650 266
1561660 266
1561670 266
1561680 266
1561690 267
1561700 267
1561710 268
1561720 268
1561730 268
1561740 268
1561750 268
1561760 268
1561770 269
1561780 269
1561790 269
1561800 270
1561810 270
1561820 270
1561830 270
1561840 271
1561850 271
1561860 271
1561870 271
1561880 271
1561890 271
1561900 271
1561910 271
1561920 271
1561930 271
1561940 271
1561950 271
1561960 271
1561970 271
1561980 271
1561990 271
1562000 271
1562010 271
1562020 271
1562030 271
1562040 271
1562050 271
1562060 271
1562070 271
1562080 271
1562090 271
1562100 271
1562110 271
1562120 271
1562130 271
1562140 271
1562150 271
1562160 271
1562170 271
1562180 271
1562190 271
1562200 271
1562210 271
1562220 271
1562230 271
1562240 271
1562250 271
1562260 271
1562270 271
1562280 272
1562290 272
1562300 272
1562310 271
1562320 271
1562330 271
1562340 271
1562350 271
1562360 271
1562370 271
1562380 271
1562390 271
1562400 271
1562410 271
1562420 271
1562430 272
1562440 272
1562450 272
1562460 272
1562470 272
1562480 272
1562490 272
1562500 272
1562510 272
1562520 272
1562530 272
1562540 271
1562550 271
1562560 271
1562570 271
1562580 271
1562590 271
1562600 271
1562610 271
1562620 271
1562630 271
1562640 271
1562650 271
1562660 271
1562670 271
1562680 271
1562690 271
1562700 271
1562710 271
1562720 271
1562730 271
1562740 271
1562750 271
1562760 271
1562770 271
1562780 271
1562790 271
1562800 271
1562810 271
1562820 271
1562830 271
1562840 271
1562850 271
1562860 271
1562870 271
1562880 271
1562890 271
1562900 271
1562910 271
1562920 271
1562930 271
1562940 271
1562950 271
1562960 271
1562970 271
1562980 271
1562990 271
1563000 271
1563010 271
1563020 271
1563030 270
1563040 270
1563050 270
1563060 270
1563070 270
1563080 270
1563090 270
1563100 270
1563110 270
1563120 270
1563130 270
1563140 270
1563150 270
1563160 270
1563170 270
1563180 270
1563190 270
1563200 270
1563210 270
1563220 270
1563230 270
1563240 270
1563250 270
1563260 271
1563270 271
1563280 271
1563290 271
1563300 271
1563310 271
1563320 271
1563330 272
1563340 272
1563350 272
1563360 272
1563370 272
1563380 273
1563390 273
1563400 273
1563410 273
1563420 274
1563430 274
1563440 274
1563450 275
1563460 275
1563470 275
1563480 275
1563490 275
1563500 275
1563510 276
1563520 276
1563530 276
1563540 276
1563550 276
1563560 276
1563570 277
1563580 277
1563590 277
1563600 278
1563610 278
1563620 278
1563630 280
1563640 280
1563650 282
1563660 284
1563670 284
1563680 287
1563690 291
1563700 291
1563710 291
1563720 289
1563730 289
1563740 292
1563750 296
1563760 296
1563770 296
1563780 296
1563790 296
1563800 295
1563810 295
1563820 295
1563830 295
1563840 296
1563850 296
1563860 297
1563870 298
1563880 298
1563890 299
1563900 301
1563910 301
1563920 301
1563930 303
1563940 303
1563950 304
1563960 303
1563970 303
1563980 304
1563990 306
1564000 306
1564010 306
1564020 305
1564030 305
1564040 304
1564050 305
1564060 305
1564070 309
1564080 310
1564090 310
1564100 311
1564110 312
1564120 312
1564130 312
1564140 312
1564150 312
1564160 311
1564170 308
1564180 308
1564190 305
1564200 303
1564210 303
1564220 303
1564230 302
1564240 302
1564250 302
1564260 304
1564270 304
1564280 308
1564290 310
1564300 310
1564310 312
1564320 314
1564330 314
1564340 315
1564350 316
1564360 316
1564370 317
1564380 317
1564390 317
1564400 318
1564410 318
1564420 318
1564430 319
1564440 320
1564450 320
1564460 319
1564470 320
1564480 320
1564490 320
1564500 321
1564510 321
1564520 321
1564530 321
1564540 321
1564550 322
1564560 322
1564570 322
1564580 322
1564590 323
1564600 323
1564610 323
1564620 323
1564630 323
1564640 323
1564650 323
1564660 323
1564670 323
1564680 322
1564690 322
1564700 322
1564710 321
1564720 321
1564730 321
1564740 321
1564750 321
1564760 320
1564770 319
1564780 319
1564790 319
1564800 319
1564810 317
1564820 316
1564830 316
1564840 315
1564850 313
1564860 313
1564870 312
1564880 310
1564890 310
1564900 309
1564910 308
1564920 308
1564930 306
1564940 305
1564950 305
1564960 302
1564970 301
1564980 301
1564990 300
1565000 298
1565010 298
1565020 294
1565030 292
1565040 292
1565050 290
1565060 290
1565070 290
1565080 293
1565090 295
1565100 295
1565110 296
1565120 297
1565130 297
1565140 298
1565150 299
1565160 299
1565170 300
1565180 301
1565190 301
1565200 302
1565210 302
1565220 302
1565230 303
1565240 303
1565250 303
1565260 303
1565270 303
1565280 303
1565290 303
1565300 302
1565310 302
1565320 302
1565330 302
1565340 302
1565350 301
1565360 300
1565370 300
1565380 300
1565390 300
1565400 300
1565410 299
1565420 298
1565430 298
1565440 297
1565450 296
1565460 296
1565470 295
1565480 294
1565490 294
1565500 293
1565510 292
1565520 292
1565530 291
1565540 289
1565550 289
1565560 288
1565570 287
1565580 287
1565590 285
1565600 284
1565610 284
1565620 282
1565630 280
1565640 280
1565650 278
1565660 277
1565670 277
1565680 276
1565690 276
1565700 276
1565710 276
1565720 276
1565730 276
1565740 275
1565750 275
1565760 275
1565770 275
1565780 274
1565790 274
1565800 274
1565810 274
1565820 274
1565830 274
1565840 274
1565850 274
1565860 274
1565870 274
1565880 274
1565890 273
1565900 273
1565910 273
1565920 273
1565930 273
1565940 273
1565950 272
1565960 272
1565970 272
1565980 272
1565990 272
1566000 272
1566010 272
1566020 272
1566030 272
1566040 272
1566050 272
1566060 272
1566070 272
1566080 272
1566090 272
1566100 271
1566110 271
1566120 271
1566130 271
1566140 273
1566150 273
1566160 273
1566170 272
1566180 272
1566190 272
1566200 270
1566210 270
1566220 270
1566230 271
1566240 271
1566250 271
1566260 271
1566270 271
1566280 270
1566290 270
1566300 270
1566310 269
1566320 269
1566330 269
1566340 271
1566350 271
1566360 271
1566370 271
1566380 271
1566390 271
1566400 272
1566410 272
1566420 272
1566430 272
1566440 274
1566450 274
1566460 274
1566470 275
1566480 275
1566490 276
1566500 277
1566510 277
1566520 278
1566530 278
1566540 278
1566550 279
1566560 280
1566570 280
1566580 281
1566590 282
1566600 282
1566610 283
1566620 284
1566630 284
1566640 287
1566650 290
1566660 290
1566670 292
1566680 294
1566690 294
1566700 297
1566710 299
1566720 299
1566730 302
1566740 306
1566750 306
1566760 310
1566770 313
1566780 313
1566790 317
1566800 321
1566810 321
1566820 325
1566830 330
1566840 330
1566850 334
1566860 338
1566870 338
1566880 341
1566890 343
1566900 343
1566910 346
1566920 348
1566930 348
1566940 349
1566950 351
1566960 351
1566970 352
1566980 354
1566990 354
1567000 355
1567010 357
1567020 357
1567030 359
1567040 360
1567050 360
1567060 361
1567070 361
1567080 361
1567090 360
1567100 357
1567110 357
1567120 356
1567130 355
1567140 355
1567150 356
1567160 361
1567170 361
1567180 366
1567190 371
1567200 371
1567210 374
1567220 377
1567230 377
1567240 380
1567250 382
1567260 382
1567270 384
1567280 387
1567290 387
1567300 389
1567310 391
1567320 391
1567330 392
1567340 393
1567350 393
1567360 393
1567370 394
1567380 394
1567390 395
1567400 395
1567410 395
1567420 397
1567430 398
1567440 398
1567450 398
1567460 399
1567470 399
1567480 399
1567490 400
1567500 400
1567510 401
1567520 401
1567530 401
1567540 402
1567550 403
1567560 403
1567570 404
1567580 405
1567590 405
1567600 405
1567610 406
1567620 406
1567630 406
1567640 406
1567650 405
1567660 402
1567670 402
1567680 398
1567690 393
1567700 393
1567710 388
1567720 383
1567730 383
1567740 379
1567750 375
1567760 375
1567770 371
1567780 370
1567790 370
1567800 367
1567810 366
1567820 366
1567830 364
1567840 366
1567850 366
1567860 371
1567870 376
1567880 376
1567890 383
1567900 388
1567910 388
1567920 392
1567930 395
1567940 395
1567950 396
1567960 397
1567970 397
1567980 395
1567990 391
1568000 391
1568010 388
1568020 384
1568030 384
1568040 382
1568050 380
1568060 380
1568070 378
1568080 379
1568090 379
1568100 382
1568110 385
1568120 385
1568130 388
1568140 390
1568150 390
1568160 395
1568170 399
1568180 399
1568190 401
1568200 404
1568210 404
1568220 406
1568230 408
1568240 408
1568250 410
1568260 412
1568270 412
1568280 413
1568290 414
1568300 414
1568310 416
1568320 416
1568330 416
1568340 416
1568350 416
1568360 416
1568370 416
1568380 416
1568390 416
1568400 416
1568410 416
1568420 416
1568430 416
1568440 416
1568450 416
1568460 415
1568470 414
1568480 414
1568490 413
1568500 412
1568510 412
1568520 410
1568530 409
1568540 409
1568550 407
1568560 405
1568570 405
1568580 402
1568590 400
1568600 400
1568610 397
1568620 394
1568630 394
1568640 392
1568650 389
1568660 389
1568670 385
1568680 381
1568690 381
1568700 380
1568710 385
1568720 385
1568730 389
1568740 392
1568750 392
1568760 396
1568770 399
1568780 399
1568790 401
1568800 402
1568810 402
1568820 403
1568830 404
1568840 404
1568850 405
1568860 406
1568870 406
1568880 406
1568890 406
1568900 406
1568910 406
1568920 406
1568930 406
1568940 405
1568950 405
1568960 405
1568970 405
1568980 404
1568990 404
1569000 403
1569010 403
1569020 403
1569030 402
1569040 401
1569050 401
1569060 400
1569070 399
1569080 399
1569090 398
1569100 397
1569110 397
1569120 397
1569130 396
1569140 396
1569150 394
1569160 393
1569170 393
1569180 391
1569190 388
1569200 388
1569210 387
1569220 384
1569230 384
1569240 378
1569250 374
1569260 374
1569270 373
1569280 372
1569290 372
1569300 370
1569310 367
1569320 367
1569330 370
1569340 369
1569350 369
1569360 368
1569370 367
1569380 367
1569390 367
1569400 366
1569410 366
1569420 365
1569430 364
1569440 364
1569450 363
1569460 362
1569470 362
1569480 361
1569490 360
1569500 360
1569510 357
1569520 352
1569530 352
1569540 345
1569550 339
1569560 339
1569570 334
1569580 330
1569590 330
1569600 328
1569610 326
1569620 326
1569630 325
1569640 326
1569650 326
1569660 332
1569670 340
1569680 340
1569690 346
1569700 351
1569710 351
1569720 357
1569730 363
1569740 363
1569750 368
1569760 373
1569770 373
1569780 378
1569790 381
1569800 381
1569810 383
1569820 385
1569830 385
1569840 387
1569850 388
1569860 388
1569870 389
1569880 390
1569890 390
1569900 391
1569910 392
1569920 392
1569930 393
1569940 394
1569950 394
1569960 395
1569970 396
1569980 396
1569990 396
1570000 397
1570010 397
1570020 398
1570030 399
1570040 399
1570050 399
1570060 400
1570070 400
1570080 400
1570090 401
1570100 401
1570110 402
1570120 402
1570130 402
1570140 402
1570150 402
1570160 402
1570170 402
1570180 402
1570190 402
1570200 402
1570210 402
1570220 402
1570230 401
1570240 401
1570250 401
1570260 399
1570270 398
1570280 398
1570290 396
1570300 395
1570310 395
1570320 394
1570330 393
1570340 393
1570350 392
1570360 391
1570370 391
1570380 390
1570390 389
1570400 389
1570410 388
1570420 386
1570430 386
1570440 385
1570450 384
1570460 384
1570470 382
1570480 382
1570490 381
1570500 380
1570510 380
1570520 378
1570530 377
1570540 377
1570550 375
1570560 373
1570570 373
1570580 372
1570590 370
1570600 370
1570610 369
1570620 367
1570630 367
1570640 365
1570650 363
1570660 363
1570670 361
1570680 359
1570690 359
1570700 358
1570710 357
1570720 357
1570730 355
1570740 351
1570750 351
1570760 347
1570770 344
1570780 344
1570790 343
1570800 346
1570810 346
1570820 349
1570830 352
1570840 355
1570850 357
1570860 358
1570870 358
1570880 359
1570890 359
1570900 359
1570910 360
1570920 360
1570930 360
1570940 361
1570950 361
1570960 361
1570970 362
1570980 362
1570990 362
1571000 362
1571010 362
1571020 362
1571030 362
1571040 362
1571050 362
1571060 362
1571070 361
1571080 361
1571090 361
1571100 361
1571110 361
1571120 361
1571130 360
1571140 360
1571150 360
1571160 359
1571170 359
1571180 359
1571190 358
1571200 358
1571210 358
1571220 357
1571230 357
1571240 356
1571250 356
1571260 356
1571270 355
1571280 354
1571290 354
1571300 353
1571310 352
1571320 352
1571330 351
1571340 350
1571350 350
1571360 349
1571370 348
1571380 348
1571390 347
1571400 345
1571410 345
1571420 344
1571430 343
1571440 343
1571450 342
1571460 341
1571470 341
1571480 340
1571490 338
1571500 338
1571510 337
1571520 335
1571530 335
1571540 334
1571550 334
1571560 334
1571570 334
1571580 334
1571590 334
1571600 334
1571610 334
1571620 334
1571630 334
1571640 334
1571650 334
1571660 333
1571670 332
1571680 332
1571690 331
1571700 329
1571710 329
1571720 328
1571730 326
1571740 326
1571750 325
1571760 323
1571770 323
1571780 321
1571790 320
1571800 320
1571810 318
1571820 317
1571830 317
1571840 317
1571850 316
1571860 316
1571870 316
1571880 318
1571890 318
1571900 321
1571910 324
1571920 324
1571930 326
1571940 328
1571950 328
1571960 331
1571970 332
1571980 332
1571990 333
1572000 333
1572010 333
1572020 334
1572030 336
1572040 336
1572050 337
1572060 339
1572070 339
1572080 341
1572090 342
1572100 342
1572110 343
1572120 345
1572130 345
1572140 346
1572150 347
1572160 347
1572170 348
1572180 349
1572190 349
1572200 350
1572210 351
1572220 351
1572230 352
1572240 352
1572250 352
1572260 353
1572270 353
1572280 353
1572290 354
1572300 354
1572310 354
1572320 354
1572330 355
1572340 354
1572350 354
1572360 354
1572370 354
1572380 354
1572390 354
1572400 354
1572410 355
1572420 355
1572430 355
1572440 354
1572450 354
1572460 354
1572470 354
1572480 354
1572490 354
1572500 354
1572510 354
1572520 354
1572530 353
1572540 353
1572550 353
1572560 353
1572570 352
1572580 352
1572590 352
1572600 351
1572610 351
1572620 350
1572630 348
1572640 348
1572650 345
1572660 342
1572670 342
1572680 338
1572690 332
1572700 332
1572710 326
1572720 321
1572730 321
1572740 321
1572750 326
1572760 326
1572770 330
1572780 331
1572790 331
1572800 333
1572810 336
1572820 336
1572830 338
1572840 340
1572850 340
1572860 342
1572870 344
1572880 344
1572890 345
1572900 347
1572910 347
1572920 348
1572930 349
1572940 349
1572950 349
1572960 350
1572970 350
1572980 350
1572990 350
1573000 350
1573010 349
1573020 349
1573030 349
1573040 349
1573050 348
1573060 348
1573070 347
1573080 346
1573090 346
1573100 345
1573110 343
1573120 343
1573130 341
1573140 339
1573150 339
1573160 337
1573170 335
1573180 335
1573190 333
1573200 330
1573210 330
1573220 328
1573230 325
1573240 325
1573250 322
1573260 318
1573270 318
1573280 314
1573290 310
1573300 310
1573310 305
1573320 305
1573330 299
1573340 293
1573350 293
1573360 291
1573370 293
1573380 293
1573390 293
1573400 291
1573410 291
1573420 285
1573430 277
1573440 277
1573450 271
1573460 269
1573470 269
1573480 269
1573490 269
1573500 269
1573510 269
1573520 269
1573530 269
1573540 268
1573550 268
1573560 268
1573570 268
1573580 268
1573590 268
1573600 268
1573610 267
1573620 267
1573630 266
1573640 267
1573650 267
1573660 269
1573670 269
1573680 269
1573690 269
1573700 268
1573710 268
1573720 268
1573730 268
1573740 268
1573750 268
1573760 268
1573770 268
1573780 268
1573790 267
1573800 267
1573810 268
1573820 268
1573830 268
1573840 268
1573850 269
1573860 269
1573870 270
1573880 274
1573890 274
1573900 278
1573910 281
1573920 281
1573930 284
1573940 286
1573950 286
1573960 287
1573970 288
1573980 288
1573990 288
1574000 291
1574010 291
1574020 295
1574030 300
1574040 300
1574050 303
1574060 307
1574070 307
1574080 310
1574090 312
1574100 312
1574110 314
1574120 316
1574130 316
1574140 319
1574150 322
1574160 322
1574170 325
1574180 327
1574190 327
1574200 329
1574210 329
1574220 329
1574230 328
1574240 324
1574250 324
1574260 322
1574270 321
1574280 321
1574290 320
1574300 322
1574310 322
1574320 323
1574330 325
1574340 325
1574350 326
1574360 327
1574370 327
1574380 328
1574390 331
1574400 331
1574410 333
1574420 337
1574430 337
1574440 340
1574450 344
1574460 344
1574470 348
1574480 351
1574490 351
1574500 354
1574510 355
1574520 355
1574530 357
1574540 358
1574550 358
1574560 359
1574570 359
1574580 359
1574590 360
1574600 360
1574610 360
1574620 361
1574630 362
1574640 362
1574650 364
1574660 365
1574670 365
1574680 366
1574690 368
1574700 368
1574710 369
1574720 370
1574730 370
1574740 371
1574750 371
1574760 371
1574770 372
1574780 373
1574790 373
1574800 374
1574810 374
1574820 374
1574830 374
1574840 375
1574850 375
1574860 377
1574870 378
1574880 378
1574890 379
1574900 381
1574910 381
1574920 382
1574930 383
1574940 383
1574950 384
1574960 384
1574970 384
1574980 385
1574990 385
1575000 385
1575010 386
1575020 386
1575030 386
1575040 386
1575050 386
1575060 386
1575070 386
1575080 386
1575090 386
1575100 385
1575110 385
1575120 385
1575130 384
1575140 384
1575150 384
1575160 383
1575170 383
1575180 383
1575190 382
1575200 382
1575210 382
1575220 381
1575230 380
1575240 380
1575250 378
1575260 376
1575270 376
1575280 375
1575290 374
1575300 374
1575310 373
1575320 372
1575330 372
1575340 371
1575350 370
1575360 370
1575370 369
1575380 367
1575390 367
1575400 366
1575410 364
1575420 364
1575430 362
1575440 360
1575450 360
1575460 358
1575470 356
1575480 356
1575490 354
1575500 352
1575510 352
1575520 351
1575530 350
1575540 350
1575550 349
1575560 348
1575570 348
1575580 347
1575590 346
1575600 346
1575610 345
1575620 344
1575630 344
1575640 342
1575650 341
1575660 341
1575670 340
1575680 339
1575690 339
1575700 338
1575710 337
1575720 337
1575730 336
1575740 334
1575750 334
1575760 333
1575770 332
1575780 332
1575790 331
1575800 330
1575810 330
1575820 329
1575830 327
1575840 327
1575850 324
1575860 319
1575870 319
1575880 317
1575890 319
1575900 319
1575910 322
1575920 324
1575930 324
1575940 327
1575950 331
1575960 331
1575970 334
1575980 334
1575990 334
1576000 333
1576010 332
1576020 332
1576030 335
1576040 340
1576050 340
1576060 344
1576070 345
1576080 345
1576090 346
1576100 347
1576110 347
1576120 349
1576130 350
1576140 350
1576150 350
1576160 350
1576170 350
1576180 351
1576190 351
1576200 351
1576210 351
1576220 351
1576230 352
1576240 354
1576250 354
1576260 356
1576270 356
1576280 356
1576290 357
1576300 357
1576310 357
1576320 357
1576330 357
1576340 357
1576350 356
1576360 353
1576370 353
1576380 350
1576390 348
1576400 348
1576410 350
1576420 354
1576430 354
1576440 357
1576450 359
1576460 359
1576470 360
1576480 361
1576490 361
1576500 362
1576510 362
1576520 362
1576530 363
1576540 364
1576550 364
1576560 365
1576570 366
1576580 366
1576590 367
1576600 367
1576610 367
1576620 367
1576630 367
1576640 367
1576650 367
1576660 367
1576670 367
1576680 367
1576690 367
1576700 367
1576710 367
1576720 366
1576730 366
1576740 366
1576750 365
1576760 365
1576770 364
1576780 363
1576790 363
1576800 361
1576810 360
1576820 360
1576830 359
1576840 358
1576850 358
1576860 358
1576870 358
1576880 358
1576890 357
1576900 356
1576910 356
1576920 354
1576930 352
1576940 352
1576950 349
1576960 346
1576970 346
1576980 344
1576990 342
1577000 342
1577010 339
1577020 336
1577030 336
1577040 332
1577050 332
1577060 332
1577070 334
1577080 337
1577090 337
1577100 338
1577110 339
1577120 339
1577130 341
1577140 343
1577150 343
1577160 345
1577170 348
1577180 348
1577190 351
1577200 353
1577210 353
1577220 356
1577230 357
1577240 357
1577250 359
1577260 360
1577270 360
1577280 361
1577290 360
1577300 360
1577310 360
1577320 361
1577330 361
1577340 363
1577350 365
1577360 365
1577370 367
1577380 369
1577390 369
1577400 372
1577410 375
1577420 375
1577430 377
1577440 380
1577450 380
1577460 382
1577470 384
1577480 384
1577490 387
1577500 389
1577510 389
1577520 391
1577530 392
1577540 392
1577550 394
1577560 395
1577570 395
1577580 397
1577590 398
1577600 398
1577610 399
1577620 400
1577630 400
1577640 400
1577650 401
1577660 401
1577670 402
1577680 402
1577690 402
1577700 402
1577710 402
1577720 402
1577730 400
1577740 397
1577750 397
1577760 391
1577770 387
1577780 387
1577790 387
1577800 391
1577810 391
1577820 394
1577830 393
1577840 393
1577850 388
1577860 384
1577870 384
1577880 383
1577890 383
1577900 383
1577910 383
1577920 385
1577930 385
1577940 388
1577950 393
1577960 393
1577970 398
1577980 401
1577990 401
1578000 405
1578010 409
1578020 409
1578030 413
1578040 417
1578050 417
1578060 420
1578070 424
1578080 423
1578090 427
1578100 430
1578110 430
1578120 433
1578130 435
1578140 435
1578150 437
1578160 438
1578170 438
1578180 439
1578190 440
1578200 440
1578210 441
1578220 442
1578230 442
1578240 443
1578250 444
1578260 444
1578270 445
1578280 446
1578290 446
1578300 447
1578310 448
1578320 448
1578330 449
1578340 450
1578350 450
1578360 451
1578370 452
1578380 452
1578390 452
1578400 453
1578410 453
1578420 453
1578430 454
1578440 454
1578450 454
1578460 454
1578470 454
1578480 454
1578490 453
1578500 453
1578510 452
1578520 451
1578530 451
1578540 450
1578550 449
1578560 449
1578570 450
1578580 450
1578590 450
1578600 451
1578610 452
1578620 452
1578630 454
1578640 456
1578650 456
1578660 458
1578670 460
1578680 460
1578690 462
1578700 465
1578710 465
1578720 467
1578730 468
1578740 468
1578750 468
1578760 469
1578770 469
1578780 471
1578790 472
1578800 472
1578810 473
1578820 475
1578830 475
1578840 476
1578850 477
1578860 477
1578870 477
1578880 475
1578890 475
1578900 474
1578910 475
1578920 475
1578930 478
1578940 481
1578950 481
1578960 484
1578970 487
1578980 487
1578990 488
1579000 488
1579010 490
1579020 491
1579030 491
1579040 492
1579050 493
1579060 493
1579070 494
1579080 494
1579090 494
1579100 495
1579110 495
1579120 495
1579130 495
1579140 496
1579150 496
1579160 496
1579170 497
1579180 497
1579190 497
1579200 498
1579210 498
1579220 499
1579230 500
1579240 500
1579250 501
1579260 502
1579270 502
1579280 504
1579290 505
1579300 505
1579310 507
1579320 508
1579330 508
1579340 510
1579350 512
1579360 512
1579370 515
1579380 517
1579390 517
1579400 520
1579410 522
1579420 522
1579430 524
1579440 527
1579450 527
1579460 529
1579470 532
1579480 532
1579490 534
1579500 536
1579510 536
1579520 539
1579530 541
1579540 541
1579550 544
1579560 547
1579570 547
1579580 551
1579590 553
1579600 553
1579610 556
1579620 557
1579630 557
1579640 557
1579650 558
1579660 558
1579670 558
1579680 559
1579690 559
1579700 559
1579710 560
1579720 560
1579730 560
1579740 561
1579750 561
1579760 561
1579770 562
1579780 562
1579790 562
1579800 562
1579810 562
1579820 563
1579830 563
1579840 563
1579850 564
1579860 565
1579870 565
1579880 565
1579890 565
1579900 565
1579910 564
1579920 564
1579930 564
1579940 563
1579950 563
1579960 563
1579970 563
1579980 562
1579990 562
