1560000 313
1560010 312
1560020 312
1560030 312
1560040 311
1560050 310
1560060 310
1560070 309
1560080 308
1560090 308
1560100 307
1560110 307
1560120 307
1560130 306
1560140 306
1560150 306
1560160 306
1560170 305
1560180 305
1560190 305
1560200 304
1560210 304
1560220 303
1560230 297
1560240 297
1560250 293
1560260 293
1560270 293
1560280 293
1560290 293
1560300 293
1560310 292
1560320 292
1560330 292
1560340 292
1560350 291
1560360 291
1560370 290
1560380 290
1560390 290
1560400 290
1560410 291
1560420 291
1560430 291
1560440 291
1560450 291
1560460 293
1560470 293
1560480 295
1560490 296
1560500 296
1560510 295
1560520 295
1560530 295
1560540 295
1560550 295
1560560 295
1560570 294
1560580 294
1560590 294
1560600 293
1560610 293
1560620 293
1560630 293
1560640 292
1560650 292
1560660 291
1560670 291
1560680 291
1560690 291
1560700 290
1560710 290
1560720 289
1560730 288
1560740 288
1560750 288
1560760 287
1560770 287
1560780 286
1560790 286
1560800 286
1560810 286
1560820 284
1560830 284
1560840 283
1560850 282
1560860 282
1560870 280
1560880 279
1560890 279
1560900 278
1560910 277
1560920 277
1560930 277
1560940 277
1560950 277
1560960 277
1560970 277
1560980 277
1560990 277
1561000 276
1561010 276
1561020 276
1561030 276
1561040 276
1561050 277
1561060 277
1561070 277
1561080 277
1561090 277
1561100 277
1561110 276
1561120 276
1561130 276
1561140 276
1561150 277
1561160 277
1561170 275
1561180 273
1561190 273
1561200 272
1561210 273
1561220 273
1561230 275
1561240 277
1561250 277
1561260 276
1561270 275
1561280 275
1561290 274
1561300 273
1561310 273
1561320 272
1561330 271
1561340 271
1561350 271
1561360 271
1561370 271
1561380 270
1561390 270
1561400 270
1561410 269
1561420 268
1561430 268
1561440 268
1561450 268
1561460 268
1561470 267
1561480 267
1561490 267
1561500 267
1561510 266
1561520 266
1561530 264
1561540 264
1561550 264
1561560 264
1561570 264
1561580 264
1561590 264
1561600 264
1561610 264
1561620 264
1561630 264
1561640 264
1561650 264
1561660 264
1561670 264
1561680 264
1561690 264
1561700 264
1561710 264
1561720 264
1561730 264
1561740 264
1561750 264
1561760 264
1561770 264
1561780 264
1561790 264
1561800 264
1561810 264
1561820 264
1561830 264
1561840 264
1561850 264
1561860 264
1561870 264
1561880 264
1561890 264
1561900 264
1561910 264
1561920 264
1561930 264
1561940 264
1561950 264
1561960 264
1561970 264
1561980 264
1561990 263
1562000 263
1562010 263
1562020 263
1562030 263
1562040 263
1562050 263
1562060 263
1562070 263
1562080 265
1562090 265
1562100 267
1562110 269
1562120 269
1562130 271
1562140 276
1562150 276
1562160 283
1562170 292
1562180 292
1562190 297
1562200 303
1562210 303
1562220 311
1562230 315
1562240 315
1562250 314
1562260 313
1562270 313
1562280 313
1562290 314
1562300 314
1562310 316
1562320 318
1562330 318
1562340 320
1562350 322
1562360 322
1562370 324
1562380 326
1562390 326
1562400 328
1562410 330
1562420 330
1562430 332
1562440 334
1562450 334
1562460 335
1562470 337
1562480 337
1562490 339
1562500 341
1562510 341
1562520 343
1562530 344
1562540 344
1562550 345
1562560 347
1562570 347
1562580 350
1562590 352
1562600 352
1562610 354
1562620 356
1562630 356
1562640 357
1562650 359
1562660 359
1562670 361
1562680 362
1562690 362
1562700 364
1562710 365
1562720 365
1562730 366
1562740 367
1562750 367
1562760 368
1562770 369
1562780 369
1562790 370
1562800 369
1562810 369
1562820 367
1562830 366
1562840 366
1562850 366
1562860 366
1562870 366
1562880 366
1562890 367
1562900 367
1562910 368
1562920 369
1562930 369
1562940 369
1562950 370
1562960 370
1562970 370
1562980 370
1562990 370
1563000 370
1563010 370
1563020 370
1563030 371
1563040 371
1563050 372
1563060 373
1563070 373
1563080 374
1563090 375
1563100 375
1563110 376
1563120 376
1563130 376
1563140 377
1563150 377
1563160 377
1563170 379
1563180 379
1563190 379
1563200 378
1563210 377
1563220 377
1563230 375
1563240 372
1563250 372
1563260 369
1563270 367
1563280 367
1563290 366
1563300 365
1563310 365
1563320 366
1563330 369
1563340 369
1563350 372
1563360 375
1563370 375
1563380 378
1563390 383
1563400 383
1563410 387
1563420 390
1563430 390
1563440 393
1563450 395
1563460 395
1563470 397
1563480 399
1563490 399
1563500 400
1563510 402
1563520 402
1563530 404
1563540 405
1563550 405
1563560 406
1563570 408
1563580 408
1563590 408
1563600 409
1563610 409
1563620 410
1563630 411
1563640 411
1563650 410
1563660 409
1563670 409
1563680 409
1563690 409
1563700 409
1563710 409
1563720 410
1563730 410
1563740 412
1563750 414
1563760 414
1563770 415
1563780 417
1563790 417
1563800 418
1563810 419
1563820 419
1563830 419
1563840 420
1563850 420
1563860 420
1563870 420
1563880 420
1563890 421
1563900 421
1563910 421
1563920 421
1563930 421
1563940 421
1563950 421
1563960 420
1563970 420
1563980 420
1563990 419
1564000 419
1564010 418
1564020 417
1564030 417
1564040 415
1564050 413
1564060 413
1564070 410
1564080 408
1564090 408
1564100 406
1564110 405
1564120 405
1564130 404
1564140 403
1564150 403
1564160 401
1564170 400
1564180 400
1564190 399
1564200 398
1564210 398
1564220 396
1564230 396
1564240 396
1564250 395
1564260 394
1564270 394
1564280 394
1564290 394
1564300 394
1564310 394
1564320 395
1564330 395
1564340 396
1564350 396
1564360 396
1564370 394
1564380 391
1564390 391
1564400 388
1564410 383
1564420 383
1564430 379
1564440 375
1564450 375
1564460 373
1564470 368
1564480 368
1564490 360
1564500 350
1564510 350
1564520 340
1564530 331
1564540 331
1564550 324
1564560 319
1564570 319
1564580 320
1564590 323
1564600 323
1564610 326
1564620 327
1564630 327
1564640 324
1564650 321
1564660 321
1564670 320
1564680 318
1564690 318
1564700 315
1564710 312
1564720 312
1564730 311
1564740 310
1564750 310
1564760 309
1564770 306
1564780 306
1564790 300
1564800 288
1564810 288
1564820 284
1564830 282
1564840 282
1564850 281
1564860 282
1564870 282
1564880 284
1564890 287
1564900 287
1564910 289
1564920 290
1564930 290
1564940 292
1564950 294
1564960 294
1564970 297
1564980 300
1564990 300
1565000 303
1565010 305
1565020 305
1565030 307
1565040 311
1565050 311
1565060 315
1565070 320
1565080 320
1565090 322
1565100 323
1565110 323
1565120 325
1565130 325
1565140 325
1565150 326
1565160 327
1565170 327
1565180 328
1565190 329
1565200 329
1565210 328
1565220 326
1565230 326
1565240 325
1565250 323
1565260 323
1565270 320
1565280 317
1565290 317
1565300 317
1565310 317
1565320 317
1565330 317
1565340 318
1565350 318
1565360 318
1565370 319
1565380 319
1565390 319
1565400 319
1565410 319
1565420 319
1565430 318
1565440 318
1565450 319
1565460 317
1565470 317
1565480 316
1565490 317
1565500 317
1565510 320
1565520 321
1565530 321
1565540 324
1565550 326
1565560 326
1565570 328
1565580 328
1565590 331
1565600 333
1565610 333
1565620 334
1565630 333
1565640 333
1565650 333
1565660 334
1565670 334
1565680 334
1565690 335
1565700 335
1565710 336
1565720 337
1565730 337
1565740 337
1565750 336
1565760 336
1565770 335
1565780 334
1565790 334
1565800 335
1565810 337
1565820 337
1565830 341
1565840 345
1565850 345
1565860 349
1565870 350
1565880 350
1565890 350
1565900 348
1565910 348
1565920 346
1565930 344
1565940 344
1565950 344
1565960 345
1565970 345
1565980 343
1565990 341
1566000 341
1566010 337
1566020 333
1566030 333
1566040 332
1566050 334
1566060 334
1566070 340
1566080 347
1566090 347
1566100 354
1566110 360
1566120 360
1566130 365
1566140 369
1566150 369
1566160 374
1566170 380
1566180 380
1566190 385
1566200 390
1566210 390
1566220 395
1566230 399
1566240 399
1566250 402
1566260 403
1566270 403
1566280 405
1566290 405
1566300 405
1566310 406
1566320 406
1566330 406
1566340 406
1566350 407
1566360 407
1566370 407
1566380 408
1566390 408
1566400 409
1566410 408
1566420 408
1566430 410
1566440 413
1566450 413
1566460 416
1566470 419
1566480 419
1566490 421
1566500 424
1566510 424
1566520 426
1566530 427
1566540 427
1566550 429
1566560 430
1566570 430
1566580 432
1566590 433
1566600 433
1566610 434
1566620 435
1566630 435
1566640 436
1566650 437
1566660 437
1566670 437
1566680 438
1566690 438
1566700 439
1566710 440
1566720 440
1566730 441
1566740 442
1566750 442
1566760 443
1566770 444
1566780 444
1566790 444
1566800 445
1566810 445
1566820 446
1566830 446
1566840 446
1566850 447
1566860 448
1566870 448
1566880 449
1566890 449
1566900 449
1566910 449
1566920 447
1566930 447
1566940 446
1566950 445
1566960 445
1566970 444
1566980 443
1566990 443
1567000 441
1567010 441
1567020 441
1567030 440
1567040 440
1567050 440
1567060 439
1567070 439
1567080 439
1567090 439
1567100 438
1567110 438
1567120 438
1567130 437
1567140 437
1567150 437
1567160 436
1567170 436
1567180 436
1567190 436
1567200 436
1567210 436
1567220 436
1567230 436
1567240 436
1567250 436
1567260 436
1567270 436
1567280 436
1567290 436
1567300 437
1567310 438
1567320 438
1567330 438
1567340 439
1567350 439
1567360 440
1567370 440
1567380 440
1567390 441
1567400 441
1567410 441
1567420 441
1567430 441
1567440 441
1567450 442
1567460 442
1567470 442
1567480 442
1567490 443
1567500 443
1567510 442
1567520 442
1567530 442
1567540 441
1567550 441
1567560 441
1567570 441
1567580 440
1567590 440
1567600 440
1567610 439
1567620 439
1567630 438
1567640 438
1567650 438
1567660 436
1567670 435
1567680 435
1567690 434
1567700 433
1567710 433
1567720 432
1567730 431
1567740 431
1567750 431
1567760 431
1567770 431
1567780 431
1567790 431
1567800 431
1567810 430
1567820 430
1567830 430
1567840 430
1567850 430
1567860 430
1567870 430
1567880 430
1567890 430
1567900 429
1567910 429
1567920 429
1567930 429
1567940 429
1567950 429
1567960 429
1567970 428
1567980 428
1567990 429
1568000 428
1568010 428
1568020 428
1568030 427
1568040 427
1568050 426
1568060 425
1568070 425
1568080 424
1568090 423
1568100 423
1568110 423
1568120 422
1568130 422
1568140 421
1568150 420
1568160 420
1568170 420
1568180 420
1568190 420
1568200 420
1568210 420
1568220 420
1568230 421
1568240 421
1568250 421
1568260 421
1568270 421
1568280 422
1568290 422
1568300 422
1568310 421
1568320 421
1568330 421
1568340 420
1568350 419
1568360 419
1568370 418
1568380 417
1568390 417
1568400 416
1568410 414
1568420 414
1568430 413
1568440 411
1568450 411
1568460 408
1568470 406
1568480 406
1568490 404
1568500 401
1568510 401
1568520 398
1568530 395
1568540 395
1568550 392
1568560 389
1568570 389
1568580 387
1568590 384
1568600 384
1568610 383
1568620 382
1568630 382
1568640 382
1568650 383
1568660 383
1568670 384
1568680 385
1568690 385
1568700 387
1568710 388
1568720 388
1568730 389
1568740 389
1568750 389
1568760 390
1568770 390
1568780 390
1568790 391
1568800 391
1568810 391
1568820 392
1568830 393
1568840 393
1568850 394
1568860 395
1568870 395
1568880 395
1568890 395
1568900 395
1568910 396
1568920 396
1568930 396
1568940 397
1568950 397
1568960 397
1568970 397
1568980 397
1568990 397
1569000 398
1569010 397
1569020 397
1569030 397
1569040 396
1569050 396
1569060 394
1569070 393
1569080 393
1569090 391
1569100 389
1569110 389
1569120 388
1569130 388
1569140 388
1569150 389
1569160 390
1569170 390
1569180 391
1569190 392
1569200 392
1569210 393
1569220 395
1569230 395
1569240 397
1569250 401
1569260 401
1569270 403
1569280 405
1569290 405
1569300 406
1569310 407
1569320 407
1569330 409
1569340 410
1569350 410
1569360 411
1569370 412
1569380 412
1569390 413
1569400 413
1569410 413
1569420 414
1569430 414
1569440 414
1569450 415
1569460 415
1569470 415
1569480 416
1569490 417
1569500 417
1569510 417
1569520 418
1569530 421
1569540 422
1569550 423
1569560 423
1569570 424
1569580 425
1569590 425
1569600 426
1569610 427
1569620 427
1569630 428
1569640 428
1569650 428
1569660 429
1569670 429
1569680 429
1569690 430
1569700 430
1569710 430
1569720 430
1569730 429
1569740 429
1569750 428
1569760 427
1569770 427
1569780 426
1569790 424
1569800 424
1569810 422
1569820 420
1569830 420
1569840 417
1569850 414
1569860 414
1569870 410
1569880 407
1569890 407
1569900 403
1569910 399
1569920 399
1569930 396
1569940 393
1569950 393
1569960 390
1569970 387
1569980 387
1569990 385
1570000 383
1570010 383
1570020 381
1570030 380
1570040 380
1570050 379
1570060 378
1570070 378
1570080 377
1570090 376
1570100 376
1570110 374
1570120 372
1570130 372
1570140 370
1570150 369
1570160 369
1570170 367
1570180 366
1570190 366
1570200 367
1570210 367
1570220 367
1570230 368
1570240 369
1570250 369
1570260 369
1570270 370
1570280 370
1570290 371
1570300 371
1570310 371
1570320 372
1570330 371
1570340 371
1570350 371
1570360 370
1570370 370
1570380 369
1570390 368
1570400 368
1570410 367
1570420 366
1570430 366
1570440 364
1570450 362
1570460 362
1570470 362
1570480 363
1570490 363
1570500 364
1570510 365
1570520 365
1570530 366
1570540 366
1570550 366
1570560 367
1570570 368
1570580 368
1570590 368
1570600 369
1570610 369
1570620 369
1570630 369
1570640 369
1570650 369
1570660 368
1570670 368
1570680 368
1570690 367
1570700 367
1570710 366
1570720 366
1570730 366
1570740 365
1570750 365
1570760 365
1570770 364
1570780 364
1570790 364
1570800 362
1570810 362
1570820 360
1570830 357
1570840 357
1570850 355
1570860 353
1570870 353
1570880 354
1570890 356
1570900 356
1570910 359
1570920 362
1570930 362
1570940 366
1570950 369
1570960 369
1570970 371
1570980 373
1570990 373
1571000 374
1571010 375
1571020 375
1571030 376
1571040 376
1571050 377
1571060 377
1571070 377
1571080 377
1571090 376
1571100 375
1571110 375
1571120 374
1571130 373
1571140 373
1571150 372
1571160 371
1571170 371
1571180 370
1571190 368
1571200 368
1571210 367
1571220 368
1571230 368
1571240 373
1571250 377
1571260 377
1571270 380
1571280 382
1571290 382
1571300 382
1571310 383
1571320 383
1571330 383
1571340 383
1571350 383
1571360 382
1571370 382
1571380 382
1571390 381
1571400 381
1571410 381
1571420 380
1571430 379
1571440 379
1571450 378
1571460 376
1571470 376
1571480 375
1571490 374
1571500 374
1571510 372
1571520 369
1571530 369
1571540 367
1571550 364
1571560 364
1571570 362
1571580 358
1571590 358
1571600 355
1571610 353
1571620 353
1571630 353
1571640 352
1571650 352
1571660 349
1571670 346
1571680 346
1571690 343
1571700 340
1571710 340
1571720 336
1571730 333
1571740 333
1571750 333
1571760 335
1571770 335
1571780 336
1571790 338
1571800 338
1571810 341
1571820 344
1571830 344
1571840 348
1571850 351
1571860 351
1571870 352
1571880 353
1571890 353
1571900 355
1571910 356
1571920 356
1571930 358
1571940 359
1571950 359
1571960 360
1571970 361
1571980 361
1571990 362
1572000 362
1572010 362
1572020 363
1572030 363
1572040 363
1572050 364
1572060 364
1572070 364
1572080 363
1572090 363
1572100 363
1572110 363
1572120 362
1572130 362
1572140 361
1572150 360
1572160 360
1572170 359
1572180 357
1572190 357
1572200 356
1572210 353
1572220 353
1572230 351
1572240 349
1572250 349
1572260 347
1572270 345
1572280 345
1572290 343
1572300 341
1572310 341
1572320 339
1572330 337
1572340 337
1572350 335
1572360 334
1572370 334
1572380 334
1572390 333
1572400 333
1572410 332
1572420 329
1572430 329
1572440 328
1572450 331
1572460 331
1572470 332
1572480 332
1572490 332
1572500 330
1572510 329
1572520 329
1572530 331
1572540 329
1572550 329
1572560 329
1572570 328
1572580 328
1572590 328
1572600 328
1572610 328
1572620 328
1572630 329
1572640 329
1572650 329
1572660 329
1572670 329
1572680 329
1572690 328
1572700 328
1572710 327
1572720 326
1572730 326
1572740 324
1572750 322
1572760 322
1572770 320
1572780 317
1572790 317
1572800 314
1572810 310
1572820 310
1572830 306
1572840 301
1572850 301
1572860 297
1572870 295
1572880 295
1572890 291
1572900 288
1572910 288
1572920 284
1572930 280
1572940 280
1572950 277
1572960 276
1572970 276
1572980 275
1572990 275
1573000 275
1573010 275
1573020 275
1573030 275
1573040 274
1573050 274
1573060 274
1573070 274
1573080 274
1573090 274
1573100 273
1573110 273
1573120 273
1573130 274
1573140 274
1573150 274
1573160 273
1573170 273
1573180 273
1573190 273
1573200 272
1573210 272
1573220 272
1573230 271
1573240 271
1573250 271
1573260 272
1573270 272
1573280 272
1573290 273
1573300 273
1573310 274
1573320 274
1573330 274
1573340 274
1573350 274
1573360 274
1573370 274
1573380 274
1573390 274
1573400 274
1573410 274
1573420 275
1573430 275
1573440 275
1573450 277
1573460 278
1573470 278
1573480 281
1573490 282
1573500 282
1573510 283
1573520 285
1573530 285
1573540 287
1573550 288
1573560 288
1573570 290
1573580 292
1573590 292
1573600 292
1573610 293
1573620 293
1573630 295
1573640 297
1573650 297
1573660 298
1573670 297
1573680 297
1573690 300
1573700 303
1573710 303
1573720 304
1573730 304
1573740 304
1573750 306
1573760 307
1573770 307
1573780 305
1573790 301
1573800 301
1573810 293
1573820 286
1573830 286
1573840 282
1573850 280
1573860 280
1573870 280
1573880 279
1573890 279
1573900 281
1573910 285
1573920 285
1573930 287
1573940 291
1573950 291
1573960 297
1573970 303
1573980 303
1573990 308
1574000 311
1574010 311
1574020 317
1574030 322
1574040 322
1574050 324
1574060 325
1574070 325
1574080 326
1574090 327
1574100 327
1574110 326
1574120 325
1574130 325
1574140 321
1574150 315
1574160 315
1574170 309
1574180 303
1574190 303
1574200 297
1574210 293
1574220 293
1574230 289
1574240 285
1574250 285
1574260 283
1574270 283
1574280 283
1574290 283
1574300 284
1574310 284
1574320 285
1574330 286
1574340 286
1574350 287
1574360 289
1574370 289
1574380 290
1574390 292
1574400 292
1574410 294
1574420 296
1574430 296
1574440 299
1574450 300
1574460 300
1574470 300
1574480 301
1574490 301
1574500 301
1574510 302
1574520 302
1574530 302
1574540 303
1574550 303
1574560 303
1574570 303
1574580 303
1574590 304
1574600 304
1574610 304
1574620 304
1574630 303
1574640 303
1574650 303
1574660 304
1574670 304
1574680 304
1574690 304
1574700 304
1574710 304
1574720 304
1574730 304
1574740 304
1574750 303
1574760 303
1574770 303
1574780 302
1574790 302
1574800 301
1574810 300
1574820 300
1574830 298
1574840 297
1574850 297
1574860 296
1574870 295
1574880 295
1574890 295
1574900 294
1574910 294
1574920 294
1574930 293
1574940 293
1574950 294
1574960 293
1574970 293
1574980 293
1574990 292
1575000 292
1575010 292
1575020 293
1575030 293
1575040 293
1575050 293
1575060 293
1575070 293
1575080 294
1575090 294
1575100 295
1575110 295
1575120 295
1575130 295
1575140 295
1575150 295
1575160 295
1575170 294
1575180 294
1575190 294
1575200 295
1575210 295
1575220 295
1575230 296
1575240 296
1575250 297
1575260 298
1575270 298
1575280 298
1575290 297
1575300 297
1575310 296
1575320 298
1575330 298
1575340 299
1575350 298
1575360 298
1575370 299
1575380 299
1575390 299
1575400 300
1575410 300
1575420 300
1575430 300
1575440 301
1575450 301
1575460 302
1575470 302
1575480 302
1575490 303
1575500 303
1575510 303
1575520 303
1575530 303
1575540 303
1575550 303
1575560 303
1575570 303
1575580 302
1575590 301
1575600 301
1575610 301
1575620 301
1575630 301
1575640 301
1575650 302
1575660 302
1575670 302
1575680 302
1575690 302
1575700 303
1575710 304
1575720 304
1575730 304
1575740 305
1575750 305
1575760 305
1575770 306
1575780 306
1575790 306
1575800 307
1575810 307
1575820 307
1575830 307
1575840 307
1575850 307
1575860 307
1575870 307
1575880 308
1575890 308
1575900 308
1575910 309
1575920 309
1575930 309
1575940 310
1575950 310
1575960 310
1575970 311
1575980 311
1575990 311
1576000 311
1576010 311
1576020 310
1576030 310
1576040 310
1576050 311
1576060 311
1576070 311
1576080 311
1576090 311
1576100 311
1576110 311
1576120 311
1576130 311
1576140 311
1576150 312
1576160 312
1576170 313
1576180 313
1576190 313
1576200 315
1576210 316
1576220 316
1576230 319
1576240 321
1576250 321
1576260 323
1576270 325
1576280 325
1576290 327
1576300 329
1576310 329
1576320 330
1576330 332
1576340 332
1576350 333
1576360 334
1576370 334
1576380 335
1576390 337
1576400 337
1576410 340
1576420 341
1576430 341
1576440 340
1576450 339
1576460 339
1576470 338
1576480 338
1576490 338
1576500 338
1576510 338
1576520 338
1576530 339
1576540 341
1576550 341
1576560 343
1576570 344
1576580 344
1576590 342
1576600 341
1576610 341
1576620 342
1576630 343
1576640 343
1576650 345
1576660 346
1576670 346
1576680 346
1576690 347
1576700 347
1576710 348
1576720 349
1576730 349
1576740 350
1576750 351
1576760 351
1576770 353
1576780 355
1576790 355
1576800 357
1576810 360
1576820 360
1576830 363
1576840 365
1576850 365
1576860 363
1576870 364
1576880 364
1576890 363
1576900 363
1576910 363
1576920 364
1576930 365
1576940 365
1576950 366
1576960 366
1576970 366
1576980 367
1576990 368
1577000 368
1577010 366
1577020 363
1577030 363
1577040 362
1577050 362
1577060 362
1577070 361
1577080 361
1577090 361
1577100 361
1577110 361
1577120 361
1577130 362
1577140 363
1577150 363
1577160 364
1577170 366
1577180 366
1577190 367
1577200 369
1577210 369
1577220 371
1577230 373
1577240 373
1577250 375
1577260 378
1577270 378
1577280 380
1577290 382
1577300 382
1577310 385
1577320 388
1577330 388
1577340 390
1577350 390
1577360 390
1577370 390
1577380 391
1577390 391
1577400 392
1577410 393
1577420 393
1577430 395
1577440 396
1577450 396
1577460 397
1577470 398
1577480 398
1577490 399
1577500 401
1577510 401
1577520 403
1577530 405
1577540 405
1577550 407
1577560 410
1577570 410
1577580 414
1577590 418
1577600 418
1577610 423
1577620 428
1577630 428
1577640 433
1577650 438
1577660 438
1577670 442
1577680 446
1577690 446
1577700 450
1577710 453
1577720 453
1577730 456
1577740 459
1577750 459
1577760 462
1577770 465
1577780 465
1577790 467
1577800 470
1577810 470
1577820 471
1577830 472
1577840 472
1577850 474
1577860 475
1577870 475
1577880 476
1577890 476
1577900 476
1577910 475
1577920 473
1577930 473
1577940 468
1577950 462
1577960 462
1577970 457
1577980 452
1577990 452
1578000 448
1578010 444
1578020 444
1578030 441
1578040 440
1578050 440
1578060 440
1578070 439
1578080 439
1578090 440
1578100 442
1578110 442
1578120 446
1578130 448
1578140 448
1578150 450
1578160 453
1578170 453
1578180 455
1578190 458
1578200 458
1578210 460
1578220 463
1578230 463
1578240 466
1578250 469
1578260 468
1578270 471
1578280 475
1578290 475
1578300 478
1578310 482
1578320 482
1578330 486
1578340 490
1578350 490
1578360 495
1578370 499
1578380 499
1578390 504
1578400 508
1578410 508
1578420 511
1578430 514
1578440 514
1578450 517
1578460 521
1578470 521
1578480 523
1578490 525
1578500 525
1578510 526
1578520 526
1578530 526
1578540 527
1578550 526
1578560 526
1578570 526
1578580 526
1578590 525
1578600 524
1578610 524
1578620 523
1578630 522
1578640 522
1578650 521
1578660 520
1578670 520
1578680 519
1578690 518
1578700 518
1578710 518
1578720 517
1578730 517
1578740 516
1578750 516
1578760 516
1578770 516
1578780 516
1578790 516
1578800 516
1578810 516
1578820 516
1578830 517
1578840 517
1578850 517
1578860 517
1578870 518
1578880 518
1578890 518
1578900 519
1578910 519
1578920 519
1578930 520
1578940 520
1578950 520
1578960 520
1578970 520
1578980 521
1578990 521
1579000 521
1579010 522
1579020 522
1579030 522
1579040 523
1579050 524
1579060 524
1579070 524
1579080 524
1579090 524
1579100 525
1579110 525
1579120 525
1579130 526
1579140 527
1579150 527
1579160 527
1579170 528
1579180 528
1579190 529
1579200 529
1579210 529
1579220 530
1579230 531
1579240 531
1579250 532
1579260 533
1579270 533
1579280 534
1579290 535
1579300 535
1579310 536
1579320 537
1579330 537
1579340 538
1579350 539
1579360 539
1579370 541
1579380 542
1579390 542
1579400 543
1579410 544
1579420 544
1579430 545
1579440 546
1579450 546
1579460 548
1579470 549
1579480 549
1579490 550
1579500 552
1579510 552
1579520 553
1579530 554
1579540 554
1579550 555
1579560 556
1579570 556
1579580 557
1579590 558
1579600 558
1579610 559
1579620 560
1579630 560
1579640 561
1579650 563
1579660 563
1579670 564
1579680 565
1579690 565
1579700 566
1579710 567
1579720 567
1579730 568
1579740 568
1579750 568
1579760 569
1579770 568
1579780 568
1579790 568
1579800 569
1579810 569
1579820 569
1579830 569
1579840 569
1579850 569
1579860 568
1579870 568
1579880 568
1579890 568
1579900 568
1579910 567
1579920 567
1579930 567
1579940 567
1579950 566
1579960 566
1579970 565
1579980 564
1579990 564
