1560000 295
1560010 294
1560020 294
1560030 294
1560040 294
1560050 294
1560060 294
1560070 294
1560080 294
1560090 294
1560100 293
1560110 293
1560120 293
1560130 293
1560140 293
1560150 293
1560160 292
1560170 292
1560180 292
1560190 292
1560200 292
1560210 291
1560220 291
1560230 291
1560240 291
1560250 291
1560260 291
1560270 291
1560280 291
1560290 291
1560300 291
1560310 291
1560320 291
1560330 291
1560340 290
1560350 290
1560360 288
1560370 288
1560380 288
1560390 288
1560400 288
1560410 288
1560420 288
1560430 288
1560440 288
1560450 288
1560460 288
1560470 288
1560480 288
1560490 288
1560500 288
1560510 287
1560520 287
1560530 287
1560540 287
1560550 287
1560560 287
1560570 287
1560580 287
1560590 287
1560600 287
1560610 287
1560620 287
1560630 287
1560640 287
1560650 287
1560660 287
1560670 287
1560680 287
1560690 287
1560700 286
1560710 286
1560720 286
1560730 287
1560740 287
1560750 287
1560760 287
1560770 287
1560780 286
1560790 286
1560800 286
1560810 287
1560820 287
1560830 287
1560840 287
1560850 288
1560860 288
1560870 288
1560880 288
1560890 288
1560900 289
1560910 290
1560920 290
1560930 291
1560940 291
1560950 291
1560960 292
1560970 294
1560980 294
1560990 295
1561000 297
1561010 297
1561020 298
1561030 299
1561040 299
1561050 299
1561060 298
1561070 298
1561080 298
1561090 300
1561100 300
1561110 301
1561120 302
1561130 302
1561140 302
1561150 303
1561160 303
1561170 303
1561180 303
1561190 303
1561200 302
1561210 302
1561220 302
1561230 301
1561240 300
1561250 300
1561260 299
1561270 297
1561280 297
1561290 295
1561300 291
1561310 291
1561320 290
1561330 289
1561340 289
1561350 289
1561360 289
1561370 289
1561380 288
1561390 282
1561400 282
1561410 279
1561420 277
1561430 277
1561440 275
1561450 273
1561460 273
1561470 272
1561480 271
1561490 271
1561500 271
1561510 270
1561520 270
1561530 269
1561540 268
1561550 268
1561560 267
1561570 267
1561580 267
1561590 267
1561600 265
1561610 265
1561620 264
1561630 264
1561640 264
1561650 264
1561660 264
1561670 264
1561680 264
1561690 264
1561700 264
1561710 264
1561720 264
1561730 264
1561740 264
1561750 264
1561760 264
1561770 264
1561780 264
1561790 264
1561800 264
1561810 264
1561820 264
1561830 264
1561840 264
1561850 264
1561860 264
1561870 264
1561880 264
1561890 264
1561900 264
1561910 264
1561920 264
1561930 264
1561940 264
1561950 264
1561960 264
1561970 264
1561980 264
1561990 264
1562000 265
1562010 264
1562020 264
1562030 264
1562040 265
1562050 265
1562060 265
1562070 266
1562080 266
1562090 266
1562100 266
1562110 266
1562120 264
1562130 264
1562140 264
1562150 265
1562160 265
1562170 265
1562180 267
1562190 269
1562200 269
1562210 270
1562220 272
1562230 272
1562240 273
1562250 276
1562260 276
1562270 281
1562280 289
1562290 289
1562300 303
1562310 315
1562320 315
1562330 322
1562340 328
1562350 328
1562360 333
1562370 337
1562380 337
1562390 340
1562400 342
1562410 342
1562420 344
1562430 344
1562440 344
1562450 344
1562460 344
1562470 344
1562480 342
1562490 338
1562500 338
1562510 333
1562520 330
1562530 330
1562540 328
1562550 327
1562560 327
1562570 327
1562580 327
1562590 327
1562600 327
1562610 326
1562620 326
1562630 327
1562640 327
1562650 327
1562660 324
1562670 323
1562680 323
1562690 323
1562700 325
1562710 325
1562720 329
1562730 331
1562740 331
1562750 333
1562760 335
1562770 335
1562780 336
1562790 338
1562800 338
1562810 338
1562820 338
1562830 338
1562840 337
1562850 336
1562860 336
1562870 336
1562880 337
1562890 337
1562900 338
1562910 339
1562920 339
1562930 339
1562940 341
1562950 341
1562960 342
1562970 344
1562980 344
1562990 346
1563000 348
1563010 348
1563020 349
1563030 351
1563040 351
1563050 354
1563060 358
1563070 358
1563080 361
1563090 364
1563100 364
1563110 368
1563120 371
1563130 371
1563140 373
1563150 375
1563160 375
1563170 377
1563180 380
1563190 380
1563200 383
1563210 386
1563220 386
1563230 389
1563240 393
1563250 393
1563260 395
1563270 397
1563280 397
1563290 399
1563300 401
1563310 403
1563320 406
1563330 408
1563340 408
1563350 410
1563360 411
1563370 411
1563380 412
1563390 414
1563400 414
1563410 415
1563420 416
1563430 416
1563440 417
1563450 418
1563460 418
1563470 418
1563480 417
1563490 417
1563500 416
1563510 416
1563520 416
1563530 417
1563540 419
1563550 419
1563560 421
1563570 422
1563580 422
1563590 423
1563600 424
1563610 424
1563620 423
1563630 422
1563640 422
1563650 421
1563660 421
1563670 421
1563680 422
1563690 424
1563700 424
1563710 426
1563720 428
1563730 428
1563740 429
1563750 430
1563760 430
1563770 430
1563780 431
1563790 431
1563800 431
1563810 432
1563820 432
1563830 432
1563840 433
1563850 433
1563860 433
1563870 433
1563880 433
1563890 433
1563900 433
1563910 433
1563920 432
1563930 432
1563940 432
1563950 431
1563960 430
1563970 430
1563980 429
1563990 427
1564000 427
1564010 425
1564020 422
1564030 422
1564040 417
1564050 412
1564060 412
1564070 407
1564080 402
1564090 402
1564100 396
1564110 393
1564120 393
1564130 390
1564140 387
1564150 387
1564160 386
1564170 384
1564180 384
1564190 383
1564200 381
1564210 381
1564220 378
1564230 374
1564240 374
1564250 372
1564260 371
1564270 371
1564280 370
1564290 370
1564300 370
1564310 367
1564320 367
1564330 363
1564340 357
1564350 357
1564360 351
1564370 343
1564380 343
1564390 335
1564400 328
1564410 328
1564420 321
1564430 314
1564440 314
1564450 308
1564460 303
1564470 303
1564480 298
1564490 293
1564500 293
1564510 289
1564520 287
1564530 287
1564540 288
1564550 296
1564560 296
1564570 307
1564580 315
1564590 315
1564600 324
1564610 331
1564620 331
1564630 338
1564640 345
1564650 345
1564660 350
1564670 353
1564680 353
1564690 354
1564700 358
1564710 358
1564720 361
1564730 363
1564740 363
1564750 366
1564760 368
1564770 368
1564780 368
1564790 362
1564800 362
1564810 356
1564820 351
1564830 351
1564840 349
1564850 350
1564860 350
1564870 352
1564880 356
1564890 356
1564900 360
1564910 365
1564920 365
1564930 367
1564940 368
1564950 372
1564960 372
1564970 371
1564980 371
1564990 370
1565000 369
1565010 369
1565020 368
1565030 366
1565040 366
1565050 365
1565060 364
1565070 364
1565080 363
1565090 361
1565100 361
1565110 359
1565120 357
1565130 357
1565140 356
1565150 354
1565160 354
1565170 352
1565180 350
1565190 350
1565200 348
1565210 346
1565220 346
1565230 344
1565240 342
1565250 342
1565260 340
1565270 338
1565280 338
1565290 336
1565300 336
1565310 336
1565320 335
1565330 334
1565340 334
1565350 332
1565360 331
1565370 331
1565380 332
1565390 334
1565400 334
1565410 335
1565420 335
1565430 335
1565440 334
1565450 331
1565460 331
1565470 327
1565480 323
1565490 323
1565500 321
1565510 322
1565520 322
1565530 323
1565540 323
1565550 323
1565560 323
1565570 324
1565580 324
1565590 326
1565600 332
1565610 332
1565620 338
1565630 343
1565640 343
1565650 347
1565660 351
1565670 351
1565680 355
1565690 359
1565700 359
1565710 362
1565720 364
1565730 364
1565740 366
1565750 369
1565760 369
1565770 370
1565780 377
1565790 377
1565800 382
1565810 384
1565820 384
1565830 386
1565840 388
1565850 388
1565860 391
1565870 393
1565880 393
1565890 395
1565900 397
1565910 397
1565920 398
1565930 400
1565940 400
1565950 401
1565960 403
1565970 403
1565980 404
1565990 405
1566000 405
1566010 404
1566020 403
1566030 403
1566040 402
1566050 403
1566060 403
1566070 405
1566080 405
1566090 405
1566100 405
1566110 404
1566120 404
1566130 403
1566140 403
1566150 403
1566160 401
1566170 398
1566180 398
1566190 393
1566200 388
1566210 388
1566220 382
1566230 377
1566240 377
1566250 374
1566260 375
1566270 375
1566280 376
1566290 379
1566300 379
1566310 383
1566320 387
1566330 387
1566340 390
1566350 393
1566360 393
1566370 395
1566380 397
1566390 397
1566400 398
1566410 398
1566420 398
1566430 399
1566440 398
1566450 398
1566460 396
1566470 393
1566480 393
1566490 391
1566500 389
1566510 389
1566520 388
1566530 387
1566540 387
1566550 389
1566560 389
1566570 389
1566580 389
1566590 388
1566600 388
1566610 388
1566620 388
1566630 388
1566640 388
1566650 389
1566660 389
1566670 389
1566680 390
1566690 390
1566700 391
1566710 391
1566720 391
1566730 392
1566740 392
1566750 392
1566760 393
1566770 394
1566780 394
1566790 396
1566800 397
1566810 397
1566820 397
1566830 398
1566840 398
1566850 398
1566860 398
1566870 398
1566880 399
1566890 399
1566900 399
1566910 400
1566920 400
1566930 400
1566940 401
1566950 401
1566960 402
1566970 402
1566980 402
1566990 403
1567000 405
1567010 405
1567020 406
1567030 407
1567040 407
1567050 409
1567060 411
1567070 411
1567080 412
1567090 413
1567100 413
1567110 412
1567120 412
1567130 412
1567140 411
1567150 411
1567160 411
1567170 411
1567180 411
1567190 411
1567200 414
1567210 418
1567220 418
1567230 422
1567240 424
1567250 424
1567260 427
1567270 430
1567280 430
1567290 432
1567300 434
1567310 434
1567320 436
1567330 438
1567340 438
1567350 439
1567360 441
1567370 441
1567380 442
1567390 443
1567400 443
1567410 444
1567420 445
1567430 445
1567440 445
1567450 446
1567460 446
1567470 446
1567480 446
1567490 446
1567500 447
1567510 447
1567520 447
1567530 447
1567540 447
1567550 447
1567560 447
1567570 447
1567580 447
1567590 448
1567600 448
1567610 448
1567620 448
1567630 449
1567640 449
1567650 450
1567660 450
1567670 450
1567680 450
1567690 449
1567700 449
1567710 449
1567720 449
1567730 449
1567740 450
1567750 450
1567760 450
1567770 450
1567780 450
1567790 450
1567800 450
1567810 451
1567820 451
1567830 451
1567840 451
1567850 451
1567860 451
1567870 451
1567880 451
1567890 451
1567900 451
1567910 451
1567920 451
1567930 451
1567940 451
1567950 451
1567960 451
1567970 451
1567980 451
1567990 451
1568000 451
1568010 451
1568020 451
1568030 451
1568040 451
1568050 451
1568060 451
1568070 450
1568080 450
1568090 450
1568100 449
1568110 449
1568120 449
1568130 448
1568140 446
1568150 446
1568160 444
1568170 442
1568180 442
1568190 439
1568200 436
1568210 436
1568220 433
1568230 430
1568240 430
1568250 427
1568260 424
1568270 424
1568280 421
1568290 417
1568300 417
1568310 414
1568320 414
1568330 414
1568340 414
1568350 415
1568360 415
1568370 416
1568380 416
1568390 416
1568400 416
1568410 413
1568420 413
1568430 408
1568440 404
1568450 404
1568460 405
1568470 408
1568480 408
1568490 413
1568500 416
1568510 416
1568520 419
1568530 420
1568540 420
1568550 422
1568560 424
1568570 424
1568580 426
1568590 428
1568600 428
1568610 429
1568620 430
1568630 430
1568640 431
1568650 431
1568660 431
1568670 430
1568680 429
1568690 429
1568700 428
1568710 427
1568720 427
1568730 427
1568740 429
1568750 429
1568760 432
1568770 435
1568780 435
1568790 438
1568800 440
1568810 440
1568820 441
1568830 443
1568840 443
1568850 445
1568860 446
1568870 446
1568880 447
1568890 447
1568900 447
1568910 448
1568920 448
1568930 448
1568940 449
1568950 449
1568960 449
1568970 449
1568980 449
1568990 449
1569000 449
1569010 449
1569020 449
1569030 448
1569040 448
1569050 448
1569060 447
1569070 446
1569080 446
1569090 445
1569100 443
1569110 443
1569120 441
1569130 439
1569140 439
1569150 436
1569160 434
1569170 434
1569180 433
1569190 432
1569200 432
1569210 432
1569220 432
1569230 432
1569240 432
1569250 434
1569260 434
1569270 436
1569280 436
1569290 436
1569300 435
1569310 435
1569320 435
1569330 435
1569340 434
1569350 434
1569360 433
1569370 431
1569380 431
1569390 429
1569400 427
1569410 427
1569420 424
1569430 424
1569440 422
1569450 419
1569460 419
1569470 417
1569480 415
1569490 415
1569500 413
1569510 411
1569520 411
1569530 408
1569540 406
1569550 406
1569560 404
1569570 403
1569580 403
1569590 402
1569600 401
1569610 401
1569620 400
1569630 399
1569640 399
1569650 398
1569660 396
1569670 396
1569680 395
1569690 394
1569700 394
1569710 392
1569720 391
1569730 391
1569740 390
1569750 389
1569760 389
1569770 387
1569780 384
1569790 384
1569800 381
1569810 381
1569820 381
1569830 382
1569840 383
1569850 383
1569860 384
1569870 385
1569880 385
1569890 387
1569900 388
1569910 388
1569920 391
1569930 393
1569940 393
1569950 394
1569960 395
1569970 395
1569980 397
1569990 398
1570000 398
1570010 398
1570020 399
1570030 399
1570040 399
1570050 399
1570060 399
1570070 399
1570080 398
1570090 398
1570100 398
1570110 398
1570120 398
1570130 397
1570140 397
1570150 397
1570160 396
1570170 395
1570180 395
1570190 393
1570200 391
1570210 391
1570220 390
1570230 389
1570240 389
1570250 388
1570260 387
1570270 387
1570280 388
1570290 389
1570300 389
1570310 390
1570320 392
1570330 392
1570340 394
1570350 395
1570360 395
1570370 397
1570380 397
1570390 397
1570400 397
1570410 396
1570420 396
1570430 394
1570440 393
1570450 393
1570460 391
1570470 389
1570480 389
1570490 388
1570500 386
1570510 386
1570520 384
1570530 382
1570540 382
1570550 380
1570560 377
1570570 377
1570580 374
1570590 372
1570600 372
1570610 369
1570620 368
1570630 368
1570640 367
1570650 367
1570660 367
1570670 368
1570680 370
1570690 370
1570700 372
1570710 373
1570720 373
1570730 375
1570740 377
1570750 377
1570760 379
1570770 382
1570780 382
1570790 385
1570800 388
1570810 388
1570820 391
1570830 394
1570840 394
1570850 396
1570860 398
1570870 398
1570880 400
1570890 402
1570900 402
1570910 404
1570920 405
1570930 405
1570940 406
1570950 407
1570960 407
1570970 408
1570980 409
1570990 409
1571000 409
1571010 409
1571020 409
1571030 409
1571040 409
1571050 409
1571060 409
1571070 407
1571080 407
1571090 406
1571100 403
1571110 403
1571120 401
1571130 400
1571140 400
1571150 399
1571160 399
1571170 399
1571180 402
1571190 402
1571200 402
1571210 401
1571220 400
1571230 400
1571240 399
1571250 397
1571260 397
1571270 395
1571280 394
1571290 394
1571300 391
1571310 387
1571320 387
1571330 384
1571340 380
1571350 380
1571360 377
1571370 374
1571380 374
1571390 371
1571400 368
1571410 368
1571420 365
1571430 361
1571440 361
1571450 357
1571460 352
1571470 352
1571480 346
1571490 342
1571500 342
1571510 340
1571520 339
1571530 339
1571540 341
1571550 342
1571560 342
1571570 344
1571580 347
1571590 347
1571600 353
1571610 357
1571620 357
1571630 361
1571640 364
1571650 364
1571660 367
1571670 368
1571680 368
1571690 369
1571700 369
1571710 369
1571720 369
1571730 370
1571740 370
1571750 370
1571760 370
1571770 370
1571780 370
1571790 369
1571800 369
1571810 368
1571820 366
1571830 366
1571840 365
1571850 364
1571860 364
1571870 363
1571880 361
1571890 361
1571900 360
1571910 359
1571920 359
1571930 358
1571940 357
1571950 357
1571960 356
1571970 356
1571980 355
1571990 353
1572000 353
1572010 352
1572020 351
1572030 351
1572040 350
1572050 349
1572060 349
1572070 349
1572080 348
1572090 348
1572100 347
1572110 346
1572120 346
1572130 345
1572140 344
1572150 344
1572160 343
1572170 343
1572180 343
1572190 344
1572200 345
1572210 345
1572220 346
1572230 346
1572240 346
1572250 347
1572260 348
1572270 348
1572280 349
1572290 349
1572300 349
1572310 350
1572320 351
1572330 351
1572340 351
1572350 351
1572360 351
1572370 351
1572380 351
1572390 351
1572400 351
1572410 350
1572420 350
1572430 350
1572440 350
1572450 350
1572460 351
1572470 351
1572480 351
1572490 351
1572500 350
1572510 350
1572520 350
1572530 350
1572540 350
1572550 349
1572560 347
1572570 347
1572580 345
1572590 343
1572600 343
1572610 340
1572620 336
1572630 336
1572640 331
1572650 326
1572660 326
1572670 318
1572680 313
1572690 313
1572700 308
1572710 303
1572720 303
1572730 298
1572740 293
1572750 293
1572760 290
1572770 287
1572780 287
1572790 284
1572800 282
1572810 282
1572820 281
1572830 279
1572840 279
1572850 278
1572860 277
1572870 277
1572880 276
1572890 276
1572900 276
1572910 276
1572920 276
1572930 276
1572940 275
1572950 275
1572960 275
1572970 275
1572980 275
1572990 275
1573000 275
1573010 276
1573020 276
1573030 276
1573040 276
1573050 276
1573060 275
1573070 275
1573080 275
1573090 276
1573100 278
1573110 278
1573120 278
1573130 279
1573140 279
1573150 281
1573160 282
1573170 282
1573180 285
1573190 287
1573200 287
1573210 289
1573220 291
1573230 291
1573240 292
1573250 295
1573260 295
1573270 298
1573280 300
1573290 300
1573300 301
1573310 303
1573320 303
1573330 304
1573340 306
1573350 306
1573360 307
1573370 309
1573380 309
1573390 311
1573400 313
1573410 313
1573420 316
1573430 318
1573440 318
1573450 321
1573460 324
1573470 324
1573480 326
1573490 328
1573500 328
1573510 329
1573520 330
1573530 330
1573540 330
1573550 332
1573560 332
1573570 333
1573580 333
1573590 333
1573600 334
1573610 333
1573620 333
1573630 331
1573640 328
1573650 328
1573660 324
1573670 321
1573680 321
1573690 317
1573700 312
1573710 312
1573720 307
1573730 303
1573740 303
1573750 299
1573760 293
1573770 293
1573780 288
1573790 286
1573800 286
1573810 285
1573820 286
1573830 286
1573840 287
1573850 288
1573860 288
1573870 289
1573880 292
1573890 292
1573900 295
1573910 300
1573920 300
1573930 306
1573940 311
1573950 311
1573960 317
1573970 324
1573980 324
1573990 329
1574000 333
1574010 333
1574020 337
1574030 339
1574040 339
1574050 341
1574060 342
1574070 342
1574080 342
1574090 343
1574100 343
1574110 342
1574120 342
1574130 346
1574140 344
1574150 342
1574160 342
1574170 340
1574180 340
1574190 340
1574200 342
1574210 345
1574220 345
1574230 348
1574240 351
1574250 351
1574260 355
1574270 359
1574280 359
1574290 361
1574300 363
1574310 363
1574320 365
1574330 367
1574340 367
1574350 368
1574360 369
1574370 369
1574380 369
1574390 370
1574400 370
1574410 371
1574420 372
1574430 372
1574440 372
1574450 373
1574460 373
1574470 372
1574480 373
1574490 373
1574500 373
1574510 373
1574520 372
1574530 372
1574540 372
1574550 373
1574560 373
1574570 373
1574580 373
1574590 372
1574600 372
1574610 373
1574620 373
1574630 373
1574640 373
1574650 373
1574660 373
1574670 372
1574680 372
1574690 372
1574700 371
1574710 370
1574720 370
1574730 369
1574740 368
1574750 368
1574760 367
1574770 364
1574780 364
1574790 360
1574800 354
1574810 354
1574820 349
1574830 343
1574840 343
1574850 339
1574860 335
1574870 335
1574880 335
1574890 338
1574900 338
1574910 344
1574920 351
1574930 351
1574940 358
1574950 363
1574960 363
1574970 367
1574980 370
1574990 370
1575000 372
1575010 374
1575020 374
1575030 375
1575040 375
1575050 375
1575060 374
1575070 374
1575080 374
1575090 374
1575100 373
1575110 373
1575120 373
1575130 372
1575140 372
1575150 371
1575160 371
1575170 371
1575180 370
1575190 369
1575200 369
1575210 367
1575220 364
1575230 364
1575240 360
1575250 355
1575260 355
1575270 350
1575280 346
1575290 346
1575300 343
1575310 340
1575320 340
1575330 339
1575340 343
1575350 343
1575360 346
1575370 352
1575380 352
1575390 359
1575400 365
1575410 365
1575420 371
1575430 374
1575440 374
1575450 373
1575460 373
1575470 373
1575480 373
1575490 373
1575500 373
1575510 372
1575520 371
1575530 371
1575540 370
1575550 369
1575560 369
1575570 367
1575580 365
1575590 365
1575600 363
1575610 360
1575620 360
1575630 357
1575640 354
1575650 354
1575660 350
1575670 347
1575680 347
1575690 346
1575700 346
1575710 346
1575720 346
1575730 347
1575740 347
1575750 348
1575760 351
1575770 351
1575780 354
1575790 355
1575800 355
1575810 357
1575820 358
1575830 358
1575840 359
1575850 360
1575860 360
1575870 361
1575880 361
1575890 361
1575900 360
1575910 356
1575920 356
1575930 354
1575940 354
1575950 354
1575960 358
1575970 362
1575980 362
1575990 366
1576000 368
1576010 368
1576020 369
1576030 370
1576040 370
1576050 371
1576060 372
1576070 372
1576080 373
1576090 374
1576100 374
1576110 373
1576120 371
1576130 371
1576140 371
1576150 373
1576160 373
1576170 374
1576180 375
1576190 375
1576200 377
1576210 376
1576220 376
1576230 372
1576240 367
1576250 367
1576260 360
1576270 354
1576280 354
1576290 349
1576300 345
1576310 345
1576320 341
1576330 340
1576340 340
1576350 341
1576360 342
1576370 342
1576380 346
1576390 350
1576400 350
1576410 354
1576420 356
1576430 356
1576440 356
1576450 355
1576460 355
1576470 355
1576480 356
1576490 356
1576500 355
1576510 356
1576520 356
1576530 358
1576540 362
1576550 362
1576560 364
1576570 365
1576580 365
1576590 366
1576600 365
1576610 365
1576620 362
1576630 359
1576640 359
1576650 360
1576660 360
1576670 360
1576680 359
1576690 358
1576700 358
1576710 357
1576720 356
1576730 356
1576740 355
1576750 353
1576760 353
1576770 352
1576780 353
1576790 353
1576800 353
1576810 353
1576820 353
1576830 352
1576840 353
1576850 353
1576860 353
1576870 353
1576880 353
1576890 353
1576900 354
1576910 354
1576920 355
1576930 355
1576940 355
1576950 354
1576960 356
1576970 356
1576980 358
1576990 363
1577000 363
1577010 359
1577020 353
1577030 353
1577040 345
1577050 338
1577060 338
1577070 332
1577080 332
1577090 327
1577100 324
1577110 324
1577120 323
1577130 323
1577140 323
1577150 324
1577160 326
1577170 326
1577180 327
1577190 328
1577200 328
1577210 329
1577220 330
1577230 330
1577240 334
1577250 340
1577260 340
1577270 347
1577280 355
1577290 355
1577300 361
1577310 367
1577320 367
1577330 371
1577340 376
1577350 376
1577360 380
1577370 384
1577380 384
1577390 388
1577400 392
1577410 392
1577420 397
1577430 402
1577440 402
1577450 407
1577460 412
1577470 412
1577480 418
1577490 423
1577500 423
1577510 428
1577520 432
1577530 432
1577540 435
1577550 434
1577560 434
1577570 431
1577580 428
1577590 428
1577600 427
1577610 426
1577620 426
1577630 424
1577640 423
1577650 423
1577660 422
1577670 424
1577680 424
1577690 429
1577700 434
1577710 434
1577720 438
1577730 442
1577740 442
1577750 446
1577760 449
1577770 449
1577780 451
1577790 453
1577800 453
1577810 455
1577820 458
1577830 458
1577840 460
1577850 463
1577860 463
1577870 465
1577880 468
1577890 468
1577900 470
1577910 472
1577920 472
1577930 474
1577940 476
1577950 476
1577960 477
1577970 479
1577980 479
1577990 480
1578000 482
1578010 482
1578020 483
1578030 485
1578040 485
1578050 486
1578060 487
1578070 487
1578080 489
1578090 490
1578100 490
1578110 491
1578120 489
1578130 489
1578140 487
1578150 484
1578160 484
1578170 482
1578180 478
1578190 478
1578200 474
1578210 471
1578220 471
1578230 468
1578240 465
1578250 465
1578260 462
1578270 460
1578280 460
1578290 458
1578300 458
1578310 458
1578320 461
1578330 464
1578340 464
1578350 465
1578360 467
1578370 467
1578380 467
1578390 469
1578400 469
1578410 471
1578420 471
1578430 471
1578440 473
1578450 474
1578460 474
1578470 475
1578480 477
1578490 477
1578500 479
1578510 481
1578520 481
1578530 482
1578540 484
1578550 484
1578560 484
1578570 485
1578580 485
1578590 485
1578600 485
1578610 485
1578620 485
1578630 483
1578640 483
1578650 483
1578660 486
1578670 486
1578680 489
1578690 493
1578700 493
1578710 496
1578720 499
1578730 499
1578740 501
1578750 502
1578760 502
1578770 504
1578780 505
1578790 505
1578800 506
1578810 506
1578820 506
1578830 507
1578840 508
1578850 508
1578860 508
1578870 509
1578880 509
1578890 510
1578900 511
1578910 511
1578920 512
1578930 513
1578940 513
1578950 514
1578960 515
1578970 515
1578980 517
1578990 518
1579000 518
1579010 519
1579020 520
1579030 520
1579040 521
1579050 522
1579060 522
1579070 523
1579080 525
1579090 525
1579100 526
1579110 526
1579120 526
1579130 527
1579140 528
1579150 528
1579160 529
1579170 530
1579180 530
1579190 531
1579200 532
1579210 532
1579220 533
1579230 534
1579240 534
1579250 535
1579260 536
1579270 536
1579280 537
1579290 538
1579300 538
1579310 538
1579320 539
1579330 539
1579340 540
1579350 541
1579360 541
1579370 542
1579380 543
1579390 543
1579400 543
1579410 544
1579420 544
1579430 545
1579440 546
1579450 546
1579460 547
1579470 548
1579480 548
1579490 549
1579500 550
1579510 550
1579520 550
1579530 551
1579540 551
1579550 552
1579560 552
1579570 552
1579580 553
1579590 554
1579600 554
1579610 554
1579620 554
1579630 555
1579640 555
1579650 555
1579660 556
1579670 556
1579680 556
1579690 557
1579700 557
1579710 557
1579720 557
1579730 557
1579740 557
1579750 557
1579760 555
1579770 555
1579780 555
1579790 554
1579800 554
1579810 554
1579820 553
1579830 553
1579840 552
1579850 551
1579860 551
1579870 550
1579880 549
1579890 549
1579900 547
1579910 546
1579920 546
1579930 545
1579940 543
1579950 543
1579960 542
1579970 540
1579980 540
1579990 538
