1560000 318
1560010 318
1560020 319
1560030 319
1560040 319
1560050 319
1560060 319
1560070 320
1560080 321
1560090 321
1560100 322
1560110 323
1560120 323
1560130 325
1560140 326
1560150 326
1560160 327
1560170 329
1560180 329
1560190 329
1560200 330
1560210 330
1560220 330
1560230 330
1560240 330
1560250 330
1560260 329
1560270 329
1560280 329
1560290 329
1560300 329
1560310 328
1560320 328
1560330 328
1560340 329
1560350 329
1560360 329
1560370 331
1560380 335
1560390 335
1560400 338
1560410 341
1560420 341
1560430 343
1560440 345
1560450 345
1560460 346
1560470 347
1560480 347
1560490 348
1560500 350
1560510 350
1560520 351
1560530 351
1560540 351
1560550 351
1560560 351
1560570 351
1560580 351
1560590 351
1560600 351
1560610 351
1560620 350
1560630 350
1560640 350
1560650 350
1560660 350
1560670 349
1560680 349
1560690 349
1560700 349
1560710 348
1560720 348
1560730 348
1560740 347
1560750 347
1560760 347
1560770 346
1560780 346
1560790 346
1560800 345
1560810 345
1560820 344
1560830 344
1560840 344
1560850 343
1560860 343
1560870 343
1560880 342
1560890 342
1560900 342
1560910 341
1560920 340
1560930 340
1560940 340
1560950 340
1560960 340
1560970 340
1560980 339
1560990 339
1561000 340
1561010 339
1561020 339
1561030 337
1561040 334
1561050 334
1561060 330
1561070 326
1561080 326
1561090 323
1561100 320
1561110 320
1561120 318
1561130 316
1561140 316
1561150 313
1561160 311
1561170 311
1561180 310
1561190 309
1561200 309
1561210 309
1561220 308
1561230 308
1561240 307
1561250 307
1561260 307
1561270 307
1561280 307
1561290 307
1561300 306
1561310 306
1561320 306
1561330 305
1561340 305
1561350 305
1561360 303
1561370 301
1561380 301
1561390 293
1561400 288
1561410 288
1561420 287
1561430 286
1561440 286
1561450 285
1561460 283
1561470 283
1561480 278
1561490 274
1561500 274
1561510 271
1561520 270
1561530 270
1561540 268
1561550 268
1561560 268
1561570 268
1561580 266
1561590 266
1561600 264
1561610 263
1561620 263
1561630 264
1561640 264
1561650 264
1561660 264
1561670 264
1561680 264
1561690 264
1561700 264
1561710 264
1561720 264
1561730 264
1561740 264
1561750 264
1561760 264
1561770 264
1561780 264
1561790 264
1561800 264
1561810 264
1561820 264
1561830 264
1561840 264
1561850 264
1561860 264
1561870 264
1561880 264
1561890 264
1561900 263
1561910 264
1561920 264
1561930 264
1561940 264
1561950 264
1561960 265
1561970 268
1561980 268
1561990 271
1562000 273
1562010 273
1562020 274
1562030 274
1562040 274
1562050 275
1562060 281
1562070 281
1562080 291
1562090 301
1562100 301
1562110 308
1562120 317
1562130 317
1562140 323
1562150 331
1562160 331
1562170 337
1562180 342
1562190 343
1562200 347
1562210 348
1562220 348
1562230 352
1562240 353
1562250 353
1562260 355
1562270 356
1562280 356
1562290 358
1562300 359
1562310 359
1562320 360
1562330 360
1562340 360
1562350 361
1562360 362
1562370 362
1562380 364
1562390 364
1562400 365
1562410 366
1562420 366
1562430 368
1562440 370
1562450 370
1562460 372
1562470 373
1562480 373
1562490 375
1562500 376
1562510 376
1562520 378
1562530 379
1562540 379
1562550 380
1562560 382
1562570 382
1562580 383
1562590 384
1562600 384
1562610 384
1562620 385
1562630 385
1562640 387
1562650 387
1562660 387
1562670 388
1562680 388
1562690 388
1562700 389
1562710 389
1562720 389
1562730 388
1562740 388
1562750 388
1562760 388
1562770 388
1562780 388
1562790 388
1562800 388
1562810 388
1562820 388
1562830 387
1562840 387
1562850 386
1562860 384
1562870 384
1562880 382
1562890 383
1562900 383
1562910 385
1562920 388
1562930 388
1562940 391
1562950 392
1562960 392
1562970 393
1562980 393
1562990 393
1563000 394
1563010 395
1563020 395
1563030 396
1563040 397
1563050 397
1563060 398
1563070 400
1563080 400
1563090 402
1563100 404
1563110 404
1563120 406
1563130 407
1563140 407
1563150 408
1563160 410
1563170 410
1563180 411
1563190 413
1563200 413
1563210 414
1563220 416
1563230 416
1563240 418
1563250 419
1563260 419
1563270 420
1563280 421
1563290 421
1563300 422
1563310 423
1563320 423
1563330 424
1563340 426
1563350 426
1563360 427
1563370 427
1563380 427
1563390 426
1563400 426
1563410 426
1563420 426
1563430 426
1563440 426
1563450 426
1563460 425
1563470 425
1563480 425
1563490 425
1563500 425
1563510 424
1563520 424
1563530 424
1563540 424
1563550 422
1563560 422
1563570 421
1563580 419
1563590 419
1563600 414
1563610 406
1563620 406
1563630 399
1563640 392
1563650 392
1563660 385
1563670 379
1563680 379
1563690 374
1563700 368
1563710 368
1563720 363
1563730 358
1563740 358
1563750 353
1563760 349
1563770 349
1563780 343
1563790 338
1563800 338
1563810 332
1563820 327
1563830 327
1563840 322
1563850 318
1563860 318
1563870 314
1563880 313
1563890 313
1563900 312
1563910 314
1563920 314
1563930 319
1563940 326
1563950 326
1563960 334
1563970 340
1563980 340
1563990 347
1564000 352
1564010 352
1564020 357
1564030 362
1564040 362
1564050 367
1564060 372
1564070 372
1564080 377
1564090 382
1564100 382
1564110 386
1564120 387
1564130 387
1564140 387
1564150 387
1564160 387
1564170 386
1564180 386
1564190 386
1564200 387
1564210 387
1564220 387
1564230 387
1564240 387
1564250 387
1564260 387
1564270 388
1564280 388
1564290 390
1564300 391
1564310 391
1564320 393
1564330 395
1564340 395
1564350 396
1564360 398
1564370 398
1564380 400
1564390 401
1564400 401
1564410 402
1564420 401
1564430 401
1564440 399
1564450 397
1564460 397
1564470 394
1564480 393
1564490 393
1564500 391
1564510 391
1564520 391
1564530 391
1564540 390
1564550 390
1564560 389
1564570 389
1564580 389
1564590 391
1564600 394
1564610 394
1564620 397
1564630 401
1564640 401
1564650 406
1564660 411
1564670 411
1564680 415
1564690 419
1564700 419
1564710 422
1564720 424
1564730 424
1564740 427
1564750 427
1564760 429
1564770 432
1564780 432
1564790 434
1564800 435
1564810 435
1564820 436
1564830 437
1564840 437
1564850 437
1564860 436
1564870 436
1564880 435
1564890 434
1564900 434
1564910 433
1564920 431
1564930 431
1564940 429
1564950 426
1564960 426
1564970 422
1564980 416
1564990 416
1565000 410
1565010 404
1565020 404
1565030 400
1565040 396
1565050 396
1565060 392
1565070 390
1565080 390
1565090 387
1565100 384
1565110 384
1565120 382
1565130 381
1565140 381
1565150 381
1565160 382
1565170 382
1565180 384
1565190 386
1565200 386
1565210 388
1565220 389
1565230 389
1565240 389
1565250 387
1565260 387
1565270 385
1565280 381
1565290 381
1565300 377
1565310 373
1565320 373
1565330 370
1565340 366
1565350 366
1565360 363
1565370 359
1565380 359
1565390 355
1565400 352
1565410 352
1565420 348
1565430 344
1565440 344
1565450 339
1565460 335
1565470 336
1565480 333
1565490 335
1565500 335
1565510 335
1565520 338
1565530 338
1565540 345
1565550 353
1565560 353
1565570 360
1565580 366
1565590 366
1565600 368
1565610 367
1565620 367
1565630 365
1565640 364
1565650 364
1565660 362
1565670 361
1565680 361
1565690 360
1565700 362
1565710 362
1565720 365
1565730 368
1565740 368
1565750 371
1565760 376
1565770 376
1565780 380
1565790 384
1565800 384
1565810 388
1565820 392
1565830 392
1565840 395
1565850 399
1565860 399
1565870 402
1565880 405
1565890 405
1565900 405
1565910 405
1565920 405
1565930 406
1565940 407
1565950 407
1565960 410
1565970 413
1565980 413
1565990 417
1566000 420
1566010 420
1566020 424
1566030 427
1566040 427
1566050 430
1566060 433
1566070 433
1566080 435
1566090 438
1566100 438
1566110 440
1566120 442
1566130 442
1566140 444
1566150 445
1566160 445
1566170 444
1566180 442
1566190 442
1566200 440
1566210 437
1566220 437
1566230 434
1566240 431
1566250 431
1566260 429
1566270 429
1566280 429
1566290 432
1566300 436
1566310 436
1566320 442
1566330 447
1566340 447
1566350 452
1566360 457
1566370 457
1566380 460
1566390 463
1566400 463
1566410 465
1566420 467
1566430 467
1566440 469
1566450 471
1566460 471
1566470 472
1566480 472
1566490 472
1566500 473
1566510 473
1566520 473
1566530 473
1566540 472
1566550 472
1566560 472
1566570 470
1566580 470
1566590 468
1566600 465
1566610 465
1566620 462
1566630 460
1566640 460
1566650 458
1566660 457
1566670 457
1566680 456
1566690 454
1566700 454
1566710 451
1566720 448
1566730 448
1566740 445
1566750 442
1566760 442
1566770 440
1566780 440
1566790 440
1566800 443
1566810 446
1566820 446
1566830 449
1566840 452
1566850 452
1566860 456
1566870 460
1566880 460
1566890 464
1566900 468
1566910 468
1566920 472
1566930 476
1566940 476
1566950 479
1566960 482
1566970 482
1566980 484
1566990 487
1567000 487
1567010 489
1567020 491
1567030 491
1567040 493
1567050 496
1567060 496
1567070 498
1567080 500
1567090 500
1567100 502
1567110 503
1567120 503
1567130 505
1567140 506
1567150 506
1567160 507
1567170 507
1567180 508
1567190 508
1567200 508
1567210 509
1567220 510
1567230 510
1567240 510
1567250 511
1567260 511
1567270 511
1567280 512
1567290 512
1567300 512
1567310 512
1567320 512
1567330 512
1567340 512
1567350 512
1567360 512
1567370 512
1567380 512
1567390 512
1567400 512
1567410 512
1567420 512
1567430 512
1567440 512
1567450 511
1567460 511
1567470 511
1567480 510
1567490 510
1567500 510
1567510 510
1567520 509
1567530 509
1567540 509
1567550 508
1567560 508
1567570 508
1567580 507
1567590 507
1567600 506
1567610 506
1567620 506
1567630 505
1567640 505
1567650 505
1567660 504
1567670 503
1567680 503
1567690 503
1567700 502
1567710 502
1567720 501
1567730 500
1567740 500
1567750 499
1567760 498
1567770 498
1567780 497
1567790 495
1567800 495
1567810 494
1567820 493
1567830 493
1567840 491
1567850 489
1567860 489
1567870 488
1567880 486
1567890 486
1567900 485
1567910 484
1567920 484
1567930 483
1567940 482
1567950 482
1567960 481
1567970 480
1567980 480
1567990 479
1568000 478
1568010 478
1568020 476
1568030 475
1568040 475
1568050 473
1568060 471
1568070 471
1568080 469
1568090 466
1568100 466
1568110 464
1568120 461
1568130 461
1568140 459
1568150 456
1568160 456
1568170 453
1568180 452
1568190 452
1568200 450
1568210 448
1568220 448
1568230 446
1568240 444
1568250 444
1568260 442
1568270 440
1568280 440
1568290 438
1568300 437
1568310 437
1568320 438
1568330 439
1568340 439
1568350 439
1568360 440
1568370 440
1568380 441
1568390 441
1568400 441
1568410 442
1568420 443
1568430 443
1568440 444
1568450 444
1568460 444
1568470 444
1568480 444
1568490 444
1568500 443
1568510 441
1568520 441
1568530 439
1568540 438
1568550 438
1568560 436
1568570 434
1568580 434
1568590 432
1568600 430
1568610 430
1568620 428
1568630 424
1568640 424
1568650 422
1568660 421
1568670 421
1568680 419
1568690 418
1568700 418
1568710 417
1568720 416
1568730 416
1568740 415
1568750 414
1568760 414
1568770 414
1568780 413
1568790 413
1568800 412
1568810 411
1568820 411
1568830 410
1568840 410
1568850 410
1568860 410
1568870 409
1568880 409
1568890 408
1568900 408
1568910 408
1568920 408
1568930 408
1568940 408
1568950 408
1568960 407
1568970 407
1568980 407
1568990 407
1569000 407
1569010 407
1569020 407
1569030 407
1569040 407
1569050 407
1569060 407
1569070 408
1569080 408
1569090 408
1569100 408
1569110 409
1569120 409
1569130 410
1569140 410
1569150 410
1569160 411
1569170 411
1569180 411
1569190 411
1569200 411
1569210 411
1569220 411
1569230 410
1569240 410
1569250 409
1569260 408
1569270 408
1569280 407
1569290 406
1569300 406
1569310 406
1569320 405
1569330 405
1569340 404
1569350 404
1569360 404
1569370 403
1569380 403
1569390 403
1569400 402
1569410 401
1569420 401
1569430 400
1569440 398
1569450 398
1569460 396
1569470 394
1569480 394
1569490 393
1569500 391
1569510 391
1569520 390
1569530 390
1569540 390
1569550 389
1569560 389
1569570 389
1569580 389
1569590 389
1569600 389
1569610 390
1569620 390
1569630 390
1569640 390
1569650 390
1569660 391
1569670 391
1569680 391
1569690 391
1569700 392
1569710 392
1569720 393
1569730 394
1569740 394
1569750 395
1569760 395
1569770 395
1569780 395
1569790 396
1569800 396
1569810 398
1569820 399
1569830 399
1569840 400
1569850 400
1569860 400
1569870 401
1569880 400
1569890 400
1569900 398
1569910 396
1569920 396
1569930 393
1569940 391
1569950 391
1569960 389
1569970 389
1569980 389
1569990 391
1570000 393
1570010 393
1570020 396
1570030 399
1570040 399
1570050 404
1570060 408
1570070 408
1570080 410
1570090 411
1570100 411
1570110 411
1570120 412
1570130 412
1570140 412
1570150 412
1570160 412
1570170 412
1570180 412
1570190 412
1570200 412
1570210 412
1570220 412
1570230 411
1570240 411
1570250 411
1570260 410
1570270 409
1570280 409
1570290 408
1570300 407
1570310 407
1570320 407
1570330 406
1570340 406
1570350 405
1570360 405
1570370 405
1570380 405
1570390 405
1570400 405
1570410 405
1570420 405
1570430 405
1570440 405
1570450 406
1570460 406
1570470 406
1570480 407
1570490 407
1570500 407
1570510 407
1570520 407
1570530 407
1570540 407
1570550 407
1570560 406
1570570 406
1570580 406
1570590 406
1570600 406
1570610 406
1570620 406
1570630 406
1570640 406
1570650 406
1570660 406
1570670 406
1570680 405
1570690 405
1570700 405
1570710 404
1570720 403
1570730 403
1570740 401
1570750 399
1570760 399
1570770 396
1570780 394
1570790 394
1570800 392
1570810 391
1570820 391
1570830 389
1570840 388
1570850 388
1570860 387
1570870 385
1570880 385
1570890 384
1570900 383
1570910 383
1570920 383
1570930 383
1570940 383
1570950 385
1570960 387
1570970 387
1570980 389
1570990 391
1571000 391
1571010 392
1571020 393
1571030 393
1571040 394
1571050 394
1571060 394
1571070 395
1571080 396
1571090 396
1571100 396
1571110 397
1571120 397
1571130 397
1571140 397
1571150 397
1571160 397
1571170 397
1571180 397
1571190 397
1571200 397
1571210 397
1571220 397
1571230 398
1571240 398
1571250 399
1571260 400
1571270 400
1571280 400
1571290 401
1571300 401
1571310 401
1571320 401
1571330 401
1571340 401
1571350 401
1571360 401
1571370 401
1571380 400
1571390 400
1571400 400
1571410 400
1571420 400
1571430 400
1571440 400
1571450 400
1571460 400
1571470 400
1571480 400
1571490 400
1571500 400
1571510 400
1571520 399
1571530 399
1571540 399
1571550 399
1571560 399
1571570 399
1571580 399
1571590 399
1571600 399
1571610 399
1571620 399
1571630 399
1571640 399
1571650 399
1571660 399
1571670 400
1571680 400
1571690 400
1571700 400
1571710 400
1571720 400
1571730 400
1571740 400
1571750 400
1571760 400
1571770 401
1571780 401
1571790 402
1571800 403
1571810 403
1571820 404
1571830 405
1571840 405
1571850 406
1571860 407
1571870 407
1571880 408
1571890 409
1571900 409
1571910 409
1571920 410
1571930 410
1571940 410
1571950 408
1571960 408
1571970 406
1571980 402
1571990 402
1572000 399
1572010 399
1572020 396
1572030 393
1572040 393
1572050 390
1572060 387
1572070 387
1572080 384
1572090 382
1572100 382
1572110 379
1572120 377
1572130 377
1572140 375
1572150 372
1572160 372
1572170 369
1572180 364
1572190 364
1572200 360
1572210 355
1572220 355
1572230 349
1572240 344
1572250 344
1572260 338
1572270 333
1572280 333
1572290 327
1572300 322
1572310 322
1572320 316
1572330 310
1572340 310
1572350 305
1572360 299
1572370 299
1572380 293
1572390 290
1572400 290
1572410 289
1572420 289
1572430 289
1572440 290
1572450 291
1572460 291
1572470 293
1572480 296
1572490 296
1572500 300
1572510 303
1572520 303
1572530 308
1572540 312
1572550 312
1572560 318
1572570 325
1572580 325
1572590 332
1572600 342
1572610 342
1572620 350
1572630 354
1572640 354
1572650 357
1572660 360
1572670 360
1572680 363
1572690 365
1572700 365
1572710 367
1572720 368
1572730 368
1572740 367
1572750 364
1572760 364
1572770 361
1572780 361
1572790 361
1572800 363
1572810 365
1572820 365
1572830 366
1572840 366
1572850 366
1572860 363
1572870 363
1572880 363
1572890 364
1572900 366
1572910 366
1572920 368
1572930 372
1572940 372
1572950 376
1572960 381
1572970 381
1572980 386
1572990 390
1573000 390
1573010 394
1573020 397
1573030 397
1573040 400
1573050 402
1573060 402
1573070 404
1573080 405
1573090 405
1573100 407
1573110 410
1573120 410
1573130 412
1573140 414
1573150 415
1573160 416
1573170 418
1573180 418
1573190 420
1573200 422
1573210 422
1573220 423
1573230 425
1573240 425
1573250 426
1573260 428
1573270 428
1573280 429
1573290 430
1573300 430
1573310 431
1573320 432
1573330 432
1573340 433
1573350 434
1573360 434
1573370 435
1573380 436
1573390 436
1573400 436
1573410 436
1573420 436
1573430 436
1573440 433
1573450 433
1573460 429
1573470 424
1573480 424
1573490 419
1573500 413
1573510 413
1573520 406
1573530 398
1573540 398
1573550 390
1573560 385
1573570 385
1573580 380
1573590 375
1573600 375
1573610 371
1573620 366
1573630 366
1573640 361
1573650 356
1573660 356
1573670 351
1573680 345
1573690 345
1573700 339
1573710 333
1573720 333
1573730 327
1573740 322
1573750 322
1573760 317
1573770 315
1573780 315
1573790 314
1573800 313
1573810 313
1573820 319
1573830 329
1573840 329
1573850 336
1573860 341
1573870 341
1573880 347
1573890 351
1573900 351
1573910 356
1573920 361
1573930 361
1573940 366
1573950 371
1573960 371
1573970 375
1573980 379
1573990 379
1574000 384
1574010 391
1574020 391
1574030 398
1574040 402
1574050 402
1574060 405
1574070 408
1574080 408
1574090 410
1574100 413
1574110 413
1574120 415
1574130 417
1574140 417
1574150 418
1574160 419
1574170 419
1574180 420
1574190 420
1574200 420
1574210 421
1574220 422
1574230 422
1574240 423
1574250 425
1574260 425
1574270 427
1574280 428
1574290 428
1574300 430
1574310 432
1574320 432
1574330 434
1574340 436
1574350 436
1574360 438
1574370 440
1574380 440
1574390 442
1574400 442
1574410 442
1574420 441
1574430 441
1574440 440
1574450 439
1574460 439
1574470 437
1574480 436
1574490 436
1574500 435
1574510 434
1574520 434
1574530 434
1574540 435
1574550 435
1574560 436
1574570 438
1574580 438
1574590 440
1574600 443
1574610 443
1574620 445
1574630 448
1574640 448
1574650 451
1574660 453
1574670 453
1574680 455
1574690 457
1574700 457
1574710 459
1574720 460
1574730 460
1574740 462
1574750 464
1574760 464
1574770 464
1574780 464
1574790 464
1574800 464
1574810 464
1574820 464
1574830 464
1574840 464
1574850 464
1574860 463
1574870 462
1574880 462
1574890 461
1574900 460
1574910 460
1574920 459
1574930 457
1574940 457
1574950 455
1574960 453
1574970 453
1574980 450
1574990 448
1575000 448
1575010 445
1575020 442
1575030 442
1575040 439
1575050 436
1575060 436
1575070 433
1575080 429
1575090 429
1575100 427
1575110 424
1575120 424
1575130 421
1575140 420
1575150 420
1575160 418
1575170 418
1575180 418
1575190 421
1575200 425
1575210 425
1575220 427
1575230 430
1575240 430
1575250 432
1575260 434
1575270 434
1575280 436
1575290 438
1575300 438
1575310 440
1575320 442
1575330 442
1575340 446
1575350 450
1575360 450
1575370 453
1575380 457
1575390 457
1575400 459
1575410 461
1575420 461
1575430 463
1575440 465
1575450 465
1575460 466
1575470 468
1575480 468
1575490 469
1575500 470
1575510 470
1575520 471
1575530 472
1575540 472
1575550 473
1575560 474
1575570 474
1575580 475
1575590 476
1575600 476
1575610 477
1575620 478
1575630 478
1575640 479
1575650 479
1575660 479
1575670 480
1575680 481
1575690 481
1575700 481
1575710 481
1575720 481
1575730 482
1575740 482
1575750 482
1575760 483
1575770 483
1575780 483
1575790 483
1575800 484
1575810 484
1575820 484
1575830 485
1575840 485
1575850 485
1575860 486
1575870 486
1575880 485
1575890 485
1575900 485
1575910 485
1575920 485
1575930 485
1575940 485
1575950 485
1575960 485
1575970 484
1575980 483
1575990 483
1576000 482
1576010 481
1576020 481
1576030 479
1576040 476
1576050 476
1576060 474
1576070 472
1576080 472
1576090 470
1576100 468
1576110 468
1576120 467
1576130 465
1576140 465
1576150 463
1576160 462
1576170 462
1576180 460
1576190 459
1576200 459
1576210 457
1576220 454
1576230 454
1576240 450
1576250 447
1576260 447
1576270 446
1576280 445
1576290 445
1576300 443
1576310 442
1576320 442
1576330 442
1576340 441
1576350 441
1576360 440
1576370 439
1576380 439
1576390 439
1576400 439
1576410 439
1576420 437
1576430 437
1576440 437
1576450 438
1576460 441
1576470 441
1576480 444
1576490 446
1576500 446
1576510 447
1576520 448
1576530 448
1576540 450
1576550 451
1576560 451
1576570 451
1576580 452
1576590 452
1576600 452
1576610 452
1576620 452
1576630 453
1576640 453
1576650 453
1576660 455
1576670 457
1576680 457
1576690 460
1576700 462
1576710 462
1576720 463
1576730 459
1576740 459
1576750 453
1576760 446
1576770 446
1576780 440
1576790 433
1576800 433
1576810 426
1576820 426
1576830 418
1576840 411
1576850 411
1576860 404
1576870 397
1576880 397
1576890 390
1576900 383
1576910 383
1576920 377
1576930 369
1576940 369
1576950 361
1576960 355
1576970 355
1576980 350
1576990 350
1577000 350
1577010 352
1577020 356
1577030 356
1577040 359
1577050 362
1577060 362
1577070 366
1577080 370
1577090 370
1577100 376
1577110 381
1577120 381
1577130 385
1577140 390
1577150 390
1577160 394
1577170 398
1577180 398
1577190 402
1577200 407
1577210 407
1577220 411
1577230 415
1577240 415
1577250 421
1577260 426
1577270 426
1577280 431
1577290 437
1577300 437
1577310 443
1577320 448
1577330 448
1577340 454
1577350 460
1577360 460
1577370 465
1577380 470
1577390 470
1577400 475
1577410 480
1577420 480
1577430 485
1577440 490
1577450 489
1577460 493
1577470 498
1577480 498
1577490 503
1577500 509
1577510 509
1577520 514
1577530 519
1577540 519
1577550 523
1577560 526
1577570 526
1577580 528
1577590 529
1577600 529
1577610 532
1577620 534
1577630 534
1577640 536
1577650 538
1577660 538
1577670 540
1577680 541
1577690 541
1577700 542
1577710 543
1577720 543
1577730 544
1577740 545
1577750 545
1577760 545
1577770 547
1577780 547
1577790 549
1577800 550
1577810 550
1577820 551
1577830 552
1577840 552
1577850 552
1577860 553
1577870 553
1577880 554
1577890 555
1577900 555
1577910 556
1577920 557
1577930 557
1577940 558
1577950 559
1577960 559
1577970 559
1577980 558
1577990 558
1578000 557
1578010 556
1578020 556
1578030 554
1578040 553
1578050 553
1578060 552
1578070 550
1578080 550
1578090 547
1578100 544
1578110 544
1578120 543
1578130 541
1578140 541
1578150 539
1578160 537
1578170 537
1578180 536
1578190 535
1578200 535
1578210 535
1578220 534
1578230 534
1578240 534
1578250 534
1578260 534
1578270 534
1578280 534
1578290 534
1578300 535
1578310 534
1578320 534
1578330 533
1578340 531
1578350 531
1578360 530
1578370 529
1578380 529
1578390 530
1578400 530
1578410 530
1578420 529
1578430 526
1578440 526
1578450 524
1578460 522
1578470 522
1578480 520
1578490 518
1578500 518
1578510 517
1578520 516
1578530 516
1578540 514
1578550 512
1578560 512
1578570 509
1578580 506
1578590 506
1578600 504
1578610 502
1578620 502
1578630 500
1578640 498
1578650 498
1578660 495
1578670 493
1578680 493
1578690 489
1578700 485
1578710 485
1578720 482
1578730 478
1578740 478
1578750 474
1578760 472
1578770 472
1578780 471
1578790 470
1578800 470
1578810 468
1578820 468
1578830 468
1578840 464
1578850 463
1578860 463
1578870 461
1578880 457
1578890 457
1578900 455
1578910 453
1578920 453
1578930 453
1578940 453
1578950 453
1578960 453
1578970 454
1578980 454
1578990 454
1579000 455
1579010 455
1579020 455
1579030 456
1579040 456
1579050 457
1579060 457
1579070 457
1579080 458
1579090 458
1579100 458
1579110 459
1579120 460
1579130 460
1579140 460
1579150 461
1579160 461
1579170 462
1579180 464
1579190 464
1579200 465
1579210 467
1579220 467
1579230 468
1579240 468
1579250 469
1579260 470
1579270 470
1579280 471
1579290 472
1579300 472
1579310 472
1579320 473
1579330 473
1579340 473
1579350 473
1579360 473
1579370 473
1579380 474
1579390 474
1579400 475
1579410 476
1579420 476
1579430 477
1579440 478
1579450 478
1579460 480
1579470 481
1579480 481
1579490 482
1579500 483
1579510 483
1579520 484
1579530 485
1579540 485
1579550 486
1579560 486
1579570 486
1579580 485
1579590 485
1579600 485
1579610 486
1579620 485
1579630 485
1579640 484
1579650 482
1579660 482
1579670 482
1579680 483
1579690 483
1579700 485
1579710 486
1579720 486
1579730 488
1579740 490
1579750 490
1579760 494
1579770 496
1579780 496
1579790 497
1579800 499
1579810 499
1579820 501
1579830 503
1579840 503
1579850 505
1579860 507
1579870 507
1579880 509
1579890 511
1579900 511
1579910 513
1579920 514
1579930 514
1579940 516
1579950 517
1579960 517
1579970 519
1579980 520
1579990 520
