1560000 315
1560010 315
1560020 314
1560030 313
1560040 313
1560050 312
1560060 311
1560070 311
1560080 310
1560090 308
1560100 308
1560110 307
1560120 306
1560130 306
1560140 305
1560150 305
1560160 305
1560170 305
1560180 305
1560190 305
1560200 305
1560210 306
1560220 306
1560230 308
1560240 310
1560250 310
1560260 311
1560270 313
1560280 313
1560290 314
1560300 315
1560310 315
1560320 316
1560330 318
1560340 318
1560350 319
1560360 320
1560370 320
1560380 321
1560390 321
1560400 321
1560410 322
1560420 323
1560430 323
1560440 324
1560450 324
1560460 324
1560470 325
1560480 326
1560490 326
1560500 327
1560510 327
1560520 327
1560530 328
1560540 329
1560550 329
1560560 329
1560570 329
1560580 329
1560590 329
1560600 330
1560610 330
1560620 330
1560630 331
1560640 331
1560650 331
1560660 332
1560670 332
1560680 333
1560690 333
1560700 333
1560710 334
1560720 334
1560730 334
1560740 335
1560750 335
1560760 335
1560770 335
1560780 336
1560790 336
1560800 336
1560810 336
1560820 336
1560830 336
1560840 336
1560850 336
1560860 335
1560870 332
1560880 332
1560890 329
1560900 326
1560910 326
1560920 325
1560930 325
1560940 325
1560950 325
1560960 325
1560970 325
1560980 325
1560990 326
1561000 326
1561010 326
1561020 326
1561030 326
1561040 326
1561050 326
1561060 325
1561070 324
1561080 324
1561090 323
1561100 321
1561110 321
1561120 320
1561130 319
1561140 319
1561150 317
1561160 316
1561170 316
1561180 314
1561190 312
1561200 312
1561210 310
1561220 310
1561230 310
1561240 309
1561250 310
1561260 310
1561270 309
1561280 309
1561290 309
1561300 309
1561310 309
1561320 309
1561330 309
1561340 308
1561350 308
1561360 308
1561370 307
1561380 307
1561390 303
1561400 297
1561410 297
1561420 285
1561430 277
1561440 277
1561450 276
1561460 276
1561470 276
1561480 276
1561490 276
1561500 276
1561510 276
1561520 276
1561530 276
1561540 275
1561550 273
1561560 273
1561570 270
1561580 269
1561590 269
1561600 268
1561610 268
1561620 268
1561630 267
1561640 265
1561650 265
1561660 263
1561670 262
1561680 262
1561690 263
1561700 264
1561710 264
1561720 264
1561730 264
1561740 264
1561750 264
1561760 264
1561770 264
1561780 264
1561790 264
1561800 264
1561810 264
1561820 264
1561830 264
1561840 264
1561850 264
1561860 264
1561870 264
1561880 264
1561890 264
1561900 264
1561910 264
1561920 264
1561930 264
1561940 264
1561950 264
1561960 265
1561970 264
1561980 264
1561990 264
1562000 265
1562010 265
1562020 267
1562030 270
1562040 270
1562050 273
1562060 274
1562070 274
1562080 274
1562090 274
1562100 274
1562110 274
1562120 274
1562130 274
1562140 275
1562150 278
1562160 278
1562170 286
1562180 297
1562190 297
1562200 307
1562210 314
1562220 314
1562230 320
1562240 325
1562250 325
1562260 330
1562270 335
1562280 335
1562290 339
1562300 343
1562310 343
1562320 346
1562330 348
1562340 348
1562350 350
1562360 352
1562370 352
1562380 354
1562390 355
1562400 355
1562410 356
1562420 357
1562430 357
1562440 358
1562450 358
1562460 358
1562470 358
1562480 357
1562490 357
1562500 356
1562510 355
1562520 355
1562530 353
1562540 350
1562550 350
1562560 347
1562570 346
1562580 346
1562590 347
1562600 350
1562610 350
1562620 353
1562630 355
1562640 355
1562650 358
1562660 361
1562670 361
1562680 364
1562690 367
1562700 367
1562710 369
1562720 372
1562730 372
1562740 374
1562750 376
1562760 376
1562770 379
1562780 382
1562790 382
1562800 384
1562810 387
1562820 387
1562830 389
1562840 392
1562850 392
1562860 394
1562870 397
1562880 397
1562890 399
1562900 401
1562910 401
1562920 403
1562930 405
1562940 405
1562950 408
1562960 410
1562970 410
1562980 412
1562990 413
1563000 413
1563010 414
1563020 416
1563030 416
1563040 417
1563050 417
1563060 417
1563070 418
1563080 419
1563090 419
1563100 419
1563110 420
1563120 420
1563130 421
1563140 421
1563150 421
1563160 419
1563170 420
1563180 420
1563190 421
1563200 422
1563210 422
1563220 422
1563230 423
1563240 423
1563250 424
1563260 424
1563270 424
1563280 425
1563290 426
1563300 426
1563310 426
1563320 427
1563330 427
1563340 427
1563350 428
1563360 428
1563370 428
1563380 428
1563390 428
1563400 429
1563410 429
1563420 429
1563430 429
1563440 428
1563450 428
1563460 428
1563470 428
1563480 428
1563490 428
1563500 428
1563510 427
1563520 426
1563530 426
1563540 425
1563550 422
1563560 422
1563570 418
1563580 415
1563590 415
1563600 413
1563610 412
1563620 412
1563630 412
1563640 410
1563650 410
1563660 409
1563670 407
1563680 407
1563690 404
1563700 403
1563710 403
1563720 400
1563730 397
1563740 397
1563750 394
1563760 391
1563770 391
1563780 390
1563790 387
1563800 387
1563810 383
1563820 378
1563830 378
1563840 371
1563850 364
1563860 364
1563870 357
1563880 350
1563890 350
1563900 342
1563910 337
1563920 337
1563930 332
1563940 327
1563950 327
1563960 324
1563970 320
1563980 320
1563990 316
1564000 313
1564010 313
1564020 309
1564030 307
1564040 307
1564050 306
1564060 306
1564070 306
1564080 311
1564090 319
1564100 319
1564110 326
1564120 333
1564130 333
1564140 342
1564150 350
1564160 350
1564170 354
1564180 357
1564190 357
1564200 361
1564210 366
1564220 366
1564230 369
1564240 371
1564250 371
1564260 371
1564270 371
1564280 371
1564290 371
1564300 370
1564310 370
1564320 369
1564330 367
1564340 367
1564350 365
1564360 362
1564370 362
1564380 360
1564390 357
1564400 357
1564410 355
1564420 352
1564430 352
1564440 348
1564450 342
1564460 342
1564470 337
1564480 334
1564490 334
1564500 335
1564510 338
1564520 338
1564530 341
1564540 343
1564550 343
1564560 345
1564570 348
1564580 348
1564590 352
1564600 357
1564610 357
1564620 362
1564630 367
1564640 367
1564650 372
1564660 375
1564670 375
1564680 378
1564690 380
1564700 380
1564710 382
1564720 384
1564730 384
1564740 386
1564750 388
1564760 388
1564770 390
1564780 392
1564790 392
1564800 395
1564810 397
1564820 397
1564830 399
1564840 401
1564850 401
1564860 404
1564870 406
1564880 406
1564890 406
1564900 406
1564910 406
1564920 405
1564930 405
1564940 405
1564950 405
1564960 405
1564970 405
1564980 404
1564990 404
1565000 404
1565010 403
1565020 401
1565030 401
1565040 397
1565050 392
1565060 392
1565070 387
1565080 382
1565090 382
1565100 378
1565110 373
1565120 373
1565130 370
1565140 368
1565150 368
1565160 366
1565170 364
1565180 364
1565190 363
1565200 362
1565210 362
1565220 361
1565230 359
1565240 359
1565250 358
1565260 356
1565270 356
1565280 354
1565290 353
1565300 353
1565310 351
1565320 349
1565330 349
1565340 346
1565350 342
1565360 342
1565370 337
1565380 333
1565390 333
1565400 332
1565410 332
1565420 332
1565430 332
1565440 331
1565450 331
1565460 331
1565470 332
1565480 332
1565490 334
1565500 337
1565510 337
1565520 347
1565530 352
1565540 352
1565550 357
1565560 360
1565570 360
1565580 364
1565590 367
1565600 367
1565610 369
1565620 371
1565630 371
1565640 373
1565650 375
1565660 375
1565670 377
1565680 380
1565690 380
1565700 383
1565710 387
1565720 387
1565730 390
1565740 394
1565750 394
1565760 398
1565770 401
1565780 401
1565790 404
1565800 406
1565810 406
1565820 409
1565830 411
1565840 411
1565850 412
1565860 413
1565870 413
1565880 414
1565890 414
1565900 413
1565910 413
1565920 413
1565930 412
1565940 411
1565950 411
1565960 410
1565970 409
1565980 409
1565990 409
1566000 412
1566010 412
1566020 415
1566030 418
1566040 418
1566050 420
1566060 421
1566070 421
1566080 423
1566090 424
1566100 424
1566110 426
1566120 427
1566130 427
1566140 428
1566150 429
1566160 429
1566170 429
1566180 428
1566190 428
1566200 427
1566210 426
1566220 426
1566230 422
1566240 417
1566250 417
1566260 412
1566270 408
1566280 408
1566290 409
1566300 412
1566310 412
1566320 414
1566330 418
1566340 418
1566350 423
1566360 427
1566370 427
1566380 431
1566390 435
1566400 435
1566410 439
1566420 440
1566430 440
1566440 442
1566450 443
1566460 443
1566470 444
1566480 445
1566490 445
1566500 445
1566510 446
1566520 446
1566530 446
1566540 447
1566550 447
1566560 447
1566570 447
1566580 447
1566590 446
1566600 444
1566610 444
1566620 442
1566630 438
1566640 438
1566650 434
1566660 430
1566670 430
1566680 427
1566690 424
1566700 424
1566710 419
1566720 420
1566730 420
1566740 424
1566750 426
1566760 426
1566770 429
1566780 433
1566790 433
1566800 437
1566810 441
1566820 441
1566830 443
1566840 446
1566850 446
1566860 448
1566870 450
1566880 450
1566890 452
1566900 454
1566910 454
1566920 456
1566930 458
1566940 458
1566950 460
1566960 462
1566970 462
1566980 464
1566990 466
1567000 466
1567010 468
1567020 470
1567030 470
1567040 472
1567050 474
1567060 474
1567070 475
1567080 477
1567090 477
1567100 478
1567110 480
1567120 480
1567130 481
1567140 482
1567150 482
1567160 483
1567170 484
1567180 484
1567190 484
1567200 483
1567210 483
1567220 482
1567230 482
1567240 482
1567250 481
1567260 482
1567270 482
1567280 483
1567290 485
1567300 485
1567310 487
1567320 489
1567330 489
1567340 490
1567350 492
1567360 492
1567370 493
1567380 494
1567390 494
1567400 495
1567410 496
1567420 496
1567430 497
1567440 498
1567450 498
1567460 499
1567470 500
1567480 500
1567490 501
1567500 501
1567510 501
1567520 501
1567530 501
1567540 501
1567550 499
1567560 496
1567570 496
1567580 494
1567590 492
1567600 492
1567610 492
1567620 493
1567630 493
1567640 494
1567650 495
1567660 495
1567670 497
1567680 498
1567690 498
1567700 499
1567710 500
1567720 500
1567730 501
1567740 501
1567750 501
1567760 502
1567770 502
1567780 502
1567790 503
1567800 503
1567810 503
1567820 503
1567830 502
1567840 502
1567850 502
1567860 502
1567870 502
1567880 501
1567890 500
1567900 500
1567910 500
1567920 499
1567930 499
1567940 499
1567950 498
1567960 498
1567970 497
1567980 496
1567990 496
1568000 494
1568010 493
1568020 493
1568030 492
1568040 490
1568050 490
1568060 489
1568070 487
1568080 487
1568090 485
1568100 484
1568110 484
1568120 482
1568130 480
1568140 480
1568150 479
1568160 477
1568170 477
1568180 475
1568190 474
1568200 474
1568210 473
1568220 472
1568230 472
1568240 471
1568250 470
1568260 470
1568270 469
1568280 468
1568290 468
1568300 468
1568310 468
1568320 468
1568330 467
1568340 467
1568350 467
1568360 467
1568370 467
1568380 467
1568390 468
1568400 468
1568410 468
1568420 468
1568430 468
1568440 467
1568450 467
1568460 467
1568470 466
1568480 464
1568490 464
1568500 464
1568510 463
1568520 463
1568530 463
1568540 462
1568550 462
1568560 461
1568570 460
1568580 460
1568590 459
1568600 458
1568610 458
1568620 457
1568630 456
1568640 456
1568650 455
1568660 453
1568670 453
1568680 452
1568690 450
1568700 450
1568710 448
1568720 446
1568730 446
1568740 444
1568750 443
1568760 443
1568770 442
1568780 440
1568790 440
1568800 439
1568810 438
1568820 438
1568830 437
1568840 435
1568850 435
1568860 434
1568870 433
1568880 433
1568890 432
1568900 432
1568910 432
1568920 431
1568930 430
1568940 430
1568950 429
1568960 428
1568970 428
1568980 426
1568990 425
1569000 425
1569010 423
1569020 421
1569030 421
1569040 420
1569050 418
1569060 418
1569070 417
1569080 416
1569090 416
1569100 415
1569110 415
1569120 415
1569130 414
1569140 413
1569150 413
1569160 412
1569170 411
1569180 411
1569190 410
1569200 409
1569210 409
1569220 407
1569230 406
1569240 406
1569250 406
1569260 406
1569270 406
1569280 407
1569290 407
1569300 407
1569310 408
1569320 408
1569330 408
1569340 409
1569350 409
1569360 409
1569370 410
1569380 410
1569390 410
1569400 411
1569410 412
1569420 412
1569430 414
1569440 415
1569450 415
1569460 417
1569470 418
1569480 418
1569490 419
1569500 419
1569510 419
1569520 419
1569530 419
1569540 419
1569550 419
1569560 419
1569570 419
1569580 419
1569590 419
1569600 419
1569610 419
1569620 419
1569630 419
1569640 418
1569650 417
1569660 417
1569670 417
1569680 416
1569690 416
1569700 415
1569710 414
1569720 414
1569730 413
1569740 412
1569750 412
1569760 411
1569770 409
1569780 409
1569790 407
1569800 405
1569810 405
1569820 404
1569830 402
1569840 402
1569850 399
1569860 397
1569870 397
1569880 395
1569890 393
1569900 393
1569910 393
1569920 394
1569930 394
1569940 394
1569950 393
1569960 393
1569970 392
1569980 392
1569990 392
1570000 390
1570010 389
1570020 389
1570030 388
1570040 387
1570050 387
1570060 386
1570070 385
1570080 385
1570090 385
1570100 384
1570110 384
1570120 383
1570130 383
1570140 383
1570150 382
1570160 382
1570170 382
1570180 382
1570190 381
1570200 381
1570210 379
1570220 376
1570230 376
1570240 376
1570250 376
1570260 376
1570270 376
1570280 376
1570290 376
1570300 376
1570310 375
1570320 375
1570330 375
1570340 375
1570350 375
1570360 376
1570370 377
1570380 377
1570390 377
1570400 378
1570410 378
1570420 378
1570430 378
1570440 378
1570450 378
1570460 378
1570470 378
1570480 380
1570490 383
1570500 383
1570510 386
1570520 389
1570530 389
1570540 392
1570550 394
1570560 394
1570570 397
1570580 400
1570590 400
1570600 401
1570610 403
1570620 403
1570630 404
1570640 405
1570650 405
1570660 406
1570670 406
1570680 406
1570690 406
1570700 406
1570710 406
1570720 405
1570730 404
1570740 404
1570750 402
1570760 399
1570770 399
1570780 396
1570790 396
1570800 392
1570810 389
1570820 389
1570830 385
1570840 380
1570850 380
1570860 376
1570870 373
1570880 373
1570890 372
1570900 372
1570910 372
1570920 372
1570930 372
1570940 372
1570950 371
1570960 371
1570970 371
1570980 370
1570990 372
1571000 372
1571010 374
1571020 375
1571030 375
1571040 376
1571050 378
1571060 378
1571070 378
1571080 377
1571090 377
1571100 375
1571110 373
1571120 373
1571130 371
1571140 370
1571150 370
1571160 369
1571170 369
1571180 369
1571190 370
1571200 371
1571210 371
1571220 372
1571230 374
1571240 374
1571250 376
1571260 377
1571270 377
1571280 379
1571290 381
1571300 381
1571310 383
1571320 386
1571330 386
1571340 388
1571350 390
1571360 390
1571370 392
1571380 393
1571390 393
1571400 394
1571410 395
1571420 395
1571430 396
1571440 398
1571450 398
1571460 398
1571470 399
1571480 399
1571490 399
1571500 398
1571510 398
1571520 397
1571530 396
1571540 396
1571550 394
1571560 393
1571570 393
1571580 391
1571590 390
1571600 390
1571610 388
1571620 387
1571630 387
1571640 385
1571650 384
1571660 384
1571670 382
1571680 380
1571690 380
1571700 378
1571710 377
1571720 377
1571730 377
1571740 377
1571750 377
1571760 378
1571770 379
1571780 379
1571790 380
1571800 381
1571810 381
1571820 382
1571830 382
1571840 382
1571850 383
1571860 383
1571870 383
1571880 384
1571890 384
1571900 384
1571910 385
1571920 385
1571930 385
1571940 386
1571950 386
1571960 386
1571970 387
1571980 387
1571990 387
1572000 387
1572010 387
1572020 387
1572030 387
1572040 387
1572050 387
1572060 387
1572070 387
1572080 387
1572090 386
1572100 385
1572110 385
1572120 384
1572130 381
1572140 381
1572150 379
1572160 375
1572170 375
1572180 372
1572190 369
1572200 369
1572210 366
1572220 364
1572230 364
1572240 363
1572250 363
1572260 363
1572270 362
1572280 362
1572290 362
1572300 359
1572310 354
1572320 354
1572330 349
1572340 343
1572350 343
1572360 337
1572370 332
1572380 332
1572390 327
1572400 322
1572410 322
1572420 317
1572430 311
1572440 311
1572450 305
1572460 299
1572470 299
1572480 292
1572490 287
1572500 287
1572510 286
1572520 285
1572530 285
1572540 284
1572550 284
1572560 284
1572570 284
1572580 284
1572590 284
1572600 283
1572610 284
1572620 284
1572630 288
1572640 294
1572650 294
1572660 302
1572670 309
1572680 309
1572690 315
1572700 319
1572710 319
1572720 322
1572730 325
1572740 325
1572750 328
1572760 331
1572770 331
1572780 333
1572790 335
1572800 335
1572810 337
1572820 339
1572830 339
1572840 342
1572850 344
1572860 344
1572870 347
1572880 349
1572890 349
1572900 352
1572910 354
1572920 354
1572930 357
1572940 359
1572950 359
1572960 362
1572970 365
1572980 365
1572990 367
1573000 369
1573010 369
1573020 370
1573030 372
1573040 372
1573050 373
1573060 375
1573070 375
1573080 377
1573090 379
1573100 379
1573110 381
1573120 382
1573130 382
1573140 383
1573150 383
1573160 383
1573170 384
1573180 385
1573190 385
1573200 386
1573210 387
1573220 387
1573230 388
1573240 388
1573250 388
1573260 387
1573270 387
1573280 386
1573290 384
1573300 384
1573310 384
1573320 386
1573330 386
1573340 388
1573350 390
1573360 390
1573370 391
1573380 393
1573390 393
1573400 395
1573410 397
1573420 397
1573430 399
1573440 400
1573450 400
1573460 401
1573470 402
1573480 402
1573490 401
1573500 398
1573510 398
1573520 393
1573530 387
1573540 387
1573550 381
1573560 375
1573570 375
1573580 369
1573590 364
1573600 364
1573610 358
1573620 352
1573630 352
1573640 346
1573650 341
1573660 341
1573670 335
1573680 330
1573690 330
1573700 326
1573710 323
1573720 323
1573730 316
1573740 311
1573750 311
1573760 307
1573770 306
1573780 306
1573790 306
1573800 305
1573810 305
1573820 306
1573830 311
1573840 311
1573850 315
1573860 319
1573870 319
1573880 324
1573890 330
1573900 330
1573910 335
1573920 341
1573930 341
1573940 347
1573950 352
1573960 352
1573970 359
1573980 365
1573990 365
1574000 370
1574010 376
1574020 376
1574030 382
1574040 391
1574050 391
1574060 400
1574070 407
1574080 407
1574090 413
1574100 419
1574110 419
1574120 425
1574130 430
1574140 430
1574150 435
1574160 439
1574170 439
1574180 439
1574190 439
1574200 439
1574210 438
1574220 438
1574230 438
1574240 438
1574250 437
1574260 437
1574270 437
1574280 436
1574290 436
1574300 435
1574310 435
1574320 435
1574330 435
1574340 434
1574350 434
1574360 434
1574370 434
1574380 434
1574390 434
1574400 434
1574410 434
1574420 435
1574430 435
1574440 435
1574450 436
1574460 436
1574470 436
1574480 437
1574490 438
1574500 438
1574510 438
1574520 439
1574530 439
1574540 439
1574550 440
1574560 440
1574570 440
1574580 441
1574590 441
1574600 441
1574610 441
1574620 441
1574630 441
1574640 442
1574650 442
1574660 442
1574670 442
1574680 442
1574690 443
1574700 443
1574710 443
1574720 444
1574730 444
1574740 444
1574750 445
1574760 446
1574770 446
1574780 447
1574790 447
1574800 447
1574810 448
1574820 448
1574830 448
1574840 449
1574850 449
1574860 449
1574870 450
1574880 450
1574890 450
1574900 451
1574910 451
1574920 451
1574930 451
1574940 451
1574950 451
1574960 451
1574970 450
1574980 450
1574990 449
1575000 448
1575010 448
1575020 446
1575030 444
1575040 444
1575050 441
1575060 438
1575070 438
1575080 436
1575090 432
1575100 432
1575110 429
1575120 425
1575130 425
1575140 421
1575150 416
1575160 416
1575170 412
1575180 409
1575190 409
1575200 406
1575210 404
1575220 404
1575230 404
1575240 407
1575250 407
1575260 409
1575270 411
1575280 411
1575290 414
1575300 417
1575310 417
1575320 420
1575330 422
1575340 422
1575350 426
1575360 428
1575370 428
1575380 431
1575390 434
1575400 434
1575410 437
1575420 439
1575430 439
1575440 441
1575450 443
1575460 443
1575470 445
1575480 447
1575490 447
1575500 449
1575510 450
1575520 450
1575530 451
1575540 453
1575550 453
1575560 454
1575570 455
1575580 455
1575590 456
1575600 456
1575610 456
1575620 457
1575630 458
1575640 458
1575650 459
1575660 459
1575670 459
1575680 458
1575690 458
1575700 457
1575710 456
1575720 456
1575730 458
1575740 460
1575750 460
1575760 462
1575770 463
1575780 463
1575790 464
1575800 465
1575810 465
1575820 466
1575830 467
1575840 467
1575850 468
1575860 469
1575870 469
1575880 469
1575890 470
1575900 470
1575910 471
1575920 471
1575930 471
1575940 472
1575950 473
1575960 473
1575970 474
1575980 475
1575990 475
1576000 477
1576010 478
1576020 478
1576030 479
1576040 480
1576050 480
1576060 480
1576070 481
1576080 481
1576090 482
1576100 483
1576110 483
1576120 484
1576130 485
1576140 485
1576150 486
1576160 487
1576170 487
1576180 487
1576190 488
1576200 488
1576210 488
1576220 488
1576230 488
1576240 487
1576250 487
1576260 487
1576270 486
1576280 486
1576290 486
1576300 485
1576310 484
1576320 484
1576330 483
1576340 481
1576350 481
1576360 480
1576370 479
1576380 479
1576390 477
1576400 476
1576410 476
1576420 474
1576430 472
1576440 472
1576450 471
1576460 468
1576470 468
1576480 466
1576490 464
1576500 464
1576510 461
1576520 458
1576530 458
1576540 454
1576550 450
1576560 450
1576570 446
1576580 442
1576590 442
1576600 439
1576610 434
1576620 434
1576630 428
1576640 423
1576650 423
1576660 419
1576670 415
1576680 415
1576690 412
1576700 408
1576710 408
1576720 405
1576730 402
1576740 402
1576750 398
1576760 395
1576770 395
1576780 392
1576790 388
1576800 388
1576810 385
1576820 382
1576830 382
1576840 378
1576850 374
1576860 369
1576870 365
1576880 361
1576890 361
1576900 356
1576910 352
1576920 352
1576930 349
1576940 346
1576950 346
1576960 344
1576970 342
1576980 342
1576990 344
1577000 349
1577010 349
1577020 353
1577030 356
1577040 356
1577050 359
1577060 363
1577070 363
1577080 367
1577090 371
1577100 371
1577110 375
1577120 379
1577130 379
1577140 384
1577150 388
1577160 388
1577170 393
1577180 397
1577190 397
1577200 402
1577210 406
1577220 406
1577230 410
1577240 413
1577250 413
1577260 416
1577270 421
1577280 421
1577290 425
1577300 430
1577310 430
1577320 434
1577330 438
1577340 438
1577350 442
1577360 445
1577370 445
1577380 448
1577390 451
1577400 451
1577410 454
1577420 455
1577430 455
1577440 457
1577450 459
1577460 459
1577470 462
1577480 465
1577490 465
1577500 469
1577510 472
1577520 472
1577530 476
1577540 479
1577550 479
1577560 482
1577570 484
1577580 484
1577590 487
1577600 490
1577610 490
1577620 492
1577630 495
1577640 495
1577650 498
1577660 501
1577670 501
1577680 503
1577690 506
1577700 506
1577710 509
1577720 511
1577730 511
1577740 514
1577750 517
1577760 517
1577770 519
1577780 522
1577790 522
1577800 524
1577810 527
1577820 527
1577830 529
1577840 531
1577850 531
1577860 533
1577870 534
1577880 534
1577890 535
1577900 536
1577910 536
1577920 536
1577930 536
1577940 536
1577950 537
1577960 537
1577970 537
1577980 538
1577990 538
1578000 538
1578010 538
1578020 538
1578030 538
1578040 537
1578050 537
1578060 537
1578070 537
1578080 537
1578090 537
1578100 537
1578110 536
1578120 536
1578130 536
1578140 536
1578150 536
1578160 536
1578170 536
1578180 537
1578190 537
1578200 537
1578210 537
1578220 537
1578230 537
1578240 537
1578250 538
1578260 540
1578270 540
1578280 541
1578290 541
1578300 541
1578310 541
1578320 541
1578330 541
1578340 542
1578350 542
1578360 541
1578370 541
1578380 541
1578390 541
1578400 540
1578410 540
1578420 540
1578430 540
1578440 540
1578450 539
1578460 538
1578470 538
1578480 537
1578490 535
1578500 535
1578510 534
1578520 532
1578530 532
1578540 529
1578550 527
1578560 527
1578570 525
1578580 524
1578590 524
1578600 522
1578610 520
1578620 520
1578630 519
1578640 518
1578650 518
1578660 517
1578670 516
1578680 516
1578690 515
1578700 514
1578710 514
1578720 513
1578730 513
1578740 513
1578750 512
1578760 512
1578770 512
1578780 512
1578790 512
1578800 512
1578810 512
1578820 512
1578830 512
1578840 512
1578850 512
1578860 512
1578870 511
1578880 510
1578890 510
1578900 510
1578910 509
1578920 509
1578930 508
1578940 507
1578950 507
1578960 506
1578970 504
1578980 504
1578990 503
1579000 501
1579010 501
1579020 498
1579030 494
1579040 494
1579050 492
1579060 490
1579070 490
1579080 489
1579090 488
1579100 488
1579110 487
1579120 486
1579130 486
1579140 485
1579150 485
1579160 485
1579170 484
1579180 484
1579190 484
1579200 483
1579210 483
1579220 483
1579230 482
1579240 481
1579250 481
1579260 480
1579270 480
1579280 480
1579290 480
1579300 479
1579310 479
1579320 478
1579330 478
1579340 478
1579350 478
1579360 478
1579370 478
1579380 477
1579390 477
1579400 477
1579410 477
1579420 476
1579430 476
1579440 476
1579450 477
1579460 477
1579470 477
1579480 476
1579490 476
1579500 475
1579510 475
1579520 475
1579530 475
1579540 475
1579550 475
1579560 475
1579570 475
1579580 475
1579590 477
1579600 480
1579610 480
1579620 485
1579630 488
1579640 492
1579650 497
1579660 500
1579670 500
1579680 503
1579690 506
1579700 506
1579710 509
1579720 511
1579730 511
1579740 513
1579750 515
1579760 515
1579770 517
1579780 519
1579790 519
1579800 521
1579810 522
1579820 522
1579830 524
1579840 525
1579850 525
1579860 527
1579870 529
1579880 529
1579890 530
1579900 532
1579910 532
1579920 533
1579930 535
1579940 535
1579950 537
1579960 538
1579970 538
1579980 541
1579990 542
