1560000 358
1560010 357
1560020 357
1560030 357
1560040 357
1560050 357
1560060 357
1560070 357
1560080 357
1560090 357
1560100 357
1560110 357
1560120 357
1560130 357
1560140 357
1560150 357
1560160 356
1560170 356
1560180 355
1560190 354
1560200 354
1560210 353
1560220 352
1560230 352
1560240 351
1560250 349
1560260 349
1560270 348
1560280 347
1560290 347
1560300 345
1560310 343
1560320 343
1560330 341
1560340 338
1560350 338
1560360 334
1560370 329
1560380 329
1560390 325
1560400 321
1560410 321
1560420 324
1560430 327
1560440 327
1560450 328
1560460 328
1560470 328
1560480 328
1560490 327
1560500 327
1560510 326
1560520 324
1560530 324
1560540 322
1560550 321
1560560 321
1560570 320
1560580 319
1560590 319
1560600 319
1560610 319
1560620 319
1560630 318
1560640 318
1560650 318
1560660 317
1560670 317
1560680 317
1560690 316
1560700 315
1560710 315
1560720 315
1560730 314
1560740 314
1560750 313
1560760 312
1560770 312
1560780 311
1560790 310
1560800 310
1560810 309
1560820 307
1560830 307
1560840 306
1560850 302
1560860 302
1560870 293
1560880 281
1560890 281
1560900 278
1560910 278
1560920 278
1560930 278
1560940 278
1560950 278
1560960 277
1560970 276
1560980 273
1560990 272
1561000 271
1561010 271
1561020 271
1561030 271
1561040 271
1561050 271
1561060 269
1561070 269
1561080 266
1561090 264
1561100 264
1561110 264
1561120 264
1561130 264
1561140 264
1561150 264
1561160 264
1561170 264
1561180 264
1561190 264
1561200 264
1561210 264
1561220 264
1561230 264
1561240 264
1561250 264
1561260 264
1561270 264
1561280 264
1561290 264
1561300 264
1561310 264
1561320 264
1561330 264
1561340 264
1561350 264
1561360 264
1561370 264
1561380 264
1561390 264
1561400 264
1561410 264
1561420 264
1561430 265
1561440 266
1561450 266
1561460 266
1561470 266
1561480 266
1561490 266
1561500 266
1561510 266
1561520 266
1561530 266
1561540 266
1561550 266
1561560 266
1561570 266
1561580 266
1561590 266
1561600 266
1561610 265
1561620 264
1561630 264
1561640 264
1561650 264
1561660 264
1561670 263
1561680 262
1561690 262
1561700 263
1561710 265
1561720 265
1561730 269
1561740 272
1561750 272
1561760 273
1561770 272
1561780 272
1561790 272
1561800 272
1561810 272
1561820 272
1561830 273
1561840 273
1561850 275
1561860 280
1561870 280
1561880 286
1561890 292
1561900 292
1561910 300
1561920 306
1561930 306
1561940 311
1561950 318
1561960 318
1561970 327
1561980 334
1561990 334
1562000 341
1562010 348
1562020 348
1562030 356
1562040 363
1562050 363
1562060 372
1562070 381
1562080 381
1562090 388
1562100 393
1562110 393
1562120 396
1562130 398
1562140 398
1562150 401
1562160 402
1562170 402
1562180 403
1562190 403
1562200 403
1562210 404
1562220 404
1562230 404
1562240 404
1562250 404
1562260 404
1562270 404
1562280 404
1562290 404
1562300 404
1562310 403
1562320 403
1562330 402
1562340 401
1562350 401
1562360 399
1562370 398
1562380 398
1562390 398
1562400 398
1562410 398
1562420 398
1562430 399
1562440 399
1562450 400
1562460 399
1562470 399
1562480 399
1562490 400
1562500 400
1562510 400
1562520 398
1562530 398
1562540 394
1562550 390
1562560 390
1562570 386
1562580 384
1562590 384
1562600 381
1562610 379
1562620 379
1562630 378
1562640 377
1562650 377
1562660 378
1562670 380
1562680 380
1562690 384
1562700 388
1562710 388
1562720 394
1562730 399
1562740 399
1562750 404
1562760 409
1562770 409
1562780 413
1562790 415
1562800 415
1562810 418
1562820 419
1562830 419
1562840 421
1562850 422
1562860 422
1562870 424
1562880 425
1562890 425
1562900 425
1562910 426
1562920 426
1562930 427
1562940 428
1562950 428
1562960 428
1562970 428
1562980 428
1562990 428
1563000 428
1563010 428
1563020 429
1563030 430
1563040 430
1563050 429
1563060 427
1563070 427
1563080 425
1563090 424
1563100 424
1563110 422
1563120 419
1563130 419
1563140 417
1563150 415
1563160 415
1563170 414
1563180 413
1563190 413
1563200 412
1563210 412
1563220 412
1563230 413
1563240 414
1563250 414
1563260 415
1563270 416
1563280 416
1563290 417
1563300 418
1563310 418
1563320 420
1563330 422
1563340 422
1563350 423
1563360 425
1563370 425
1563380 429
1563390 432
1563400 432
1563410 436
1563420 438
1563430 438
1563440 441
1563450 443
1563460 443
1563470 446
1563480 448
1563490 448
1563500 450
1563510 450
1563520 451
1563530 452
1563540 452
1563550 452
1563560 451
1563570 451
1563580 450
1563590 447
1563600 447
1563610 443
1563620 439
1563630 439
1563640 434
1563650 428
1563660 428
1563670 420
1563680 414
1563690 414
1563700 410
1563710 403
1563720 403
1563730 397
1563740 393
1563750 393
1563760 387
1563770 379
1563780 379
1563790 370
1563800 361
1563810 361
1563820 351
1563830 346
1563840 346
1563850 348
1563860 353
1563870 353
1563880 359
1563890 364
1563900 364
1563910 370
1563920 377
1563930 377
1563940 382
1563950 388
1563960 388
1563970 393
1563980 398
1563990 398
1564000 404
1564010 411
1564020 411
1564030 416
1564040 419
1564050 419
1564060 422
1564070 426
1564080 426
1564090 432
1564100 438
1564110 438
1564120 445
1564130 452
1564140 452
1564150 458
1564160 462
1564170 462
1564180 466
1564190 469
1564200 469
1564210 471
1564220 472
1564230 472
1564240 473
1564250 473
1564260 473
1564270 474
1564280 474
1564290 474
1564300 475
1564310 476
1564320 476
1564330 476
1564340 476
1564350 476
1564360 476
1564370 475
1564380 475
1564390 475
1564400 475
1564410 475
1564420 475
1564430 475
1564440 475
1564450 474
1564460 473
1564470 473
1564480 472
1564490 472
1564500 472
1564510 470
1564520 468
1564530 468
1564540 465
1564550 463
1564560 463
1564570 460
1564580 456
1564590 456
1564600 453
1564610 451
1564620 451
1564630 449
1564640 445
1564650 445
1564660 442
1564670 439
1564680 439
1564690 436
1564700 434
1564710 434
1564720 432
1564730 429
1564740 429
1564750 426
1564760 424
1564770 424
1564780 423
1564790 422
1564800 422
1564810 423
1564820 424
1564830 424
1564840 425
1564850 426
1564860 426
1564870 426
1564880 426
1564890 426
1564900 427
1564910 429
1564920 429
1564930 430
1564940 431
1564950 431
1564960 431
1564970 430
1564980 430
1564990 429
1565000 429
1565010 429
1565020 428
1565030 428
1565040 428
1565050 427
1565060 426
1565070 426
1565080 425
1565090 424
1565100 424
1565110 423
1565120 423
1565130 423
1565140 422
1565150 421
1565160 421
1565170 420
1565180 419
1565190 419
1565200 417
1565210 414
1565220 414
1565230 408
1565240 402
1565250 402
1565260 396
1565270 391
1565280 391
1565290 385
1565300 378
1565310 378
1565320 372
1565330 367
1565340 367
1565350 367
1565360 368
1565370 368
1565380 371
1565390 374
1565400 374
1565410 379
1565420 385
1565430 385
1565440 390
1565450 395
1565460 395
1565470 400
1565480 405
1565490 405
1565500 409
1565510 412
1565520 412
1565530 415
1565540 416
1565550 416
1565560 417
1565570 415
1565580 415
1565590 411
1565600 405
1565610 405
1565620 399
1565630 395
1565640 395
1565650 394
1565660 394
1565670 394
1565680 394
1565690 392
1565700 392
1565710 388
1565720 383
1565730 383
1565740 380
1565750 380
1565760 380
1565770 379
1565780 379
1565790 376
1565800 372
1565810 372
1565820 369
1565830 365
1565840 365
1565850 361
1565860 361
1565870 361
1565880 359
1565890 357
1565900 357
1565910 357
1565920 357
1565930 360
1565940 359
1565950 357
1565960 357
1565970 359
1565980 362
1565990 362
1566000 366
1566010 371
1566020 371
1566030 375
1566040 379
1566050 379
1566060 383
1566070 387
1566080 387
1566090 393
1566100 398
1566110 398
1566120 405
1566130 412
1566140 412
1566150 419
1566160 426
1566170 426
1566180 431
1566190 437
1566200 437
1566210 443
1566220 448
1566230 448
1566240 453
1566250 455
1566260 455
1566270 455
1566280 454
1566290 454
1566300 454
1566310 455
1566320 455
1566330 457
1566340 460
1566350 460
1566360 463
1566370 464
1566380 464
1566390 465
1566400 465
1566410 465
1566420 465
1566430 464
1566440 464
1566450 463
1566460 462
1566470 462
1566480 460
1566490 455
1566500 455
1566510 451
1566520 446
1566530 446
1566540 442
1566550 439
1566560 439
1566570 436
1566580 434
1566590 434
1566600 432
1566610 430
1566620 430
1566630 430
1566640 430
1566650 430
1566660 430
1566670 431
1566680 431
1566690 431
1566700 431
1566710 431
1566720 430
1566730 428
1566740 428
1566750 426
1566760 423
1566770 423
1566780 420
1566790 418
1566800 418
1566810 417
1566820 417
1566830 417
1566840 417
1566850 417
1566860 417
1566870 416
1566880 415
1566890 415
1566900 416
1566910 417
1566920 417
1566930 417
1566940 417
1566950 417
1566960 417
1566970 417
1566980 417
1566990 417
1567000 417
1567010 417
1567020 417
1567030 417
1567040 417
1567050 416
1567060 415
1567070 415
1567080 416
1567090 416
1567100 416
1567110 416
1567120 415
1567130 415
1567140 413
1567150 409
1567160 409
1567170 406
1567180 405
1567190 405
1567200 406
1567210 410
1567220 410
1567230 416
1567240 423
1567250 423
1567260 428
1567270 432
1567280 432
1567290 436
1567300 441
1567310 441
1567320 446
1567330 450
1567340 450
1567350 453
1567360 456
1567370 456
1567380 457
1567390 459
1567400 459
1567410 460
1567420 462
1567430 462
1567440 463
1567450 464
1567460 464
1567470 465
1567480 466
1567490 466
1567500 466
1567510 466
1567520 467
1567530 466
1567540 466
1567550 466
1567560 465
1567570 465
1567580 465
1567590 464
1567600 464
1567610 464
1567620 463
1567630 463
1567640 463
1567650 462
1567660 461
1567670 461
1567680 460
1567690 459
1567700 459
1567710 458
1567720 458
1567730 458
1567740 457
1567750 456
1567760 456
1567770 455
1567780 454
1567790 454
1567800 453
1567810 451
1567820 451
1567830 450
1567840 448
1567850 448
1567860 447
1567870 446
1567880 446
1567890 446
1567900 445
1567910 445
1567920 444
1567930 443
1567940 443
1567950 442
1567960 441
1567970 441
1567980 440
1567990 439
1568000 439
1568010 438
1568020 437
1568030 437
1568040 436
1568050 436
1568060 436
1568070 435
1568080 435
1568090 435
1568100 434
1568110 434
1568120 434
1568130 434
1568140 434
1568150 434
1568160 434
1568170 434
1568180 434
1568190 434
1568200 434
1568210 434
1568220 435
1568230 435
1568240 435
1568250 435
1568260 435
1568270 436
1568280 436
1568290 436
1568300 436
1568310 436
1568320 436
1568330 436
1568340 436
1568350 436
1568360 436
1568370 435
1568380 435
1568390 435
1568400 434
1568410 434
1568420 433
1568430 432
1568440 432
1568450 432
1568460 431
1568470 431
1568480 430
1568490 430
1568500 430
1568510 428
1568520 427
1568530 427
1568540 426
1568550 425
1568560 425
1568570 424
1568580 423
1568590 423
1568600 423
1568610 422
1568620 422
1568630 421
1568640 421
1568650 421
1568660 420
1568670 420
1568680 420
1568690 419
1568700 418
1568710 418
1568720 417
1568730 417
1568740 417
1568750 416
1568760 415
1568770 415
1568780 412
1568790 410
1568800 410
1568810 410
1568820 411
1568830 411
1568840 412
1568850 414
1568860 414
1568870 415
1568880 417
1568890 417
1568900 420
1568910 423
1568920 423
1568930 423
1568940 425
1568950 425
1568960 428
1568970 430
1568980 430
1568990 432
1569000 435
1569010 435
1569020 437
1569030 440
1569040 440
1569050 442
1569060 445
1569070 447
1569080 450
1569090 453
1569100 453
1569110 457
1569120 459
1569130 459
1569140 461
1569150 461
1569160 461
1569170 462
1569180 462
1569190 462
1569200 462
1569210 462
1569220 462
1569230 462
1569240 461
1569250 461
1569260 461
1569270 461
1569280 461
1569290 460
1569300 459
1569310 459
1569320 458
1569330 456
1569340 456
1569350 454
1569360 453
1569370 453
1569380 451
1569390 449
1569400 449
1569410 447
1569420 445
1569430 445
1569440 442
1569450 439
1569460 439
1569470 436
1569480 432
1569490 432
1569500 428
1569510 426
1569520 426
1569530 424
1569540 425
1569550 425
1569560 427
1569570 429
1569580 429
1569590 432
1569600 435
1569610 435
1569620 437
1569630 439
1569640 439
1569650 440
1569660 441
1569670 441
1569680 442
1569690 443
1569700 443
1569710 444
1569720 445
1569730 445
1569740 445
1569750 446
1569760 446
1569770 446
1569780 446
1569790 446
1569800 447
1569810 447
1569820 447
1569830 446
1569840 445
1569850 445
1569860 444
1569870 442
1569880 442
1569890 441
1569900 440
1569910 440
1569920 438
1569930 437
1569940 437
1569950 436
1569960 434
1569970 434
1569980 432
1569990 430
1570000 430
1570010 429
1570020 432
1570030 432
1570040 433
1570050 434
1570060 434
1570070 435
1570080 436
1570090 436
1570100 437
1570110 438
1570120 438
1570130 439
1570140 440
1570150 440
1570160 441
1570170 441
1570180 441
1570190 442
1570200 443
1570210 443
1570220 444
1570230 446
1570240 446
1570250 447
1570260 448
1570270 448
1570280 448
1570290 449
1570300 449
1570310 450
1570320 451
1570330 451
1570340 452
1570350 452
1570360 452
1570370 453
1570380 453
1570390 453
1570400 454
1570410 454
1570420 455
1570430 455
1570440 455
1570450 456
1570460 457
1570470 457
1570480 457
1570490 458
1570500 458
1570510 458
1570520 459
1570530 459
1570540 459
1570550 460
1570560 460
1570570 460
1570580 460
1570590 460
1570600 460
1570610 460
1570620 460
1570630 460
1570640 460
1570650 460
1570660 459
1570670 459
1570680 459
1570690 459
1570700 459
1570710 459
1570720 459
1570730 459
1570740 459
1570750 459
1570760 459
1570770 459
1570780 459
1570790 458
1570800 458
1570810 458
1570820 458
1570830 458
1570840 457
1570850 457
1570860 457
1570870 456
1570880 456
1570890 456
1570900 456
1570910 455
1570920 455
1570930 455
1570940 454
1570950 454
1570960 454
1570970 453
1570980 453
1570990 452
1571000 452
1571010 452
1571020 451
1571030 450
1571040 450
1571050 449
1571060 448
1571070 448
1571080 447
1571090 446
1571100 446
1571110 444
1571120 442
1571130 442
1571140 440
1571150 437
1571160 437
1571170 434
1571180 431
1571190 431
1571200 427
1571210 422
1571220 422
1571230 417
1571240 412
1571250 412
1571260 407
1571270 402
1571280 402
1571290 397
1571300 391
1571310 391
1571320 385
1571330 380
1571340 380
1571350 375
1571360 370
1571370 370
1571380 365
1571390 361
1571400 361
1571410 355
1571420 351
1571430 351
1571440 353
1571450 354
1571460 354
1571470 358
1571480 366
1571490 366
1571500 374
1571510 383
1571520 383
1571530 390
1571540 396
1571550 396
1571560 402
1571570 404
1571580 404
1571590 403
1571600 403
1571610 403
1571620 403
1571630 400
1571640 400
1571650 396
1571660 391
1571670 391
1571680 387
1571690 382
1571700 382
1571710 377
1571720 371
1571730 371
1571740 365
1571750 363
1571760 363
1571770 359
1571780 354
1571790 354
1571800 349
1571810 345
1571820 345
1571830 340
1571840 334
1571850 334
1571860 329
1571870 327
1571880 327
1571890 327
1571900 328
1571910 328
1571920 327
1571930 326
1571940 326
1571950 325
1571960 325
1571970 325
1571980 328
1571990 332
1572000 332
1572010 336
1572020 342
1572030 342
1572040 347
1572050 352
1572060 352
1572070 356
1572080 361
1572090 361
1572100 366
1572110 372
1572120 372
1572130 377
1572140 383
1572150 383
1572160 387
1572170 391
1572180 391
1572190 395
1572200 398
1572210 398
1572220 401
1572230 403
1572240 403
1572250 405
1572260 408
1572270 408
1572280 410
1572290 412
1572300 412
1572310 414
1572320 417
1572330 417
1572340 418
1572350 420
1572360 420
1572370 422
1572380 423
1572390 423
1572400 424
1572410 426
1572420 426
1572430 429
1572440 431
1572450 431
1572460 434
1572470 435
1572480 435
1572490 437
1572500 438
1572510 438
1572520 439
1572530 440
1572540 440
1572550 440
1572560 438
1572570 438
1572580 434
1572590 432
1572600 432
1572610 431
1572620 432
1572630 432
1572640 434
1572650 435
1572660 435
1572670 437
1572680 438
1572690 438
1572700 439
1572710 442
1572720 442
1572730 444
1572740 444
1572750 447
1572760 451
1572770 451
1572780 455
1572790 459
1572800 459
1572810 464
1572820 468
1572830 468
1572840 469
1572850 470
1572860 470
1572870 471
1572880 472
1572890 472
1572900 474
1572910 475
1572920 475
1572930 476
1572940 476
1572950 476
1572960 476
1572970 476
1572980 476
1572990 476
1573000 476
1573010 476
1573020 475
1573030 474
1573040 474
1573050 473
1573060 471
1573070 471
1573080 469
1573090 468
1573100 468
1573110 466
1573120 465
1573130 465
1573140 463
1573150 461
1573160 461
1573170 459
1573180 457
1573190 457
1573200 455
1573210 452
1573220 452
1573230 450
1573240 448
1573250 448
1573260 445
1573270 442
1573280 442
1573290 439
1573300 435
1573310 435
1573320 429
1573330 424
1573340 424
1573350 419
1573360 413
1573370 413
1573380 407
1573390 401
1573400 401
1573410 396
1573420 392
1573430 392
1573440 388
1573450 384
1573460 384
1573470 379
1573480 374
1573490 374
1573500 369
1573510 366
1573520 366
1573530 364
1573540 362
1573550 362
1573560 360
1573570 356
1573580 356
1573590 354
1573600 352
1573610 352
1573620 351
1573630 351
1573640 351
1573650 353
1573660 358
1573670 358
1573680 362
1573690 366
1573700 366
1573710 370
1573720 373
1573730 373
1573740 376
1573750 379
1573760 379
1573770 383
1573780 387
1573790 387
1573800 392
1573810 397
1573820 397
1573830 402
1573840 408
1573850 408
1573860 413
1573870 421
1573880 421
1573890 427
1573900 433
1573910 433
1573920 439
1573930 442
1573940 442
1573950 444
1573960 447
1573970 447
1573980 450
1573990 455
1574000 455
1574010 460
1574020 468
1574030 468
1574040 476
1574050 482
1574060 482
1574070 488
1574080 493
1574090 493
1574100 494
1574110 494
1574120 494
1574130 493
1574140 493
1574150 493
1574160 493
1574170 493
1574180 493
1574190 492
1574200 491
1574210 491
1574220 489
1574230 486
1574240 486
1574250 483
1574260 481
1574270 481
1574280 478
1574290 475
1574300 475
1574310 471
1574320 469
1574330 469
1574340 469
1574350 469
1574360 469
1574370 471
1574380 472
1574390 472
1574400 474
1574410 477
1574420 477
1574430 480
1574440 483
1574450 483
1574460 485
1574470 487
1574480 487
1574490 488
1574500 490
1574510 490
1574520 491
1574530 492
1574540 492
1574550 493
1574560 493
1574570 493
1574580 494
1574590 494
1574600 494
1574610 494
1574620 493
1574630 493
1574640 493
1574650 491
1574660 491
1574670 490
1574680 488
1574690 488
1574700 486
1574710 484
1574720 484
1574730 482
1574740 481
1574750 481
1574760 481
1574770 482
1574780 482
1574790 484
1574800 485
1574810 485
1574820 487
1574830 488
1574840 488
1574850 490
1574860 492
1574870 492
1574880 493
1574890 494
1574900 494
1574910 496
1574920 497
1574930 497
1574940 498
1574950 499
1574960 499
1574970 500
1574980 501
1574990 501
1575000 502
1575010 503
1575020 505
1575030 505
1575040 505
1575050 506
1575060 506
1575070 506
1575080 506
1575090 507
1575100 507
1575110 507
1575120 507
1575130 507
1575140 508
1575150 509
1575160 509
1575170 510
1575180 511
1575190 511
1575200 512
1575210 513
1575220 513
1575230 514
1575240 515
1575250 515
1575260 516
1575270 517
1575280 517
1575290 518
1575300 519
1575310 519
1575320 518
1575330 516
1575340 516
1575350 514
1575360 513
1575370 513
1575380 512
1575390 512
1575400 512
1575410 513
1575420 515
1575430 515
1575440 516
1575450 518
1575460 518
1575470 519
1575480 521
1575490 521
1575500 522
1575510 523
1575520 523
1575530 524
1575540 525
1575550 525
1575560 526
1575570 527
1575580 527
1575590 528
1575600 529
1575610 529
1575620 530
1575630 531
1575640 531
1575650 532
1575660 533
1575670 533
1575680 532
1575690 531
1575700 531
1575710 530
1575720 528
1575730 528
1575740 526
1575750 525
1575760 525
1575770 524
1575780 523
1575790 523
1575800 522
1575810 521
1575820 521
1575830 520
1575840 520
1575850 520
1575860 520
1575870 520
1575880 520
1575890 521
1575900 523
1575910 523
1575920 525
1575930 527
1575940 527
1575950 529
1575960 532
1575970 532
1575980 534
1575990 537
1576000 537
1576010 539
1576020 542
1576030 542
1576040 544
1576050 546
1576060 546
1576070 547
1576080 549
1576090 549
1576100 550
1576110 551
1576120 551
1576130 552
1576140 553
1576150 553
1576160 554
1576170 554
1576180 554
1576190 555
1576200 555
1576210 555
1576220 556
1576230 556
1576240 556
1576250 555
1576260 555
1576270 555
1576280 555
1576290 555
1576300 555
1576310 555
1576320 554
1576330 554
1576340 554
1576350 554
1576360 554
1576370 553
1576380 552
1576390 552
1576400 550
1576410 547
1576420 547
1576430 545
1576440 542
1576450 542
1576460 540
1576470 538
1576480 538
1576490 537
1576500 536
1576510 536
1576520 534
1576530 532
1576540 532
1576550 530
1576560 531
1576570 531
1576580 533
1576590 535
1576600 535
1576610 536
1576620 539
1576630 539
1576640 542
1576650 545
1576660 545
1576670 547
1576680 550
1576690 550
1576700 553
1576710 555
1576720 555
1576730 557
1576740 558
1576750 558
1576760 559
1576770 561
1576780 561
1576790 562
1576800 563
1576810 563
1576820 564
1576830 565
1576840 565
1576850 566
1576860 567
1576870 567
1576880 568
1576890 568
1576900 568
1576910 568
1576920 568
1576930 568
1576940 568
1576950 568
1576960 568
1576970 567
1576980 567
1576990 567
1577000 566
1577010 566
1577020 566
1577030 565
1577040 565
1577050 565
1577060 564
1577070 563
1577080 563
1577090 562
1577100 561
1577110 561
1577120 560
1577130 559
1577140 559
1577150 558
1577160 558
1577170 558
1577180 557
1577190 556
1577200 556
1577210 555
1577220 555
1577230 555
1577240 554
1577250 553
1577260 553
1577270 551
1577280 549
1577290 549
1577300 548
1577310 546
1577320 546
1577330 545
1577340 545
1577350 544
1577360 543
1577370 543
1577380 541
1577390 539
1577400 539
1577410 537
1577420 535
1577430 535
1577440 532
1577450 530
1577460 530
1577470 526
1577480 523
1577490 523
1577500 520
1577510 517
1577520 517
1577530 513
1577540 508
1577550 508
1577560 504
1577570 499
1577580 499
1577590 493
1577600 486
1577610 486
1577620 479
1577630 473
1577640 473
1577650 467
1577660 462
1577670 462
1577680 457
1577690 452
1577700 452
1577710 448
1577720 444
1577730 444
1577740 438
1577750 433
1577760 433
1577770 428
1577780 423
1577790 423
1577800 418
1577810 414
1577820 414
1577830 410
1577840 406
1577850 406
1577860 402
1577870 399
1577880 399
1577890 397
1577900 396
1577910 396
1577920 402
1577930 411
1577940 411
1577950 417
1577960 422
1577970 422
1577980 427
1577990 432
1578000 432
1578010 436
1578020 439
1578030 439
1578040 442
1578050 445
1578060 445
1578070 447
1578080 450
1578090 450
1578100 453
1578110 456
1578120 456
1578130 459
1578140 464
1578150 464
1578160 469
1578170 471
1578180 471
1578190 472
1578200 475
1578210 475
1578220 479
1578230 482
1578240 482
1578250 486
1578260 490
1578270 490
1578280 494
1578290 500
1578300 500
1578310 506
1578320 512
1578330 512
1578340 516
1578350 519
1578360 519
1578370 521
1578380 522
1578390 522
1578400 523
1578410 524
1578420 524
1578430 522
1578440 517
1578450 517
1578460 510
1578470 501
1578480 501
1578490 493
1578500 484
1578510 484
1578520 475
1578530 468
1578540 468
1578550 461
1578560 454
1578570 454
1578580 447
1578590 439
1578600 439
1578610 430
1578620 419
1578630 419
1578640 412
1578650 411
1578660 411
1578670 413
1578680 416
1578690 416
1578700 420
1578710 426
1578720 426
1578730 431
1578740 440
1578750 440
1578760 450
1578770 458
1578780 458
1578790 463
1578800 467
1578810 467
1578820 471
1578830 475
1578840 475
1578850 479
1578860 483
1578870 483
1578880 487
1578890 491
1578900 491
1578910 494
1578920 499
1578930 499
1578940 504
1578950 509
1578960 509
1578970 513
1578980 516
1578990 516
1579000 518
1579010 521
1579020 521
1579030 524
1579040 525
1579050 525
1579060 527
1579070 528
1579080 528
1579090 529
1579100 531
1579110 531
1579120 533
1579130 532
1579140 532
1579150 531
1579160 528
1579170 528
1579180 527
1579190 528
1579200 528
1579210 528
1579220 528
1579230 524
1579240 527
1579250 529
1579260 529
1579270 529
1579280 526
1579290 526
1579300 522
1579310 520
1579320 520
1579330 519
1579340 519
1579350 519
1579360 518
1579370 517
1579380 517
1579390 515
1579400 514
1579410 514
1579420 513
1579430 512
1579440 512
1579450 510
1579460 510
1579470 510
1579480 510
1579490 510
1579500 510
1579510 510
1579520 510
1579530 510
1579540 510
1579550 509
1579560 509
1579570 509
1579580 507
1579590 507
1579600 507
1579610 507
1579620 507
1579630 507
1579640 507
1579650 507
1579660 507
1579670 507
1579680 508
1579690 509
1579700 509
1579710 511
1579720 513
1579730 513
1579740 515
1579750 516
1579760 516
1579770 517
1579780 519
1579790 519
1579800 520
1579810 520
1579820 520
1579830 520
1579840 520
1579850 520
1579860 520
1579870 520
1579880 520
1579890 520
1579900 519
1579910 519
1579920 518
1579930 519
1579940 519
1579950 520
1579960 521
1579970 521
1579980 522
1579990 523
