1560000 285
1560010 283
1560020 283
1560030 282
1560040 280
1560050 280
1560060 280
1560070 280
1560080 280
1560090 280
1560100 280
1560110 280
1560120 280
1560130 280
1560140 280
1560150 280
1560160 280
1560170 280
1560180 280
1560190 280
1560200 280
1560210 280
1560220 280
1560230 280
1560240 280
1560250 280
1560260 280
1560270 280
1560280 280
1560290 280
1560300 280
1560310 280
1560320 280
1560330 280
1560340 280
1560350 280
1560360 280
1560370 280
1560380 280
1560390 280
1560400 280
1560410 280
1560420 280
1560430 280
1560440 280
1560450 280
1560460 280
1560470 280
1560480 280
1560490 280
1560500 280
1560510 280
1560520 280
1560530 280
1560540 280
1560550 280
1560560 280
1560570 281
1560580 283
1560590 283
1560600 291
1560610 304
1560620 304
1560630 311
1560640 319
1560650 319
1560660 326
1560670 332
1560680 332
1560690 339
1560700 345
1560710 345
1560720 351
1560730 357
1560740 357
1560750 363
1560760 370
1560770 370
1560780 376
1560790 383
1560800 383
1560810 389
1560820 396
1560830 396
1560840 401
1560850 407
1560860 407
1560870 412
1560880 412
1560890 414
1560900 417
1560910 417
1560920 421
1560930 423
1560940 423
1560950 425
1560960 427
1560970 427
1560980 428
1560990 430
1561000 430
1561010 431
1561020 432
1561030 432
1561040 432
1561050 432
1561060 432
1561070 431
1561080 430
1561090 430
1561100 429
1561110 428
1561120 428
1561130 426
1561140 425
1561150 425
1561160 424
1561170 424
1561180 424
1561190 424
1561200 425
1561210 425
1561220 425
1561230 426
1561240 426
1561250 426
1561260 427
1561270 427
1561280 428
1561290 429
1561300 429
1561310 430
1561320 432
1561330 432
1561340 433
1561350 435
1561360 435
1561370 437
1561380 439
1561390 439
1561400 441
1561410 443
1561420 443
1561430 444
1561440 446
1561450 446
1561460 447
1561470 448
1561480 448
1561490 450
1561500 451
1561510 451
1561520 451
1561530 452
1561540 452
1561550 452
1561560 453
1561570 453
1561580 453
1561590 453
1561600 453
1561610 452
1561620 451
1561630 451
1561640 450
1561650 450
1561660 450
1561670 449
1561680 448
1561690 448
1561700 447
1561710 446
1561720 446
1561730 445
1561740 442
1561750 442
1561760 441
1561770 441
1561780 441
1561790 442
1561800 442
1561810 442
1561820 443
1561830 445
1561840 445
1561850 446
1561860 446
1561870 446
1561880 444
1561890 439
1561900 439
1561910 434
1561920 431
1561930 431
1561940 427
1561950 421
1561960 421
1561970 416
1561980 410
1561990 410
1562000 406
1562010 403
1562020 403
1562030 402
1562040 405
1562050 405
1562060 409
1562070 413
1562080 413
1562090 416
1562100 421
1562110 421
1562120 425
1562130 429
1562140 429
1562150 433
1562160 439
1562170 439
1562180 444
1562190 448
1562200 448
1562210 451
1562220 454
1562230 454
1562240 457
1562250 460
1562260 460
1562270 462
1562280 464
1562290 464
1562300 465
1562310 466
1562320 466
1562330 466
1562340 467
1562350 467
1562360 466
1562370 466
1562380 466
1562390 465
1562400 465
1562410 465
1562420 464
1562430 463
1562440 463
1562450 461
1562460 460
1562470 460
1562480 459
1562490 458
1562500 458
1562510 458
1562520 458
1562530 458
1562540 458
1562550 459
1562560 459
1562570 460
1562580 461
1562590 461
1562600 462
1562610 463
1562620 463
1562630 464
1562640 465
1562650 465
1562660 467
1562670 470
1562680 470
1562690 472
1562700 475
1562710 475
1562720 478
1562730 482
1562740 482
1562750 485
1562760 488
1562770 488
1562780 491
1562790 494
1562800 494
1562810 496
1562820 499
1562830 499
1562840 501
1562850 502
1562860 502
1562870 503
1562880 504
1562890 504
1562900 505
1562910 506
1562920 506
1562930 507
1562940 507
1562950 508
1562960 509
1562970 509
1562980 509
1562990 509
1563000 509
1563010 509
1563020 509
1563030 509
1563040 509
1563050 510
1563060 510
1563070 510
1563080 510
1563090 510
1563100 510
1563110 511
1563120 511
1563130 511
1563140 511
1563150 511
1563160 511
1563170 511
1563180 511
1563190 511
1563200 511
1563210 511
1563220 511
1563230 511
1563240 511
1563250 511
1563260 511
1563270 511
1563280 511
1563290 511
1563300 511
1563310 511
1563320 511
1563330 511
1563340 510
1563350 510
1563360 510
1563370 510
1563380 510
1563390 510
1563400 510
1563410 509
1563420 509
1563430 509
1563440 509
1563450 509
1563460 508
1563470 507
1563480 507
1563490 507
1563500 505
1563510 505
1563520 504
1563530 503
1563540 503
1563550 501
1563560 500
1563570 500
1563580 498
1563590 497
1563600 497
1563610 496
1563620 496
1563630 496
1563640 496
1563650 497
1563660 497
1563670 497
1563680 498
1563690 498
1563700 503
1563710 504
1563720 504
1563730 505
1563740 507
1563750 507
1563760 508
1563770 510
1563780 510
1563790 511
1563800 512
1563810 512
1563820 512
1563830 513
1563840 513
1563850 513
1563860 514
1563870 514
1563880 514
1563890 513
1563900 513
1563910 513
1563920 512
1563930 512
1563940 511
1563950 510
1563960 510
1563970 509
1563980 507
1563990 507
1564000 505
1564010 503
1564020 503
1564030 501
1564040 498
1564050 498
1564060 496
1564070 495
1564080 495
1564090 493
1564100 491
1564110 491
1564120 488
1564130 486
1564140 486
1564150 483
1564160 481
1564170 481
1564180 479
1564190 478
1564200 478
1564210 475
1564220 473
1564230 473
1564240 471
1564250 469
1564260 469
1564270 466
1564280 464
1564290 464
1564300 462
1564310 459
1564320 459
1564330 455
1564340 452
1564350 452
1564360 448
1564370 444
1564380 444
1564390 440
1564400 436
1564410 436
1564420 432
1564430 427
1564440 427
1564450 422
1564460 420
1564470 420
1564480 420
1564490 421
1564500 421
1564510 421
1564520 421
1564530 421
1564540 423
1564550 426
1564560 426
1564570 430
1564580 435
1564590 435
1564600 440
1564610 444
1564620 444
1564630 448
1564640 452
1564650 452
1564660 456
1564670 460
1564680 460
1564690 464
1564700 468
1564710 468
1564720 472
1564730 476
1564740 476
1564750 479
1564760 483
1564770 483
1564780 486
1564790 489
1564800 489
1564810 492
1564820 495
1564830 495
1564840 497
1564850 500
1564860 500
1564870 502
1564880 504
1564890 504
1564900 506
1564910 507
1564920 507
1564930 508
1564940 510
1564950 510
1564960 511
1564970 513
1564980 513
1564990 515
1565000 517
1565010 517
1565020 518
1565030 518
1565040 519
1565050 521
1565060 521
1565070 522
1565080 523
1565090 523
1565100 524
1565110 525
1565120 525
1565130 525
1565140 526
1565150 526
1565160 527
1565170 528
1565180 528
1565190 529
1565200 530
1565210 530
1565220 530
1565230 531
1565240 531
1565250 531
1565260 532
1565270 532
1565280 532
1565290 532
1565300 532
1565310 532
1565320 532
1565330 530
1565340 530
1565350 530
1565360 530
1565370 530
1565380 531
1565390 531
1565400 531
1565410 531
1565420 531
1565430 531
1565440 531
1565450 531
1565460 531
1565470 530
1565480 530
1565490 530
1565500 530
1565510 530
1565520 530
1565530 530
1565540 530
1565550 530
1565560 530
1565570 530
1565580 530
1565590 530
1565600 530
1565610 530
1565620 530
1565630 530
1565640 530
1565650 530
1565660 530
1565670 530
1565680 530
1565690 530
1565700 530
1565710 530
1565720 530
1565730 530
1565740 529
1565750 529
1565760 529
1565770 529
1565780 529
1565790 529
1565800 529
1565810 529
1565820 528
1565830 528
1565840 528
1565850 527
1565860 527
1565870 527
1565880 527
1565890 526
1565900 526
1565910 526
1565920 526
1565930 526
1565940 525
1565950 525
1565960 525
1565970 525
1565980 526
1565990 526
1566000 527
1566010 529
1566020 529
1566030 529
1566040 529
1566050 529
1566060 529
1566070 529
1566080 529
1566090 528
1566100 527
1566110 527
1566120 527
1566130 526
1566140 526
1566150 525
1566160 524
1566170 524
1566180 523
1566190 523
1566200 523
1566210 522
1566220 521
1566230 521
1566240 520
1566250 519
1566260 519
1566270 518
1566280 517
1566290 517
1566300 516
1566310 515
1566320 515
1566330 515
1566340 514
1566350 514
1566360 514
1566370 513
1566380 513
1566390 513
1566400 512
1566410 512
1566420 512
1566430 511
1566440 511
1566450 511
1566460 510
1566470 510
1566480 509
1566490 509
1566500 509
1566510 508
1566520 507
1566530 507
1566540 506
1566550 506
1566560 506
1566570 505
1566580 504
1566590 504
1566600 503
1566610 502
1566620 502
1566630 500
1566640 499
1566650 499
1566660 498
1566670 496
1566680 496
1566690 495
1566700 494
1566710 494
1566720 492
1566730 490
1566740 490
1566750 489
1566760 487
1566770 487
1566780 485
1566790 483
1566800 483
1566810 481
1566820 479
1566830 479
1566840 477
1566850 475
1566860 475
1566870 474
1566880 472
1566890 472
1566900 470
1566910 469
1566920 469
1566930 466
1566940 464
1566950 464
1566960 463
1566970 461
1566980 461
1566990 460
1567000 458
1567010 458
1567020 457
1567030 455
1567040 455
1567050 454
1567060 453
1567070 453
1567080 452
1567090 451
1567100 451
1567110 450
1567120 449
1567130 449
1567140 448
1567150 448
1567160 447
1567170 447
1567180 447
1567190 448
1567200 448
1567210 448
1567220 448
1567230 448
1567240 448
1567250 448
1567260 449
1567270 449
1567280 449
1567290 449
1567300 449
1567310 449
1567320 448
1567330 448
1567340 448
1567350 448
1567360 448
1567370 448
1567380 448
1567390 448
1567400 448
1567410 447
1567420 447
1567430 447
1567440 446
1567450 446
1567460 445
1567470 444
1567480 444
1567490 443
1567500 442
1567510 442
1567520 441
1567530 440
1567540 440
1567550 439
1567560 439
1567570 439
1567580 439
1567590 439
1567600 439
1567610 439
1567620 439
1567630 439
1567640 440
1567650 440
1567660 440
1567670 441
1567680 442
1567690 442
1567700 443
1567710 444
1567720 444
1567730 444
1567740 445
1567750 445
1567760 446
1567770 446
1567780 446
1567790 446
1567800 447
1567810 447
1567820 447
1567830 448
1567840 448
1567850 449
1567860 450
1567870 450
1567880 452
1567890 452
1567900 452
1567910 452
1567920 453
1567930 453
1567940 453
1567950 453
1567960 453
1567970 453
1567980 453
1567990 453
1568000 453
1568010 453
1568020 453
1568030 452
1568040 452
1568050 452
1568060 452
1568070 452
1568080 452
1568090 452
1568100 451
1568110 451
1568120 450
1568130 450
1568140 450
1568150 450
1568160 450
1568170 450
1568180 450
1568190 450
1568200 450
1568210 451
1568220 452
1568230 452
1568240 452
1568250 452
1568260 452
1568270 452
1568280 451
1568290 451
1568300 451
1568310 452
1568320 452
1568330 453
1568340 455
1568350 455
1568360 456
1568370 458
1568380 458
1568390 459
1568400 460
1568410 460
1568420 461
1568430 463
1568440 463
1568450 464
1568460 464
1568470 464
1568480 465
1568490 465
1568500 465
1568510 466
1568520 466
1568530 466
1568540 466
1568550 466
1568560 466
1568570 466
1568580 465
1568590 465
1568600 465
1568610 464
1568620 464
1568630 464
1568640 463
1568650 463
1568660 463
1568670 462
1568680 462
1568690 461
1568700 460
1568710 460
1568720 459
1568730 458
1568740 458
1568750 456
1568760 455
1568770 455
1568780 455
1568790 457
1568800 457
1568810 459
1568820 460
1568830 460
1568840 461
1568850 462
1568860 462
1568870 464
1568880 465
1568890 465
1568900 466
1568910 468
1568920 468
1568930 469
1568940 470
1568950 470
1568960 471
1568970 471
1568980 471
1568990 472
1569000 472
1569010 472
1569020 472
1569030 472
1569040 472
1569050 472
1569060 472
1569070 472
1569080 472
1569090 472
1569100 472
1569110 471
1569120 470
1569130 470
1569140 469
1569150 468
1569160 468
1569170 466
1569180 465
1569190 465
1569200 463
1569210 462
1569220 462
1569230 461
1569240 461
1569250 460
1569260 459
1569270 459
1569280 458
1569290 457
1569300 457
1569310 456
1569320 455
1569330 455
1569340 454
1569350 452
1569360 452
1569370 448
1569380 445
1569390 445
1569400 443
1569410 442
1569420 442
1569430 444
1569440 448
1569450 448
1569460 453
1569470 456
1569480 456
1569490 457
1569500 457
1569510 457
1569520 457
1569530 456
1569540 456
1569550 456
1569560 455
1569570 455
1569580 455
1569590 454
1569600 454
1569610 452
1569620 450
1569630 450
1569640 449
1569650 447
1569660 447
1569670 446
1569680 445
1569690 445
1569700 444
1569710 443
1569720 443
1569730 441
1569740 440
1569750 440
1569760 439
1569770 438
1569780 438
1569790 437
1569800 437
1569810 437
1569820 436
1569830 434
1569840 434
1569850 432
1569860 430
1569870 430
1569880 427
1569890 423
1569900 423
1569910 419
1569920 416
1569930 416
1569940 412
1569950 409
1569960 409
1569970 406
1569980 403
1569990 403
1570000 401
1570010 398
1570020 398
1570030 398
1570040 398
1570050 398
1570060 398
1570070 398
1570080 398
1570090 400
1570100 402
1570110 402
1570120 404
1570130 406
1570140 406
1570150 408
1570160 410
1570170 410
1570180 412
1570190 415
1570200 415
1570210 417
1570220 414
1570230 414
1570240 409
1570250 403
1570260 403
1570270 398
1570280 393
1570290 393
1570300 390
1570310 389
1570320 389
1570330 389
1570340 389
1570350 389
1570360 389
1570370 388
1570380 388
1570390 390
1570400 395
1570410 395
1570420 401
1570430 406
1570440 406
1570450 411
1570460 416
1570470 416
1570480 421
1570490 425
1570500 425
1570510 428
1570520 430
1570530 430
1570540 432
1570550 433
1570560 433
1570570 434
1570580 435
1570590 435
1570600 435
1570610 435
1570620 435
1570630 434
1570640 433
1570650 433
1570660 433
1570670 432
1570680 432
1570690 431
1570700 430
1570710 430
1570720 429
1570730 428
1570740 428
1570750 428
1570760 429
1570770 429
1570780 431
1570790 433
1570800 433
1570810 434
1570820 436
1570830 436
1570840 438
1570850 440
1570860 440
1570870 441
1570880 443
1570890 443
1570900 444
1570910 446
1570920 446
1570930 447
1570940 449
1570950 449
1570960 450
1570970 451
1570980 451
1570990 453
1571000 454
1571010 454
1571020 454
1571030 455
1571040 455
1571050 455
1571060 456
1571070 456
1571080 456
1571090 457
1571100 457
1571110 457
1571120 457
1571130 457
1571140 457
1571150 457
1571160 457
1571170 457
1571180 456
1571190 456
1571200 455
1571210 454
1571220 454
1571230 452
1571240 451
1571250 451
1571260 449
1571270 447
1571280 447
1571290 445
1571300 444
1571310 444
1571320 443
1571330 443
1571340 443
1571350 444
1571360 444
1571370 446
1571380 447
1571390 447
1571400 448
1571410 449
1571420 449
1571430 450
1571440 450
1571450 450
1571460 451
1571470 451
1571480 451
1571490 451
1571500 451
1571510 451
1571520 451
1571530 451
1571540 452
1571550 451
1571560 451
1571570 451
1571580 451
1571590 451
1571600 451
1571610 450
1571620 449
1571630 449
1571640 449
1571650 448
1571660 448
1571670 448
1571680 448
1571690 448
1571700 448
1571710 448
1571720 448
1571730 448
1571740 448
1571750 448
1571760 447
1571770 447
1571780 447
1571790 447
1571800 446
1571810 446
1571820 446
1571830 445
1571840 445
1571850 444
1571860 444
1571870 444
1571880 443
1571890 442
1571900 442
1571910 442
1571920 441
1571930 441
1571940 440
1571950 439
1571960 439
1571970 438
1571980 437
1571990 437
1572000 435
1572010 435
1572020 435
1572030 435
1572040 434
1572050 434
1572060 435
1572070 435
1572080 435
1572090 437
1572100 438
1572110 438
1572120 439
1572130 441
1572140 441
1572150 442
1572160 443
1572170 443
1572180 445
1572190 446
1572200 446
1572210 447
1572220 447
1572230 447
1572240 448
1572250 449
1572260 449
1572270 449
1572280 450
1572290 450
1572300 450
1572310 451
1572320 451
1572330 451
1572340 451
1572350 451
1572360 451
1572370 451
1572380 451
1572390 451
1572400 451
1572410 451
1572420 452
1572430 452
1572440 452
1572450 453
1572460 454
1572470 454
1572480 454
1572490 455
1572500 455
1572510 456
1572520 457
1572530 457
1572540 458
1572550 460
1572560 460
1572570 461
1572580 462
1572590 462
1572600 463
1572610 464
1572620 464
1572630 466
1572640 467
1572650 467
1572660 468
1572670 469
1572680 469
1572690 469
1572700 469
1572710 469
1572720 469
1572730 469
1572740 469
1572750 469
1572760 469
1572770 469
1572780 469
1572790 467
1572800 467
1572810 466
1572820 464
1572830 464
1572840 462
1572850 461
1572860 461
1572870 460
1572880 458
1572890 458
1572900 457
1572910 456
1572920 456
1572930 455
1572940 455
1572950 455
1572960 456
1572970 459
1572980 459
1572990 462
1573000 465
1573010 465
1573020 468
1573030 470
1573040 470
1573050 471
1573060 473
1573070 473
1573080 474
1573090 475
1573100 475
1573110 476
1573120 477
1573130 477
1573140 478
1573150 479
1573160 479
1573170 479
1573180 479
1573190 479
1573200 479
1573210 480
1573220 480
1573230 480
1573240 480
1573250 480
1573260 481
1573270 482
1573280 482
1573290 484
1573300 485
1573310 485
1573320 486
1573330 488
1573340 488
1573350 490
1573360 492
1573370 492
1573380 493
1573390 494
1573400 494
1573410 495
1573420 496
1573430 496
1573440 497
1573450 498
1573460 498
1573470 498
1573480 498
1573490 499
1573500 500
1573510 500
1573520 500
1573530 500
1573540 500
1573550 500
1573560 500
1573570 500
1573580 499
1573590 498
1573600 498
1573610 496
1573620 495
1573630 495
1573640 493
1573650 491
1573660 491
1573670 490
1573680 488
1573690 488
1573700 487
1573710 486
1573720 486
1573730 486
1573740 486
1573750 486
1573760 485
1573770 485
1573780 485
1573790 484
1573800 483
1573810 483
1573820 482
1573830 480
1573840 480
1573850 478
1573860 476
1573870 476
1573880 474
1573890 471
1573900 471
1573910 468
1573920 465
1573930 465
1573940 463
1573950 460
1573960 460
1573970 458
1573980 456
1573990 456
1574000 454
1574010 452
1574020 452
1574030 450
1574040 449
1574050 449
1574060 447
1574070 445
1574080 445
1574090 444
1574100 442
1574110 442
1574120 440
1574130 438
1574140 438
1574150 437
1574160 436
1574170 436
1574180 434
1574190 433
1574200 433
1574210 432
1574220 431
1574230 431
1574240 430
1574250 429
1574260 429
1574270 429
1574280 430
1574290 430
1574300 430
1574310 430
1574320 430
1574330 430
1574340 430
1574350 430
1574360 430
1574370 431
1574380 431
1574390 431
1574400 433
1574410 433
1574420 434
1574430 435
1574440 435
1574450 437
1574460 439
1574470 439
1574480 445
1574490 447
1574500 447
1574510 449
1574520 451
1574530 451
1574540 453
1574550 455
1574560 455
1574570 456
1574580 458
1574590 458
1574600 460
1574610 461
1574620 461
1574630 463
1574640 464
1574650 464
1574660 465
1574670 465
1574680 465
1574690 464
1574700 463
1574710 463
1574720 463
1574730 465
1574740 465
1574750 467
1574760 468
1574770 468
1574780 468
1574790 468
1574800 468
1574810 468
1574820 470
1574830 470
1574840 473
1574850 475
1574860 475
1574870 477
1574880 479
1574890 479
1574900 480
1574910 482
1574920 482
1574930 484
1574940 485
1574950 485
1574960 486
1574970 488
1574980 488
1574990 489
1575000 489
1575010 489
1575020 490
1575030 491
1575040 491
1575050 491
1575060 492
1575070 492
1575080 493
1575090 493
1575100 493
1575110 494
1575120 494
1575130 494
1575140 495
1575150 496
1575160 496
1575170 496
1575180 497
1575190 497
1575200 498
1575210 498
1575220 498
1575230 499
1575240 500
1575250 500
1575260 500
1575270 501
1575280 501
1575290 502
1575300 502
1575310 502
1575320 503
1575330 504
1575340 504
1575350 505
1575360 505
1575370 505
1575380 506
1575390 506
1575400 506
1575410 505
1575420 502
1575430 502
1575440 500
1575450 501
1575460 501
1575470 504
1575480 507
1575490 507
1575500 508
1575510 510
1575520 510
1575530 510
1575540 511
1575550 511
1575560 511
1575570 512
1575580 512
1575590 512
1575600 512
1575610 512
1575620 512
1575630 512
1575640 512
1575650 512
1575660 512
1575670 512
1575680 512
1575690 512
1575700 511
1575710 511
1575720 511
1575730 510
1575740 510
1575750 510
1575760 509
1575770 508
1575780 508
1575790 506
1575800 504
1575810 504
1575820 502
1575830 500
1575840 500
1575850 498
1575860 496
1575870 496
1575880 496
1575890 496
1575900 496
1575910 498
1575920 501
1575930 501
1575940 503
1575950 503
1575960 503
1575970 503
1575980 503
1575990 503
1576000 503
1576010 502
1576020 502
1576030 499
1576040 498
1576050 498
1576060 498
1576070 500
1576080 500
1576090 503
1576100 507
1576110 507
1576120 510
1576130 513
1576140 513
1576150 516
1576160 518
1576170 518
1576180 520
1576190 521
1576200 521
1576210 522
1576220 523
1576230 523
1576240 524
1576250 524
1576260 524
1576270 525
1576280 525
1576290 525
1576300 525
1576310 525
1576320 525
1576330 525
1576340 524
1576350 524
1576360 524
1576370 524
1576380 524
1576390 524
1576400 523
1576410 523
1576420 524
1576430 525
1576440 525
1576450 525
1576460 526
1576470 526
1576480 527
1576490 528
1576500 528
1576510 530
1576520 532
1576530 532
1576540 534
1576550 535
1576560 535
1576570 537
1576580 539
1576590 539
1576600 539
1576610 540
1576620 540
1576630 541
1576640 542
1576650 542
1576660 542
1576670 543
1576680 543
1576690 544
1576700 545
1576710 545
1576720 546
1576730 547
1576740 547
1576750 547
1576760 547
1576770 547
1576780 547
1576790 549
1576800 549
1576810 550
1576820 550
1576830 550
1576840 549
1576850 547
1576860 547
1576870 544
1576880 540
1576890 540
1576900 537
1576910 533
1576920 533
1576930 529
1576940 526
1576950 526
1576960 523
1576970 520
1576980 520
1576990 517
1577000 515
1577010 515
1577020 512
1577030 509
1577040 509
1577050 506
1577060 504
1577070 504
1577080 502
1577090 502
1577100 502
1577110 505
1577120 508
1577130 508
1577140 511
1577150 514
1577160 514
1577170 516
1577180 520
1577190 520
1577200 525
1577210 529
1577220 529
1577230 532
1577240 535
1577250 535
1577260 538
1577270 541
1577280 541
1577290 543
1577300 545
1577310 545
1577320 547
1577330 548
1577340 548
1577350 549
1577360 551
1577370 551
1577380 554
1577390 555
1577400 555
1577410 557
1577420 559
1577430 559
1577440 561
1577450 563
1577460 563
1577470 564
1577480 566
1577490 566
1577500 567
1577510 568
1577520 568
1577530 570
1577540 571
1577550 571
1577560 572
1577570 572
1577580 572
1577590 574
1577600 575
1577610 575
1577620 576
1577630 576
1577640 576
1577650 577
1577660 578
1577670 578
1577680 579
1577690 579
1577700 580
1577710 581
1577720 581
1577730 582
1577740 582
1577750 582
1577760 583
1577770 584
1577780 584
1577790 585
1577800 585
1577810 585
1577820 585
1577830 586
1577840 586
1577850 586
1577860 587
1577870 587
1577880 587
1577890 588
1577900 588
1577910 588
1577920 589
1577930 589
1577940 589
1577950 590
1577960 590
1577970 590
1577980 590
1577990 590
1578000 590
1578010 590
1578020 590
1578030 590
1578040 590
1578050 590
1578060 590
1578070 589
1578080 589
1578090 589
1578100 589
1578110 589
1578120 588
1578130 588
1578140 588
1578150 587
1578160 587
1578170 587
1578180 586
1578190 585
1578200 585
1578210 585
1578220 584
1578230 584
1578240 584
1578250 583
1578260 583
1578270 583
1578280 583
1578290 583
1578300 582
1578310 582
1578320 582
1578330 583
1578340 583
1578350 583
1578360 583
1578370 583
1578380 583
1578390 583
1578400 583
1578410 583
1578420 583
1578430 583
1578440 583
1578450 583
1578460 582
1578470 582
1578480 582
1578490 581
1578500 581
1578510 580
1578520 580
1578530 580
1578540 579
1578550 578
1578560 578
1578570 578
1578580 577
1578590 577
1578600 575
1578610 574
1578620 574
1578630 572
1578640 571
1578650 571
1578660 569
1578670 568
1578680 568
1578690 565
1578700 563
1578710 563
1578720 557
1578730 554
1578740 554
1578750 553
1578760 552
1578770 552
1578780 552
1578790 552
1578800 552
1578810 552
1578820 552
1578830 552
1578840 553
1578850 556
1578860 556
1578870 559
1578880 561
1578890 561
1578900 562
1578910 563
1578920 563
1578930 564
1578940 565
1578950 565
1578960 566
1578970 566
1578980 566
1578990 567
1579000 568
1579010 568
1579020 569
1579030 569
1579040 569
1579050 570
1579060 570
1579070 570
1579080 571
1579090 572
1579100 572
1579110 572
1579120 573
1579130 573
1579140 573
1579150 574
1579160 574
1579170 574
1579180 575
1579190 575
1579200 575
1579210 576
1579220 576
1579230 576
1579240 577
1579250 577
1579260 577
1579270 577
1579280 577
1579290 578
1579300 578
1579310 578
1579320 578
1579330 578
1579340 578
1579350 578
1579360 578
1579370 578
1579380 578
1579390 577
1579400 577
1579410 577
1579420 576
1579430 576
1579440 575
1579450 574
1579460 574
1579470 573
1579480 571
1579490 571
1579500 570
1579510 568
1579520 568
1579530 564
1579540 561
1579550 561
1579560 559
1579570 558
1579580 558
1579590 557
1579600 556
1579610 556
1579620 555
1579630 553
1579640 553
1579650 552
1579660 551
1579670 551
1579680 551
1579690 551
1579700 551
1579710 550
1579720 549
1579730 549
1579740 548
1579750 547
1579760 547
1579770 547
1579780 547
1579790 547
1579800 548
1579810 548
1579820 548
1579830 549
1579840 549
1579850 549
1579860 550
1579870 550
1579880 551
1579890 551
1579900 551
1579910 551
1579920 552
1579930 552
1579940 552
1579950 552
1579960 552
1579970 552
1579980 552
1579990 552
