1560000 357
1560010 357
1560020 363
1560030 369
1560040 369
1560050 374
1560060 379
1560070 379
1560080 383
1560090 386
1560100 386
1560110 390
1560120 393
1560130 393
1560140 397
1560150 400
1560160 400
1560170 404
1560180 407
1560190 407
1560200 410
1560210 412
1560220 412
1560230 414
1560240 417
1560250 417
1560260 420
1560270 423
1560280 423
1560290 427
1560300 431
1560310 431
1560320 434
1560330 436
1560340 436
1560350 439
1560360 441
1560370 441
1560380 444
1560390 446
1560400 446
1560410 447
1560420 449
1560430 449
1560440 450
1560450 452
1560460 452
1560470 453
1560480 454
1560490 454
1560500 455
1560510 456
1560520 456
1560530 457
1560540 457
1560550 457
1560560 458
1560570 458
1560580 458
1560590 459
1560600 459
1560610 459
1560620 460
1560630 460
1560640 460
1560650 461
1560660 461
1560670 461
1560680 461
1560690 461
1560700 461
1560710 462
1560720 462
1560730 462
1560740 463
1560750 464
1560760 464
1560770 466
1560780 467
1560790 467
1560800 468
1560810 469
1560820 469
1560830 470
1560840 471
1560850 471
1560860 472
1560870 473
1560880 473
1560890 474
1560900 475
1560910 475
1560920 476
1560930 477
1560940 477
1560950 478
1560960 478
1560970 478
1560980 478
1560990 477
1561000 477
1561010 477
1561020 477
1561030 477
1561040 474
1561050 472
1561060 472
1561070 470
1561080 466
1561090 466
1561100 462
1561110 459
1561120 459
1561130 456
1561140 453
1561150 453
1561160 452
1561170 451
1561180 451
1561190 450
1561200 449
1561210 449
1561220 449
1561230 448
1561240 448
1561250 448
1561260 449
1561270 449
1561280 449
1561290 449
1561300 449
1561310 448
1561320 447
1561330 447
1561340 446
1561350 445
1561360 445
1561370 444
1561380 443
1561390 443
1561400 441
1561410 438
1561420 438
1561430 434
1561440 431
1561450 431
1561460 428
1561470 425
1561480 425
1561490 423
1561500 421
1561510 421
1561520 419
1561530 419
1561540 419
1561550 423
1561560 429
1561570 429
1561580 435
1561590 435
1561600 439
1561610 444
1561620 444
1561630 448
1561640 451
1561650 451
1561660 453
1561670 455
1561680 455
1561690 457
1561700 459
1561710 459
1561720 461
1561730 463
1561740 463
1561750 465
1561760 467
1561770 467
1561780 468
1561790 469
1561800 469
1561810 470
1561820 470
1561830 470
1561840 470
1561850 470
1561860 470
1561870 471
1561880 471
1561890 471
1561900 471
1561910 471
1561920 471
1561930 470
1561940 469
1561950 469
1561960 469
1561970 468
1561980 468
1561990 467
1562000 466
1562010 466
1562020 466
1562030 465
1562040 465
1562050 464
1562060 462
1562070 462
1562080 460
1562090 457
1562100 457
1562110 455
1562120 453
1562130 453
1562140 456
1562150 459
1562160 459
1562170 462
1562180 466
1562190 466
1562200 468
1562210 469
1562220 469
1562230 469
1562240 469
1562250 469
1562260 469
1562270 469
1562280 469
1562290 470
1562300 470
1562310 470
1562320 471
1562330 472
1562340 472
1562350 473
1562360 474
1562370 474
1562380 475
1562390 476
1562400 476
1562410 477
1562420 478
1562430 478
1562440 478
1562450 479
1562460 479
1562470 480
1562480 481
1562490 481
1562500 482
1562510 483
1562520 483
1562530 484
1562540 485
1562550 485
1562560 486
1562570 487
1562580 487
1562590 488
1562600 488
1562610 488
1562620 489
1562630 489
1562640 489
1562650 488
1562660 487
1562670 487
1562680 487
1562690 488
1562700 488
1562710 489
1562720 491
1562730 491
1562740 493
1562750 495
1562760 495
1562770 497
1562780 499
1562790 499
1562800 500
1562810 502
1562820 502
1562830 503
1562840 505
1562850 505
1562860 506
1562870 507
1562880 507
1562890 507
1562900 508
1562910 508
1562920 509
1562930 510
1562940 510
1562950 510
1562960 511
1562970 511
1562980 511
1562990 512
1563000 512
1563010 512
1563020 512
1563030 512
1563040 512
1563050 512
1563060 512
1563070 512
1563080 512
1563090 512
1563100 512
1563110 511
1563120 511
1563130 510
1563140 509
1563150 509
1563160 508
1563170 507
1563180 507
1563190 507
1563200 506
1563210 506
1563220 505
1563230 504
1563240 504
1563250 501
1563260 500
1563270 500
1563280 500
1563290 501
1563300 501
1563310 502
1563320 502
1563330 502
1563340 502
1563350 502
1563360 502
1563370 502
1563380 502
1563390 502
1563400 502
1563410 503
1563420 503
1563430 504
1563440 504
1563450 504
1563460 506
1563470 507
1563480 507
1563490 508
1563500 508
1563510 509
1563520 510
1563530 510
1563540 512
1563550 513
1563560 513
1563570 515
1563580 517
1563590 517
1563600 520
1563610 521
1563620 521
1563630 521
1563640 522
1563650 522
1563660 522
1563670 523
1563680 523
1563690 524
1563700 524
1563710 524
1563720 525
1563730 526
1563740 526
1563750 526
1563760 527
1563770 527
1563780 528
1563790 529
1563800 529
1563810 530
1563820 531
1563830 531
1563840 531
1563850 532
1563860 532
1563870 532
1563880 533
1563890 533
1563900 533
1563910 534
1563920 534
1563930 535
1563940 535
1563950 535
1563960 535
1563970 536
1563980 536
1563990 536
1564000 536
1564010 536
1564020 537
1564030 537
1564040 537
1564050 537
1564060 537
1564070 537
1564080 537
1564090 536
1564100 536
1564110 536
1564120 536
1564130 536
1564140 536
1564150 535
1564160 535
1564170 535
1564180 535
1564190 535
1564200 534
1564210 534
1564220 534
1564230 533
1564240 533
1564250 533
1564260 533
1564270 532
1564280 532
1564290 531
1564300 531
1564310 531
1564320 531
1564330 529
1564340 529
1564350 528
1564360 525
1564370 527
1564380 524
1564390 522
1564400 522
1564410 520
1564420 518
1564430 518
1564440 517
1564450 514
1564460 514
1564470 510
1564480 507
1564490 507
1564500 503
1564510 499
1564520 499
1564530 495
1564540 493
1564550 493
1564560 493
1564570 495
1564580 495
1564590 496
1564600 496
1564610 496
1564620 492
1564630 487
1564640 487
1564650 481
1564660 477
1564670 477
1564680 473
1564690 471
1564700 471
1564710 469
1564720 467
1564730 467
1564740 466
1564750 465
1564760 465
1564770 464
1564780 463
1564790 463
1564800 463
1564810 467
1564820 467
1564830 472
1564840 477
1564850 477
1564860 481
1564870 485
1564880 485
1564890 489
1564900 494
1564910 494
1564920 498
1564930 501
1564940 501
1564950 504
1564960 507
1564970 507
1564980 510
1564990 512
1565000 512
1565010 515
1565020 517
1565030 517
1565040 519
1565050 521
1565060 521
1565070 523
1565080 525
1565090 525
1565100 526
1565110 527
1565120 527
1565130 528
1565140 529
1565150 529
1565160 530
1565170 531
1565180 531
1565190 532
1565200 532
1565210 532
1565220 532
1565230 533
1565240 533
1565250 533
1565260 534
1565270 534
1565280 534
1565290 535
1565300 535
1565310 535
1565320 536
1565330 536
1565340 536
1565350 536
1565360 536
1565370 537
1565380 537
1565390 537
1565400 537
1565410 537
1565420 537
1565430 537
1565440 537
1565450 537
1565460 537
1565470 537
1565480 537
1565490 537
1565500 537
1565510 537
1565520 537
1565530 537
1565540 536
1565550 536
1565560 536
1565570 536
1565580 535
1565590 535
1565600 535
1565610 535
1565620 535
1565630 535
1565640 535
1565650 535
1565660 535
1565670 534
1565680 534
1565690 534
1565700 534
1565710 534
1565720 533
1565730 533
1565740 533
1565750 532
1565760 532
1565770 532
1565780 532
1565790 531
1565800 531
1565810 530
1565820 529
1565830 529
1565840 527
1565850 525
1565860 525
1565870 523
1565880 521
1565890 521
1565900 518
1565910 515
1565920 515
1565930 512
1565940 510
1565950 510
1565960 508
1565970 506
1565980 506
1565990 506
1566000 504
1566010 504
1566020 503
1566030 502
1566040 502
1566050 501
1566060 499
1566070 499
1566080 497
1566090 500
1566100 500
1566110 505
1566120 509
1566130 509
1566140 511
1566150 512
1566160 512
1566170 515
1566180 518
1566190 518
1566200 520
1566210 521
1566220 521
1566230 523
1566240 524
1566250 524
1566260 525
1566270 526
1566280 526
1566290 526
1566300 527
1566310 527
1566320 527
1566330 526
1566340 526
1566350 525
1566360 523
1566370 523
1566380 522
1566390 520
1566400 520
1566410 518
1566420 516
1566430 516
1566440 515
1566450 514
1566460 514
1566470 513
1566480 512
1566490 512
1566500 511
1566510 511
1566520 511
1566530 511
1566540 510
1566550 510
1566560 509
1566570 507
1566580 507
1566590 504
1566600 503
1566610 503
1566620 501
1566630 501
1566640 501
1566650 502
1566660 503
1566670 503
1566680 503
1566690 502
1566700 502
1566710 501
1566720 500
1566730 500
1566740 498
1566750 497
1566760 497
1566770 495
1566780 496
1566790 496
1566800 498
1566810 501
1566820 501
1566830 502
1566840 502
1566850 502
1566860 502
1566870 502
1566880 502
1566890 503
1566900 503
1566910 503
1566920 503
1566930 503
1566940 503
1566950 503
1566960 502
1566970 502
1566980 501
1566990 501
1567000 501
1567010 500
1567020 500
1567030 500
1567040 499
1567050 498
1567060 498
1567070 497
1567080 496
1567090 496
1567100 495
1567110 493
1567120 493
1567130 491
1567140 489
1567150 489
1567160 485
1567170 483
1567180 483
1567190 479
1567200 475
1567210 475
1567220 471
1567230 469
1567240 469
1567250 468
1567260 466
1567270 466
1567280 466
1567290 465
1567300 465
1567310 465
1567320 465
1567330 465
1567340 465
1567350 465
1567360 465
1567370 465
1567380 465
1567390 465
1567400 464
1567410 464
1567420 465
1567430 465
1567440 465
1567450 465
1567460 465
1567470 465
1567480 466
1567490 467
1567500 467
1567510 467
1567520 469
1567530 469
1567540 470
1567550 471
1567560 471
1567570 473
1567580 475
1567590 475
1567600 478
1567610 482
1567620 482
1567630 487
1567640 491
1567650 491
1567660 495
1567670 498
1567680 498
1567690 500
1567700 501
1567710 501
1567720 502
1567730 503
1567740 503
1567750 505
1567760 506
1567770 506
1567780 507
1567790 508
1567800 508
1567810 509
1567820 509
1567830 509
1567840 510
1567850 511
1567860 511
1567870 512
1567880 513
1567890 513
1567900 513
1567910 514
1567920 514
1567930 514
1567940 514
1567950 514
1567960 515
1567970 515
1567980 515
1567990 516
1568000 516
1568010 516
1568020 516
1568030 516
1568040 516
1568050 516
1568060 516
1568070 516
1568080 515
1568090 515
1568100 515
1568110 515
1568120 515
1568130 515
1568140 515
1568150 515
1568160 515
1568170 515
1568180 516
1568190 516
1568200 516
1568210 516
1568220 516
1568230 516
1568240 516
1568250 516
1568260 516
1568270 516
1568280 516
1568290 516
1568300 517
1568310 517
1568320 517
1568330 517
1568340 517
1568350 517
1568360 517
1568370 517
1568380 517
1568390 516
1568400 516
1568410 516
1568420 516
1568430 516
1568440 515
1568450 514
1568460 514
1568470 513
1568480 512
1568490 512
1568500 510
1568510 508
1568520 508
1568530 507
1568540 506
1568550 506
1568560 505
1568570 504
1568580 504
1568590 504
1568600 504
1568610 504
1568620 505
1568630 505
1568640 505
1568650 505
1568660 506
1568670 506
1568680 507
1568690 507
1568700 507
1568710 507
1568720 507
1568730 507
1568740 506
1568750 506
1568760 506
1568770 506
1568780 505
1568790 505
1568800 504
1568810 504
1568820 504
1568830 503
1568840 502
1568850 502
1568860 502
1568870 500
1568880 500
1568890 499
1568900 498
1568910 498
1568920 497
1568930 494
1568940 494
1568950 490
1568960 487
1568970 487
1568980 483
1568990 480
1569000 480
1569010 478
1569020 475
1569030 475
1569040 473
1569050 471
1569060 471
1569070 469
1569080 468
1569090 468
1569100 468
1569110 468
1569120 468
1569130 470
1569140 470
1569150 470
1569160 470
1569170 468
1569180 468
1569190 464
1569200 461
1569210 461
1569220 457
1569230 453
1569240 453
1569250 449
1569260 449
1569270 446
1569280 443
1569290 443
1569300 440
1569310 438
1569320 438
1569330 436
1569340 435
1569350 435
1569360 435
1569370 440
1569380 440
1569390 445
1569400 449
1569410 449
1569420 451
1569430 454
1569440 454
1569450 456
1569460 457
1569470 457
1569480 459
1569490 461
1569500 461
1569510 463
1569520 465
1569530 465
1569540 467
1569550 469
1569560 469
1569570 470
1569580 472
1569590 472
1569600 472
1569610 473
1569620 473
1569630 474
1569640 475
1569650 475
1569660 476
1569670 477
1569680 477
1569690 478
1569700 480
1569710 480
1569720 481
1569730 482
1569740 482
1569750 483
1569760 483
1569770 483
1569780 483
1569790 483
1569800 483
1569810 483
1569820 483
1569830 483
1569840 482
1569850 481
1569860 481
1569870 480
1569880 479
1569890 479
1569900 477
1569910 473
1569920 473
1569930 469
1569940 465
1569950 465
1569960 462
1569970 459
1569980 459
1569990 457
1570000 455
1570010 455
1570020 454
1570030 453
1570040 453
1570050 453
1570060 452
1570070 452
1570080 452
1570090 450
1570100 450
1570110 447
1570120 442
1570130 442
1570140 438
1570150 434
1570160 434
1570170 431
1570180 426
1570190 426
1570200 422
1570210 419
1570220 419
1570230 416
1570240 414
1570250 414
1570260 412
1570270 411
1570280 411
1570290 411
1570300 411
1570310 411
1570320 412
1570330 411
1570340 411
1570350 411
1570360 411
1570370 411
1570380 411
1570390 411
1570400 411
1570410 412
1570420 412
1570430 412
1570440 413
1570450 413
1570460 413
1570470 414
1570480 415
1570490 415
1570500 416
1570510 418
1570520 418
1570530 419
1570540 420
1570550 420
1570560 420
1570570 420
1570580 420
1570590 420
1570600 420
1570610 420
1570620 420
1570630 420
1570640 420
1570650 419
1570660 417
1570670 417
1570680 417
1570690 418
1570700 418
1570710 419
1570720 421
1570730 421
1570740 424
1570750 426
1570760 426
1570770 430
1570780 433
1570790 433
1570800 436
1570810 439
1570820 439
1570830 441
1570840 442
1570850 442
1570860 444
1570870 445
1570880 445
1570890 446
1570900 448
1570910 448
1570920 449
1570930 451
1570940 451
1570950 452
1570960 454
1570970 454
1570980 456
1570990 458
1571000 458
1571010 459
1571020 460
1571030 460
1571040 462
1571050 463
1571060 463
1571070 464
1571080 465
1571090 465
1571100 465
1571110 466
1571120 466
1571130 466
1571140 465
1571150 465
1571160 465
1571170 465
1571180 465
1571190 465
1571200 465
1571210 465
1571220 465
1571230 465
1571240 465
1571250 465
1571260 465
1571270 464
1571280 464
1571290 464
1571300 464
1571310 465
1571320 465
1571330 464
1571340 464
1571350 464
1571360 463
1571370 462
1571380 462
1571390 462
1571400 460
1571410 460
1571420 459
1571430 459
1571440 459
1571450 458
1571460 457
1571470 457
1571480 456
1571490 456
1571500 456
1571510 456
1571520 455
1571530 455
1571540 455
1571550 455
1571560 455
1571570 455
1571580 455
1571590 455
1571600 455
1571610 455
1571620 455
1571630 455
1571640 455
1571650 455
1571660 454
1571670 454
1571680 454
1571690 453
1571700 452
1571710 452
1571720 451
1571730 450
1571740 450
1571750 449
1571760 450
1571770 450
1571780 452
1571790 454
1571800 454
1571810 456
1571820 458
1571830 458
1571840 460
1571850 461
1571860 461
1571870 463
1571880 464
1571890 464
1571900 466
1571910 467
1571920 467
1571930 469
1571940 470
1571950 470
1571960 471
1571970 473
1571980 473
1571990 474
1572000 476
1572010 476
1572020 477
1572030 479
1572040 479
1572050 480
1572060 482
1572070 482
1572080 484
1572090 486
1572100 486
1572110 488
1572120 489
1572130 489
1572140 491
1572150 493
1572160 494
1572170 496
1572180 498
1572190 498
1572200 500
1572210 501
1572220 501
1572230 502
1572240 504
1572250 504
1572260 505
1572270 506
1572280 506
1572290 508
1572300 509
1572310 509
1572320 511
1572330 512
1572340 512
1572350 513
1572360 514
1572370 514
1572380 515
1572390 516
1572400 516
1572410 517
1572420 519
1572430 519
1572440 520
1572450 521
1572460 521
1572470 522
1572480 523
1572490 523
1572500 524
1572510 525
1572520 525
1572530 525
1572540 526
1572550 526
1572560 527
1572570 527
1572580 527
1572590 528
1572600 528
1572610 528
1572620 529
1572630 529
1572640 529
1572650 530
1572660 530
1572670 530
1572680 531
1572690 531
1572700 531
1572710 532
1572720 532
1572730 532
1572740 532
1572750 533
1572760 533
1572770 533
1572780 533
1572790 533
1572800 534
1572810 535
1572820 535
1572830 535
1572840 535
1572850 535
1572860 536
1572870 536
1572880 536
1572890 536
1572900 537
1572910 537
1572920 537
1572930 537
1572940 537
1572950 537
1572960 537
1572970 537
1572980 537
1572990 537
1573000 537
1573010 537
1573020 536
1573030 536
1573040 536
1573050 536
1573060 536
1573070 536
1573080 536
1573090 535
1573100 534
1573110 534
1573120 533
1573130 532
1573140 532
1573150 530
1573160 530
1573170 530
1573180 529
1573190 528
1573200 528
1573210 527
1573220 526
1573230 526
1573240 524
1573250 522
1573260 522
1573270 520
1573280 518
1573290 518
1573300 516
1573310 513
1573320 513
1573330 511
1573340 507
1573350 507
1573360 504
1573370 500
1573380 500
1573390 496
1573400 491
1573410 491
1573420 487
1573430 481
1573440 481
1573450 475
1573460 471
1573470 471
1573480 473
1573490 476
1573500 476
1573510 478
1573520 481
1573530 481
1573540 485
1573550 489
1573560 489
1573570 493
1573580 497
1573590 497
1573600 502
1573610 507
1573620 507
1573630 510
1573640 515
1573650 515
1573660 521
1573670 527
1573680 527
1573690 533
1573700 537
1573710 537
1573720 539
1573730 542
1573740 542
1573750 544
1573760 546
1573770 546
1573780 548
1573790 550
1573800 550
1573810 552
1573820 555
1573830 555
1573840 557
1573850 559
1573860 559
1573870 560
1573880 562
1573890 562
1573900 564
1573910 566
1573920 566
1573930 568
1573940 570
1573950 570
1573960 571
1573970 573
1573980 573
1573990 574
1574000 576
1574010 576
1574020 577
1574030 577
1574040 577
1574050 576
1574060 575
1574070 575
1574080 575
1574090 574
1574100 574
1574110 574
1574120 573
1574130 573
1574140 572
1574150 571
1574160 571
1574170 571
1574180 570
1574190 570
1574200 570
1574210 570
1574220 570
1574230 570
1574240 570
1574250 570
1574260 571
1574270 571
1574280 571
1574290 571
1574300 572
1574310 572
1574320 572
1574330 572
1574340 572
1574350 573
1574360 575
1574370 575
1574380 576
1574390 577
1574400 577
1574410 578
1574420 580
1574430 580
1574440 581
1574450 581
1574460 581
1574470 582
1574480 582
1574490 582
1574500 583
1574510 585
1574520 585
1574530 586
1574540 587
1574550 587
1574560 589
1574570 590
1574580 590
1574590 591
1574600 591
1574610 591
1574620 591
1574630 591
1574640 591
1574650 591
1574660 590
1574670 590
1574680 589
1574690 587
1574700 587
1574710 587
1574720 586
1574730 586
1574740 584
1574750 584
1574760 584
1574770 583
1574780 583
1574790 583
1574800 582
1574810 581
1574820 581
1574830 581
1574840 580
1574850 580
1574860 579
1574870 578
1574880 578
1574890 577
1574900 576
1574910 576
1574920 575
1574930 574
1574940 574
1574950 573
1574960 572
1574970 572
1574980 570
1574990 569
1575000 569
1575010 568
1575020 568
1575030 567
1575040 566
1575050 566
1575060 565
1575070 565
1575080 565
1575090 565
1575100 564
1575110 564
1575120 563
1575130 562
1575140 562
1575150 561
1575160 559
1575170 559
1575180 558
1575190 558
1575200 558
1575210 557
1575220 557
1575230 557
1575240 557
1575250 556
1575260 556
1575270 556
1575280 555
1575290 555
1575300 554
1575310 553
1575320 553
1575330 553
1575340 553
1575350 553
1575360 553
1575370 553
1575380 553
1575390 553
1575400 554
1575410 554
1575420 554
1575430 556
1575440 556
1575450 557
1575460 558
1575470 558
1575480 559
1575490 559
1575500 559
1575510 560
1575520 561
1575530 561
1575540 562
1575550 562
1575560 562
1575570 562
1575580 563
1575590 563
1575600 564
1575610 564
1575620 564
1575630 565
1575640 566
1575650 566
1575660 567
1575670 567
1575680 567
1575690 568
1575700 568
1575710 568
1575720 569
1575730 570
1575740 570
1575750 571
1575760 571
1575770 571
1575780 572
1575790 572
1575800 572
1575810 573
1575820 573
1575830 573
1575840 574
1575850 574
1575860 574
1575870 575
1575880 576
1575890 576
1575900 576
1575910 576
1575920 576
1575930 577
1575940 577
1575950 577
1575960 578
1575970 578
1575980 578
1575990 578
1576000 578
1576010 578
1576020 578
1576030 578
1576040 578
1576050 578
1576060 578
1576070 578
1576080 578
1576090 578
1576100 578
1576110 578
1576120 578
1576130 578
1576140 578
1576150 578
1576160 578
1576170 577
1576180 577
1576190 577
1576200 577
1576210 576
1576220 576
1576230 575
1576240 575
1576250 575
1576260 574
1576270 573
1576280 573
1576290 572
1576300 571
1576310 571
1576320 570
1576330 569
1576340 569
1576350 568
1576360 568
1576370 568
1576380 568
1576390 568
1576400 568
1576410 569
1576420 569
1576430 569
1576440 570
1576450 571
1576460 571
1576470 571
1576480 572
1576490 572
1576500 573
1576510 573
1576520 573
1576530 573
1576540 574
1576550 574
1576560 575
1576570 575
1576580 575
1576590 576
1576600 576
1576610 576
1576620 576
1576630 577
1576640 577
1576650 577
1576660 577
1576670 577
1576680 578
1576690 578
1576700 578
1576710 579
1576720 579
1576730 579
1576740 579
1576750 580
1576760 580
1576770 580
1576780 580
1576790 580
1576800 581
1576810 581
1576820 581
1576830 581
1576840 581
1576850 581
1576860 582
1576870 582
1576880 582
1576890 582
1576900 582
1576910 582
1576920 582
1576930 582
1576940 582
1576950 583
1576960 583
1576970 583
1576980 583
1576990 583
1577000 582
1577010 581
1577020 581
1577030 581
1577040 580
1577050 580
1577060 580
1577070 580
1577080 580
1577090 579
1577100 577
1577110 577
1577120 576
1577130 573
1577140 573
1577150 571
1577160 568
1577170 568
1577180 565
1577190 564
1577200 564
1577210 562
1577220 561
1577230 561
1577240 559
1577250 558
1577260 558
1577270 557
1577280 556
1577290 556
1577300 556
1577310 556
1577320 556
1577330 556
1577340 559
1577350 559
1577360 562
1577370 566
1577380 566
1577390 569
1577400 570
1577410 570
1577420 572
1577430 572
1577440 572
1577450 572
1577460 572
1577470 572
1577480 572
1577490 572
1577500 572
1577510 571
1577520 571
1577530 571
1577540 570
1577550 569
1577560 569
1577570 568
1577580 567
1577590 567
1577600 567
1577610 566
1577620 566
1577630 565
1577640 564
1577650 564
1577660 563
1577670 562
1577680 562
1577690 561
1577700 559
1577710 559
1577720 558
1577730 558
1577740 558
1577750 557
1577760 556
1577770 556
1577780 557
1577790 558
1577800 558
1577810 560
1577820 561
1577830 561
1577840 562
1577850 563
1577860 563
1577870 563
1577880 564
1577890 564
1577900 565
1577910 564
1577920 564
1577930 564
1577940 565
1577950 565
1577960 565
1577970 566
1577980 566
1577990 567
1578000 567
1578010 567
1578020 568
1578030 568
1578040 568
1578050 569
1578060 569
1578070 569
1578080 570
1578090 570
1578100 570
1578110 571
1578120 571
1578130 571
1578140 572
1578150 573
1578160 573
1578170 573
1578180 574
1578190 574
1578200 575
1578210 575
1578220 575
1578230 576
1578240 576
1578250 576
1578260 577
1578270 577
1578280 577
1578290 578
1578300 578
1578310 578
1578320 579
1578330 580
1578340 580
1578350 580
1578360 580
1578370 580
1578380 581
1578390 581
1578400 581
1578410 582
1578420 582
1578430 582
1578440 582
1578450 583
1578460 583
1578470 584
1578480 585
1578490 585
1578500 585
1578510 586
1578520 586
1578530 586
1578540 587
1578550 587
1578560 587
1578570 588
1578580 588
1578590 588
1578600 589
1578610 589
1578620 589
1578630 590
1578640 590
1578650 590
1578660 590
1578670 590
1578680 591
1578690 591
1578700 591
1578710 592
1578720 592
1578730 592
1578740 592
1578750 593
1578760 593
1578770 593
1578780 593
1578790 593
1578800 593
1578810 593
1578820 593
1578830 594
1578840 594
1578850 594
1578860 594
1578870 594
1578880 594
1578890 594
1578900 594
1578910 594
1578920 594
1578930 594
1578940 594
1578950 594
1578960 594
1578970 595
1578980 594
1578990 594
1579000 593
1579010 592
1579020 592
1579030 592
1579040 592
1579050 592
1579060 592
1579070 593
1579080 593
1579090 593
1579100 593
1579110 593
1579120 593
1579130 593
1579140 593
1579150 594
1579160 594
1579170 594
1579180 594
1579190 595
1579200 595
1579210 596
1579220 597
1579230 597
1579240 597
1579250 598
1579260 598
1579270 599
1579280 599
1579290 600
1579300 601
1579310 602
1579320 602
1579330 603
1579340 603
1579350 603
1579360 604
1579370 605
1579380 605
1579390 606
1579400 607
1579410 607
1579420 608
1579430 609
1579440 609
1579450 609
1579460 610
1579470 610
1579480 611
1579490 612
1579500 612
1579510 612
1579520 613
1579530 613
1579540 614
1579550 614
1579560 614
1579570 615
1579580 616
1579590 616
1579600 616
1579610 617
1579620 617
1579630 617
1579640 618
1579650 618
1579660 618
1579670 619
1579680 619
1579690 619
1579700 619
1579710 619
1579720 619
1579730 619
1579740 619
1579750 619
1579760 619
1579770 619
1579780 618
1579790 618
1579800 618
1579810 618
1579820 618
1579830 618
1579840 618
1579850 617
1579860 617
1579870 617
1579880 616
1579890 616
1579900 615
1579910 614
1579920 614
1579930 613
1579940 612
1579950 612
1579960 611
1579970 611
1579980 611
1579990 610
