1560000 484
1560010 479
1560020 479
1560030 479
1560040 480
1560050 482
1560060 482
1560070 484
1560080 485
1560090 485
1560100 489
1560110 494
1560120 494
1560130 498
1560140 501
1560150 501
1560160 503
1560170 503
1560180 503
1560190 504
1560200 503
1560210 503
1560220 503
1560230 503
1560240 503
1560250 502
1560260 499
1560270 499
1560280 497
1560290 494
1560300 494
1560310 490
1560320 488
1560330 488
1560340 488
1560350 486
1560360 486
1560370 484
1560380 485
1560390 485
1560400 487
1560410 491
1560420 491
1560430 492
1560440 491
1560450 491
1560460 490
1560470 490
1560480 490
1560490 489
1560500 489
1560510 489
1560520 490
1560530 490
1560540 490
1560550 489
1560560 490
1560570 490
1560580 490
1560590 491
1560600 491
1560610 491
1560620 491
1560630 491
1560640 491
1560650 491
1560660 491
1560670 493
1560680 494
1560690 494
1560700 494
1560710 494
1560720 494
1560730 495
1560740 496
1560750 496
1560760 497
1560770 498
1560780 498
1560790 501
1560800 504
1560810 504
1560820 506
1560830 508
1560840 508
1560850 510
1560860 513
1560870 513
1560880 515
1560890 516
1560900 516
1560910 517
1560920 518
1560930 518
1560940 518
1560950 519
1560960 519
1560970 519
1560980 520
1560990 520
1561000 520
1561010 521
1561020 521
1561030 521
1561040 522
1561050 522
1561060 522
1561070 523
1561080 523
1561090 523
1561100 524
1561110 524
1561120 524
1561130 524
1561140 525
1561150 525
1561160 525
1561170 525
1561180 526
1561190 526
1561200 526
1561210 526
1561220 526
1561230 526
1561240 526
1561250 526
1561260 525
1561270 524
1561280 524
1561290 523
1561300 522
1561310 522
1561320 522
1561330 524
1561340 524
1561350 526
1561360 528
1561370 528
1561380 529
1561390 530
1561400 530
1561410 531
1561420 532
1561430 532
1561440 534
1561450 535
1561460 535
1561470 536
1561480 537
1561490 537
1561500 539
1561510 540
1561520 540
1561530 542
1561540 543
1561550 543
1561560 544
1561570 546
1561580 546
1561590 548
1561600 549
1561610 550
1561620 552
1561630 553
1561640 553
1561650 555
1561660 556
1561670 556
1561680 558
1561690 560
1561700 560
1561710 563
1561720 564
1561730 564
1561740 565
1561750 566
1561760 566
1561770 568
1561780 569
1561790 569
1561800 571
1561810 573
1561820 573
1561830 574
1561840 576
1561850 576
1561860 577
1561870 579
1561880 579
1561890 580
1561900 581
1561910 581
1561920 582
1561930 583
1561940 583
1561950 583
1561960 584
1561970 584
1561980 584
1561990 585
1562000 585
1562010 585
1562020 586
1562030 586
1562040 587
1562050 587
1562060 587
1562070 587
1562080 587
1562090 587
1562100 587
1562110 587
1562120 587
1562130 587
1562140 587
1562150 587
1562160 587
1562170 586
1562180 586
1562190 586
1562200 585
1562210 585
1562220 582
1562230 579
1562240 579
1562250 576
1562260 574
1562270 574
1562280 573
1562290 572
1562300 572
1562310 571
1562320 570
1562330 570
1562340 569
1562350 568
1562360 568
1562370 568
1562380 567
1562390 567
1562400 564
1562410 562
1562420 562
1562430 560
1562440 557
1562450 557
1562460 554
1562470 553
1562480 553
1562490 551
1562500 550
1562510 550
1562520 548
1562530 547
1562540 547
1562550 545
1562560 545
1562570 544
1562580 543
1562590 543
1562600 542
1562610 541
1562620 541
1562630 541
1562640 540
1562650 540
1562660 540
1562670 539
1562680 539
1562690 538
1562700 537
1562710 537
1562720 536
1562730 535
1562740 535
1562750 534
1562760 534
1562770 534
1562780 534
1562790 534
1562800 534
1562810 534
1562820 535
1562830 535
1562840 536
1562850 535
1562860 535
1562870 534
1562880 532
1562890 532
1562900 531
1562910 532
1562920 532
1562930 534
1562940 538
1562950 538
1562960 542
1562970 546
1562980 546
1562990 547
1563000 548
1563010 548
1563020 549
1563030 550
1563040 550
1563050 550
1563060 550
1563070 550
1563080 550
1563090 550
1563100 550
1563110 551
1563120 551
1563130 551
1563140 551
1563150 551
1563160 551
1563170 550
1563180 550
1563190 550
1563200 550
1563210 549
1563220 549
1563230 549
1563240 549
1563250 549
1563260 549
1563270 548
1563280 546
1563290 545
1563300 544
1563310 544
1563320 543
1563330 543
1563340 543
1563350 542
1563360 542
1563370 542
1563380 541
1563390 542
1563400 542
1563410 542
1563420 541
1563430 541
1563440 540
1563450 540
1563460 540
1563470 541
1563480 541
1563490 541
1563500 541
1563510 541
1563520 541
1563530 542
1563540 542
1563550 542
1563560 543
1563570 544
1563580 544
1563590 545
1563600 546
1563610 546
1563620 547
1563630 548
1563640 548
1563650 549
1563660 550
1563670 550
1563680 551
1563690 552
1563700 552
1563710 554
1563720 555
1563730 555
1563740 556
1563750 558
1563760 558
1563770 559
1563780 561
1563790 561
1563800 562
1563810 564
1563820 564
1563830 565
1563840 565
1563850 565
1563860 566
1563870 566
1563880 566
1563890 566
1563900 564
1563910 564
1563920 561
1563930 560
1563940 560
1563950 560
1563960 562
1563970 562
1563980 561
1563990 561
1564000 558
1564010 555
1564020 555
1564030 554
1564040 554
1564050 554
1564060 556
1564070 559
1564080 559
1564090 562
1564100 565
1564110 565
1564120 566
1564130 568
1564140 568
1564150 568
1564160 569
1564170 569
1564180 569
1564190 569
1564200 569
1564210 569
1564220 570
1564230 570
1564240 570
1564250 571
1564260 571
1564270 571
1564280 571
1564290 571
1564300 572
1564310 572
1564320 572
1564330 573
1564340 573
1564350 573
1564360 573
1564370 574
1564380 574
1564390 574
1564400 575
1564410 575
1564420 575
1564430 575
1564440 575
1564450 575
1564460 576
1564470 576
1564480 576
1564490 577
1564500 577
1564510 577
1564520 578
1564530 578
1564540 579
1564550 579
1564560 579
1564570 580
1564580 580
1564590 580
1564600 581
1564610 582
1564620 582
1564630 582
1564640 583
1564650 583
1564660 584
1564670 584
1564680 584
1564690 585
1564700 586
1564710 586
1564720 586
1564730 587
1564740 587
1564750 587
1564760 587
1564770 587
1564780 588
1564790 589
1564800 589
1564810 590
1564820 590
1564830 590
1564840 591
1564850 591
1564860 591
1564870 592
1564880 592
1564890 592
1564900 592
1564910 593
1564920 593
1564930 594
1564940 594
1564950 594
1564960 594
1564970 595
1564980 595
1564990 595
1565000 595
1565010 595
1565020 595
1565030 595
1565040 595
1565050 595
1565060 595
1565070 595
1565080 596
1565090 595
1565100 595
1565110 595
1565120 595
1565130 595
1565140 595
1565150 595
1565160 595
1565170 594
1565180 594
1565190 594
1565200 594
1565210 594
1565220 594
1565230 593
1565240 593
1565250 593
1565260 592
1565270 592
1565280 592
1565290 591
1565300 591
1565310 591
1565320 590
1565330 589
1565340 589
1565350 588
1565360 588
1565370 588
1565380 587
1565390 586
1565400 586
1565410 585
1565420 584
1565430 584
1565440 583
1565450 583
1565460 581
1565470 579
1565480 579
1565490 577
1565500 574
1565510 574
1565520 572
1565530 571
1565540 571
1565550 569
1565560 569
1565570 569
1565580 568
1565590 569
1565600 569
1565610 570
1565620 571
1565630 571
1565640 574
1565650 576
1565660 576
1565670 578
1565680 580
1565690 580
1565700 582
1565710 584
1565720 584
1565730 585
1565740 586
1565750 586
1565760 587
1565770 587
1565780 587
1565790 587
1565800 588
1565810 588
1565820 588
1565830 588
1565840 588
1565850 587
1565860 587
1565870 587
1565880 587
1565890 586
1565900 586
1565910 585
1565920 584
1565930 584
1565940 583
1565950 581
1565960 581
1565970 580
1565980 578
1565990 578
1566000 576
1566010 573
1566020 573
1566030 570
1566040 566
1566050 566
1566060 563
1566070 560
1566080 560
1566090 557
1566100 554
1566110 554
1566120 553
1566130 552
1566140 552
1566150 550
1566160 550
1566170 550
1566180 549
1566190 547
1566200 547
1566210 546
1566220 545
1566230 545
1566240 543
1566250 541
1566260 541
1566270 540
1566280 540
1566290 540
1566300 540
1566310 541
1566320 541
1566330 542
1566340 544
1566350 544
1566360 547
1566370 549
1566380 549
1566390 552
1566400 554
1566410 554
1566420 556
1566430 558
1566440 558
1566450 559
1566460 560
1566470 560
1566480 561
1566490 563
1566500 563
1566510 564
1566520 566
1566530 566
1566540 568
1566550 569
1566560 569
1566570 570
1566580 571
1566590 571
1566600 572
1566610 574
1566620 574
1566630 575
1566640 577
1566650 577
1566660 578
1566670 579
1566680 579
1566690 581
1566700 582
1566710 582
1566720 583
1566730 585
1566740 585
1566750 586
1566760 587
1566770 587
1566780 588
1566790 589
1566800 589
1566810 591
1566820 592
1566830 592
1566840 593
1566850 593
1566860 593
1566870 594
1566880 594
1566890 595
1566900 595
1566910 595
1566920 596
1566930 596
1566940 596
1566950 596
1566960 596
1566970 596
1566980 595
1566990 595
1567000 595
1567010 595
1567020 594
1567030 594
1567040 594
1567050 593
1567060 593
1567070 593
1567080 592
1567090 592
1567100 591
1567110 591
1567120 591
1567130 589
1567140 587
1567150 587
1567160 585
1567170 583
1567180 583
1567190 581
1567200 578
1567210 578
1567220 575
1567230 571
1567240 571
1567250 569
1567260 567
1567270 567
1567280 565
1567290 564
1567300 564
1567310 566
1567320 568
1567330 568
1567340 570
1567350 572
1567360 572
1567370 574
1567380 574
1567390 574
1567400 575
1567410 575
1567420 575
1567430 575
1567440 575
1567450 575
1567460 574
1567470 574
1567480 574
1567490 573
1567500 573
1567510 573
1567520 572
1567530 572
1567540 572
1567550 571
1567560 570
1567570 570
1567580 569
1567590 567
1567600 567
1567610 565
1567620 563
1567630 563
1567640 561
1567650 559
1567660 559
1567670 557
1567680 555
1567690 555
1567700 553
1567710 551
1567720 551
1567730 549
1567740 547
1567750 547
1567760 545
1567770 543
1567780 543
1567790 541
1567800 538
1567810 538
1567820 536
1567830 534
1567840 534
1567850 532
1567860 531
1567870 531
1567880 529
1567890 527
1567900 527
1567910 526
1567920 524
1567930 524
1567940 521
1567950 519
1567960 519
1567970 518
1567980 517
1567990 517
1568000 516
1568010 514
1568020 514
1568030 514
1568040 513
1568050 513
1568060 512
1568070 511
1568080 511
1568090 510
1568100 508
1568110 508
1568120 507
1568130 506
1568140 506
1568150 506
1568160 505
1568170 505
1568180 504
1568190 503
1568200 503
1568210 503
1568220 504
1568230 504
1568240 502
1568250 503
1568260 503
1568270 504
1568280 504
1568290 504
1568300 505
1568310 505
1568320 506
1568330 508
1568340 508
1568350 508
1568360 508
1568370 508
1568380 507
1568390 507
1568400 507
1568410 508
1568420 510
1568430 510
1568440 511
1568450 512
1568460 512
1568470 512
1568480 512
1568490 512
1568500 511
1568510 510
1568520 510
1568530 510
1568540 510
1568550 510
1568560 511
1568570 511
1568580 511
1568590 511
1568600 512
1568610 512
1568620 513
1568630 514
1568640 514
1568650 515
1568660 515
1568670 515
1568680 517
1568690 518
1568700 518
1568710 519
1568720 520
1568730 520
1568740 522
1568750 523
1568760 523
1568770 524
1568780 525
1568790 525
1568800 526
1568810 528
1568820 528
1568830 529
1568840 531
1568850 531
1568860 531
1568870 532
1568880 532
1568890 531
1568900 529
1568910 529
1568920 526
1568930 525
1568940 525
1568950 526
1568960 528
1568970 528
1568980 531
1568990 534
1569000 534
1569010 537
1569020 540
1569030 540
1569040 542
1569050 544
1569060 544
1569070 546
1569080 548
1569090 548
1569100 550
1569110 552
1569120 552
1569130 553
1569140 554
1569150 554
1569160 556
1569170 557
1569180 557
1569190 558
1569200 559
1569210 559
1569220 560
1569230 561
1569240 561
1569250 562
1569260 563
1569270 563
1569280 563
1569290 564
1569300 564
1569310 565
1569320 565
1569330 565
1569340 565
1569350 565
1569360 565
1569370 565
1569380 566
1569390 566
1569400 566
1569410 566
1569420 566
1569430 566
1569440 566
1569450 566
1569460 567
1569470 567
1569480 567
1569490 567
1569500 567
1569510 567
1569520 567
1569530 567
1569540 567
1569550 567
1569560 567
1569570 567
1569580 566
1569590 566
1569600 566
1569610 566
1569620 566
1569630 566
1569640 566
1569650 567
1569660 567
1569670 567
1569680 567
1569690 567
1569700 567
1569710 567
1569720 567
1569730 567
1569740 567
1569750 567
1569760 567
1569770 567
1569780 567
1569790 566
1569800 566
1569810 566
1569820 565
1569830 565
1569840 564
1569850 564
1569860 564
1569870 563
1569880 563
1569890 563
1569900 562
1569910 562
1569920 562
1569930 561
1569940 561
1569950 561
1569960 560
1569970 559
1569980 559
1569990 558
1570000 558
1570010 558
1570020 557
1570030 556
1570040 556
1570050 555
1570060 554
1570070 554
1570080 552
1570090 551
1570100 551
1570110 549
1570120 549
1570130 549
1570140 549
1570150 549
1570160 549
1570170 549
1570180 549
1570190 549
1570200 550
1570210 551
1570220 551
1570230 552
1570240 552
1570250 552
1570260 553
1570270 553
1570280 553
1570290 553
1570300 553
1570310 553
1570320 553
1570330 553
1570340 553
1570350 553
1570360 553
1570370 553
1570380 553
1570390 553
1570400 553
1570410 553
1570420 553
1570430 553
1570440 553
1570450 553
1570460 553
1570470 553
1570480 552
1570490 552
1570500 552
1570510 552
1570520 552
1570530 552
1570540 551
1570550 551
1570560 550
1570570 550
1570580 550
1570590 550
1570600 550
1570610 550
1570620 551
1570630 551
1570640 551
1570650 551
1570660 551
1570670 551
1570680 551
1570690 551
1570700 551
1570710 552
1570720 552
1570730 552
1570740 552
1570750 552
1570760 552
1570770 552
1570780 553
1570790 553
1570800 556
1570810 559
1570820 559
1570830 562
1570840 564
1570850 564
1570860 566
1570870 567
1570880 567
1570890 569
1570900 570
1570910 570
1570920 571
1570930 572
1570940 572
1570950 573
1570960 575
1570970 575
1570980 577
1570990 578
1571000 578
1571010 580
1571020 581
1571030 581
1571040 582
1571050 583
1571060 583
1571070 584
1571080 585
1571090 585
1571100 586
1571110 586
1571120 586
1571130 587
1571140 588
1571150 588
1571160 588
1571170 585
1571180 585
1571190 585
1571200 585
1571210 584
1571220 583
1571230 583
1571240 582
1571250 582
1571260 582
1571270 581
1571280 580
1571290 580
1571300 578
1571310 577
1571320 577
1571330 575
1571340 574
1571350 574
1571360 573
1571370 573
1571380 573
1571390 574
1571400 576
1571410 576
1571420 578
1571430 579
1571440 579
1571450 582
1571460 584
1571470 584
1571480 587
1571490 588
1571500 588
1571510 590
1571520 592
1571530 592
1571540 594
1571550 597
1571560 597
1571570 598
1571580 600
1571590 600
1571600 603
1571610 605
1571620 605
1571630 607
1571640 609
1571650 609
1571660 611
1571670 613
1571680 613
1571690 614
1571700 616
1571710 616
1571720 618
1571730 620
1571740 620
1571750 622
1571760 624
1571770 624
1571780 625
1571790 627
1571800 627
1571810 628
1571820 630
1571830 630
1571840 631
1571850 632
1571860 632
1571870 632
1571880 633
1571890 633
1571900 634
1571910 635
1571920 635
1571930 635
1571940 636
1571950 636
1571960 636
1571970 636
1571980 636
1571990 637
1572000 637
1572010 637
1572020 637
1572030 636
1572040 636
1572050 636
1572060 636
1572070 636
1572080 634
1572090 632
1572100 632
1572110 632
1572120 633
1572130 633
1572140 633
1572150 633
1572160 633
1572170 632
1572180 631
1572190 631
1572200 630
1572210 630
1572220 630
1572230 629
1572240 628
1572250 628
1572260 628
1572270 627
1572280 627
1572290 626
1572300 626
1572310 626
1572320 625
1572330 624
1572340 624
1572350 624
1572360 623
1572370 623
1572380 622
1572390 622
1572400 622
1572410 621
1572420 621
1572430 621
1572440 620
1572450 619
1572460 619
1572470 618
1572480 618
1572490 618
1572500 617
1572510 616
1572520 616
1572530 615
1572540 614
1572550 614
1572560 613
1572570 612
1572580 612
1572590 611
1572600 610
1572610 610
1572620 609
1572630 609
1572640 609
1572650 608
1572660 608
1572670 607
1572680 607
1572690 607
1572700 607
1572710 606
1572720 606
1572730 606
1572740 605
1572750 605
1572760 605
1572770 604
1572780 604
1572790 603
1572800 603
1572810 603
1572820 601
1572830 601
1572840 601
1572850 600
1572860 600
1572870 600
1572880 599
1572890 598
1572900 598
1572910 598
1572920 597
1572930 597
1572940 597
1572950 596
1572960 596
1572970 596
1572980 596
1572990 596
1573000 596
1573010 597
1573020 597
1573030 598
1573040 600
1573050 600
1573060 602
1573070 604
1573080 604
1573090 605
1573100 605
1573110 605
1573120 603
1573130 599
1573140 599
1573150 596
1573160 594
1573170 594
1573180 593
1573190 593
1573200 593
1573210 593
1573220 594
1573230 594
1573240 597
1573250 599
1573260 599
1573270 600
1573280 602
1573290 602
1573300 603
1573310 605
1573320 605
1573330 607
1573340 608
1573350 608
1573360 609
1573370 611
1573380 611
1573390 612
1573400 614
1573410 614
1573420 616
1573430 617
1573440 617
1573450 619
1573460 620
1573470 620
1573480 622
1573490 623
1573500 623
1573510 624
1573520 625
1573530 625
1573540 626
1573550 627
1573560 627
1573570 627
1573580 627
1573590 627
1573600 628
1573610 628
1573620 628
1573630 628
1573640 628
1573650 628
1573660 628
1573670 628
1573680 628
1573690 628
1573700 628
1573710 628
1573720 628
1573730 628
1573740 628
1573750 628
1573760 628
1573770 628
1573780 628
1573790 628
1573800 628
1573810 628
1573820 629
1573830 629
1573840 629
1573850 629
1573860 629
1573870 629
1573880 629
1573890 629
1573900 630
1573910 630
1573920 630
1573930 630
1573940 631
1573950 631
1573960 631
1573970 631
1573980 631
1573990 632
1574000 632
1574010 632
1574020 632
1574030 633
1574040 633
1574050 633
1574060 633
1574070 633
1574080 633
1574090 633
1574100 634
1574110 634
1574120 634
1574130 633
1574140 633
1574150 633
1574160 633
1574170 632
1574180 632
1574190 632
1574200 631
1574210 631
1574220 630
1574230 629
1574240 629
1574250 628
1574260 626
1574270 626
1574280 624
1574290 623
1574300 623
1574310 623
1574320 622
1574330 622
1574340 622
1574350 621
1574360 621
1574370 621
1574380 620
1574390 620
1574400 620
1574410 619
1574420 619
1574430 618
1574440 617
1574450 617
1574460 616
1574470 616
1574480 616
1574490 615
1574500 615
1574510 615
1574520 615
1574530 614
1574540 614
1574550 614
1574560 614
1574570 614
1574580 613
1574590 612
1574600 612
1574610 610
1574620 609
1574630 609
1574640 608
1574650 608
1574660 608
1574670 608
1574680 609
1574690 609
1574700 610
1574710 611
1574720 611
1574730 612
1574740 612
1574750 612
1574760 613
1574770 613
1574780 613
1574790 613
1574800 612
1574810 612
1574820 612
1574830 611
1574840 611
1574850 610
1574860 609
1574870 609
1574880 608
1574890 606
1574900 606
1574910 604
1574920 602
1574930 602
1574940 600
1574950 597
1574960 597
1574970 594
1574980 592
1574990 592
1575000 591
1575010 589
1575020 589
1575030 587
1575040 585
1575050 585
1575060 585
1575070 585
1575080 585
1575090 585
1575100 584
1575110 584
1575120 584
1575130 584
1575140 584
1575150 584
1575160 586
1575170 586
1575180 587
1575190 589
1575200 589
1575210 589
1575220 589
1575230 589
1575240 589
1575250 588
1575260 588
1575270 588
1575280 588
1575290 588
1575300 587
1575310 586
1575320 586
1575330 584
1575340 583
1575350 583
1575360 581
1575370 579
1575380 579
1575390 576
1575400 575
1575410 575
1575420 575
1575430 574
1575440 574
1575450 574
1575460 574
1575470 574
1575480 574
1575490 574
1575500 574
1575510 574
1575520 574
1575530 573
1575540 573
1575550 573
1575560 572
1575570 570
1575580 570
1575590 569
1575600 568
1575610 568
1575620 567
1575630 566
1575640 566
1575650 565
1575660 564
1575670 564
1575680 563
1575690 562
1575700 562
1575710 561
1575720 561
1575730 561
1575740 559
1575750 559
1575760 559
1575770 557
1575780 555
1575790 555
1575800 554
1575810 554
1575820 554
1575830 554
1575840 554
1575850 554
1575860 553
1575870 553
1575880 553
1575890 553
1575900 553
1575910 553
1575920 552
1575930 552
1575940 552
1575950 552
1575960 552
1575970 552
1575980 552
1575990 552
1576000 552
1576010 552
1576020 553
1576030 553
1576040 553
1576050 554
1576060 554
1576070 556
1576080 557
1576090 557
1576100 556
1576110 553
1576120 553
1576130 551
1576140 550
1576150 550
1576160 550
1576170 550
1576180 550
1576190 550
1576200 550
1576210 550
1576220 550
1576230 550
1576240 550
1576250 550
1576260 550
1576270 550
1576280 551
1576290 551
1576300 551
1576310 552
1576320 554
1576330 554
1576340 555
1576350 556
1576360 556
1576370 558
1576380 559
1576390 559
1576400 561
1576410 562
1576420 562
1576430 564
1576440 565
1576450 565
1576460 567
1576470 568
1576480 568
1576490 570
1576500 571
1576510 571
1576520 573
1576530 574
1576540 574
1576550 576
1576560 578
1576570 578
1576580 579
1576590 581
1576600 581
1576610 583
1576620 584
1576630 584
1576640 586
1576650 587
1576660 587
1576670 589
1576680 591
1576690 591
1576700 593
1576710 594
1576720 594
1576730 596
1576740 598
1576750 598
1576760 600
1576770 602
1576780 602
1576790 604
1576800 606
1576810 606
1576820 608
1576830 610
1576840 610
1576850 612
1576860 614
1576870 614
1576880 616
1576890 618
1576900 618
1576910 620
1576920 620
1576930 622
1576940 625
1576950 625
1576960 627
1576970 629
1576980 629
1576990 630
1577000 631
1577010 631
1577020 632
1577030 633
1577040 633
1577050 634
1577060 635
1577070 635
1577080 635
1577090 635
1577100 635
1577110 635
1577120 635
1577130 635
1577140 635
1577150 635
1577160 635
1577170 635
1577180 635
1577190 635
1577200 635
1577210 635
1577220 635
1577230 636
1577240 636
1577250 636
1577260 636
1577270 635
1577280 635
1577290 636
1577300 636
1577310 636
1577320 636
1577330 636
1577340 636
1577350 636
1577360 636
1577370 636
1577380 636
1577390 637
1577400 637
1577410 637
1577420 637
1577430 637
1577440 637
1577450 638
1577460 638
1577470 639
1577480 639
1577490 639
1577500 640
1577510 641
1577520 641
1577530 641
1577540 642
1577550 642
1577560 643
1577570 644
1577580 644
1577590 645
1577600 646
1577610 646
1577620 646
1577630 647
1577640 647
1577650 647
1577660 647
1577670 647
1577680 646
1577690 646
1577700 646
1577710 646
1577720 644
1577730 644
1577740 643
1577750 641
1577760 641
1577770 640
1577780 639
1577790 639
1577800 637
1577810 635
1577820 635
1577830 634
1577840 633
1577850 633
1577860 633
1577870 632
1577880 632
1577890 631
1577900 631
1577910 631
1577920 630
1577930 629
1577940 629
1577950 628
1577960 628
1577970 628
1577980 627
1577990 626
1578000 626
1578010 626
1578020 625
1578030 625
1578040 624
1578050 623
1578060 623
1578070 622
1578080 622
1578090 622
1578100 621
1578110 620
1578120 620
1578130 619
1578140 619
1578150 619
1578160 618
1578170 617
1578180 617
1578190 616
1578200 615
1578210 615
1578220 615
1578230 615
1578240 615
1578250 614
1578260 612
1578270 612
1578280 610
1578290 609
1578300 609
1578310 609
1578320 607
1578330 607
1578340 605
1578350 603
1578360 603
1578370 602
1578380 602
1578390 597
1578400 595
1578410 595
1578420 593
1578430 591
1578440 591
1578450 589
1578460 586
1578470 586
1578480 585
1578490 586
1578500 586
1578510 587
1578520 589
1578530 589
1578540 591
1578550 593
1578560 593
1578570 597
1578580 600
1578590 600
1578600 604
1578610 607
1578620 607
1578630 610
1578640 613
1578650 613
1578660 615
1578670 617
1578680 617
1578690 619
1578700 620
1578710 620
1578720 622
1578730 623
1578740 623
1578750 623
1578760 623
1578770 623
1578780 622
1578790 621
1578800 621
1578810 620
1578820 619
1578830 619
1578840 618
1578850 618
1578860 618
1578870 618
1578880 619
1578890 619
1578900 620
1578910 621
1578920 621
1578930 622
1578940 623
1578950 623
1578960 624
1578970 626
1578980 626
1578990 627
1579000 629
1579010 629
1579020 630
1579030 632
1579040 632
1579050 634
1579060 635
1579070 635
1579080 637
1579090 638
1579100 638
1579110 639
1579120 641
1579130 641
1579140 642
1579150 644
1579160 644
1579170 645
1579180 647
1579190 647
1579200 649
1579210 650
1579220 650
1579230 651
1579240 652
1579250 652
1579260 654
1579270 655
1579280 655
1579290 656
1579300 657
1579310 657
1579320 659
1579330 661
1579340 661
1579350 662
1579360 664
1579370 664
1579380 666
1579390 668
1579400 668
1579410 671
1579420 673
1579430 673
1579440 675
1579450 677
1579460 677
1579470 679
1579480 681
1579490 681
1579500 682
1579510 682
1579520 682
1579530 682
1579540 682
1579550 682
1579560 681
1579570 680
1579580 680
1579590 679
1579600 677
1579610 677
1579620 675
1579630 673
1579640 673
1579650 671
1579660 669
1579670 669
1579680 666
1579690 662
1579700 662
1579710 659
1579720 655
1579730 655
1579740 651
1579750 646
1579760 646
1579770 641
1579780 638
1579790 638
1579800 635
1579810 635
1579820 633
1579830 631
1579840 631
1579850 629
1579860 627
1579870 627
1579880 625
1579890 623
1579900 623
1579910 621
1579920 619
1579930 619
1579940 618
1579950 616
1579960 616
1579970 614
1579980 613
1579990 613
