1560000 553
1560010 555
1560020 555
1560030 557
1560040 558
1560050 558
1560060 558
1560070 559
1560080 559
1560090 560
1560100 561
1560110 561
1560120 560
1560130 560
1560140 561
1560150 562
1560160 562
1560170 562
1560180 563
1560190 563
1560200 563
1560210 563
1560220 563
1560230 563
1560240 564
1560250 564
1560260 564
1560270 563
1560280 563
1560290 563
1560300 563
1560310 563
1560320 563
1560330 563
1560340 563
1560350 563
1560360 562
1560370 562
1560380 562
1560390 562
1560400 562
1560410 561
1560420 561
1560430 561
1560440 561
1560450 560
1560460 560
1560470 560
1560480 559
1560490 560
1560500 559
1560510 558
1560520 558
1560530 558
1560540 557
1560550 557
1560560 556
1560570 556
1560580 556
1560590 555
1560600 555
1560610 555
1560620 554
1560630 553
1560640 553
1560650 552
1560660 552
1560670 552
1560680 551
1560690 551
1560700 551
1560710 550
1560720 549
1560730 549
1560740 548
1560750 547
1560760 547
1560770 547
1560780 546
1560790 546
1560800 545
1560810 545
1560820 545
1560830 544
1560840 543
1560850 543
1560860 543
1560870 542
1560880 542
1560890 541
1560900 541
1560910 541
1560920 540
1560930 539
1560940 539
1560950 538
1560960 536
1560970 536
1560980 535
1560990 532
1561000 532
1561010 530
1561020 529
1561030 529
1561040 527
1561050 526
1561060 526
1561070 525
1561080 523
1561090 523
1561100 523
1561110 522
1561120 522
1561130 522
1561140 521
1561150 521
1561160 520
1561170 520
1561180 519
1561190 518
1561200 518
1561210 517
1561220 516
1561230 516
1561240 515
1561250 513
1561260 513
1561270 512
1561280 510
1561290 510
1561300 509
1561310 507
1561320 507
1561330 506
1561340 504
1561350 504
1561360 502
1561370 501
1561380 501
1561390 499
1561400 496
1561410 496
1561420 494
1561430 492
1561440 492
1561450 490
1561460 487
1561470 487
1561480 483
1561490 482
1561500 482
1561510 482
1561520 482
1561530 482
1561540 483
1561550 483
1561560 483
1561570 482
1561580 481
1561590 481
1561600 479
1561610 476
1561620 476
1561630 475
1561640 478
1561650 478
1561660 480
1561670 484
1561680 484
1561690 486
1561700 487
1561710 487
1561720 488
1561730 489
1561740 489
1561750 490
1561760 491
1561770 491
1561780 492
1561790 492
1561800 492
1561810 493
1561820 494
1561830 494
1561840 494
1561850 495
1561860 495
1561870 496
1561880 497
1561890 497
1561900 498
1561910 500
1561920 500
1561930 501
1561940 502
1561950 502
1561960 503
1561970 503
1561980 503
1561990 501
1562000 496
1562010 496
1562020 491
1562030 486
1562040 486
1562050 480
1562060 475
1562070 475
1562080 473
1562090 470
1562100 470
1562110 470
1562120 470
1562130 470
1562140 472
1562150 473
1562160 473
1562170 472
1562180 473
1562190 473
1562200 475
1562210 475
1562220 481
1562230 485
1562240 485
1562250 489
1562260 491
1562270 491
1562280 494
1562290 497
1562300 497
1562310 500
1562320 504
1562330 504
1562340 507
1562350 511
1562360 511
1562370 515
1562380 520
1562390 520
1562400 525
1562410 530
1562420 530
1562430 534
1562440 538
1562450 538
1562460 541
1562470 542
1562480 542
1562490 543
1562500 543
1562510 543
1562520 543
1562530 543
1562540 543
1562550 543
1562560 542
1562570 542
1562580 541
1562590 540
1562600 540
1562610 539
1562620 537
1562630 537
1562640 536
1562650 535
1562660 535
1562670 533
1562680 532
1562690 532
1562700 532
1562710 531
1562720 531
1562730 531
1562740 531
1562750 531
1562760 531
1562770 531
1562780 531
1562790 531
1562800 531
1562810 531
1562820 531
1562830 532
1562840 532
1562850 532
1562860 532
1562870 532
1562880 533
1562890 533
1562900 533
1562910 534
1562920 534
1562930 534
1562940 535
1562950 537
1562960 537
1562970 538
1562980 539
1562990 539
1563000 540
1563010 541
1563020 541
1563030 542
1563040 543
1563050 543
1563060 544
1563070 545
1563080 545
1563090 546
1563100 546
1563110 546
1563120 547
1563130 548
1563140 548
1563150 549
1563160 549
1563170 549
1563180 549
1563190 549
1563200 549
1563210 548
1563220 547
1563230 547
1563240 546
1563250 546
1563260 544
1563270 541
1563280 541
1563290 539
1563300 536
1563310 536
1563320 534
1563330 532
1563340 532
1563350 530
1563360 528
1563370 528
1563380 526
1563390 524
1563400 524
1563410 522
1563420 519
1563430 519
1563440 517
1563450 515
1563460 515
1563470 513
1563480 514
1563490 514
1563500 519
1563510 523
1563520 523
1563530 525
1563540 527
1563550 527
1563560 528
1563570 528
1563580 528
1563590 528
1563600 528
1563610 528
1563620 528
1563630 527
1563640 527
1563650 526
1563660 524
1563670 524
1563680 523
1563690 520
1563700 520
1563710 518
1563720 516
1563730 516
1563740 511
1563750 507
1563760 507
1563770 504
1563780 502
1563790 502
1563800 497
1563810 495
1563820 495
1563830 497
1563840 499
1563850 501
1563860 505
1563870 508
1563880 508
1563890 511
1563900 515
1563910 515
1563920 518
1563930 521
1563940 521
1563950 524
1563960 526
1563970 526
1563980 528
1563990 530
1564000 530
1564010 531
1564020 531
1564030 531
1564040 531
1564050 532
1564060 532
1564070 532
1564080 533
1564090 533
1564100 533
1564110 534
1564120 534
1564130 534
1564140 535
1564150 535
1564160 535
1564170 535
1564180 535
1564190 534
1564200 534
1564210 534
1564220 534
1564230 535
1564240 535
1564250 535
1564260 535
1564270 535
1564280 535
1564290 535
1564300 537
1564310 540
1564320 540
1564330 542
1564340 544
1564350 544
1564360 546
1564370 547
1564380 547
1564390 549
1564400 551
1564410 551
1564420 553
1564430 555
1564440 555
1564450 556
1564460 558
1564470 558
1564480 559
1564490 560
1564500 560
1564510 561
1564520 562
1564530 562
1564540 563
1564550 564
1564560 564
1564570 565
1564580 566
1564590 566
1564600 567
1564610 568
1564620 568
1564630 568
1564640 569
1564650 569
1564660 570
1564670 570
1564680 570
1564690 570
1564700 570
1564710 570
1564720 570
1564730 570
1564740 570
1564750 570
1564760 569
1564770 569
1564780 569
1564790 569
1564800 569
1564810 569
1564820 568
1564830 568
1564840 568
1564850 568
1564860 568
1564870 569
1564880 570
1564890 570
1564900 570
1564910 571
1564920 571
1564930 571
1564940 571
1564950 571
1564960 571
1564970 571
1564980 571
1564990 570
1565000 570
1565010 570
1565020 570
1565030 569
1565040 569
1565050 568
1565060 568
1565070 568
1565080 566
1565090 565
1565100 565
1565110 562
1565120 559
1565130 559
1565140 556
1565150 552
1565160 552
1565170 549
1565180 547
1565190 547
1565200 545
1565210 543
1565220 543
1565230 539
1565240 537
1565250 537
1565260 538
1565270 541
1565280 541
1565290 544
1565300 545
1565310 545
1565320 545
1565330 545
1565340 545
1565350 544
1565360 544
1565370 545
1565380 546
1565390 546
1565400 548
1565410 550
1565420 550
1565430 552
1565440 553
1565450 553
1565460 554
1565470 555
1565480 557
1565490 558
1565500 558
1565510 558
1565520 559
1565530 559
1565540 559
1565550 559
1565560 560
1565570 560
1565580 560
1565590 560
1565600 560
1565610 560
1565620 561
1565630 561
1565640 561
1565650 561
1565660 561
1565670 561
1565680 562
1565690 562
1565700 563
1565710 564
1565720 564
1565730 566
1565740 567
1565750 567
1565760 569
1565770 571
1565780 571
1565790 572
1565800 574
1565810 574
1565820 574
1565830 575
1565840 575
1565850 576
1565860 577
1565870 577
1565880 577
1565890 578
1565900 578
1565910 578
1565920 579
1565930 579
1565940 579
1565950 579
1565960 579
1565970 580
1565980 580
1565990 580
1566000 580
1566010 580
1566020 580
1566030 580
1566040 581
1566050 581
1566060 581
1566070 582
1566080 582
1566090 583
1566100 584
1566110 584
1566120 585
1566130 587
1566140 587
1566150 588
1566160 590
1566170 590
1566180 591
1566190 593
1566200 593
1566210 594
1566220 596
1566230 596
1566240 598
1566250 599
1566260 599
1566270 601
1566280 603
1566290 603
1566300 604
1566310 606
1566320 606
1566330 607
1566340 608
1566350 608
1566360 609
1566370 610
1566380 610
1566390 611
1566400 611
1566410 611
1566420 611
1566430 611
1566440 611
1566450 611
1566460 611
1566470 611
1566480 611
1566490 611
1566500 611
1566510 611
1566520 611
1566530 611
1566540 611
1566550 611
1566560 611
1566570 611
1566580 611
1566590 612
1566600 612
1566610 612
1566620 612
1566630 612
1566640 612
1566650 612
1566660 613
1566670 613
1566680 614
1566690 614
1566700 614
1566710 615
1566720 615
1566730 615
1566740 616
1566750 617
1566760 617
1566770 617
1566780 617
1566790 617
1566800 617
1566810 617
1566820 617
1566830 617
1566840 618
1566850 618
1566860 618
1566870 618
1566880 618
1566890 619
1566900 619
1566910 619
1566920 620
1566930 621
1566940 621
1566950 621
1566960 621
1566970 621
1566980 621
1566990 621
1567000 621
1567010 621
1567020 621
1567030 621
1567040 622
1567050 622
1567060 622
1567070 623
1567080 623
1567090 623
1567100 624
1567110 624
1567120 624
1567130 624
1567140 624
1567150 624
1567160 624
1567170 624
1567180 624
1567190 624
1567200 624
1567210 624
1567220 624
1567230 623
1567240 623
1567250 622
1567260 619
1567270 619
1567280 615
1567290 612
1567300 612
1567310 610
1567320 609
1567330 609
1567340 608
1567350 606
1567360 606
1567370 604
1567380 604
1567390 604
1567400 604
1567410 604
1567420 604
1567430 604
1567440 604
1567450 606
1567460 607
1567470 607
1567480 608
1567490 608
1567500 608
1567510 610
1567520 611
1567530 611
1567540 612
1567550 613
1567560 613
1567570 614
1567580 615
1567590 615
1567600 616
1567610 617
1567620 617
1567630 617
1567640 617
1567650 617
1567660 616
1567670 612
1567680 612
1567690 607
1567700 604
1567710 604
1567720 604
1567730 604
1567740 604
1567750 605
1567760 607
1567770 607
1567780 609
1567790 611
1567800 611
1567810 614
1567820 616
1567830 616
1567840 619
1567850 622
1567860 622
1567870 624
1567880 626
1567890 626
1567900 628
1567910 631
1567920 631
1567930 633
1567940 635
1567950 635
1567960 637
1567970 640
1567980 640
1567990 642
1568000 644
1568010 644
1568020 647
1568030 649
1568040 649
1568050 651
1568060 653
1568070 653
1568080 654
1568090 656
1568100 656
1568110 658
1568120 660
1568130 660
1568140 661
1568150 662
1568160 662
1568170 662
1568180 661
1568190 661
1568200 661
1568210 661
1568220 661
1568230 660
1568240 659
1568250 659
1568260 658
1568270 657
1568280 657
1568290 656
1568300 654
1568310 654
1568320 652
1568330 649
1568340 649
1568350 646
1568360 643
1568370 643
1568380 640
1568390 639
1568400 639
1568410 638
1568420 637
1568430 637
1568440 637
1568450 637
1568460 637
1568470 637
1568480 637
1568490 639
1568500 640
1568510 640
1568520 641
1568530 642
1568540 642
1568550 643
1568560 644
1568570 644
1568580 645
1568590 645
1568600 645
1568610 645
1568620 645
1568630 645
1568640 648
1568650 647
1568660 647
1568670 647
1568680 647
1568690 647
1568700 647
1568710 648
1568720 648
1568730 648
1568740 648
1568750 648
1568760 648
1568770 649
1568780 649
1568790 649
1568800 649
1568810 649
1568820 650
1568830 651
1568840 651
1568850 651
1568860 652
1568870 652
1568880 653
1568890 654
1568900 654
1568910 656
1568920 658
1568930 658
1568940 660
1568950 661
1568960 661
1568970 663
1568980 665
1568990 665
1569000 667
1569010 669
1569020 669
1569030 672
1569040 674
1569050 674
1569060 676
1569070 679
1569080 679
1569090 681
1569100 684
1569110 684
1569120 686
1569130 688
1569140 688
1569150 691
1569160 693
1569170 693
1569180 695
1569190 698
1569200 698
1569210 701
1569220 703
1569230 703
1569240 705
1569250 707
1569260 707
1569270 709
1569280 712
1569290 712
1569300 714
1569310 716
1569320 716
1569330 718
1569340 719
1569350 719
1569360 721
1569370 722
1569380 722
1569390 723
1569400 724
1569410 724
1569420 724
1569430 725
1569440 725
1569450 725
1569460 725
1569470 725
1569480 724
1569490 723
1569500 723
1569510 722
1569520 722
1569530 720
1569540 718
1569550 718
1569560 715
1569570 713
1569580 713
1569590 711
1569600 709
1569610 709
1569620 707
1569630 705
1569640 705
1569650 704
1569660 703
1569670 703
1569680 703
1569690 702
1569700 702
1569710 701
1569720 700
1569730 700
1569740 699
1569750 697
1569760 697
1569770 696
1569780 694
1569790 694
1569800 693
1569810 692
1569820 692
1569830 691
1569840 690
1569850 690
1569860 689
1569870 688
1569880 688
1569890 688
1569900 690
1569910 690
1569920 691
1569930 692
1569940 692
1569950 693
1569960 693
1569970 693
1569980 693
1569990 693
1570000 693
1570010 693
1570020 693
1570030 693
1570040 693
1570050 693
1570060 693
1570070 693
1570080 693
1570090 693
1570100 693
1570110 692
1570120 692
1570130 692
1570140 692
1570150 692
1570160 691
1570170 690
1570180 689
1570190 688
1570200 688
1570210 688
1570220 687
1570230 686
1570240 686
1570250 684
1570260 683
1570270 683
1570280 682
1570290 681
1570300 681
1570310 680
1570320 678
1570330 678
1570340 677
1570350 676
1570360 676
1570370 674
1570380 673
1570390 673
1570400 672
1570410 671
1570420 671
1570430 671
1570440 671
1570450 671
1570460 670
1570470 671
1570480 671
1570490 672
1570500 672
1570510 672
1570520 674
1570530 676
1570540 676
1570550 677
1570560 677
1570570 678
1570580 679
1570590 679
1570600 681
1570610 682
1570620 682
1570630 683
1570640 684
1570650 684
1570660 686
1570670 687
1570680 687
1570690 687
1570700 688
1570710 688
1570720 689
1570730 690
1570740 690
1570750 691
1570760 692
1570770 692
1570780 693
1570790 694
1570800 694
1570810 695
1570820 696
1570830 696
1570840 698
1570850 698
1570860 698
1570870 699
1570880 700
1570890 700
1570900 701
1570910 702
1570920 702
1570930 702
1570940 703
1570950 703
1570960 704
1570970 704
1570980 704
1570990 705
1571000 706
1571010 706
1571020 706
1571030 707
1571040 707
1571050 707
1571060 708
1571070 708
1571080 709
1571090 709
1571100 709
1571110 710
1571120 710
1571130 710
1571140 711
1571150 711
1571160 711
1571170 712
1571180 712
1571190 712
1571200 712
1571210 712
1571220 712
1571230 713
1571240 712
1571250 712
1571260 713
1571270 712
1571280 712
1571290 712
1571300 712
1571310 712
1571320 711
1571330 711
1571340 711
1571350 710
1571360 710
1571370 710
1571380 709
1571390 709
1571400 709
1571410 708
1571420 708
1571430 708
1571440 707
1571450 706
1571460 706
1571470 705
1571480 703
1571490 703
1571500 702
1571510 700
1571520 700
1571530 698
1571540 695
1571550 695
1571560 693
1571570 689
1571580 689
1571590 686
1571600 686
1571610 683
1571620 680
1571630 680
1571640 677
1571650 675
1571660 675
1571670 672
1571680 669
1571690 668
1571700 666
1571710 665
1571720 665
1571730 663
1571740 661
1571750 661
1571760 659
1571770 657
1571780 657
1571790 655
1571800 654
1571810 654
1571820 653
1571830 651
1571840 651
1571850 650
1571860 649
1571870 649
1571880 648
1571890 646
1571900 646
1571910 644
1571920 643
1571930 643
1571940 642
1571950 641
1571960 641
1571970 640
1571980 639
1571990 639
1572000 639
1572010 638
1572020 638
1572030 638
1572040 638
1572050 638
1572060 639
1572070 641
1572080 641
1572090 644
1572100 647
1572110 647
1572120 650
1572130 654
1572140 654
1572150 657
1572160 660
1572170 660
1572180 662
1572190 664
1572200 664
1572210 666
1572220 667
1572230 667
1572240 668
1572250 668
1572260 668
1572270 669
1572280 669
1572290 669
1572300 669
1572310 670
1572320 670
1572330 671
1572340 672
1572350 672
1572360 673
1572370 674
1572380 674
1572390 675
1572400 676
1572410 676
1572420 677
1572430 678
1572440 678
1572450 679
1572460 680
1572470 680
1572480 681
1572490 681
1572500 681
1572510 682
1572520 683
1572530 683
1572540 683
1572550 684
1572560 684
1572570 685
1572580 685
1572590 685
1572600 686
1572610 687
1572620 687
1572630 687
1572640 687
1572650 687
1572660 687
1572670 687
1572680 687
1572690 687
1572700 687
1572710 687
1572720 686
1572730 686
1572740 686
1572750 685
1572760 685
1572770 685
1572780 684
1572790 684
1572800 683
1572810 682
1572820 682
1572830 681
1572840 680
1572850 680
1572860 678
1572870 674
1572880 674
1572890 670
1572900 667
1572910 667
1572920 665
1572930 663
1572940 663
1572950 661
1572960 659
1572970 659
1572980 657
1572990 656
1573000 656
1573010 654
1573020 653
1573030 653
1573040 651
1573050 650
1573060 650
1573070 649
1573080 648
1573090 648
1573100 647
1573110 646
1573120 646
1573130 645
1573140 644
1573150 644
1573160 643
1573170 641
1573180 641
1573190 641
1573200 641
1573210 641
1573220 641
1573230 641
1573240 641
1573250 642
1573260 644
1573270 644
1573280 646
1573290 648
1573300 648
1573310 650
1573320 651
1573330 651
1573340 653
1573350 654
1573360 654
1573370 655
1573380 656
1573390 656
1573400 658
1573410 659
1573420 659
1573430 660
1573440 662
1573450 662
1573460 663
1573470 664
1573480 664
1573490 665
1573500 666
1573510 666
1573520 667
1573530 667
1573540 667
1573550 668
1573560 669
1573570 669
1573580 669
1573590 670
1573600 670
1573610 670
1573620 671
1573630 671
1573640 671
1573650 671
1573660 671
1573670 672
1573680 672
1573690 672
1573700 672
1573710 672
1573720 672
1573730 673
1573740 673
1573750 673
1573760 673
1573770 673
1573780 674
1573790 674
1573800 674
1573810 674
1573820 674
1573830 674
1573840 674
1573850 674
1573860 674
1573870 673
1573880 672
1573890 672
1573900 671
1573910 668
1573920 668
1573930 666
1573940 663
1573950 663
1573960 661
1573970 660
1573980 660
1573990 658
1574000 657
1574010 657
1574020 655
1574030 654
1574040 654
1574050 652
1574060 651
1574070 651
1574080 649
1574090 648
1574100 648
1574110 646
1574120 645
1574130 645
1574140 643
1574150 642
1574160 642
1574170 640
1574180 639
1574190 639
1574200 639
1574210 639
1574220 639
1574230 638
1574240 636
1574250 636
1574260 635
1574270 634
1574280 634
1574290 632
1574300 630
1574310 630
1574320 628
1574330 626
1574340 626
1574350 625
1574360 625
1574370 625
1574380 624
1574390 624
1574400 624
1574410 623
1574420 622
1574430 622
1574440 622
1574450 621
1574460 621
1574470 621
1574480 621
1574490 621
1574500 622
1574510 622
1574520 622
1574530 622
1574540 622
1574550 622
1574560 621
1574570 620
1574580 620
1574590 619
1574600 618
1574610 618
1574620 616
1574630 613
1574640 613
1574650 611
1574660 609
1574670 609
1574680 606
1574690 604
1574700 604
1574710 601
1574720 596
1574730 596
1574740 591
1574750 591
1574760 586
1574770 581
1574780 581
1574790 577
1574800 573
1574810 573
1574820 571
1574830 570
1574840 570
1574850 570
1574860 570
1574870 570
1574880 570
1574890 570
1574900 570
1574910 571
1574920 571
1574930 571
1574940 572
1574950 572
1574960 572
1574970 572
1574980 573
1574990 573
1575000 573
1575010 573
1575020 573
1575030 574
1575040 574
1575050 574
1575060 574
1575070 574
1575080 574
1575090 575
1575100 575
1575110 575
1575120 575
1575130 576
1575140 576
1575150 576
1575160 577
1575170 577
1575180 577
1575190 578
1575200 578
1575210 580
1575220 581
1575230 581
1575240 583
1575250 585
1575260 585
1575270 586
1575280 588
1575290 588
1575300 590
1575310 592
1575320 592
1575330 593
1575340 595
1575350 595
1575360 596
1575370 597
1575380 597
1575390 598
1575400 599
1575410 599
1575420 599
1575430 600
1575440 600
1575450 601
1575460 601
1575470 601
1575480 602
1575490 602
1575500 602
1575510 603
1575520 603
1575530 603
1575540 604
1575550 605
1575560 605
1575570 606
1575580 607
1575590 607
1575600 608
1575610 609
1575620 609
1575630 610
1575640 611
1575650 611
1575660 612
1575670 613
1575680 613
1575690 615
1575700 616
1575710 616
1575720 617
1575730 619
1575740 619
1575750 620
1575760 622
1575770 622
1575780 623
1575790 623
1575800 625
1575810 627
1575820 627
1575830 628
1575840 629
1575850 629
1575860 631
1575870 632
1575880 632
1575890 634
1575900 635
1575910 635
1575920 637
1575930 638
1575940 638
1575950 640
1575960 642
1575970 642
1575980 644
1575990 645
1576000 645
1576010 647
1576020 648
1576030 648
1576040 650
1576050 651
1576060 651
1576070 653
1576080 657
1576090 657
1576100 660
1576110 661
1576120 661
1576130 663
1576140 665
1576150 665
1576160 667
1576170 668
1576180 668
1576190 670
1576200 672
1576210 672
1576220 674
1576230 676
1576240 676
1576250 677
1576260 677
1576270 677
1576280 678
1576290 679
1576300 679
1576310 679
1576320 680
1576330 680
1576340 680
1576350 681
1576360 681
1576370 681
1576380 682
1576390 682
1576400 682
1576410 682
1576420 682
1576430 681
1576440 681
1576450 681
1576460 679
1576470 676
1576480 676
1576490 673
1576500 671
1576510 671
1576520 670
1576530 669
1576540 669
1576550 668
1576560 667
1576570 667
1576580 668
1576590 669
1576600 669
1576610 670
1576620 671
1576630 671
1576640 673
1576650 674
1576660 674
1576670 675
1576680 676
1576690 676
1576700 677
1576710 678
1576720 678
1576730 679
1576740 680
1576750 680
1576760 681
1576770 682
1576780 682
1576790 683
1576800 685
1576810 685
1576820 686
1576830 686
1576840 687
1576850 689
1576860 689
1576870 690
1576880 691
1576890 691
1576900 693
1576910 694
1576920 694
1576930 696
1576940 697
1576950 697
1576960 699
1576970 701
1576980 701
1576990 703
1577000 705
1577010 705
1577020 706
1577030 708
1577040 708
1577050 710
1577060 712
1577070 712
1577080 714
1577090 715
1577100 715
1577110 717
1577120 719
1577130 719
1577140 720
1577150 722
1577160 722
1577170 724
1577180 726
1577190 726
1577200 728
1577210 730
1577220 730
1577230 733
1577240 736
1577250 736
1577260 737
1577270 738
1577280 738
1577290 740
1577300 742
1577310 742
1577320 745
1577330 747
1577340 747
1577350 749
1577360 752
1577370 752
1577380 755
1577390 757
1577400 757
1577410 759
1577420 761
1577430 761
1577440 763
1577450 765
1577460 765
1577470 767
1577480 768
1577490 769
1577500 771
1577510 773
1577520 773
1577530 775
1577540 777
1577550 777
1577560 780
1577570 783
1577580 783
1577590 785
1577600 788
1577610 788
1577620 790
1577630 792
1577640 792
1577650 794
1577660 797
1577670 797
1577680 798
1577690 800
1577700 800
1577710 802
1577720 804
1577730 804
1577740 806
1577750 809
1577760 809
1577770 811
1577780 814
1577790 814
1577800 816
1577810 819
1577820 819
1577830 821
1577840 824
1577850 824
1577860 827
1577870 827
1577880 829
1577890 832
1577900 832
1577910 834
1577920 837
1577930 837
1577940 839
1577950 841
1577960 841
1577970 843
1577980 846
1577990 846
1578000 849
1578010 851
1578020 851
1578030 853
1578040 856
1578050 856
1578060 858
1578070 861
1578080 861
1578090 864
1578100 866
1578110 866
1578120 868
1578130 870
1578140 870
1578150 873
1578160 875
1578170 875
1578180 877
1578190 880
1578200 880
1578210 882
1578220 885
1578230 885
1578240 887
1578250 890
1578260 890
1578270 893
1578280 896
1578290 896
1578300 898
1578310 901
1578320 901
1578330 903
1578340 905
1578350 905
1578360 907
1578370 909
1578380 909
1578390 911
1578400 912
1578410 912
1578420 913
1578430 914
1578440 914
1578450 915
1578460 915
1578470 915
1578480 915
1578490 915
1578500 915
1578510 915
1578520 915
1578530 915
1578540 914
1578550 913
1578560 913
1578570 912
1578580 910
1578590 910
1578600 909
1578610 908
1578620 908
1578630 906
1578640 904
1578650 904
1578660 902
1578670 900
1578680 900
1578690 898
1578700 897
1578710 897
1578720 895
1578730 894
1578740 894
1578750 892
1578760 890
1578770 890
1578780 888
1578790 886
1578800 886
1578810 884
1578820 882
1578830 882
1578840 882
1578850 881
1578860 881
1578870 881
1578880 879
1578890 879
1578900 878
1578910 878
1578920 877
1578930 876
1578940 876
1578950 876
1578960 875
1578970 875
1578980 874
1578990 874
1579000 874
1579010 873
1579020 872
1579030 872
1579040 871
1579050 870
1579060 870
1579070 869
1579080 869
1579090 869
1579100 868
1579110 868
1579120 868
1579130 867
1579140 866
1579150 866
1579160 866
1579170 865
1579180 865
1579190 863
1579200 862
1579210 862
1579220 862
1579230 861
1579240 861
1579250 860
1579260 859
1579270 859
1579280 859
1579290 858
1579300 858
1579310 856
1579320 855
1579330 855
1579340 854
1579350 853
1579360 853
1579370 853
1579380 852
1579390 852
1579400 851
1579410 851
1579420 851
1579430 850
1579440 850
1579450 850
1579460 850
1579470 850
1579480 850
1579490 849
1579500 849
1579510 849
1579520 850
1579530 850
1579540 850
1579550 850
1579560 851
1579570 851
1579580 851
1579590 851
1579600 851
1579610 851
1579620 852
1579630 852
1579640 852
1579650 852
1579660 852
1579670 853
1579680 853
1579690 853
1579700 853
1579710 854
1579720 854
1579730 854
1579740 854
1579750 854
1579760 855
1579770 855
1579780 855
1579790 856
1579800 856
1579810 856
1579820 857
1579830 857
1579840 857
1579850 858
1579860 859
1579870 859
1579880 859
1579890 860
1579900 860
1579910 860
1579920 861
1579930 861
1579940 862
1579950 862
1579960 862
1579970 863
1579980 863
1579990 864
