1560000 524
1560010 524
1560020 524
1560030 524
1560040 525
1560050 525
1560060 525
1560070 526
1560080 526
1560090 527
1560100 528
1560110 528
1560120 529
1560130 530
1560140 530
1560150 531
1560160 532
1560170 532
1560180 533
1560190 533
1560200 533
1560210 533
1560220 534
1560230 534
1560240 535
1560250 535
1560260 535
1560270 536
1560280 537
1560290 537
1560300 537
1560310 538
1560320 538
1560330 539
1560340 539
1560350 539
1560360 540
1560370 540
1560380 540
1560390 541
1560400 541
1560410 541
1560420 542
1560430 542
1560440 542
1560450 542
1560460 542
1560470 542
1560480 542
1560490 541
1560500 541
1560510 539
1560520 537
1560530 537
1560540 534
1560550 533
1560560 533
1560570 531
1560580 530
1560590 530
1560600 530
1560610 531
1560620 531
1560630 533
1560640 535
1560650 535
1560660 537
1560670 539
1560680 539
1560690 541
1560700 543
1560710 543
1560720 545
1560730 546
1560740 546
1560750 547
1560760 548
1560770 548
1560780 549
1560790 550
1560800 550
1560810 551
1560820 552
1560830 552
1560840 553
1560850 553
1560860 553
1560870 554
1560880 554
1560890 554
1560900 555
1560910 555
1560920 555
1560930 556
1560940 556
1560950 556
1560960 556
1560970 556
1560980 556
1560990 557
1561000 557
1561010 557
1561020 557
1561030 557
1561040 557
1561050 557
1561060 557
1561070 558
1561080 558
1561090 558
1561100 558
1561110 558
1561120 558
1561130 558
1561140 558
1561150 558
1561160 559
1561170 559
1561180 559
1561190 559
1561200 559
1561210 559
1561220 559
1561230 560
1561240 560
1561250 560
1561260 560
1561270 560
1561280 560
1561290 560
1561300 560
1561310 560
1561320 560
1561330 560
1561340 560
1561350 559
1561360 559
1561370 558
1561380 556
1561390 556
1561400 555
1561410 554
1561420 554
1561430 553
1561440 552
1561450 552
1561460 552
1561470 551
1561480 551
1561490 550
1561500 549
1561510 549
1561520 548
1561530 547
1561540 547
1561550 545
1561560 544
1561570 544
1561580 543
1561590 541
1561600 541
1561610 540
1561620 538
1561630 538
1561640 534
1561650 529
1561660 529
1561670 523
1561680 519
1561690 519
1561700 516
1561710 513
1561720 513
1561730 507
1561740 502
1561750 502
1561760 498
1561770 495
1561780 495
1561790 494
1561800 494
1561810 492
1561820 489
1561830 489
1561840 486
1561850 485
1561860 485
1561870 483
1561880 482
1561890 482
1561900 481
1561910 481
1561920 481
1561930 481
1561940 482
1561950 482
1561960 483
1561970 483
1561980 483
1561990 483
1562000 483
1562010 483
1562020 484
1562030 484
1562040 484
1562050 484
1562060 484
1562070 484
1562080 484
1562090 484
1562100 484
1562110 486
1562120 488
1562130 488
1562140 492
1562150 496
1562160 496
1562170 498
1562180 499
1562190 499
1562200 500
1562210 502
1562220 502
1562230 505
1562240 508
1562250 508
1562260 510
1562270 513
1562280 513
1562290 515
1562300 517
1562310 517
1562320 518
1562330 520
1562340 520
1562350 521
1562360 522
1562370 522
1562380 523
1562390 524
1562400 524
1562410 525
1562420 526
1562430 526
1562440 526
1562450 527
1562460 527
1562470 528
1562480 528
1562490 528
1562500 528
1562510 528
1562520 528
1562530 528
1562540 529
1562550 529
1562560 528
1562570 526
1562580 526
1562590 523
1562600 521
1562610 521
1562620 519
1562630 519
1562640 519
1562650 520
1562660 522
1562670 522
1562680 523
1562690 525
1562700 525
1562710 527
1562720 528
1562730 528
1562740 530
1562750 530
1562760 532
1562770 533
1562780 533
1562790 535
1562800 536
1562810 536
1562820 537
1562830 539
1562840 539
1562850 540
1562860 541
1562870 541
1562880 542
1562890 543
1562900 543
1562910 544
1562920 544
1562930 544
1562940 545
1562950 545
1562960 545
1562970 545
1562980 545
1562990 545
1563000 545
1563010 545
1563020 545
1563030 546
1563040 547
1563050 549
1563060 550
1563070 551
1563080 551
1563090 553
1563100 554
1563110 554
1563120 556
1563130 558
1563140 558
1563150 560
1563160 562
1563170 562
1563180 564
1563190 566
1563200 566
1563210 568
1563220 570
1563230 570
1563240 572
1563250 575
1563260 575
1563270 577
1563280 579
1563290 579
1563300 581
1563310 583
1563320 583
1563330 585
1563340 587
1563350 587
1563360 589
1563370 591
1563380 591
1563390 593
1563400 595
1563410 595
1563420 597
1563430 599
1563440 599
1563450 600
1563460 602
1563470 602
1563480 604
1563490 606
1563500 606
1563510 607
1563520 608
1563530 608
1563540 608
1563550 607
1563560 607
1563570 605
1563580 600
1563590 600
1563600 596
1563610 592
1563620 592
1563630 588
1563640 586
1563650 586
1563660 584
1563670 583
1563680 583
1563690 583
1563700 583
1563710 582
1563720 583
1563730 583
1563740 584
1563750 587
1563760 587
1563770 589
1563780 591
1563790 591
1563800 592
1563810 592
1563820 592
1563830 593
1563840 593
1563850 593
1563860 594
1563870 594
1563880 594
1563890 595
1563900 596
1563910 596
1563920 597
1563930 598
1563940 598
1563950 600
1563960 600
1563970 600
1563980 601
1563990 601
1564000 601
1564010 601
1564020 601
1564030 601
1564040 600
1564050 601
1564060 601
1564070 603
1564080 605
1564090 605
1564100 607
1564110 609
1564120 609
1564130 611
1564140 613
1564150 613
1564160 614
1564170 616
1564180 616
1564190 616
1564200 618
1564210 618
1564220 619
1564230 620
1564240 620
1564250 621
1564260 623
1564270 623
1564280 625
1564290 627
1564300 627
1564310 630
1564320 632
1564330 632
1564340 634
1564350 635
1564360 635
1564370 636
1564380 638
1564390 638
1564400 639
1564410 640
1564420 640
1564430 641
1564440 642
1564450 642
1564460 643
1564470 644
1564480 644
1564490 645
1564500 645
1564510 645
1564520 646
1564530 646
1564540 646
1564550 646
1564560 646
1564570 646
1564580 646
1564590 646
1564600 646
1564610 646
1564620 646
1564630 647
1564640 647
1564650 647
1564660 647
1564670 648
1564680 648
1564690 649
1564700 646
1564710 646
1564720 646
1564730 646
1564740 646
1564750 646
1564760 645
1564770 645
1564780 646
1564790 646
1564800 646
1564810 647
1564820 647
1564830 647
1564840 648
1564850 649
1564860 649
1564870 650
1564880 652
1564890 652
1564900 653
1564910 654
1564920 654
1564930 655
1564940 656
1564950 656
1564960 657
1564970 657
1564980 657
1564990 658
1565000 658
1565010 658
1565020 659
1565030 659
1565040 659
1565050 659
1565060 659
1565070 659
1565080 659
1565090 659
1565100 659
1565110 659
1565120 660
1565130 660
1565140 660
1565150 660
1565160 660
1565170 661
1565180 661
1565190 661
1565200 661
1565210 661
1565220 661
1565230 660
1565240 660
1565250 660
1565260 660
1565270 660
1565280 660
1565290 661
1565300 661
1565310 661
1565320 662
1565330 664
1565340 664
1565350 664
1565360 665
1565370 665
1565380 666
1565390 667
1565400 667
1565410 668
1565420 669
1565430 669
1565440 669
1565450 670
1565460 670
1565470 670
1565480 670
1565490 670
1565500 671
1565510 672
1565520 672
1565530 673
1565540 674
1565550 674
1565560 675
1565570 675
1565580 676
1565590 676
1565600 676
1565610 677
1565620 677
1565630 677
1565640 677
1565650 677
1565660 677
1565670 677
1565680 677
1565690 677
1565700 676
1565710 675
1565720 675
1565730 674
1565740 673
1565750 673
1565760 671
1565770 669
1565780 669
1565790 667
1565800 663
1565810 663
1565820 659
1565830 656
1565840 656
1565850 652
1565860 650
1565870 650
1565880 649
1565890 647
1565900 647
1565910 646
1565920 645
1565930 645
1565940 643
1565950 642
1565960 642
1565970 640
1565980 638
1565990 638
1566000 635
1566010 632
1566020 632
1566030 629
1566040 624
1566050 624
1566060 622
1566070 620
1566080 620
1566090 618
1566100 617
1566110 617
1566120 617
1566130 618
1566140 618
1566150 619
1566160 620
1566170 620
1566180 622
1566190 623
1566200 623
1566210 626
1566220 627
1566230 627
1566240 628
1566250 630
1566260 630
1566270 631
1566280 632
1566290 632
1566300 632
1566310 632
1566320 632
1566330 632
1566340 632
1566350 632
1566360 632
1566370 632
1566380 632
1566390 631
1566400 631
1566410 631
1566420 630
1566430 630
1566440 630
1566450 630
1566460 630
1566470 630
1566480 630
1566490 630
1566500 630
1566510 630
1566520 630
1566530 629
1566540 628
1566550 628
1566560 628
1566570 627
1566580 627
1566590 626
1566600 625
1566610 625
1566620 625
1566630 624
1566640 624
1566650 623
1566660 621
1566670 621
1566680 618
1566690 618
1566700 618
1566710 616
1566720 614
1566730 614
1566740 612
1566750 610
1566760 610
1566770 608
1566780 607
1566790 607
1566800 607
1566810 607
1566820 607
1566830 608
1566840 610
1566850 610
1566860 611
1566870 612
1566880 612
1566890 613
1566900 614
1566910 614
1566920 616
1566930 617
1566940 617
1566950 619
1566960 620
1566970 620
1566980 621
1566990 622
1567000 622
1567010 623
1567020 624
1567030 624
1567040 625
1567050 625
1567060 625
1567070 626
1567080 626
1567090 626
1567100 627
1567110 629
1567120 629
1567130 631
1567140 632
1567150 632
1567160 633
1567170 634
1567180 634
1567190 635
1567200 636
1567210 636
1567220 637
1567230 637
1567240 637
1567250 638
1567260 638
1567270 638
1567280 637
1567290 637
1567300 637
1567310 636
1567320 635
1567330 635
1567340 634
1567350 633
1567360 633
1567370 630
1567380 629
1567390 629
1567400 627
1567410 624
1567420 624
1567430 622
1567440 622
1567450 620
1567460 618
1567470 618
1567480 616
1567490 613
1567500 613
1567510 611
1567520 611
1567530 611
1567540 611
1567550 611
1567560 611
1567570 612
1567580 612
1567590 612
1567600 611
1567610 610
1567620 610
1567630 609
1567640 608
1567650 608
1567660 607
1567670 606
1567680 606
1567690 604
1567700 602
1567710 602
1567720 599
1567730 598
1567740 598
1567750 597
1567760 596
1567770 596
1567780 596
1567790 595
1567800 595
1567810 595
1567820 595
1567830 595
1567840 593
1567850 592
1567860 592
1567870 591
1567880 588
1567890 588
1567900 588
1567910 587
1567920 587
1567930 587
1567940 587
1567950 587
1567960 586
1567970 586
1567980 586
1567990 586
1568000 587
1568010 587
1568020 588
1568030 590
1568040 590
1568050 592
1568060 594
1568070 594
1568080 596
1568090 598
1568100 598
1568110 600
1568120 602
1568130 602
1568140 604
1568150 606
1568160 606
1568170 608
1568180 610
1568190 610
1568200 613
1568210 615
1568220 615
1568230 617
1568240 620
1568250 620
1568260 622
1568270 625
1568280 625
1568290 628
1568300 631
1568310 631
1568320 633
1568330 634
1568340 634
1568350 636
1568360 636
1568370 638
1568380 639
1568390 639
1568400 639
1568410 640
1568420 640
1568430 640
1568440 640
1568450 640
1568460 640
1568470 640
1568480 640
1568490 640
1568500 639
1568510 639
1568520 639
1568530 637
1568540 637
1568550 636
1568560 635
1568570 635
1568580 633
1568590 631
1568600 631
1568610 628
1568620 625
1568630 625
1568640 622
1568650 620
1568660 620
1568670 619
1568680 617
1568690 617
1568700 617
1568710 617
1568720 617
1568730 616
1568740 616
1568750 616
1568760 617
1568770 617
1568780 617
1568790 617
1568800 617
1568810 617
1568820 617
1568830 617
1568840 617
1568850 617
1568860 618
1568870 618
1568880 618
1568890 617
1568900 617
1568910 617
1568920 615
1568930 615
1568940 613
1568950 610
1568960 610
1568970 607
1568980 604
1568990 604
1569000 600
1569010 595
1569020 595
1569030 590
1569040 584
1569050 584
1569060 578
1569070 572
1569080 572
1569090 568
1569100 564
1569110 564
1569120 559
1569130 555
1569140 555
1569150 551
1569160 547
1569170 547
1569180 544
1569190 540
1569200 540
1569210 535
1569220 531
1569230 531
1569240 527
1569250 525
1569260 525
1569270 523
1569280 523
1569290 523
1569300 524
1569310 524
1569320 525
1569330 527
1569340 527
1569350 530
1569360 535
1569370 535
1569380 539
1569390 542
1569400 542
1569410 546
1569420 549
1569430 549
1569440 554
1569450 557
1569460 557
1569470 559
1569480 561
1569490 561
1569500 563
1569510 565
1569520 565
1569530 565
1569540 566
1569550 566
1569560 566
1569570 567
1569580 567
1569590 567
1569600 567
1569610 567
1569620 568
1569630 568
1569640 568
1569650 568
1569660 569
1569670 569
1569680 569
1569690 570
1569700 570
1569710 570
1569720 571
1569730 571
1569740 572
1569750 572
1569760 572
1569770 573
1569780 574
1569790 574
1569800 574
1569810 575
1569820 575
1569830 575
1569840 576
1569850 576
1569860 576
1569870 575
1569880 575
1569890 575
1569900 575
1569910 575
1569920 574
1569930 574
1569940 574
1569950 573
1569960 573
1569970 573
1569980 572
1569990 572
1570000 572
1570010 572
1570020 572
1570030 572
1570040 571
1570050 571
1570060 571
1570070 571
1570080 570
1570090 570
1570100 570
1570110 570
1570120 570
1570130 570
1570140 569
1570150 569
1570160 569
1570170 569
1570180 569
1570190 569
1570200 569
1570210 569
1570220 568
1570230 568
1570240 568
1570250 567
1570260 567
1570270 566
1570280 566
1570290 566
1570300 565
1570310 565
1570320 565
1570330 564
1570340 563
1570350 563
1570360 562
1570370 561
1570380 561
1570390 560
1570400 560
1570410 560
1570420 559
1570430 558
1570440 558
1570450 557
1570460 557
1570470 557
1570480 556
1570490 555
1570500 555
1570510 555
1570520 555
1570530 555
1570540 554
1570550 554
1570560 554
1570570 552
1570580 551
1570590 551
1570600 550
1570610 549
1570620 549
1570630 548
1570640 548
1570650 548
1570660 547
1570670 547
1570680 547
1570690 547
1570700 548
1570710 548
1570720 548
1570730 548
1570740 548
1570750 548
1570760 549
1570770 549
1570780 549
1570790 549
1570800 549
1570810 549
1570820 550
1570830 550
1570840 550
1570850 550
1570860 550
1570870 551
1570880 551
1570890 551
1570900 551
1570910 551
1570920 551
1570930 552
1570940 552
1570950 552
1570960 552
1570970 553
1570980 553
1570990 553
1571000 553
1571010 553
1571020 553
1571030 553
1571040 553
1571050 552
1571060 552
1571070 552
1571080 551
1571090 551
1571100 551
1571110 550
1571120 549
1571130 549
1571140 549
1571150 548
1571160 548
1571170 547
1571180 547
1571190 546
1571200 545
1571210 545
1571220 545
1571230 545
1571240 545
1571250 546
1571260 548
1571270 548
1571280 550
1571290 551
1571300 551
1571310 552
1571320 553
1571330 553
1571340 554
1571350 555
1571360 555
1571370 555
1571380 555
1571390 555
1571400 555
1571410 555
1571420 555
1571430 555
1571440 554
1571450 554
1571460 552
1571470 550
1571480 550
1571490 549
1571500 549
1571510 549
1571520 549
1571530 549
1571540 549
1571550 550
1571560 552
1571570 552
1571580 555
1571590 558
1571600 558
1571610 562
1571620 564
1571630 564
1571640 565
1571650 567
1571660 567
1571670 568
1571680 569
1571690 569
1571700 570
1571710 570
1571720 570
1571730 571
1571740 571
1571750 571
1571760 571
1571770 571
1571780 571
1571790 570
1571800 569
1571810 569
1571820 567
1571830 565
1571840 565
1571850 564
1571860 566
1571870 566
1571880 568
1571890 570
1571900 570
1571910 572
1571920 573
1571930 573
1571940 574
1571950 576
1571960 576
1571970 577
1571980 578
1571990 578
1572000 578
1572010 579
1572020 579
1572030 580
1572040 582
1572050 582
1572060 583
1572070 584
1572080 584
1572090 585
1572100 586
1572110 586
1572120 587
1572130 587
1572140 589
1572150 591
1572160 591
1572170 591
1572180 592
1572190 592
1572200 593
1572210 593
1572220 593
1572230 594
1572240 594
1572250 594
1572260 594
1572270 593
1572280 593
1572290 592
1572300 591
1572310 591
1572320 590
1572330 588
1572340 588
1572350 586
1572360 584
1572370 584
1572380 584
1572390 584
1572400 584
1572410 585
1572420 587
1572430 587
1572440 588
1572450 588
1572460 590
1572470 590
1572480 590
1572490 590
1572500 590
1572510 589
1572520 589
1572530 588
1572540 587
1572550 587
1572560 584
1572570 581
1572580 581
1572590 577
1572600 573
1572610 573
1572620 570
1572630 568
1572640 568
1572650 569
1572660 572
1572670 572
1572680 576
1572690 580
1572700 580
1572710 583
1572720 586
1572730 586
1572740 589
1572750 592
1572760 592
1572770 595
1572780 597
1572790 597
1572800 600
1572810 603
1572820 603
1572830 606
1572840 608
1572850 608
1572860 610
1572870 612
1572880 612
1572890 613
1572900 614
1572910 614
1572920 615
1572930 616
1572940 616
1572950 617
1572960 619
1572970 619
1572980 620
1572990 621
1573000 621
1573010 623
1573020 625
1573030 625
1573040 626
1573050 626
1573060 626
1573070 626
1573080 626
1573090 626
1573100 624
1573110 624
1573120 621
1573130 618
1573140 618
1573150 617
1573160 617
1573170 617
1573180 620
1573190 623
1573200 623
1573210 626
1573220 629
1573230 629
1573240 633
1573250 635
1573260 635
1573270 637
1573280 639
1573290 639
1573300 643
1573310 645
1573320 645
1573330 647
1573340 649
1573350 649
1573360 651
1573370 652
1573380 652
1573390 654
1573400 656
1573410 656
1573420 657
1573430 659
1573440 659
1573450 660
1573460 660
1573470 660
1573480 661
1573490 661
1573500 661
1573510 661
1573520 661
1573530 661
1573540 662
1573550 662
1573560 662
1573570 661
1573580 661
1573590 661
1573600 660
1573610 659
1573620 659
1573630 658
1573640 656
1573650 656
1573660 655
1573670 653
1573680 653
1573690 651
1573700 649
1573710 649
1573720 648
1573730 647
1573740 647
1573750 645
1573760 644
1573770 644
1573780 643
1573790 641
1573800 641
1573810 640
1573820 638
1573830 638
1573840 635
1573850 632
1573860 632
1573870 631
1573880 631
1573890 631
1573900 631
1573910 631
1573920 631
1573930 632
1573940 634
1573950 634
1573960 634
1573970 634
1573980 634
1573990 635
1574000 635
1574010 635
1574020 635
1574030 635
1574040 634
1574050 634
1574060 634
1574070 633
1574080 632
1574090 632
1574100 632
1574110 631
1574120 631
1574130 630
1574140 629
1574150 629
1574160 628
1574170 626
1574180 626
1574190 625
1574200 622
1574210 622
1574220 619
1574230 616
1574240 616
1574250 614
1574260 613
1574270 613
1574280 611
1574290 608
1574300 608
1574310 606
1574320 603
1574330 603
1574340 599
1574350 595
1574360 595
1574370 590
1574380 585
1574390 585
1574400 582
1574410 578
1574420 578
1574430 574
1574440 569
1574450 569
1574460 568
1574470 568
1574480 568
1574490 568
1574500 569
1574510 569
1574520 572
1574530 575
1574540 575
1574550 577
1574560 580
1574570 580
1574580 581
1574590 585
1574600 585
1574610 587
1574620 590
1574630 590
1574640 591
1574650 592
1574660 592
1574670 593
1574680 593
1574690 593
1574700 594
1574710 594
1574720 594
1574730 592
1574740 589
1574750 589
1574760 585
1574770 581
1574780 581
1574790 577
1574800 575
1574810 575
1574820 575
1574830 575
1574840 575
1574850 577
1574860 578
1574870 578
1574880 581
1574890 586
1574900 586
1574910 592
1574920 596
1574930 596
1574940 601
1574950 601
1574960 605
1574970 608
1574980 608
1574990 612
1575000 615
1575010 615
1575020 618
1575030 621
1575040 621
1575050 624
1575060 627
1575070 627
1575080 630
1575090 633
1575100 633
1575110 636
1575120 639
1575130 639
1575140 641
1575150 643
1575160 643
1575170 646
1575180 648
1575190 648
1575200 650
1575210 651
1575220 651
1575230 653
1575240 655
1575250 655
1575260 657
1575270 659
1575280 659
1575290 660
1575300 662
1575310 662
1575320 664
1575330 666
1575340 666
1575350 669
1575360 672
1575370 672
1575380 675
1575390 678
1575400 678
1575410 680
1575420 683
1575430 683
1575440 685
1575450 688
1575460 688
1575470 690
1575480 693
1575490 693
1575500 696
1575510 699
1575520 699
1575530 701
1575540 703
1575550 703
1575560 705
1575570 707
1575580 707
1575590 709
1575600 710
1575610 710
1575620 712
1575630 715
1575640 715
1575650 717
1575660 720
1575670 720
1575680 721
1575690 723
1575700 723
1575710 724
1575720 727
1575730 727
1575740 729
1575750 731
1575760 731
1575770 733
1575780 734
1575790 734
1575800 736
1575810 737
1575820 737
1575830 738
1575840 739
1575850 739
1575860 740
1575870 740
1575880 741
1575890 741
1575900 741
1575910 742
1575920 742
1575930 742
1575940 743
1575950 743
1575960 743
1575970 743
1575980 744
1575990 744
1576000 743
1576010 743
1576020 743
1576030 742
1576040 742
1576050 742
1576060 741
1576070 741
1576080 741
1576090 741
1576100 741
1576110 741
1576120 741
1576130 741
1576140 741
1576150 741
1576160 741
1576170 741
1576180 741
1576190 741
1576200 741
1576210 741
1576220 741
1576230 741
1576240 741
1576250 741
1576260 741
1576270 742
1576280 742
1576290 742
1576300 742
1576310 742
1576320 742
1576330 742
1576340 741
1576350 741
1576360 741
1576370 741
1576380 741
1576390 741
1576400 741
1576410 741
1576420 740
1576430 739
1576440 739
1576450 738
1576460 737
1576470 737
1576480 735
1576490 734
1576500 734
1576510 733
1576520 732
1576530 732
1576540 732
1576550 732
1576560 732
1576570 731
1576580 730
1576590 730
1576600 729
1576610 728
1576620 728
1576630 727
1576640 727
1576650 727
1576660 726
1576670 725
1576680 725
1576690 724
1576700 723
1576710 723
1576720 722
1576730 722
1576740 722
1576750 722
1576760 720
1576770 720
1576780 719
1576790 719
1576800 719
1576810 716
1576820 716
1576830 716
1576840 715
1576850 715
1576860 715
1576870 714
1576880 714
1576890 713
1576900 712
1576910 712
1576920 711
1576930 708
1576940 708
1576950 706
1576960 703
1576970 703
1576980 700
1576990 698
1577000 698
1577010 697
1577020 696
1577030 696
1577040 695
1577050 694
1577060 694
1577070 694
1577080 695
1577090 695
1577100 695
1577110 693
1577120 693
1577130 691
1577140 688
1577150 688
1577160 685
1577170 681
1577180 681
1577190 678
1577200 677
1577210 677
1577220 677
1577230 677
1577240 677
1577250 676
1577260 676
1577270 676
1577280 675
1577290 675
1577300 675
1577310 675
1577320 674
1577330 674
1577340 674
1577350 674
1577360 674
1577370 673
1577380 673
1577390 673
1577400 674
1577410 675
1577420 675
1577430 676
1577440 676
1577450 676
1577460 676
1577470 677
1577480 677
1577490 676
1577500 675
1577510 675
1577520 675
1577530 674
1577540 674
1577550 675
1577560 675
1577570 675
1577580 676
1577590 676
1577600 676
1577610 677
1577620 678
1577630 678
1577640 678
1577650 679
1577660 679
1577670 680
1577680 680
1577690 680
1577700 680
1577710 681
1577720 681
1577730 682
1577740 682
1577750 683
1577760 683
1577770 683
1577780 684
1577790 685
1577800 685
1577810 686
1577820 687
1577830 687
1577840 688
1577850 689
1577860 689
1577870 690
1577880 691
1577890 691
1577900 692
1577910 693
1577920 693
1577930 694
1577940 695
1577950 695
1577960 697
1577970 699
1577980 699
1577990 701
1578000 703
1578010 703
1578020 705
1578030 706
1578040 706
1578050 707
1578060 709
1578070 709
1578080 710
1578090 712
1578100 712
1578110 714
1578120 716
1578130 716
1578140 717
1578150 720
1578160 720
1578170 722
1578180 724
1578190 724
1578200 725
1578210 727
1578220 727
1578230 728
1578240 730
1578250 730
1578260 731
1578270 732
1578280 732
1578290 733
1578300 735
1578310 735
1578320 736
1578330 738
1578340 738
1578350 740
1578360 742
1578370 742
1578380 744
1578390 748
1578400 748
1578410 750
1578420 753
1578430 753
1578440 757
1578450 760
1578460 760
1578470 763
1578480 766
1578490 766
1578500 769
1578510 772
1578520 772
1578530 774
1578540 778
1578550 778
1578560 781
1578570 784
1578580 784
1578590 787
1578600 789
1578610 789
1578620 792
1578630 794
1578640 794
1578650 795
1578660 797
1578670 797
1578680 798
1578690 798
1578700 799
1578710 799
1578720 799
1578730 799
1578740 799
1578750 799
1578760 799
1578770 798
1578780 798
1578790 797
1578800 797
1578810 797
1578820 797
1578830 796
1578840 796
1578850 796
1578860 795
1578870 795
1578880 794
1578890 793
1578900 793
1578910 792
1578920 791
1578930 791
1578940 790
1578950 789
1578960 789
1578970 788
1578980 787
1578990 787
1579000 786
1579010 786
1579020 786
1579030 785
1579040 784
1579050 784
1579060 783
1579070 782
1579080 782
1579090 781
1579100 780
1579110 780
1579120 780
1579130 779
1579140 779
1579150 778
1579160 778
1579170 778
1579180 777
1579190 776
1579200 776
1579210 775
1579220 773
1579230 773
1579240 771
1579250 768
1579260 768
1579270 765
1579280 761
1579290 761
1579300 758
1579310 756
1579320 756
1579330 753
1579340 751
1579350 751
1579360 749
1579370 747
1579380 747
1579390 745
1579400 743
1579410 743
1579420 740
1579430 736
1579440 736
1579450 733
1579460 731
1579470 731
1579480 728
1579490 725
1579500 725
1579510 722
1579520 719
1579530 719
1579540 716
1579550 716
1579560 716
1579570 715
1579580 714
1579590 714
1579600 711
1579610 711
1579620 711
1579630 711
1579640 711
1579650 710
1579660 710
1579670 710
1579680 708
1579690 708
1579700 708
1579710 708
1579720 707
1579730 707
1579740 707
1579750 706
1579760 706
1579770 706
1579780 705
1579790 705
1579800 706
1579810 706
1579820 706
1579830 706
1579840 706
1579850 706
1579860 706
1579870 706
1579880 706
1579890 706
1579900 706
1579910 706
1579920 706
1579930 706
1579940 706
1579950 707
1579960 707
1579970 707
1579980 708
1579990 708
