1560000 582
1560010 581
1560020 581
1560030 580
1560040 581
1560050 581
1560060 583
1560070 585
1560080 585
1560090 588
1560100 590
1560110 590
1560120 593
1560130 595
1560140 595
1560150 596
1560160 598
1560170 598
1560180 599
1560190 600
1560200 600
1560210 601
1560220 601
1560230 601
1560240 603
1560250 604
1560260 604
1560270 606
1560280 607
1560290 607
1560300 609
1560310 610
1560320 610
1560330 612
1560340 613
1560350 613
1560360 614
1560370 615
1560380 615
1560390 616
1560400 617
1560410 617
1560420 617
1560430 618
1560440 618
1560450 618
1560460 618
1560470 618
1560480 617
1560490 616
1560500 616
1560510 615
1560520 614
1560530 614
1560540 613
1560550 612
1560560 612
1560570 610
1560580 608
1560590 608
1560600 604
1560610 601
1560620 601
1560630 597
1560640 594
1560650 594
1560660 591
1560670 588
1560680 588
1560690 586
1560700 584
1560710 584
1560720 583
1560730 581
1560740 581
1560750 579
1560760 579
1560770 578
1560780 576
1560790 576
1560800 575
1560810 574
1560820 574
1560830 572
1560840 571
1560850 571
1560860 570
1560870 569
1560880 569
1560890 568
1560900 567
1560910 567
1560920 567
1560930 566
1560940 566
1560950 566
1560960 565
1560970 565
1560980 564
1560990 564
1561000 564
1561010 563
1561020 562
1561030 562
1561040 561
1561050 559
1561060 559
1561070 557
1561080 555
1561090 555
1561100 552
1561110 551
1561120 551
1561130 549
1561140 547
1561150 547
1561160 546
1561170 544
1561180 544
1561190 544
1561200 543
1561210 543
1561220 542
1561230 541
1561240 541
1561250 539
1561260 539
1561270 539
1561280 539
1561290 538
1561300 538
1561310 538
1561320 538
1561330 538
1561340 538
1561350 538
1561360 538
1561370 539
1561380 539
1561390 539
1561400 540
1561410 541
1561420 541
1561430 542
1561440 543
1561450 543
1561460 543
1561470 543
1561480 543
1561490 542
1561500 541
1561510 541
1561520 540
1561530 539
1561540 539
1561550 537
1561560 536
1561570 536
1561580 535
1561590 534
1561600 534
1561610 533
1561620 532
1561630 532
1561640 530
1561650 530
1561660 528
1561670 526
1561680 526
1561690 522
1561700 519
1561710 519
1561720 516
1561730 513
1561740 513
1561750 509
1561760 506
1561770 506
1561780 505
1561790 503
1561800 503
1561810 499
1561820 495
1561830 495
1561840 490
1561850 488
1561860 488
1561870 488
1561880 488
1561890 488
1561900 488
1561910 486
1561920 486
1561930 486
1561940 487
1561950 487
1561960 492
1561970 498
1561980 498
1561990 504
1562000 510
1562010 510
1562020 516
1562030 521
1562040 521
1562050 526
1562060 530
1562070 530
1562080 532
1562090 534
1562100 534
1562110 536
1562120 538
1562130 538
1562140 539
1562150 541
1562160 541
1562170 542
1562180 543
1562190 543
1562200 544
1562210 545
1562220 545
1562230 546
1562240 547
1562250 547
1562260 548
1562270 548
1562280 548
1562290 548
1562300 547
1562310 547
1562320 546
1562330 545
1562340 545
1562350 543
1562360 542
1562370 542
1562380 540
1562390 538
1562400 538
1562410 537
1562420 536
1562430 536
1562440 534
1562450 533
1562460 533
1562470 532
1562480 532
1562490 532
1562500 534
1562510 535
1562520 535
1562530 537
1562540 538
1562550 538
1562560 540
1562570 540
1562580 542
1562590 544
1562600 544
1562610 546
1562620 547
1562630 547
1562640 549
1562650 551
1562660 551
1562670 552
1562680 554
1562690 554
1562700 556
1562710 557
1562720 557
1562730 559
1562740 561
1562750 561
1562760 562
1562770 564
1562780 564
1562790 566
1562800 567
1562810 567
1562820 568
1562830 570
1562840 570
1562850 571
1562860 572
1562870 572
1562880 573
1562890 574
1562900 574
1562910 574
1562920 575
1562930 575
1562940 576
1562950 577
1562960 577
1562970 578
1562980 579
1562990 579
1563000 579
1563010 580
1563020 580
1563030 581
1563040 582
1563050 582
1563060 583
1563070 584
1563080 584
1563090 585
1563100 586
1563110 586
1563120 587
1563130 588
1563140 588
1563150 590
1563160 591
1563170 591
1563180 593
1563190 594
1563200 594
1563210 595
1563220 596
1563230 596
1563240 596
1563250 597
1563260 597
1563270 597
1563280 598
1563290 598
1563300 599
1563310 599
1563320 599
1563330 600
1563340 600
1563350 600
1563360 600
1563370 599
1563380 599
1563390 599
1563400 599
1563410 599
1563420 599
1563430 599
1563440 599
1563450 600
1563460 600
1563470 600
1563480 601
1563490 601
1563500 602
1563510 603
1563520 603
1563530 603
1563540 604
1563550 604
1563560 605
1563570 606
1563580 606
1563590 607
1563600 608
1563610 608
1563620 609
1563630 610
1563640 610
1563650 611
1563660 612
1563670 612
1563680 612
1563690 614
1563700 614
1563710 614
1563720 615
1563730 615
1563740 616
1563750 616
1563760 616
1563770 616
1563780 617
1563790 617
1563800 617
1563810 618
1563820 618
1563830 618
1563840 618
1563850 618
1563860 618
1563870 619
1563880 619
1563890 619
1563900 619
1563910 619
1563920 619
1563930 620
1563940 620
1563950 619
1563960 619
1563970 619
1563980 619
1563990 619
1564000 619
1564010 619
1564020 619
1564030 619
1564040 619
1564050 619
1564060 619
1564070 619
1564080 618
1564090 618
1564100 618
1564110 618
1564120 618
1564130 617
1564140 617
1564150 616
1564160 616
1564170 616
1564180 616
1564190 616
1564200 616
1564210 616
1564220 616
1564230 616
1564240 616
1564250 616
1564260 616
1564270 616
1564280 616
1564290 617
1564300 617
1564310 617
1564320 618
1564330 618
1564340 618
1564350 619
1564360 619
1564370 619
1564380 619
1564390 618
1564400 618
1564410 618
1564420 618
1564430 618
1564440 618
1564450 618
1564460 617
1564470 617
1564480 617
1564490 616
1564500 616
1564510 616
1564520 615
1564530 615
1564540 615
1564550 614
1564560 614
1564570 613
1564580 612
1564590 612
1564600 610
1564610 609
1564620 609
1564630 607
1564640 605
1564650 605
1564660 604
1564670 603
1564680 603
1564690 602
1564700 600
1564710 600
1564720 599
1564730 598
1564740 598
1564750 596
1564760 594
1564770 594
1564780 592
1564790 590
1564800 590
1564810 589
1564820 586
1564830 586
1564840 584
1564850 583
1564860 583
1564870 583
1564880 582
1564890 582
1564900 581
1564910 580
1564920 580
1564930 578
1564940 577
1564950 577
1564960 577
1564970 577
1564980 577
1564990 576
1565000 576
1565010 576
1565020 576
1565030 576
1565040 576
1565050 576
1565060 575
1565070 575
1565080 576
1565090 575
1565100 575
1565110 574
1565120 574
1565130 574
1565140 573
1565150 573
1565160 573
1565170 572
1565180 571
1565190 571
1565200 571
1565210 570
1565220 570
1565230 569
1565240 567
1565250 567
1565260 567
1565270 567
1565280 567
1565290 567
1565300 567
1565310 567
1565320 567
1565330 567
1565340 567
1565350 567
1565360 567
1565370 567
1565380 567
1565390 567
1565400 568
1565410 569
1565420 569
1565430 570
1565440 571
1565450 571
1565460 573
1565470 574
1565480 574
1565490 575
1565500 576
1565510 576
1565520 576
1565530 577
1565540 577
1565550 577
1565560 577
1565570 577
1565580 577
1565590 577
1565600 577
1565610 577
1565620 576
1565630 576
1565640 574
1565650 571
1565660 571
1565670 569
1565680 566
1565690 566
1565700 563
1565710 561
1565720 561
1565730 559
1565740 557
1565750 557
1565760 556
1565770 555
1565780 555
1565790 554
1565800 552
1565810 552
1565820 550
1565830 548
1565840 548
1565850 546
1565860 544
1565870 544
1565880 541
1565890 539
1565900 539
1565910 537
1565920 534
1565930 534
1565940 532
1565950 528
1565960 528
1565970 528
1565980 532
1565990 532
1566000 538
1566010 542
1566020 542
1566030 546
1566040 549
1566050 549
1566060 551
1566070 551
1566080 551
1566090 551
1566100 551
1566110 551
1566120 551
1566130 551
1566140 551
1566150 551
1566160 551
1566170 551
1566180 550
1566190 550
1566200 550
1566210 549
1566220 549
1566230 548
1566240 547
1566250 547
1566260 546
1566270 545
1566280 545
1566290 544
1566300 542
1566310 542
1566320 541
1566330 540
1566340 540
1566350 540
1566360 540
1566370 540
1566380 540
1566390 540
1566400 540
1566410 539
1566420 539
1566430 539
1566440 538
1566450 538
1566460 538
1566470 537
1566480 535
1566490 535
1566500 534
1566510 531
1566520 531
1566530 527
1566540 522
1566550 522
1566560 516
1566570 513
1566580 513
1566590 513
1566600 513
1566610 513
1566620 513
1566630 514
1566640 514
1566650 514
1566660 514
1566670 514
1566680 514
1566690 514
1566700 514
1566710 515
1566720 515
1566730 515
1566740 516
1566750 518
1566760 518
1566770 521
1566780 523
1566790 523
1566800 526
1566810 529
1566820 529
1566830 531
1566840 533
1566850 533
1566860 534
1566870 534
1566880 534
1566890 535
1566900 535
1566910 535
1566920 536
1566930 536
1566940 536
1566950 536
1566960 537
1566970 537
1566980 537
1566990 537
1567000 537
1567010 537
1567020 538
1567030 538
1567040 538
1567050 538
1567060 538
1567070 539
1567080 539
1567090 539
1567100 539
1567110 539
1567120 539
1567130 539
1567140 539
1567150 539
1567160 540
1567170 540
1567180 539
1567190 539
1567200 539
1567210 537
1567220 536
1567230 536
1567240 535
1567250 536
1567260 536
1567270 537
1567280 538
1567290 538
1567300 539
1567310 540
1567320 540
1567330 541
1567340 542
1567350 542
1567360 543
1567370 544
1567380 544
1567390 544
1567400 545
1567410 545
1567420 546
1567430 546
1567440 546
1567450 547
1567460 547
1567470 547
1567480 548
1567490 548
1567500 548
1567510 549
1567520 549
1567530 549
1567540 550
1567550 550
1567560 550
1567570 550
1567580 550
1567590 550
1567600 551
1567610 551
1567620 551
1567630 551
1567640 551
1567650 551
1567660 551
1567670 550
1567680 550
1567690 550
1567700 548
1567710 548
1567720 546
1567730 544
1567740 544
1567750 542
1567760 540
1567770 540
1567780 539
1567790 538
1567800 538
1567810 537
1567820 537
1567830 537
1567840 536
1567850 537
1567860 537
1567870 539
1567880 541
1567890 541
1567900 543
1567910 546
1567920 546
1567930 548
1567940 549
1567950 549
1567960 550
1567970 550
1567980 550
1567990 551
1568000 551
1568010 552
1568020 552
1568030 552
1568040 553
1568050 553
1568060 553
1568070 553
1568080 554
1568090 554
1568100 554
1568110 554
1568120 554
1568130 554
1568140 554
1568150 554
1568160 554
1568170 553
1568180 553
1568190 553
1568200 553
1568210 553
1568220 553
1568230 553
1568240 553
1568250 553
1568260 552
1568270 552
1568280 552
1568290 552
1568300 552
1568310 552
1568320 554
1568330 554
1568340 556
1568350 558
1568360 558
1568370 560
1568380 561
1568390 561
1568400 564
1568410 565
1568420 565
1568430 566
1568440 567
1568450 567
1568460 568
1568470 569
1568480 569
1568490 570
1568500 571
1568510 571
1568520 572
1568530 573
1568540 573
1568550 573
1568560 574
1568570 574
1568580 574
1568590 574
1568600 574
1568610 575
1568620 575
1568630 575
1568640 575
1568650 576
1568660 576
1568670 576
1568680 576
1568690 576
1568700 575
1568710 575
1568720 575
1568730 576
1568740 576
1568750 576
1568760 576
1568770 577
1568780 577
1568790 577
1568800 576
1568810 576
1568820 575
1568830 574
1568840 574
1568850 571
1568860 568
1568870 568
1568880 566
1568890 566
1568900 565
1568910 565
1568920 566
1568930 566
1568940 567
1568950 567
1568960 567
1568970 568
1568980 568
1568990 570
1569000 571
1569010 571
1569020 573
1569030 575
1569040 575
1569050 578
1569060 580
1569070 580
1569080 581
1569090 583
1569100 583
1569110 585
1569120 588
1569130 588
1569140 589
1569150 591
1569160 591
1569170 594
1569180 596
1569190 596
1569200 598
1569210 600
1569220 600
1569230 602
1569240 604
1569250 604
1569260 605
1569270 606
1569280 606
1569290 608
1569300 609
1569310 609
1569320 609
1569330 610
1569340 610
1569350 610
1569360 610
1569370 610
1569380 611
1569390 611
1569400 611
1569410 611
1569420 611
1569430 611
1569440 611
1569450 610
1569460 610
1569470 610
1569480 610
1569490 610
1569500 610
1569510 610
1569520 610
1569530 610
1569540 610
1569550 610
1569560 610
1569570 610
1569580 610
1569590 610
1569600 610
1569610 610
1569620 610
1569630 610
1569640 610
1569650 609
1569660 609
1569670 609
1569680 609
1569690 608
1569700 608
1569710 608
1569720 608
1569730 608
1569740 607
1569750 607
1569760 607
1569770 606
1569780 606
1569790 605
1569800 605
1569810 605
1569820 604
1569830 604
1569840 604
1569850 604
1569860 605
1569870 605
1569880 606
1569890 608
1569900 608
1569910 609
1569920 611
1569930 611
1569940 612
1569950 613
1569960 613
1569970 615
1569980 618
1569990 618
1570000 620
1570010 622
1570020 622
1570030 625
1570040 627
1570050 627
1570060 630
1570070 632
1570080 632
1570090 634
1570100 635
1570110 635
1570120 637
1570130 639
1570140 639
1570150 640
1570160 642
1570170 642
1570180 643
1570190 646
1570200 646
1570210 647
1570220 649
1570230 649
1570240 651
1570250 653
1570260 653
1570270 655
1570280 657
1570290 657
1570300 659
1570310 661
1570320 661
1570330 662
1570340 664
1570350 664
1570360 665
1570370 667
1570380 667
1570390 668
1570400 670
1570410 670
1570420 671
1570430 673
1570440 673
1570450 677
1570460 678
1570470 678
1570480 680
1570490 682
1570500 682
1570510 683
1570520 684
1570530 684
1570540 685
1570550 687
1570560 687
1570570 689
1570580 691
1570590 691
1570600 694
1570610 696
1570620 696
1570630 698
1570640 701
1570650 701
1570660 704
1570670 707
1570680 707
1570690 710
1570700 710
1570710 713
1570720 716
1570730 716
1570740 718
1570750 721
1570760 721
1570770 722
1570780 724
1570790 724
1570800 725
1570810 726
1570820 726
1570830 726
1570840 726
1570850 726
1570860 726
1570870 725
1570880 725
1570890 723
1570900 721
1570910 721
1570920 719
1570930 716
1570940 716
1570950 713
1570960 711
1570970 711
1570980 710
1570990 707
1571000 707
1571010 705
1571020 704
1571030 704
1571040 703
1571050 702
1571060 702
1571070 700
1571080 697
1571090 697
1571100 695
1571110 696
1571120 696
1571130 697
1571140 698
1571150 698
1571160 698
1571170 697
1571180 697
1571190 697
1571200 697
1571210 697
1571220 698
1571230 699
1571240 699
1571250 699
1571260 699
1571270 699
1571280 700
1571290 700
1571300 700
1571310 700
1571320 701
1571330 701
1571340 701
1571350 701
1571360 701
1571370 701
1571380 701
1571390 701
1571400 701
1571410 701
1571420 701
1571430 701
1571440 700
1571450 700
1571460 700
1571470 700
1571480 700
1571490 700
1571500 701
1571510 701
1571520 701
1571530 701
1571540 701
1571550 701
1571560 701
1571570 701
1571580 702
1571590 702
1571600 701
1571610 702
1571620 702
1571630 703
1571640 705
1571650 705
1571660 707
1571670 708
1571680 708
1571690 710
1571700 711
1571710 711
1571720 714
1571730 715
1571740 715
1571750 718
1571760 720
1571770 720
1571780 722
1571790 724
1571800 724
1571810 726
1571820 728
1571830 728
1571840 730
1571850 732
1571860 732
1571870 734
1571880 736
1571890 736
1571900 739
1571910 742
1571920 742
1571930 745
1571940 749
1571950 749
1571960 754
1571970 759
1571980 759
1571990 764
1572000 763
1572010 763
1572020 761
1572030 760
1572040 760
1572050 758
1572060 756
1572070 756
1572080 753
1572090 750
1572100 750
1572110 747
1572120 743
1572130 743
1572140 741
1572150 738
1572160 738
1572170 735
1572180 732
1572190 732
1572200 729
1572210 726
1572220 726
1572230 722
1572240 719
1572250 719
1572260 716
1572270 713
1572280 713
1572290 709
1572300 706
1572310 706
1572320 703
1572330 700
1572340 700
1572350 697
1572360 694
1572370 694
1572380 691
1572390 689
1572400 689
1572410 686
1572420 684
1572430 684
1572440 681
1572450 678
1572460 678
1572470 675
1572480 672
1572490 672
1572500 669
1572510 669
1572520 666
1572530 662
1572540 662
1572550 659
1572560 655
1572570 655
1572580 651
1572590 648
1572600 648
1572610 645
1572620 642
1572630 642
1572640 640
1572650 638
1572660 638
1572670 638
1572680 637
1572690 637
1572700 638
1572710 639
1572720 639
1572730 642
1572740 646
1572750 646
1572760 649
1572770 652
1572780 652
1572790 655
1572800 657
1572810 657
1572820 660
1572830 662
1572840 662
1572850 665
1572860 668
1572870 668
1572880 671
1572890 675
1572900 675
1572910 679
1572920 682
1572930 682
1572940 685
1572950 689
1572960 689
1572970 692
1572980 696
1572990 696
1573000 699
1573010 702
1573020 702
1573030 705
1573040 708
1573050 708
1573060 712
1573070 715
1573080 715
1573090 718
1573100 721
1573110 721
1573120 723
1573130 726
1573140 726
1573150 728
1573160 731
1573170 731
1573180 733
1573190 734
1573200 734
1573210 735
1573220 736
1573230 736
1573240 737
1573250 740
1573260 740
1573270 742
1573280 744
1573290 744
1573300 745
1573310 745
1573320 745
1573330 746
1573340 747
1573350 747
1573360 748
1573370 748
1573380 748
1573390 748
1573400 748
1573410 748
1573420 748
1573430 748
1573440 746
1573450 746
1573460 746
1573470 745
1573480 744
1573490 744
1573500 743
1573510 741
1573520 741
1573530 739
1573540 737
1573550 737
1573560 735
1573570 733
1573580 733
1573590 731
1573600 729
1573610 729
1573620 728
1573630 726
1573640 726
1573650 724
1573660 722
1573670 722
1573680 721
1573690 719
1573700 719
1573710 718
1573720 717
1573730 717
1573740 715
1573750 713
1573760 713
1573770 712
1573780 710
1573790 710
1573800 708
1573810 706
1573820 706
1573830 705
1573840 703
1573850 703
1573860 701
1573870 699
1573880 699
1573890 698
1573900 695
1573910 695
1573920 694
1573930 693
1573940 693
1573950 692
1573960 690
1573970 690
1573980 689
1573990 687
1574000 687
1574010 685
1574020 683
1574030 683
1574040 680
1574050 678
1574060 678
1574070 676
1574080 673
1574090 673
1574100 669
1574110 663
1574120 663
1574130 659
1574140 656
1574150 656
1574160 653
1574170 651
1574180 651
1574190 649
1574200 646
1574210 646
1574220 644
1574230 643
1574240 643
1574250 640
1574260 638
1574270 638
1574280 635
1574290 632
1574300 632
1574310 629
1574320 629
1574330 627
1574340 621
1574350 621
1574360 618
1574370 615
1574380 615
1574390 612
1574400 610
1574410 610
1574420 607
1574430 605
1574440 605
1574450 602
1574460 600
1574470 600
1574480 598
1574490 596
1574500 596
1574510 594
1574520 592
1574530 592
1574540 590
1574550 589
1574560 589
1574570 586
1574580 584
1574590 584
1574600 583
1574610 582
1574620 582
1574630 582
1574640 583
1574650 583
1574660 584
1574670 584
1574680 584
1574690 584
1574700 584
1574710 584
1574720 584
1574730 584
1574740 584
1574750 584
1574760 584
1574770 584
1574780 584
1574790 584
1574800 584
1574810 584
1574820 584
1574830 584
1574840 584
1574850 585
1574860 585
1574870 586
1574880 586
1574890 586
1574900 586
1574910 586
1574920 586
1574930 587
1574940 588
1574950 588
1574960 588
1574970 589
1574980 589
1574990 589
1575000 590
1575010 590
1575020 591
1575030 592
1575040 592
1575050 592
1575060 593
1575070 593
1575080 593
1575090 593
1575100 593
1575110 593
1575120 594
1575130 594
1575140 594
1575150 594
1575160 594
1575170 595
1575180 595
1575190 595
1575200 596
1575210 596
1575220 597
1575230 597
1575240 597
1575250 598
1575260 599
1575270 599
1575280 599
1575290 599
1575300 599
1575310 599
1575320 599
1575330 599
1575340 599
1575350 599
1575360 599
1575370 599
1575380 599
1575390 599
1575400 600
1575410 600
1575420 600
1575430 601
1575440 602
1575450 602
1575460 602
1575470 602
1575480 602
1575490 601
1575500 601
1575510 601
1575520 602
1575530 602
1575540 602
1575550 603
1575560 603
1575570 603
1575580 604
1575590 604
1575600 604
1575610 604
1575620 605
1575630 605
1575640 605
1575650 606
1575660 606
1575670 607
1575680 608
1575690 608
1575700 609
1575710 610
1575720 610
1575730 611
1575740 612
1575750 612
1575760 613
1575770 614
1575780 614
1575790 615
1575800 617
1575810 617
1575820 618
1575830 619
1575840 619
1575850 620
1575860 622
1575870 622
1575880 623
1575890 624
1575900 624
1575910 626
1575920 626
1575930 626
1575940 627
1575950 628
1575960 628
1575970 629
1575980 630
1575990 630
1576000 631
1576010 633
1576020 633
1576030 635
1576040 637
1576050 637
1576060 639
1576070 642
1576080 642
1576090 645
1576100 645
1576110 648
1576120 650
1576130 650
1576140 653
1576150 656
1576160 656
1576170 659
1576180 662
1576190 662
1576200 664
1576210 665
1576220 665
1576230 667
1576240 669
1576250 669
1576260 669
1576270 669
1576280 669
1576290 669
1576300 667
1576310 667
1576320 664
1576330 662
1576340 664
1576350 661
1576360 658
1576370 658
1576380 655
1576390 653
1576400 653
1576410 651
1576420 649
1576430 649
1576440 648
1576450 647
1576460 647
1576470 647
1576480 646
1576490 646
1576500 644
1576510 644
1576520 644
1576530 645
1576540 646
1576550 646
1576560 647
1576570 647
1576580 647
1576590 648
1576600 649
1576610 649
1576620 650
1576630 651
1576640 651
1576650 652
1576660 653
1576670 653
1576680 654
1576690 654
1576700 654
1576710 655
1576720 655
1576730 655
1576740 656
1576750 657
1576760 657
1576770 657
1576780 656
1576790 656
1576800 656
1576810 657
1576820 657
1576830 658
1576840 659
1576850 659
1576860 659
1576870 660
1576880 660
1576890 661
1576900 664
1576910 664
1576920 665
1576930 667
1576940 667
1576950 669
1576960 671
1576970 671
1576980 673
1576990 675
1577000 675
1577010 676
1577020 676
1577030 677
1577040 678
1577050 678
1577060 679
1577070 680
1577080 680
1577090 681
1577100 681
1577110 681
1577120 681
1577130 681
1577140 681
1577150 680
1577160 680
1577170 680
1577180 680
1577190 681
1577200 681
1577210 681
1577220 681
1577230 681
1577240 681
1577250 681
1577260 681
1577270 682
1577280 682
1577290 682
1577300 683
1577310 684
1577320 684
1577330 685
1577340 687
1577350 687
1577360 688
1577370 690
1577380 690
1577390 691
1577400 692
1577410 692
1577420 692
1577430 692
1577440 692
1577450 692
1577460 691
1577470 691
1577480 691
1577490 691
1577500 691
1577510 690
1577520 690
1577530 690
1577540 689
1577550 689
1577560 689
1577570 688
1577580 687
1577590 687
1577600 686
1577610 686
1577620 686
1577630 685
1577640 685
1577650 685
1577660 685
1577670 685
1577680 685
1577690 682
1577700 681
1577710 681
1577720 680
1577730 679
1577740 679
1577750 679
1577760 678
1577770 678
1577780 677
1577790 676
1577800 676
1577810 676
1577820 676
1577830 676
1577840 676
1577850 677
1577860 677
1577870 677
1577880 677
1577890 677
1577900 677
1577910 677
1577920 677
1577930 676
1577940 676
1577950 676
1577960 675
1577970 675
1577980 675
1577990 674
1578000 674
1578010 673
1578020 671
1578030 671
1578040 669
1578050 667
1578060 667
1578070 665
1578080 662
1578090 662
1578100 661
1578110 659
1578120 659
1578130 659
1578140 659
1578150 659
1578160 659
1578170 659
1578180 659
1578190 659
1578200 659
1578210 659
1578220 659
1578230 659
1578240 659
1578250 659
1578260 659
1578270 659
1578280 659
1578290 659
1578300 659
1578310 659
1578320 659
1578330 659
1578340 659
1578350 659
1578360 659
1578370 659
1578380 660
1578390 660
1578400 660
1578410 660
1578420 660
1578430 660
1578440 660
1578450 660
1578460 660
1578470 660
1578480 660
1578490 660
1578500 660
1578510 660
1578520 660
1578530 660
1578540 660
1578550 660
1578560 660
1578570 660
1578580 660
1578590 660
1578600 660
1578610 660
1578620 661
1578630 661
1578640 661
1578650 661
1578660 661
1578670 661
1578680 661
1578690 661
1578700 661
1578710 661
1578720 661
1578730 661
1578740 661
1578750 661
1578760 662
1578770 662
1578780 662
1578790 662
1578800 662
1578810 662
1578820 662
1578830 662
1578840 662
1578850 662
1578860 662
1578870 662
1578880 662
1578890 662
1578900 662
1578910 662
1578920 662
1578930 663
1578940 663
1578950 663
1578960 663
1578970 663
1578980 663
1578990 663
1579000 662
1579010 662
1579020 662
1579030 662
1579040 662
1579050 663
1579060 663
1579070 663
1579080 663
1579090 663
1579100 663
1579110 663
1579120 663
1579130 663
1579140 663
1579150 663
1579160 663
1579170 663
1579180 663
1579190 663
1579200 663
1579210 664
1579220 664
1579230 664
1579240 664
1579250 664
1579260 664
1579270 664
1579280 664
1579290 664
1579300 664
1579310 664
1579320 664
1579330 664
1579340 664
1579350 664
1579360 664
1579370 664
1579380 664
1579390 664
1579400 664
1579410 665
1579420 665
1579430 665
1579440 665
1579450 665
1579460 665
1579470 665
1579480 666
1579490 666
1579500 666
1579510 666
1579520 666
1579530 666
1579540 667
1579550 667
1579560 667
1579570 668
1579580 668
1579590 668
1579600 669
1579610 669
1579620 669
1579630 669
1579640 669
1579650 670
1579660 671
1579670 671
1579680 671
1579690 671
1579700 671
1579710 672
1579720 672
1579730 672
1579740 673
1579750 673
1579760 673
1579770 673
1579780 673
1579790 674
1579800 674
1579810 674
1579820 674
1579830 674
1579840 674
1579850 674
1579860 674
1579870 674
1579880 673
1579890 673
1579900 673
1579910 673
1579920 673
1579930 673
1579940 672
1579950 671
1579960 671
1579970 670
1579980 670
1579990 670
