1560000 592
1560010 591
1560020 589
1560030 589
1560040 588
1560050 586
1560060 586
1560070 585
1560080 582
1560090 582
1560100 579
1560110 576
1560120 576
1560130 572
1560140 569
1560150 569
1560160 567
1560170 565
1560180 565
1560190 564
1560200 562
1560210 562
1560220 562
1560230 559
1560240 559
1560250 558
1560260 557
1560270 557
1560280 555
1560290 554
1560300 554
1560310 553
1560320 552
1560330 552
1560340 551
1560350 549
1560360 549
1560370 548
1560380 547
1560390 547
1560400 545
1560410 544
1560420 544
1560430 543
1560440 542
1560450 542
1560460 541
1560470 539
1560480 539
1560490 538
1560500 537
1560510 537
1560520 535
1560530 534
1560540 534
1560550 533
1560560 531
1560570 531
1560580 529
1560590 526
1560600 526
1560610 525
1560620 525
1560630 525
1560640 525
1560650 526
1560660 526
1560670 528
1560680 531
1560690 531
1560700 533
1560710 536
1560720 536
1560730 538
1560740 540
1560750 540
1560760 541
1560770 542
1560780 542
1560790 543
1560800 544
1560810 544
1560820 544
1560830 543
1560840 543
1560850 541
1560860 541
1560870 539
1560880 538
1560890 538
1560900 537
1560910 537
1560920 537
1560930 537
1560940 537
1560950 537
1560960 537
1560970 539
1560980 539
1560990 542
1561000 543
1561010 543
1561020 545
1561030 547
1561040 547
1561050 549
1561060 551
1561070 551
1561080 553
1561090 555
1561100 555
1561110 558
1561120 560
1561130 560
1561140 563
1561150 566
1561160 566
1561170 569
1561180 572
1561190 572
1561200 575
1561210 578
1561220 578
1561230 580
1561240 582
1561250 582
1561260 584
1561270 586
1561280 586
1561290 588
1561300 589
1561310 589
1561320 590
1561330 591
1561340 591
1561350 592
1561360 593
1561370 593
1561380 594
1561390 594
1561400 594
1561410 595
1561420 595
1561430 595
1561440 595
1561450 595
1561460 595
1561470 595
1561480 595
1561490 595
1561500 594
1561510 594
1561520 594
1561530 593
1561540 592
1561550 592
1561560 590
1561570 589
1561580 589
1561590 588
1561600 586
1561610 586
1561620 584
1561630 582
1561640 582
1561650 581
1561660 579
1561670 579
1561680 578
1561690 576
1561700 576
1561710 574
1561720 574
1561730 572
1561740 570
1561750 570
1561760 568
1561770 566
1561780 566
1561790 563
1561800 562
1561810 562
1561820 561
1561830 558
1561840 558
1561850 556
1561860 554
1561870 554
1561880 552
1561890 551
1561900 551
1561910 548
1561920 546
1561930 546
1561940 544
1561950 543
1561960 543
1561970 541
1561980 538
1561990 538
1562000 535
1562010 533
1562020 533
1562030 531
1562040 529
1562050 529
1562060 528
1562070 525
1562080 525
1562090 522
1562100 520
1562110 520
1562120 519
1562130 517
1562140 517
1562150 515
1562160 513
1562170 513
1562180 512
1562190 511
1562200 511
1562210 509
1562220 508
1562230 508
1562240 506
1562250 505
1562260 505
1562270 504
1562280 502
1562290 502
1562300 499
1562310 496
1562320 496
1562330 493
1562340 491
1562350 491
1562360 491
1562370 492
1562380 492
1562390 492
1562400 492
1562410 492
1562420 492
1562430 492
1562440 492
1562450 492
1562460 493
1562470 493
1562480 495
1562490 499
1562500 499
1562510 505
1562520 512
1562530 512
1562540 517
1562550 517
1562560 520
1562570 523
1562580 523
1562590 524
1562600 526
1562610 526
1562620 527
1562630 526
1562640 526
1562650 528
1562660 530
1562670 530
1562680 531
1562690 531
1562700 531
1562710 531
1562720 530
1562730 530
1562740 528
1562750 525
1562760 525
1562770 520
1562780 516
1562790 516
1562800 512
1562810 510
1562820 510
1562830 509
1562840 509
1562850 509
1562860 509
1562870 508
1562880 508
1562890 507
1562900 506
1562910 506
1562920 505
1562930 505
1562940 505
1562950 504
1562960 499
1562970 499
1562980 497
1562990 496
1563000 496
1563010 495
1563020 495
1563030 495
1563040 496
1563050 496
1563060 496
1563070 496
1563080 496
1563090 496
1563100 496
1563110 496
1563120 496
1563130 497
1563140 499
1563150 499
1563160 503
1563170 507
1563180 507
1563190 511
1563200 513
1563210 513
1563220 516
1563230 519
1563240 519
1563250 522
1563260 523
1563270 523
1563280 524
1563290 526
1563300 526
1563310 527
1563320 528
1563330 528
1563340 528
1563350 530
1563360 530
1563370 530
1563380 530
1563390 530
1563400 530
1563410 530
1563420 530
1563430 530
1563440 530
1563450 530
1563460 530
1563470 530
1563480 530
1563490 530
1563500 530
1563510 531
1563520 531
1563530 531
1563540 531
1563550 531
1563560 531
1563570 530
1563580 529
1563590 529
1563600 527
1563610 525
1563620 525
1563630 522
1563640 521
1563650 521
1563660 520
1563670 520
1563680 520
1563690 520
1563700 519
1563710 519
1563720 518
1563730 517
1563740 517
1563750 516
1563760 516
1563770 516
1563780 516
1563790 516
1563800 516
1563810 516
1563820 515
1563830 515
1563840 514
1563850 512
1563860 512
1563870 511
1563880 509
1563890 509
1563900 508
1563910 507
1563920 507
1563930 507
1563940 508
1563950 508
1563960 509
1563970 511
1563980 511
1563990 515
1564000 516
1564010 516
1564020 516
1564030 517
1564040 517
1564050 517
1564060 518
1564070 518
1564080 519
1564090 520
1564100 520
1564110 521
1564120 522
1564130 522
1564140 525
1564150 525
1564160 525
1564170 526
1564180 526
1564190 526
1564200 527
1564210 528
1564220 528
1564230 528
1564240 528
1564250 528
1564260 528
1564270 528
1564280 528
1564290 528
1564300 528
1564310 528
1564320 528
1564330 528
1564340 527
1564350 527
1564360 527
1564370 526
1564380 526
1564390 526
1564400 526
1564410 525
1564420 525
1564430 524
1564440 523
1564450 523
1564460 523
1564470 523
1564480 523
1564490 523
1564500 523
1564510 523
1564520 523
1564530 524
1564540 524
1564550 524
1564560 525
1564570 525
1564580 525
1564590 526
1564600 526
1564610 527
1564620 530
1564630 530
1564640 530
1564650 531
1564660 531
1564670 531
1564680 531
1564690 531
1564700 532
1564710 533
1564720 533
1564730 534
1564740 535
1564750 535
1564760 536
1564770 537
1564780 537
1564790 537
1564800 538
1564810 538
1564820 539
1564830 540
1564840 540
1564850 540
1564860 540
1564870 540
1564880 540
1564890 542
1564900 542
1564910 543
1564920 543
1564930 543
1564940 544
1564950 544
1564960 544
1564970 546
1564980 548
1564990 548
1565000 548
1565010 549
1565020 549
1565030 550
1565040 551
1565050 551
1565060 551
1565070 552
1565080 552
1565090 553
1565100 554
1565110 554
1565120 554
1565130 554
1565140 555
1565150 555
1565160 555
1565170 556
1565180 557
1565190 557
1565200 557
1565210 558
1565220 558
1565230 558
1565240 559
1565250 559
1565260 559
1565270 560
1565280 560
1565290 560
1565300 560
1565310 560
1565320 560
1565330 560
1565340 560
1565350 560
1565360 558
1565370 558
1565380 557
1565390 557
1565400 557
1565410 555
1565420 552
1565430 552
1565440 549
1565450 547
1565460 547
1565470 544
1565480 543
1565490 543
1565500 543
1565510 544
1565520 544
1565530 545
1565540 547
1565550 547
1565560 548
1565570 550
1565580 550
1565590 552
1565600 554
1565610 554
1565620 556
1565630 557
1565640 557
1565650 558
1565660 559
1565670 559
1565680 560
1565690 561
1565700 561
1565710 562
1565720 564
1565730 564
1565740 566
1565750 568
1565760 568
1565770 569
1565780 570
1565790 570
1565800 572
1565810 574
1565820 574
1565830 577
1565840 580
1565850 580
1565860 582
1565870 585
1565880 585
1565890 587
1565900 588
1565910 588
1565920 590
1565930 592
1565940 592
1565950 594
1565960 596
1565970 596
1565980 598
1565990 598
1566000 600
1566010 602
1566020 602
1566030 604
1566040 606
1566050 606
1566060 608
1566070 610
1566080 610
1566090 612
1566100 614
1566110 614
1566120 616
1566130 617
1566140 617
1566150 619
1566160 622
1566170 622
1566180 624
1566190 625
1566200 625
1566210 627
1566220 630
1566230 630
1566240 632
1566250 634
1566260 634
1566270 637
1566280 640
1566290 640
1566300 643
1566310 647
1566320 647
1566330 650
1566340 654
1566350 654
1566360 658
1566370 661
1566380 661
1566390 665
1566400 668
1566410 668
1566420 672
1566430 675
1566440 675
1566450 679
1566460 683
1566470 683
1566480 687
1566490 690
1566500 690
1566510 693
1566520 695
1566530 695
1566540 697
1566550 699
1566560 699
1566570 700
1566580 702
1566590 702
1566600 703
1566610 704
1566620 704
1566630 705
1566640 705
1566650 705
1566660 705
1566670 705
1566680 705
1566690 704
1566700 704
1566710 704
1566720 704
1566730 704
1566740 704
1566750 703
1566760 701
1566770 701
1566780 700
1566790 699
1566800 699
1566810 697
1566820 697
1566830 697
1566840 696
1566850 696
1566860 696
1566870 696
1566880 696
1566890 696
1566900 696
1566910 696
1566920 696
1566930 696
1566940 696
1566950 696
1566960 696
1566970 696
1566980 696
1566990 696
1567000 696
1567010 696
1567020 696
1567030 696
1567040 696
1567050 697
1567060 697
1567070 697
1567080 697
1567090 697
1567100 697
1567110 698
1567120 698
1567130 698
1567140 699
1567150 699
1567160 700
1567170 702
1567180 702
1567190 703
1567200 705
1567210 705
1567220 707
1567230 710
1567240 710
1567250 712
1567260 714
1567270 714
1567280 716
1567290 717
1567300 717
1567310 718
1567320 719
1567330 719
1567340 720
1567350 720
1567360 720
1567370 721
1567380 722
1567390 722
1567400 722
1567410 722
1567420 722
1567430 723
1567440 723
1567450 723
1567460 723
1567470 723
1567480 723
1567490 724
1567500 723
1567510 723
1567520 722
1567530 720
1567540 720
1567550 716
1567560 712
1567570 712
1567580 710
1567590 706
1567600 706
1567610 703
1567620 699
1567630 699
1567640 697
1567650 695
1567660 695
1567670 694
1567680 694
1567690 693
1567700 693
1567710 693
1567720 695
1567730 699
1567740 699
1567750 703
1567760 707
1567770 707
1567780 711
1567790 714
1567800 715
1567810 718
1567820 722
1567830 722
1567840 725
1567850 729
1567860 729
1567870 732
1567880 736
1567890 736
1567900 738
1567910 741
1567920 741
1567930 744
1567940 746
1567950 746
1567960 748
1567970 750
1567980 750
1567990 753
1568000 755
1568010 755
1568020 758
1568030 761
1568040 761
1568050 764
1568060 767
1568070 767
1568080 770
1568090 772
1568100 772
1568110 775
1568120 777
1568130 777
1568140 779
1568150 782
1568160 782
1568170 783
1568180 785
1568190 785
1568200 787
1568210 789
1568220 789
1568230 791
1568240 792
1568250 792
1568260 794
1568270 795
1568280 795
1568290 797
1568300 798
1568310 798
1568320 799
1568330 801
1568340 801
1568350 802
1568360 803
1568370 803
1568380 805
1568390 806
1568400 806
1568410 808
1568420 809
1568430 809
1568440 811
1568450 812
1568460 812
1568470 813
1568480 813
1568490 813
1568500 815
1568510 816
1568520 816
1568530 816
1568540 816
1568550 817
1568560 818
1568570 818
1568580 819
1568590 820
1568600 820
1568610 821
1568620 822
1568630 822
1568640 823
1568650 824
1568660 824
1568670 825
1568680 826
1568690 826
1568700 828
1568710 829
1568720 829
1568730 830
1568740 831
1568750 831
1568760 831
1568770 832
1568780 832
1568790 833
1568800 834
1568810 834
1568820 835
1568830 836
1568840 836
1568850 836
1568860 837
1568870 837
1568880 838
1568890 839
1568900 839
1568910 840
1568920 841
1568930 841
1568940 842
1568950 843
1568960 843
1568970 844
1568980 845
1568990 845
1569000 846
1569010 847
1569020 847
1569030 848
1569040 849
1569050 849
1569060 850
1569070 850
1569080 850
1569090 851
1569100 852
1569110 852
1569120 853
1569130 854
1569140 854
1569150 854
1569160 855
1569170 855
1569180 856
1569190 856
1569200 856
1569210 857
1569220 858
1569230 858
1569240 858
1569250 858
1569260 858
1569270 858
1569280 858
1569290 858
1569300 858
1569310 858
1569320 858
1569330 858
1569340 858
1569350 858
1569360 858
1569370 858
1569380 858
1569390 858
1569400 858
1569410 858
1569420 857
1569430 857
1569440 857
1569450 857
1569460 857
1569470 856
1569480 856
1569490 856
1569500 855
1569510 853
1569520 853
1569530 851
1569540 849
1569550 849
1569560 847
1569570 845
1569580 845
1569590 844
1569600 843
1569610 843
1569620 842
1569630 842
1569640 842
1569650 841
1569660 841
1569670 841
1569680 840
1569690 840
1569700 840
1569710 841
1569720 841
1569730 841
1569740 841
1569750 842
1569760 842
1569770 842
1569780 843
1569790 843
1569800 844
1569810 844
1569820 844
1569830 845
1569840 846
1569850 846
1569860 847
1569870 848
1569880 848
1569890 849
1569900 850
1569910 850
1569920 851
1569930 852
1569940 852
1569950 852
1569960 853
1569970 853
1569980 854
1569990 855
1570000 855
1570010 855
1570020 856
1570030 856
1570040 857
1570050 858
1570060 858
1570070 858
1570080 859
1570090 859
1570100 860
1570110 861
1570120 861
1570130 863
1570140 864
1570150 864
1570160 865
1570170 865
1570180 865
1570190 866
1570200 867
1570210 867
1570220 868
1570230 868
1570240 869
1570250 870
1570260 870
1570270 870
1570280 871
1570290 871
1570300 872
1570310 873
1570320 873
1570330 873
1570340 874
1570350 874
1570360 874
1570370 874
1570380 874
1570390 874
1570400 875
1570410 875
1570420 875
1570430 875
1570440 875
1570450 875
1570460 876
1570470 876
1570480 875
1570490 875
1570500 875
1570510 875
1570520 875
1570530 875
1570540 874
1570550 874
1570560 874
1570570 874
1570580 873
1570590 873
1570600 872
1570610 872
1570620 872
1570630 871
1570640 871
1570650 871
1570660 871
1570670 871
1570680 871
1570690 871
1570700 871
1570710 871
1570720 870
1570730 870
1570740 870
1570750 870
1570760 870
1570770 870
1570780 870
1570790 870
1570800 870
1570810 870
1570820 870
1570830 870
1570840 870
1570850 870
1570860 870
1570870 872
1570880 872
1570890 872
1570900 872
1570910 872
1570920 872
1570930 872
1570940 872
1570950 872
1570960 872
1570970 872
1570980 872
1570990 872
1571000 872
1571010 872
1571020 872
1571030 872
1571040 872
1571050 872
1571060 872
1571070 872
1571080 872
1571090 872
1571100 871
1571110 871
1571120 871
1571130 871
1571140 870
1571150 870
1571160 870
1571170 870
1571180 870
1571190 869
1571200 869
1571210 869
1571220 868
1571230 868
1571240 868
1571250 868
1571260 866
1571270 866
1571280 865
1571290 863
1571300 863
1571310 862
1571320 861
1571330 861
1571340 859
1571350 858
1571360 858
1571370 857
1571380 855
1571390 855
1571400 852
1571410 851
1571420 851
1571430 849
1571440 847
1571450 847
1571460 846
1571470 844
1571480 844
1571490 843
1571500 842
1571510 842
1571520 841
1571530 841
1571540 841
1571550 840
1571560 839
1571570 839
1571580 839
1571590 839
1571600 839
1571610 840
1571620 841
1571630 841
1571640 841
1571650 842
1571660 842
1571670 843
1571680 844
1571690 844
1571700 845
1571710 845
1571720 845
1571730 846
1571740 846
1571750 846
1571760 847
1571770 847
1571780 847
1571790 848
1571800 848
1571810 848
1571820 849
1571830 849
1571840 849
1571850 850
1571860 850
1571870 850
1571880 850
1571890 851
1571900 851
1571910 852
1571920 853
1571930 853
1571940 853
1571950 853
1571960 853
1571970 854
1571980 854
1571990 854
1572000 854
1572010 854
1572020 855
1572030 855
1572040 855
1572050 855
1572060 855
1572070 855
1572080 856
1572090 856
1572100 856
1572110 856
1572120 855
1572130 855
1572140 855
1572150 855
1572160 855
1572170 855
1572180 855
1572190 855
1572200 855
1572210 854
1572220 854
1572230 854
1572240 853
1572250 853
1572260 853
1572270 852
1572280 852
1572290 852
1572300 851
1572310 851
1572320 850
1572330 849
1572340 849
1572350 848
1572360 847
1572370 847
1572380 848
1572390 847
1572400 847
1572410 846
1572420 846
1572430 846
1572440 845
1572450 845
1572460 845
1572470 845
1572480 845
1572490 845
1572500 846
1572510 846
1572520 846
1572530 846
1572540 846
1572550 846
1572560 845
1572570 845
1572580 845
1572590 844
1572600 843
1572610 843
1572620 842
1572630 841
1572640 841
1572650 840
1572660 838
1572670 838
1572680 837
1572690 835
1572700 835
1572710 833
1572720 831
1572730 831
1572740 829
1572750 828
1572760 828
1572770 826
1572780 824
1572790 824
1572800 823
1572810 823
1572820 821
1572830 819
1572840 819
1572850 818
1572860 816
1572870 816
1572880 813
1572890 812
1572900 812
1572910 811
1572920 810
1572930 810
1572940 808
1572950 807
1572960 807
1572970 805
1572980 803
1572990 803
1573000 801
1573010 799
1573020 799
1573030 797
1573040 795
1573050 795
1573060 792
1573070 789
1573080 789
1573090 786
1573100 783
1573110 783
1573120 782
1573130 781
1573140 781
1573150 780
1573160 779
1573170 779
1573180 777
1573190 776
1573200 776
1573210 774
1573220 773
1573230 773
1573240 772
1573250 770
1573260 770
1573270 769
1573280 767
1573290 767
1573300 766
1573310 764
1573320 764
1573330 762
1573340 761
1573350 761
1573360 760
1573370 759
1573380 759
1573390 758
1573400 756
1573410 756
1573420 754
1573430 752
1573440 752
1573450 749
1573460 747
1573470 747
1573480 746
1573490 745
1573500 745
1573510 744
1573520 743
1573530 743
1573540 742
1573550 741
1573560 741
1573570 741
1573580 740
1573590 740
1573600 739
1573610 738
1573620 738
1573630 737
1573640 737
1573650 736
1573660 735
1573670 735
1573680 734
1573690 733
1573700 733
1573710 731
1573720 729
1573730 729
1573740 728
1573750 727
1573760 727
1573770 726
1573780 725
1573790 725
1573800 723
1573810 722
1573820 722
1573830 720
1573840 718
1573850 718
1573860 717
1573870 715
1573880 715
1573890 714
1573900 713
1573910 713
1573920 712
1573930 711
1573940 711
1573950 707
1573960 703
1573970 703
1573980 699
1573990 696
1574000 696
1574010 695
1574020 694
1574030 694
1574040 693
1574050 692
1574060 692
1574070 692
1574080 694
1574090 694
1574100 697
1574110 699
1574120 699
1574130 703
1574140 705
1574150 705
1574160 707
1574170 710
1574180 710
1574190 712
1574200 714
1574210 714
1574220 716
1574230 718
1574240 718
1574250 719
1574260 721
1574270 721
1574280 723
1574290 724
1574300 724
1574310 726
1574320 727
1574330 727
1574340 729
1574350 730
1574360 730
1574370 732
1574380 733
1574390 733
1574400 735
1574410 736
1574420 736
1574430 738
1574440 739
1574450 739
1574460 741
1574470 743
1574480 743
1574490 744
1574500 744
1574510 745
1574520 745
1574530 745
1574540 746
1574550 746
1574560 746
1574570 747
1574580 747
1574590 747
1574600 747
1574610 748
1574620 748
1574630 748
1574640 748
1574650 748
1574660 748
1574670 748
1574680 748
1574690 748
1574700 748
1574710 748
1574720 748
1574730 748
1574740 748
1574750 747
1574760 747
1574770 747
1574780 748
1574790 748
1574800 748
1574810 749
1574820 749
1574830 749
1574840 750
1574850 750
1574860 750
1574870 751
1574880 751
1574890 751
1574900 752
1574910 752
1574920 752
1574930 753
1574940 753
1574950 753
1574960 754
1574970 754
1574980 754
1574990 755
1575000 755
1575010 755
1575020 756
1575030 757
1575040 757
1575050 758
1575060 759
1575070 759
1575080 760
1575090 761
1575100 761
1575110 761
1575120 763
1575130 763
1575140 763
1575150 764
1575160 764
1575170 765
1575180 766
1575190 766
1575200 767
1575210 768
1575220 768
1575230 769
1575240 770
1575250 770
1575260 771
1575270 773
1575280 773
1575290 774
1575300 775
1575310 775
1575320 776
1575330 777
1575340 777
1575350 779
1575360 779
1575370 780
1575380 781
1575390 781
1575400 782
1575410 783
1575420 783
1575430 785
1575440 786
1575450 786
1575460 787
1575470 788
1575480 788
1575490 790
1575500 791
1575510 791
1575520 792
1575530 793
1575540 793
1575550 794
1575560 795
1575570 795
1575580 796
1575590 796
1575600 796
1575610 797
1575620 797
1575630 797
1575640 797
1575650 797
1575660 797
1575670 798
1575680 798
1575690 798
1575700 798
1575710 798
1575720 798
1575730 799
1575740 799
1575750 799
1575760 799
1575770 799
1575780 799
1575790 799
1575800 799
1575810 799
1575820 799
1575830 799
1575840 799
1575850 799
1575860 798
1575870 798
1575880 797
1575890 797
1575900 797
1575910 796
1575920 796
1575930 796
1575940 795
1575950 795
1575960 795
1575970 795
1575980 795
1575990 795
1576000 795
1576010 796
1576020 796
1576030 796
1576040 795
1576050 795
1576060 796
1576070 796
1576080 796
1576090 796
1576100 797
1576110 797
1576120 797
1576130 797
1576140 797
1576150 798
1576160 798
1576170 798
1576180 798
1576190 798
1576200 798
1576210 799
1576220 799
1576230 799
1576240 800
1576250 800
1576260 800
1576270 800
1576280 800
1576290 800
1576300 800
1576310 800
1576320 800
1576330 800
1576340 800
1576350 800
1576360 800
1576370 800
1576380 800
1576390 801
1576400 801
1576410 801
1576420 802
1576430 802
1576440 802
1576450 803
1576460 803
1576470 804
1576480 804
1576490 804
1576500 805
1576510 806
1576520 806
1576530 806
1576540 807
1576550 807
1576560 807
1576570 807
1576580 807
1576590 807
1576600 807
1576610 807
1576620 806
1576630 806
1576640 806
1576650 805
1576660 805
1576670 805
1576680 804
1576690 804
1576700 804
1576710 804
1576720 804
1576730 804
1576740 803
1576750 803
1576760 803
1576770 802
1576780 802
1576790 802
1576800 802
1576810 802
1576820 802
1576830 801
1576840 802
1576850 802
1576860 802
1576870 801
1576880 801
1576890 801
1576900 801
1576910 801
1576920 800
1576930 799
1576940 799
1576950 798
1576960 797
1576970 797
1576980 796
1576990 794
1577000 794
1577010 793
1577020 792
1577030 792
1577040 791
1577050 791
1577060 790
1577070 789
1577080 789
1577090 787
1577100 786
1577110 786
1577120 785
1577130 784
1577140 784
1577150 783
1577160 781
1577170 781
1577180 780
1577190 779
1577200 779
1577210 777
1577220 776
1577230 776
1577240 775
1577250 774
1577260 774
1577270 773
1577280 772
1577290 772
1577300 771
1577310 770
1577320 770
1577330 769
1577340 768
1577350 768
1577360 767
1577370 766
1577380 766
1577390 766
1577400 765
1577410 765
1577420 764
1577430 763
1577440 763
1577450 762
1577460 760
1577470 760
1577480 759
1577490 759
1577500 759
1577510 758
1577520 757
1577530 757
1577540 756
1577550 755
1577560 755
1577570 754
1577580 753
1577590 753
1577600 753
1577610 751
1577620 751
1577630 750
1577640 750
1577650 750
1577660 749
1577670 748
1577680 748
1577690 747
1577700 747
1577710 747
1577720 747
1577730 746
1577740 746
1577750 746
1577760 745
1577770 745
1577780 744
1577790 744
1577800 744
1577810 744
1577820 743
1577830 743
1577840 742
1577850 742
1577860 742
1577870 741
1577880 740
1577890 740
1577900 739
1577910 739
1577920 738
1577930 737
1577940 737
1577950 736
1577960 734
1577970 734
1577980 734
1577990 732
1578000 732
1578010 730
1578020 728
1578030 728
1578040 727
1578050 726
1578060 726
1578070 725
1578080 724
1578090 724
1578100 723
1578110 722
1578120 722
1578130 722
1578140 724
1578150 724
1578160 723
1578170 723
1578180 723
1578190 721
1578200 720
1578210 720
1578220 719
1578230 717
1578240 717
1578250 716
1578260 715
1578270 715
1578280 713
1578290 710
1578300 710
1578310 707
1578320 704
1578330 704
1578340 700
1578350 695
1578360 695
1578370 691
1578380 688
1578390 688
1578400 685
1578410 681
1578420 681
1578430 681
1578440 681
1578450 681
1578460 681
1578470 682
1578480 682
1578490 684
1578500 689
1578510 689
1578520 692
1578530 695
1578540 695
1578550 698
1578560 702
1578570 702
1578580 705
1578590 707
1578600 707
1578610 710
1578620 711
1578630 711
1578640 713
1578650 714
1578660 714
1578670 715
1578680 715
1578690 715
1578700 716
1578710 716
1578720 716
1578730 717
1578740 717
1578750 717
1578760 717
1578770 717
1578780 718
1578790 718
1578800 718
1578810 718
1578820 719
1578830 719
1578840 719
1578850 720
1578860 720
1578870 720
1578880 720
1578890 720
1578900 721
1578910 721
1578920 721
1578930 722
1578940 722
1578950 722
1578960 723
1578970 723
1578980 723
1578990 724
1579000 724
1579010 724
1579020 724
1579030 725
1579040 725
1579050 725
1579060 725
1579070 725
1579080 725
1579090 726
1579100 726
1579110 726
1579120 726
1579130 726
1579140 726
1579150 727
1579160 727
1579170 727
1579180 728
1579190 728
1579200 728
1579210 728
1579220 728
1579230 729
1579240 729
1579250 729
1579260 730
1579270 730
1579280 730
1579290 730
1579300 730
1579310 730
1579320 731
1579330 731
1579340 731
1579350 732
1579360 732
1579370 732
1579380 732
1579390 733
1579400 733
1579410 733
1579420 733
1579430 733
1579440 733
1579450 734
1579460 734
1579470 734
1579480 734
1579490 734
1579500 735
1579510 735
1579520 735
1579530 734
1579540 733
1579550 733
1579560 732
1579570 731
1579580 731
1579590 729
1579600 729
1579610 729
1579620 729
1579630 729
1579640 730
1579650 730
1579660 730
1579670 731
1579680 732
1579690 732
1579700 732
1579710 734
1579720 734
1579730 735
1579740 735
1579750 735
1579760 736
1579770 737
1579780 737
1579790 737
1579800 739
1579810 739
1579820 740
1579830 740
1579840 740
1579850 742
1579860 743
1579870 743
1579880 744
1579890 746
1579900 746
1579910 747
1579920 748
1579930 748
1579940 749
1579950 750
1579960 750
1579970 751
1579980 752
1579990 752
