1560000 566
1560010 566
1560020 567
1560030 568
1560040 568
1560050 570
1560060 571
1560070 571
1560080 573
1560090 574
1560100 574
1560110 576
1560120 578
1560130 578
1560140 580
1560150 581
1560160 581
1560170 583
1560180 584
1560190 584
1560200 586
1560210 587
1560220 587
1560230 589
1560240 591
1560250 591
1560260 593
1560270 594
1560280 594
1560290 595
1560300 596
1560310 596
1560320 597
1560330 599
1560340 599
1560350 601
1560360 602
1560370 602
1560380 603
1560390 604
1560400 604
1560410 605
1560420 607
1560430 607
1560440 607
1560450 608
1560460 608
1560470 609
1560480 610
1560490 610
1560500 611
1560510 611
1560520 611
1560530 612
1560540 613
1560550 613
1560560 613
1560570 614
1560580 614
1560590 614
1560600 614
1560610 614
1560620 614
1560630 614
1560640 614
1560650 613
1560660 613
1560670 613
1560680 611
1560690 609
1560700 609
1560710 606
1560720 603
1560730 603
1560740 601
1560750 601
1560760 599
1560770 596
1560780 596
1560790 593
1560800 590
1560810 590
1560820 587
1560830 584
1560840 584
1560850 581
1560860 579
1560870 579
1560880 577
1560890 574
1560900 574
1560910 572
1560920 570
1560930 570
1560940 570
1560950 573
1560960 573
1560970 576
1560980 579
1560990 579
1561000 583
1561010 586
1561020 586
1561030 589
1561040 592
1561050 592
1561060 595
1561070 596
1561080 596
1561090 598
1561100 599
1561110 599
1561120 600
1561130 601
1561140 601
1561150 602
1561160 603
1561170 603
1561180 604
1561190 605
1561200 605
1561210 605
1561220 606
1561230 606
1561240 606
1561250 607
1561260 607
1561270 608
1561280 608
1561290 608
1561300 609
1561310 610
1561320 610
1561330 610
1561340 611
1561350 611
1561360 611
1561370 612
1561380 612
1561390 612
1561400 611
1561410 611
1561420 610
1561430 609
1561440 609
1561450 608
1561460 606
1561470 606
1561480 604
1561490 603
1561500 603
1561510 601
1561520 597
1561530 597
1561540 594
1561550 592
1561560 592
1561570 589
1561580 585
1561590 585
1561600 583
1561610 583
1561620 580
1561630 578
1561640 578
1561650 575
1561660 573
1561670 573
1561680 571
1561690 571
1561700 571
1561710 570
1561720 569
1561730 569
1561740 569
1561750 569
1561760 569
1561770 570
1561780 571
1561790 571
1561800 572
1561810 573
1561820 573
1561830 576
1561840 578
1561850 578
1561860 581
1561870 585
1561880 585
1561890 587
1561900 587
1561910 587
1561920 586
1561930 585
1561940 585
1561950 585
1561960 584
1561970 584
1561980 584
1561990 584
1562000 584
1562010 583
1562020 582
1562030 582
1562040 582
1562050 581
1562060 581
1562070 579
1562080 578
1562090 578
1562100 576
1562110 574
1562120 574
1562130 571
1562140 569
1562150 569
1562160 567
1562170 563
1562180 563
1562190 561
1562200 559
1562210 559
1562220 556
1562230 554
1562240 554
1562250 552
1562260 551
1562270 551
1562280 550
1562290 549
1562300 549
1562310 548
1562320 547
1562330 547
1562340 546
1562350 545
1562360 545
1562370 544
1562380 543
1562390 543
1562400 542
1562410 541
1562420 541
1562430 539
1562440 539
1562450 538
1562460 537
1562470 537
1562480 535
1562490 533
1562500 533
1562510 531
1562520 528
1562530 528
1562540 524
1562550 521
1562560 521
1562570 518
1562580 514
1562590 514
1562600 511
1562610 509
1562620 509
1562630 506
1562640 504
1562650 504
1562660 500
1562670 496
1562680 496
1562690 495
1562700 495
1562710 495
1562720 495
1562730 495
1562740 495
1562750 495
1562760 495
1562770 495
1562780 495
1562790 495
1562800 495
1562810 495
1562820 495
1562830 495
1562840 495
1562850 496
1562860 496
1562870 496
1562880 495
1562890 495
1562900 495
1562910 495
1562920 495
1562930 495
1562940 495
1562950 495
1562960 495
1562970 496
1562980 496
1562990 496
1563000 498
1563010 498
1563020 499
1563030 500
1563040 500
1563050 502
1563060 506
1563070 506
1563080 508
1563090 509
1563100 509
1563110 510
1563120 511
1563130 511
1563140 513
1563150 515
1563160 515
1563170 517
1563180 521
1563190 521
1563200 523
1563210 525
1563220 525
1563230 526
1563240 529
1563250 529
1563260 531
1563270 531
1563280 533
1563290 534
1563300 534
1563310 535
1563320 536
1563330 536
1563340 536
1563350 536
1563360 536
1563370 536
1563380 536
1563390 536
1563400 536
1563410 535
1563420 535
1563430 535
1563440 535
1563450 535
1563460 535
1563470 536
1563480 536
1563490 536
1563500 537
1563510 537
1563520 538
1563530 538
1563540 538
1563550 539
1563560 539
1563570 539
1563580 540
1563590 541
1563600 541
1563610 541
1563620 541
1563630 541
1563640 541
1563650 542
1563660 542
1563670 542
1563680 542
1563690 542
1563700 543
1563710 543
1563720 543
1563730 543
1563740 543
1563750 543
1563760 542
1563770 541
1563780 541
1563790 539
1563800 537
1563810 537
1563820 535
1563830 532
1563840 532
1563850 529
1563860 526
1563870 526
1563880 526
1563890 526
1563900 526
1563910 527
1563920 527
1563930 527
1563940 528
1563950 530
1563960 530
1563970 534
1563980 539
1563990 539
1564000 541
1564010 544
1564020 544
1564030 546
1564040 548
1564050 548
1564060 550
1564070 553
1564080 553
1564090 555
1564100 555
1564110 556
1564120 558
1564130 558
1564140 560
1564150 562
1564160 562
1564170 562
1564180 564
1564190 564
1564200 566
1564210 567
1564220 567
1564230 568
1564240 569
1564250 569
1564260 570
1564270 571
1564280 571
1564290 572
1564300 573
1564310 573
1564320 573
1564330 574
1564340 574
1564350 574
1564360 575
1564370 575
1564380 576
1564390 577
1564400 577
1564410 577
1564420 578
1564430 578
1564440 579
1564450 579
1564460 579
1564470 579
1564480 579
1564490 579
1564500 580
1564510 580
1564520 580
1564530 581
1564540 583
1564550 583
1564560 584
1564570 586
1564580 586
1564590 587
1564600 589
1564610 589
1564620 591
1564630 593
1564640 593
1564650 595
1564660 597
1564670 597
1564680 599
1564690 601
1564700 601
1564710 602
1564720 604
1564730 604
1564740 605
1564750 606
1564760 606
1564770 607
1564780 608
1564790 608
1564800 609
1564810 610
1564820 610
1564830 610
1564840 611
1564850 611
1564860 612
1564870 612
1564880 612
1564890 613
1564900 614
1564910 614
1564920 614
1564930 614
1564940 615
1564950 616
1564960 616
1564970 617
1564980 618
1564990 618
1565000 618
1565010 619
1565020 619
1565030 619
1565040 620
1565050 620
1565060 621
1565070 622
1565080 622
1565090 622
1565100 622
1565110 622
1565120 621
1565130 622
1565140 622
1565150 623
1565160 624
1565170 624
1565180 624
1565190 624
1565200 624
1565210 625
1565220 625
1565230 625
1565240 626
1565250 628
1565260 628
1565270 630
1565280 632
1565290 632
1565300 635
1565310 637
1565320 637
1565330 638
1565340 639
1565350 639
1565360 640
1565370 641
1565380 641
1565390 642
1565400 643
1565410 643
1565420 643
1565430 644
1565440 644
1565450 644
1565460 644
1565470 644
1565480 644
1565490 644
1565500 644
1565510 644
1565520 644
1565530 644
1565540 644
1565550 644
1565560 644
1565570 644
1565580 644
1565590 644
1565600 645
1565610 645
1565620 645
1565630 645
1565640 644
1565650 644
1565660 644
1565670 643
1565680 643
1565690 643
1565700 642
1565710 642
1565720 641
1565730 641
1565740 641
1565750 640
1565760 640
1565770 639
1565780 638
1565790 638
1565800 636
1565810 635
1565820 635
1565830 634
1565840 633
1565850 633
1565860 632
1565870 631
1565880 631
1565890 630
1565900 630
1565910 630
1565920 629
1565930 629
1565940 629
1565950 629
1565960 628
1565970 628
1565980 628
1565990 626
1566000 626
1566010 628
1566020 630
1566030 630
1566040 631
1566050 631
1566060 631
1566070 632
1566080 633
1566090 633
1566100 634
1566110 635
1566120 635
1566130 636
1566140 638
1566150 638
1566160 640
1566170 642
1566180 642
1566190 645
1566200 649
1566210 649
1566220 652
1566230 655
1566240 655
1566250 658
1566260 662
1566270 662
1566280 665
1566290 668
1566300 668
1566310 671
1566320 674
1566330 674
1566340 677
1566350 679
1566360 679
1566370 682
1566380 685
1566390 685
1566400 687
1566410 690
1566420 690
1566430 693
1566440 696
1566450 696
1566460 698
1566470 701
1566480 701
1566490 703
1566500 705
1566510 705
1566520 707
1566530 710
1566540 710
1566550 712
1566560 714
1566570 714
1566580 715
1566590 717
1566600 717
1566610 719
1566620 719
1566630 721
1566640 724
1566650 724
1566660 725
1566670 726
1566680 726
1566690 729
1566700 730
1566710 730
1566720 732
1566730 732
1566740 732
1566750 733
1566760 735
1566770 735
1566780 737
1566790 739
1566800 739
1566810 740
1566820 741
1566830 741
1566840 743
1566850 744
1566860 744
1566870 745
1566880 746
1566890 746
1566900 747
1566910 748
1566920 748
1566930 749
1566940 750
1566950 750
1566960 751
1566970 752
1566980 752
1566990 753
1567000 754
1567010 754
1567020 755
1567030 757
1567040 757
1567050 758
1567060 759
1567070 759
1567080 760
1567090 761
1567100 761
1567110 763
1567120 764
1567130 764
1567140 766
1567150 769
1567160 769
1567170 770
1567180 772
1567190 772
1567200 774
1567210 776
1567220 776
1567230 778
1567240 780
1567250 780
1567260 782
1567270 784
1567280 784
1567290 786
1567300 788
1567310 788
1567320 790
1567330 792
1567340 792
1567350 793
1567360 795
1567370 795
1567380 796
1567390 798
1567400 798
1567410 800
1567420 802
1567430 802
1567440 804
1567450 804
1567460 805
1567470 807
1567480 807
1567490 809
1567500 811
1567510 811
1567520 813
1567530 815
1567540 815
1567550 816
1567560 818
1567570 818
1567580 819
1567590 821
1567600 821
1567610 822
1567620 823
1567630 823
1567640 824
1567650 825
1567660 825
1567670 826
1567680 827
1567690 827
1567700 829
1567710 830
1567720 830
1567730 831
1567740 832
1567750 832
1567760 834
1567770 835
1567780 835
1567790 836
1567800 838
1567810 838
1567820 839
1567830 841
1567840 841
1567850 842
1567860 843
1567870 843
1567880 844
1567890 845
1567900 845
1567910 847
1567920 848
1567930 848
1567940 850
1567950 851
1567960 851
1567970 853
1567980 855
1567990 855
1568000 856
1568010 858
1568020 858
1568030 860
1568040 861
1568050 861
1568060 863
1568070 865
1568080 865
1568090 866
1568100 868
1568110 868
1568120 870
1568130 872
1568140 872
1568150 873
1568160 875
1568170 875
1568180 876
1568190 877
1568200 877
1568210 878
1568220 878
1568230 878
1568240 878
1568250 879
1568260 879
1568270 879
1568280 879
1568290 879
1568300 879
1568310 879
1568320 880
1568330 880
1568340 880
1568350 880
1568360 881
1568370 881
1568380 881
1568390 882
1568400 882
1568410 882
1568420 883
1568430 883
1568440 883
1568450 883
1568460 883
1568470 883
1568480 883
1568490 883
1568500 884
1568510 884
1568520 884
1568530 885
1568540 885
1568550 885
1568560 885
1568570 886
1568580 886
1568590 886
1568600 887
1568610 887
1568620 887
1568630 888
1568640 888
1568650 888
1568660 889
1568670 889
1568680 889
1568690 890
1568700 890
1568710 890
1568720 890
1568730 890
1568740 891
1568750 891
1568760 891
1568770 891
1568780 891
1568790 891
1568800 891
1568810 891
1568820 891
1568830 891
1568840 890
1568850 890
1568860 890
1568870 890
1568880 890
1568890 890
1568900 890
1568910 890
1568920 890
1568930 890
1568940 890
1568950 890
1568960 889
1568970 889
1568980 889
1568990 888
1569000 888
1569010 887
1569020 886
1569030 886
1569040 884
1569050 883
1569060 883
1569070 882
1569080 880
1569090 880
1569100 879
1569110 879
1569120 878
1569130 878
1569140 878
1569150 877
1569160 877
1569170 877
1569180 876
1569190 876
1569200 876
1569210 875
1569220 875
1569230 875
1569240 875
1569250 875
1569260 875
1569270 874
1569280 874
1569290 874
1569300 874
1569310 875
1569320 875
1569330 875
1569340 876
1569350 876
1569360 877
1569370 878
1569380 878
1569390 879
1569400 879
1569410 879
1569420 881
1569430 882
1569440 882
1569450 883
1569460 883
1569470 883
1569480 884
1569490 885
1569500 885
1569510 885
1569520 886
1569530 886
1569540 887
1569550 887
1569560 887
1569570 888
1569580 888
1569590 888
1569600 889
1569610 889
1569620 889
1569630 890
1569640 890
1569650 890
1569660 891
1569670 891
1569680 891
1569690 892
1569700 892
1569710 892
1569720 893
1569730 893
1569740 893
1569750 893
1569760 894
1569770 894
1569780 894
1569790 894
1569800 894
1569810 894
1569820 894
1569830 894
1569840 894
1569850 895
1569860 895
1569870 895
1569880 895
1569890 895
1569900 895
1569910 895
1569920 895
1569930 895
1569940 895
1569950 895
1569960 895
1569970 895
1569980 895
1569990 895
1570000 895
1570010 895
1570020 896
1570030 896
1570040 896
1570050 896
1570060 896
1570070 896
1570080 897
1570090 897
1570100 897
1570110 897
1570120 897
1570130 897
1570140 898
1570150 898
1570160 898
1570170 898
1570180 898
1570190 898
1570200 899
1570210 899
1570220 899
1570230 899
1570240 899
1570250 899
1570260 899
1570270 899
1570280 899
1570290 900
1570300 900
1570310 900
1570320 900
1570330 900
1570340 900
1570350 900
1570360 900
1570370 900
1570380 900
1570390 900
1570400 900
1570410 900
1570420 900
1570430 900
1570440 900
1570450 900
1570460 900
1570470 900
1570480 900
1570490 900
1570500 900
1570510 900
1570520 899
1570530 900
1570540 900
1570550 899
1570560 898
1570570 898
1570580 898
1570590 897
1570600 897
1570610 895
1570620 894
1570630 894
1570640 893
1570650 892
1570660 892
1570670 891
1570680 890
1570690 890
1570700 890
1570710 890
1570720 890
1570730 889
1570740 889
1570750 889
1570760 889
1570770 889
1570780 889
1570790 889
1570800 889
1570810 889
1570820 889
1570830 889
1570840 889
1570850 890
1570860 890
1570870 890
1570880 890
1570890 890
1570900 890
1570910 891
1570920 891
1570930 891
1570940 891
1570950 890
1570960 890
1570970 891
1570980 891
1570990 891
1571000 892
1571010 892
1571020 892
1571030 892
1571040 892
1571050 892
1571060 893
1571070 893
1571080 893
1571090 893
1571100 893
1571110 893
1571120 894
1571130 894
1571140 894
1571150 894
1571160 894
1571170 894
1571180 894
1571190 894
1571200 894
1571210 894
1571220 894
1571230 894
1571240 894
1571250 894
1571260 894
1571270 894
1571280 894
1571290 894
1571300 894
1571310 894
1571320 894
1571330 894
1571340 894
1571350 894
1571360 894
1571370 894
1571380 894
1571390 893
1571400 893
1571410 893
1571420 893
1571430 893
1571440 893
1571450 893
1571460 893
1571470 894
1571480 893
1571490 893
1571500 893
1571510 893
1571520 893
1571530 893
1571540 894
1571550 894
1571560 893
1571570 893
1571580 893
1571590 893
1571600 893
1571610 893
1571620 893
1571630 893
1571640 893
1571650 892
1571660 892
1571670 892
1571680 892
1571690 892
1571700 892
1571710 891
1571720 891
1571730 891
1571740 891
1571750 891
1571760 890
1571770 890
1571780 890
1571790 890
1571800 889
1571810 889
1571820 889
1571830 888
1571840 888
1571850 887
1571860 887
1571870 887
1571880 886
1571890 885
1571900 885
1571910 884
1571920 882
1571930 882
1571940 880
1571950 879
1571960 879
1571970 877
1571980 876
1571990 876
1572000 874
1572010 872
1572020 872
1572030 870
1572040 868
1572050 868
1572060 864
1572070 860
1572080 860
1572090 858
1572100 857
1572110 857
1572120 856
1572130 853
1572140 853
1572150 850
1572160 848
1572170 848
1572180 845
1572190 843
1572200 843
1572210 841
1572220 839
1572230 839
1572240 837
1572250 835
1572260 835
1572270 832
1572280 830
1572290 830
1572300 828
1572310 825
1572320 825
1572330 822
1572340 820
1572350 820
1572360 818
1572370 816
1572380 816
1572390 815
1572400 813
1572410 813
1572420 812
1572430 812
1572440 812
1572450 811
1572460 811
1572470 810
1572480 810
1572490 810
1572500 809
1572510 808
1572520 808
1572530 808
1572540 806
1572550 806
1572560 805
1572570 804
1572580 804
1572590 803
1572600 802
1572610 802
1572620 801
1572630 800
1572640 800
1572650 800
1572660 799
1572670 799
1572680 799
1572690 798
1572700 798
1572710 798
1572720 798
1572730 798
1572740 797
1572750 796
1572760 796
1572770 796
1572780 796
1572790 796
1572800 796
1572810 794
1572820 794
1572830 792
1572840 792
1572850 792
1572860 792
1572870 792
1572880 792
1572890 792
1572900 792
1572910 792
1572920 793
1572930 793
1572940 793
1572950 794
1572960 794
1572970 794
1572980 795
1572990 795
1573000 795
1573010 796
1573020 796
1573030 796
1573040 796
1573050 797
1573060 797
1573070 797
1573080 797
1573090 797
1573100 797
1573110 797
1573120 797
1573130 797
1573140 797
1573150 797
1573160 797
1573170 797
1573180 797
1573190 797
1573200 797
1573210 797
1573220 797
1573230 797
1573240 797
1573250 796
1573260 796
1573270 795
1573280 794
1573290 794
1573300 793
1573310 790
1573320 790
1573330 789
1573340 788
1573350 788
1573360 788
1573370 788
1573380 788
1573390 788
1573400 788
1573410 788
1573420 788
1573430 789
1573440 789
1573450 790
1573460 791
1573470 791
1573480 793
1573490 795
1573500 795
1573510 797
1573520 798
1573530 798
1573540 799
1573550 800
1573560 800
1573570 801
1573580 803
1573590 803
1573600 805
1573610 806
1573620 806
1573630 807
1573640 807
1573650 807
1573660 807
1573670 807
1573680 807
1573690 807
1573700 807
1573710 807
1573720 806
1573730 804
1573740 804
1573750 802
1573760 800
1573770 800
1573780 799
1573790 799
1573800 799
1573810 798
1573820 798
1573830 798
1573840 799
1573850 799
1573860 799
1573870 799
1573880 798
1573890 798
1573900 798
1573910 798
1573920 800
1573930 800
1573940 800
1573950 800
1573960 801
1573970 801
1573980 801
1573990 801
1574000 801
1574010 801
1574020 802
1574030 802
1574040 802
1574050 803
1574060 804
1574070 804
1574080 805
1574090 805
1574100 805
1574110 805
1574120 805
1574130 806
1574140 806
1574150 806
1574160 806
1574170 806
1574180 806
1574190 806
1574200 807
1574210 807
1574220 808
1574230 810
1574240 810
1574250 811
1574260 812
1574270 812
1574280 813
1574290 813
1574300 813
1574310 813
1574320 813
1574330 813
1574340 814
1574350 815
1574360 815
1574370 815
1574380 816
1574390 816
1574400 816
1574410 816
1574420 816
1574430 817
1574440 817
1574450 817
1574460 818
1574470 818
1574480 818
1574490 818
1574500 819
1574510 819
1574520 819
1574530 819
1574540 819
1574550 819
1574560 820
1574570 820
1574580 820
1574590 820
1574600 820
1574610 820
1574620 820
1574630 820
1574640 821
1574650 821
1574660 821
1574670 821
1574680 821
1574690 821
1574700 822
1574710 822
1574720 822
1574730 822
1574740 822
1574750 822
1574760 822
1574770 822
1574780 822
1574790 822
1574800 822
1574810 822
1574820 822
1574830 822
1574840 822
1574850 822
1574860 823
1574870 823
1574880 823
1574890 823
1574900 823
1574910 824
1574920 824
1574930 824
1574940 824
1574950 824
1574960 825
1574970 826
1574980 826
1574990 826
1575000 827
1575010 827
1575020 827
1575030 828
1575040 828
1575050 828
1575060 829
1575070 829
1575080 830
1575090 831
1575100 831
1575110 831
1575120 832
1575130 832
1575140 832
1575150 833
1575160 833
1575170 833
1575180 833
1575190 833
1575200 833
1575210 833
1575220 833
1575230 833
1575240 833
1575250 833
1575260 832
1575270 832
1575280 832
1575290 832
1575300 831
1575310 831
1575320 830
1575330 830
1575340 830
1575350 829
1575360 829
1575370 828
1575380 828
1575390 827
1575400 827
1575410 826
1575420 826
1575430 826
1575440 825
1575450 824
1575460 824
1575470 823
1575480 822
1575490 822
1575500 822
1575510 821
1575520 821
1575530 820
1575540 818
1575550 818
1575560 816
1575570 815
1575580 815
1575590 815
1575600 814
1575610 814
1575620 813
1575630 812
1575640 812
1575650 811
1575660 810
1575670 810
1575680 810
1575690 809
1575700 809
1575710 808
1575720 808
1575730 808
1575740 807
1575750 807
1575760 807
1575770 806
1575780 806
1575790 806
1575800 805
1575810 805
1575820 805
1575830 805
1575840 805
1575850 805
1575860 806
1575870 806
1575880 806
1575890 807
1575900 807
1575910 807
1575920 808
1575930 808
1575940 809
1575950 809
1575960 809
1575970 808
1575980 808
1575990 808
1576000 808
1576010 807
1576020 807
1576030 807
1576040 807
1576050 807
1576060 806
1576070 806
1576080 806
1576090 805
1576100 805
1576110 805
1576120 805
1576130 804
1576140 804
1576150 803
1576160 803
1576170 803
1576180 802
1576190 801
1576200 801
1576210 800
1576220 799
1576230 799
1576240 798
1576250 797
1576260 797
1576270 796
1576280 796
1576290 796
1576300 795
1576310 794
1576320 794
1576330 792
1576340 791
1576350 791
1576360 790
1576370 789
1576380 789
1576390 788
1576400 787
1576410 787
1576420 786
1576430 785
1576440 785
1576450 784
1576460 782
1576470 782
1576480 781
1576490 780
1576500 780
1576510 778
1576520 777
1576530 777
1576540 776
1576550 775
1576560 775
1576570 773
1576580 773
1576590 772
1576600 770
1576610 770
1576620 769
1576630 768
1576640 768
1576650 766
1576660 764
1576670 764
1576680 763
1576690 761
1576700 761
1576710 759
1576720 758
1576730 758
1576740 756
1576750 754
1576760 754
1576770 753
1576780 751
1576790 751
1576800 749
1576810 748
1576820 748
1576830 746
1576840 745
1576850 745
1576860 743
1576870 742
1576880 742
1576890 740
1576900 738
1576910 738
1576920 736
1576930 734
1576940 734
1576950 731
1576960 728
1576970 728
1576980 724
1576990 722
1577000 722
1577010 720
1577020 718
1577030 718
1577040 716
1577050 715
1577060 715
1577070 713
1577080 712
1577090 712
1577100 711
1577110 710
1577120 710
1577130 708
1577140 707
1577150 707
1577160 705
1577170 703
1577180 703
1577190 701
1577200 701
1577210 701
1577220 702
1577230 703
1577240 703
1577250 704
1577260 706
1577270 706
1577280 707
1577290 708
1577300 708
1577310 710
1577320 713
1577330 713
1577340 715
1577350 717
1577360 717
1577370 718
1577380 719
1577390 719
1577400 720
1577410 721
1577420 721
1577430 721
1577440 721
1577450 721
1577460 721
1577470 721
1577480 722
1577490 721
1577500 721
1577510 722
1577520 722
1577530 722
1577540 722
1577550 723
1577560 723
1577570 723
1577580 724
1577590 724
1577600 724
1577610 725
1577620 725
1577630 725
1577640 726
1577650 726
1577660 726
1577670 726
1577680 726
1577690 727
1577700 727
1577710 727
1577720 727
1577730 728
1577740 728
1577750 728
1577760 728
1577770 728
1577780 728
1577790 728
1577800 728
1577810 728
1577820 728
1577830 728
1577840 728
1577850 727
1577860 727
1577870 727
1577880 726
1577890 726
1577900 726
1577910 724
1577920 724
1577930 723
1577940 723
1577950 723
1577960 722
1577970 722
1577980 722
1577990 721
1578000 721
1578010 721
1578020 721
1578030 720
1578040 720
1578050 719
1578060 719
1578070 719
1578080 718
1578090 718
1578100 718
1578110 717
1578120 716
1578130 716
1578140 716
1578150 715
1578160 715
1578170 715
1578180 714
1578190 714
1578200 714
1578210 712
1578220 712
1578230 712
1578240 711
1578250 711
1578260 711
1578270 711
1578280 711
1578290 711
1578300 711
1578310 711
1578320 712
1578330 712
1578340 713
1578350 714
1578360 714
1578370 715
1578380 715
1578390 715
1578400 716
1578410 716
1578420 716
1578430 716
1578440 716
1578450 716
1578460 716
1578470 716
1578480 716
1578490 716
1578500 716
1578510 716
1578520 716
1578530 715
1578540 715
1578550 715
1578560 712
1578570 712
1578580 710
1578590 708
1578600 708
1578610 705
1578620 700
1578630 700
1578640 698
1578650 697
1578660 697
1578670 697
1578680 697
1578690 697
1578700 698
1578710 699
1578720 699
1578730 700
1578740 701
1578750 701
1578760 703
1578770 705
1578780 705
1578790 708
1578800 711
1578810 711
1578820 714
1578830 717
1578840 717
1578850 720
1578860 722
1578870 722
1578880 724
1578890 726
1578900 726
1578910 727
1578920 729
1578930 729
1578940 730
1578950 732
1578960 732
1578970 734
1578980 735
1578990 735
1579000 737
1579010 739
1579020 739
1579030 740
1579040 741
1579050 741
1579060 743
1579070 744
1579080 744
1579090 745
1579100 745
1579110 746
1579120 747
1579130 747
1579140 749
1579150 750
1579160 750
1579170 751
1579180 752
1579190 752
1579200 753
1579210 754
1579220 754
1579230 755
1579240 756
1579250 756
1579260 757
1579270 759
1579280 759
1579290 761
1579300 763
1579310 763
1579320 766
1579330 768
1579340 768
1579350 768
1579360 770
1579370 770
1579380 771
1579390 773
1579400 773
1579410 774
1579420 774
1579430 774
1579440 774
1579450 775
1579460 775
1579470 775
1579480 775
1579490 775
1579500 775
1579510 775
1579520 775
1579530 775
1579540 775
1579550 775
1579560 774
1579570 774
1579580 774
1579590 773
1579600 774
1579610 774
1579620 773
1579630 772
1579640 772
1579650 770
1579660 767
1579670 767
1579680 764
1579690 763
1579700 763
1579710 763
1579720 763
1579730 763
1579740 764
1579750 766
1579760 766
1579770 767
1579780 769
1579790 769
1579800 771
1579810 773
1579820 773
1579830 775
1579840 777
1579850 777
1579860 778
1579870 780
1579880 780
1579890 782
1579900 785
1579910 785
1579920 787
1579930 787
1579940 789
1579950 791
1579960 791
1579970 793
1579980 796
1579990 796
