1560000 557
1560010 556
1560020 554
1560030 554
1560040 552
1560050 551
1560060 551
1560070 549
1560080 548
1560090 548
1560100 547
1560110 546
1560120 546
1560130 544
1560140 542
1560150 542
1560160 541
1560170 539
1560180 539
1560190 538
1560200 536
1560210 536
1560220 535
1560230 533
1560240 533
1560250 532
1560260 531
1560270 531
1560280 530
1560290 529
1560300 529
1560310 528
1560320 528
1560330 528
1560340 528
1560350 528
1560360 528
1560370 530
1560380 532
1560390 532
1560400 534
1560410 534
1560420 536
1560430 538
1560440 538
1560450 540
1560460 542
1560470 542
1560480 544
1560490 547
1560500 547
1560510 549
1560520 552
1560530 552
1560540 556
1560550 559
1560560 559
1560570 561
1560580 564
1560590 564
1560600 566
1560610 568
1560620 568
1560630 570
1560640 572
1560650 572
1560660 573
1560670 575
1560680 575
1560690 576
1560700 577
1560710 577
1560720 577
1560730 578
1560740 578
1560750 578
1560760 578
1560770 578
1560780 578
1560790 578
1560800 578
1560810 578
1560820 578
1560830 578
1560840 578
1560850 577
1560860 577
1560870 576
1560880 575
1560890 575
1560900 572
1560910 569
1560920 569
1560930 566
1560940 564
1560950 564
1560960 562
1560970 560
1560980 560
1560990 560
1561000 558
1561010 558
1561020 556
1561030 556
1561040 556
1561050 557
1561060 560
1561070 560
1561080 562
1561090 564
1561100 564
1561110 567
1561120 569
1561130 569
1561140 572
1561150 574
1561160 574
1561170 577
1561180 580
1561190 580
1561200 583
1561210 585
1561220 585
1561230 588
1561240 590
1561250 590
1561260 592
1561270 592
1561280 594
1561290 595
1561300 595
1561310 596
1561320 597
1561330 597
1561340 597
1561350 598
1561360 598
1561370 599
1561380 599
1561390 599
1561400 600
1561410 600
1561420 600
1561430 600
1561440 600
1561450 600
1561460 600
1561470 600
1561480 600
1561490 599
1561500 599
1561510 599
1561520 598
1561530 597
1561540 597
1561550 597
1561560 595
1561570 595
1561580 594
1561590 593
1561600 593
1561610 591
1561620 589
1561630 589
1561640 587
1561650 584
1561660 584
1561670 581
1561680 578
1561690 578
1561700 576
1561710 574
1561720 574
1561730 571
1561740 569
1561750 569
1561760 568
1561770 566
1561780 566
1561790 564
1561800 564
1561810 564
1561820 563
1561830 563
1561840 563
1561850 562
1561860 561
1561870 561
1561880 560
1561890 559
1561900 559
1561910 558
1561920 556
1561930 556
1561940 554
1561950 552
1561960 552
1561970 550
1561980 547
1561990 547
1562000 545
1562010 542
1562020 542
1562030 539
1562040 537
1562050 537
1562060 534
1562070 532
1562080 532
1562090 529
1562100 527
1562110 527
1562120 526
1562130 526
1562140 525
1562150 523
1562160 523
1562170 521
1562180 520
1562190 520
1562200 519
1562210 517
1562220 517
1562230 515
1562240 514
1562250 514
1562260 512
1562270 511
1562280 511
1562290 509
1562300 507
1562310 507
1562320 504
1562330 501
1562340 501
1562350 498
1562360 496
1562370 496
1562380 493
1562390 492
1562400 492
1562410 491
1562420 492
1562430 492
1562440 493
1562450 493
1562460 493
1562470 493
1562480 493
1562490 493
1562500 493
1562510 493
1562520 493
1562530 493
1562540 493
1562550 493
1562560 494
1562570 493
1562580 493
1562590 493
1562600 494
1562610 494
1562620 494
1562630 494
1562640 494
1562650 495
1562660 496
1562670 496
1562680 500
1562690 503
1562700 503
1562710 508
1562720 511
1562730 511
1562740 514
1562750 518
1562760 518
1562770 520
1562780 523
1562790 523
1562800 524
1562810 525
1562820 525
1562830 524
1562840 524
1562850 524
1562860 523
1562870 522
1562880 522
1562890 523
1562900 525
1562910 525
1562920 527
1562930 528
1562940 528
1562950 529
1562960 529
1562970 530
1562980 530
1562990 530
1563000 531
1563010 532
1563020 532
1563030 534
1563040 534
1563050 534
1563060 534
1563070 534
1563080 534
1563090 534
1563100 534
1563110 534
1563120 534
1563130 533
1563140 533
1563150 532
1563160 531
1563170 531
1563180 531
1563190 532
1563200 532
1563210 533
1563220 534
1563230 534
1563240 535
1563250 536
1563260 536
1563270 536
1563280 536
1563290 536
1563300 537
1563310 538
1563320 538
1563330 539
1563340 539
1563350 539
1563360 538
1563370 538
1563380 538
1563390 539
1563400 539
1563410 539
1563420 539
1563430 540
1563440 540
1563450 540
1563460 541
1563470 541
1563480 541
1563490 541
1563500 541
1563510 541
1563520 541
1563530 541
1563540 542
1563550 542
1563560 542
1563570 542
1563580 542
1563590 542
1563600 542
1563610 542
1563620 542
1563630 542
1563640 542
1563650 542
1563660 542
1563670 542
1563680 542
1563690 542
1563700 542
1563710 542
1563720 541
1563730 542
1563740 542
1563750 542
1563760 542
1563770 542
1563780 542
1563790 542
1563800 542
1563810 541
1563820 541
1563830 541
1563840 541
1563850 541
1563860 541
1563870 540
1563880 540
1563890 540
1563900 539
1563910 539
1563920 539
1563930 539
1563940 539
1563950 538
1563960 538
1563970 538
1563980 537
1563990 537
1564000 537
1564010 536
1564020 535
1564030 535
1564040 535
1564050 534
1564060 534
1564070 533
1564080 532
1564090 532
1564100 531
1564110 530
1564120 530
1564130 528
1564140 527
1564150 527
1564160 526
1564170 526
1564180 526
1564190 526
1564200 527
1564210 527
1564220 527
1564230 528
1564240 528
1564250 531
1564260 531
1564270 531
1564280 531
1564290 532
1564300 532
1564310 532
1564320 533
1564330 533
1564340 535
1564350 535
1564360 535
1564370 536
1564380 536
1564390 536
1564400 536
1564410 537
1564420 537
1564430 538
1564440 538
1564450 538
1564460 537
1564470 537
1564480 537
1564490 537
1564500 537
1564510 537
1564520 537
1564530 537
1564540 537
1564550 536
1564560 536
1564570 536
1564580 536
1564590 535
1564600 535
1564610 534
1564620 534
1564630 534
1564640 534
1564650 535
1564660 535
1564670 535
1564680 535
1564690 537
1564700 538
1564710 538
1564720 541
1564730 542
1564740 542
1564750 544
1564760 545
1564770 545
1564780 547
1564790 550
1564800 550
1564810 552
1564820 553
1564830 553
1564840 555
1564850 557
1564860 557
1564870 560
1564880 561
1564890 561
1564900 563
1564910 564
1564920 564
1564930 566
1564940 567
1564950 567
1564960 569
1564970 571
1564980 571
1564990 572
1565000 573
1565010 573
1565020 574
1565030 575
1565040 575
1565050 577
1565060 577
1565070 577
1565080 578
1565090 579
1565100 579
1565110 580
1565120 581
1565130 581
1565140 581
1565150 582
1565160 582
1565170 583
1565180 584
1565190 584
1565200 584
1565210 584
1565220 584
1565230 585
1565240 585
1565250 585
1565260 586
1565270 586
1565280 586
1565290 586
1565300 586
1565310 586
1565320 586
1565330 585
1565340 585
1565350 585
1565360 584
1565370 584
1565380 582
1565390 580
1565400 580
1565410 578
1565420 576
1565430 576
1565440 574
1565450 572
1565460 572
1565470 572
1565480 572
1565490 572
1565500 574
1565510 574
1565520 575
1565530 576
1565540 576
1565550 577
1565560 577
1565570 577
1565580 578
1565590 579
1565600 579
1565610 580
1565620 581
1565630 581
1565640 581
1565650 583
1565660 583
1565670 584
1565680 586
1565690 586
1565700 588
1565710 590
1565720 590
1565730 593
1565740 595
1565750 595
1565760 597
1565770 598
1565780 598
1565790 600
1565800 601
1565810 601
1565820 603
1565830 606
1565840 606
1565850 608
1565860 610
1565870 610
1565880 611
1565890 613
1565900 613
1565910 615
1565920 618
1565930 618
1565940 620
1565950 623
1565960 626
1565970 629
1565980 633
1565990 633
1566000 637
1566010 640
1566020 640
1566030 643
1566040 645
1566050 645
1566060 647
1566070 650
1566080 650
1566090 652
1566100 653
1566110 653
1566120 654
1566130 656
1566140 656
1566150 657
1566160 657
1566170 657
1566180 657
1566190 657
1566200 657
1566210 657
1566220 657
1566230 657
1566240 658
1566250 660
1566260 660
1566270 661
1566280 663
1566290 663
1566300 664
1566310 667
1566320 667
1566330 668
1566340 670
1566350 670
1566360 672
1566370 672
1566380 674
1566390 675
1566400 675
1566410 677
1566420 679
1566430 679
1566440 681
1566450 684
1566460 684
1566470 686
1566480 689
1566490 689
1566500 692
1566510 695
1566520 695
1566530 698
1566540 701
1566550 701
1566560 703
1566570 705
1566580 705
1566590 707
1566600 708
1566610 708
1566620 708
1566630 709
1566640 709
1566650 710
1566660 710
1566670 710
1566680 711
1566690 712
1566700 712
1566710 712
1566720 712
1566730 712
1566740 713
1566750 713
1566760 713
1566770 714
1566780 715
1566790 715
1566800 715
1566810 716
1566820 716
1566830 716
1566840 717
1566850 717
1566860 718
1566870 718
1566880 718
1566890 719
1566900 720
1566910 720
1566920 721
1566930 722
1566940 722
1566950 723
1566960 723
1566970 723
1566980 724
1566990 725
1567000 725
1567010 726
1567020 727
1567030 727
1567040 729
1567050 730
1567060 730
1567070 731
1567080 732
1567090 732
1567100 734
1567110 735
1567120 735
1567130 737
1567140 738
1567150 738
1567160 740
1567170 741
1567180 741
1567190 743
1567200 744
1567210 744
1567220 745
1567230 745
1567240 746
1567250 748
1567260 748
1567270 749
1567280 751
1567290 751
1567300 752
1567310 754
1567320 754
1567330 755
1567340 757
1567350 757
1567360 758
1567370 760
1567380 760
1567390 761
1567400 762
1567410 762
1567420 763
1567430 764
1567440 764
1567450 765
1567460 766
1567470 766
1567480 766
1567490 767
1567500 767
1567510 768
1567520 768
1567530 768
1567540 770
1567550 769
1567560 769
1567570 769
1567580 768
1567590 768
1567600 767
1567610 767
1567620 767
1567630 768
1567640 769
1567650 769
1567660 770
1567670 770
1567680 770
1567690 770
1567700 770
1567710 770
1567720 769
1567730 768
1567740 768
1567750 768
1567760 765
1567770 765
1567780 763
1567790 763
1567800 763
1567810 762
1567820 762
1567830 762
1567840 762
1567850 762
1567860 762
1567870 762
1567880 762
1567890 762
1567900 762
1567910 762
1567920 762
1567930 762
1567940 762
1567950 762
1567960 763
1567970 763
1567980 763
1567990 764
1568000 765
1568010 765
1568020 766
1568030 766
1568040 766
1568050 767
1568060 767
1568070 769
1568080 769
1568090 769
1568100 770
1568110 772
1568120 772
1568130 773
1568140 774
1568150 774
1568160 775
1568170 776
1568180 776
1568190 777
1568200 778
1568210 778
1568220 780
1568230 780
1568240 780
1568250 782
1568260 785
1568270 785
1568280 787
1568290 788
1568300 788
1568310 790
1568320 792
1568330 792
1568340 794
1568350 796
1568360 796
1568370 798
1568380 800
1568390 800
1568400 801
1568410 803
1568420 803
1568430 805
1568440 806
1568450 806
1568460 808
1568470 809
1568480 809
1568490 811
1568500 813
1568510 813
1568520 814
1568530 816
1568540 816
1568550 818
1568560 819
1568570 819
1568580 820
1568590 821
1568600 821
1568610 822
1568620 824
1568630 824
1568640 825
1568650 826
1568660 826
1568670 827
1568680 828
1568690 828
1568700 829
1568710 830
1568720 830
1568730 831
1568740 832
1568750 832
1568760 833
1568770 834
1568780 834
1568790 835
1568800 836
1568810 836
1568820 837
1568830 838
1568840 838
1568850 839
1568860 840
1568870 840
1568880 840
1568890 841
1568900 841
1568910 842
1568920 842
1568930 843
1568940 844
1568950 844
1568960 845
1568970 845
1568980 845
1568990 846
1569000 847
1569010 847
1569020 847
1569030 848
1569040 848
1569050 849
1569060 849
1569070 849
1569080 850
1569090 852
1569100 852
1569110 853
1569120 854
1569130 854
1569140 855
1569150 855
1569160 855
1569170 856
1569180 857
1569190 857
1569200 858
1569210 859
1569220 859
1569230 859
1569240 860
1569250 860
1569260 860
1569270 860
1569280 860
1569290 861
1569300 862
1569310 862
1569320 862
1569330 863
1569340 863
1569350 863
1569360 863
1569370 863
1569380 864
1569390 864
1569400 864
1569410 864
1569420 864
1569430 864
1569440 865
1569450 865
1569460 865
1569470 865
1569480 865
1569490 865
1569500 865
1569510 865
1569520 865
1569530 865
1569540 865
1569550 865
1569560 865
1569570 865
1569580 865
1569590 865
1569600 864
1569610 864
1569620 864
1569630 863
1569640 863
1569650 863
1569660 862
1569670 862
1569680 862
1569690 861
1569700 861
1569710 860
1569720 860
1569730 860
1569740 859
1569750 859
1569760 859
1569770 859
1569780 859
1569790 859
1569800 859
1569810 859
1569820 860
1569830 860
1569840 860
1569850 862
1569860 863
1569870 863
1569880 864
1569890 865
1569900 865
1569910 866
1569920 867
1569930 867
1569940 868
1569950 869
1569960 869
1569970 870
1569980 871
1569990 871
1570000 873
1570010 874
1570020 874
1570030 876
1570040 877
1570050 877
1570060 879
1570070 880
1570080 880
1570090 882
1570100 883
1570110 883
1570120 886
1570130 888
1570140 888
1570150 890
1570160 891
1570170 891
1570180 892
1570190 894
1570200 894
1570210 896
1570220 897
1570230 897
1570240 898
1570250 899
1570260 899
1570270 900
1570280 901
1570290 901
1570300 902
1570310 903
1570320 903
1570330 904
1570340 905
1570350 905
1570360 906
1570370 906
1570380 906
1570390 907
1570400 907
1570410 907
1570420 908
1570430 908
1570440 908
1570450 908
1570460 908
1570470 908
1570480 909
1570490 909
1570500 909
1570510 908
1570520 908
1570530 908
1570540 908
1570550 908
1570560 908
1570570 907
1570580 906
1570590 906
1570600 904
1570610 904
1570620 903
1570630 904
1570640 904
1570650 904
1570660 903
1570670 903
1570680 903
1570690 902
1570700 902
1570710 902
1570720 902
1570730 902
1570740 902
1570750 902
1570760 902
1570770 901
1570780 900
1570790 900
1570800 900
1570810 899
1570820 899
1570830 898
1570840 898
1570850 898
1570860 897
1570870 897
1570880 897
1570890 897
1570900 896
1570910 896
1570920 895
1570930 895
1570940 895
1570950 894
1570960 894
1570970 894
1570980 893
1570990 892
1571000 892
1571010 891
1571020 891
1571030 891
1571040 890
1571050 889
1571060 889
1571070 889
1571080 888
1571090 888
1571100 887
1571110 886
1571120 886
1571130 885
1571140 884
1571150 884
1571160 883
1571170 882
1571180 882
1571190 879
1571200 879
1571210 879
1571220 878
1571230 875
1571240 875
1571250 874
1571260 872
1571270 872
1571280 870
1571290 869
1571300 869
1571310 868
1571320 867
1571330 867
1571340 866
1571350 865
1571360 865
1571370 864
1571380 863
1571390 863
1571400 862
1571410 862
1571420 862
1571430 861
1571440 861
1571450 861
1571460 861
1571470 861
1571480 861
1571490 861
1571500 861
1571510 861
1571520 861
1571530 861
1571540 861
1571550 861
1571560 861
1571570 861
1571580 862
1571590 862
1571600 862
1571610 862
1571620 862
1571630 863
1571640 863
1571650 863
1571660 864
1571670 864
1571680 864
1571690 865
1571700 865
1571710 865
1571720 866
1571730 866
1571740 866
1571750 867
1571760 868
1571770 868
1571780 868
1571790 869
1571800 869
1571810 870
1571820 870
1571830 870
1571840 871
1571850 871
1571860 871
1571870 872
1571880 873
1571890 873
1571900 873
1571910 874
1571920 874
1571930 874
1571940 875
1571950 875
1571960 875
1571970 876
1571980 876
1571990 876
1572000 877
1572010 877
1572020 877
1572030 878
1572040 878
1572050 878
1572060 878
1572070 878
1572080 878
1572090 879
1572100 879
1572110 879
1572120 878
1572130 879
1572140 878
1572150 877
1572160 877
1572170 876
1572180 875
1572190 875
1572200 874
1572210 873
1572220 873
1572230 873
1572240 872
1572250 872
1572260 871
1572270 871
1572280 871
1572290 870
1572300 870
1572310 869
1572320 869
1572330 869
1572340 868
1572350 867
1572360 867
1572370 866
1572380 865
1572390 865
1572400 865
1572410 864
1572420 864
1572430 863
1572440 862
1572450 862
1572460 862
1572470 861
1572480 861
1572490 860
1572500 859
1572510 859
1572520 857
1572530 856
1572540 856
1572550 855
1572560 854
1572570 854
1572580 853
1572590 853
1572600 853
1572610 852
1572620 851
1572630 851
1572640 850
1572650 849
1572660 849
1572670 848
1572680 847
1572690 847
1572700 845
1572710 844
1572720 844
1572730 843
1572740 841
1572750 841
1572760 839
1572770 838
1572780 838
1572790 836
1572800 835
1572810 835
1572820 833
1572830 830
1572840 830
1572850 828
1572860 825
1572870 825
1572880 822
1572890 820
1572900 820
1572910 817
1572920 814
1572930 814
1572940 813
1572950 810
1572960 810
1572970 808
1572980 805
1572990 805
1573000 803
1573010 801
1573020 801
1573030 798
1573040 796
1573050 796
1573060 795
1573070 793
1573080 793
1573090 791
1573100 789
1573110 789
1573120 788
1573130 786
1573140 786
1573150 784
1573160 784
1573170 783
1573180 781
1573190 781
1573200 779
1573210 778
1573220 778
1573230 776
1573240 775
1573250 775
1573260 773
1573270 772
1573280 772
1573290 770
1573300 768
1573310 768
1573320 766
1573330 764
1573340 764
1573350 762
1573360 760
1573370 760
1573380 759
1573390 758
1573400 758
1573410 756
1573420 754
1573430 754
1573440 753
1573450 751
1573460 751
1573470 747
1573480 744
1573490 744
1573500 741
1573510 738
1573520 738
1573530 736
1573540 734
1573550 734
1573560 732
1573570 730
1573580 730
1573590 728
1573600 726
1573610 726
1573620 724
1573630 722
1573640 722
1573650 721
1573660 720
1573670 720
1573680 718
1573690 717
1573700 717
1573710 715
1573720 714
1573730 714
1573740 713
1573750 712
1573760 712
1573770 712
1573780 711
1573790 711
1573800 711
1573810 710
1573820 710
1573830 710
1573840 710
1573850 710
1573860 709
1573870 709
1573880 709
1573890 709
1573900 710
1573910 710
1573920 711
1573930 712
1573940 712
1573950 713
1573960 713
1573970 713
1573980 714
1573990 714
1574000 714
1574010 715
1574020 715
1574030 717
1574040 718
1574050 718
1574060 719
1574070 719
1574080 719
1574090 720
1574100 722
1574110 722
1574120 723
1574130 725
1574140 725
1574150 726
1574160 728
1574170 728
1574180 730
1574190 732
1574200 732
1574210 735
1574220 737
1574230 737
1574240 739
1574250 740
1574260 740
1574270 741
1574280 743
1574290 743
1574300 745
1574310 747
1574320 747
1574330 749
1574340 751
1574350 751
1574360 753
1574370 755
1574380 755
1574390 757
1574400 758
1574410 758
1574420 760
1574430 762
1574440 762
1574450 764
1574460 766
1574470 766
1574480 767
1574490 768
1574500 768
1574510 769
1574520 770
1574530 770
1574540 771
1574550 772
1574560 772
1574570 773
1574580 774
1574590 774
1574600 775
1574610 776
1574620 776
1574630 776
1574640 777
1574650 777
1574660 777
1574670 778
1574680 778
1574690 778
1574700 779
1574710 779
1574720 779
1574730 779
1574740 779
1574750 779
1574760 780
1574770 780
1574780 780
1574790 780
1574800 780
1574810 780
1574820 781
1574830 781
1574840 781
1574850 781
1574860 781
1574870 782
1574880 782
1574890 782
1574900 783
1574910 783
1574920 783
1574930 784
1574940 784
1574950 784
1574960 785
1574970 785
1574980 786
1574990 787
1575000 787
1575010 787
1575020 787
1575030 787
1575040 788
1575050 788
1575060 788
1575070 789
1575080 789
1575090 789
1575100 789
1575110 789
1575120 789
1575130 789
1575140 789
1575150 789
1575160 790
1575170 790
1575180 790
1575190 790
1575200 790
1575210 790
1575220 790
1575230 790
1575240 790
1575250 790
1575260 789
1575270 789
1575280 789
1575290 788
1575300 788
1575310 788
1575320 788
1575330 788
1575340 788
1575350 788
1575360 788
1575370 788
1575380 789
1575390 789
1575400 790
1575410 790
1575420 790
1575430 791
1575440 792
1575450 792
1575460 793
1575470 793
1575480 793
1575490 794
1575500 794
1575510 794
1575520 795
1575530 795
1575540 795
1575550 796
1575560 796
1575570 796
1575580 797
1575590 798
1575600 798
1575610 798
1575620 798
1575630 798
1575640 799
1575650 799
1575660 799
1575670 799
1575680 799
1575690 799
1575700 800
1575710 800
1575720 801
1575730 801
1575740 801
1575750 801
1575760 802
1575770 802
1575780 802
1575790 803
1575800 803
1575810 803
1575820 804
1575830 804
1575840 804
1575850 804
1575860 804
1575870 805
1575880 805
1575890 805
1575900 805
1575910 804
1575920 804
1575930 804
1575940 804
1575950 804
1575960 803
1575970 803
1575980 803
1575990 802
1576000 801
1576010 801
1576020 800
1576030 799
1576040 799
1576050 798
1576060 797
1576070 797
1576080 796
1576090 795
1576100 795
1576110 793
1576120 792
1576130 792
1576140 791
1576150 790
1576160 790
1576170 790
1576180 789
1576190 789
1576200 789
1576210 789
1576220 789
1576230 788
1576240 788
1576250 788
1576260 787
1576270 787
1576280 787
1576290 786
1576300 786
1576310 786
1576320 786
1576330 785
1576340 785
1576350 785
1576360 784
1576370 784
1576380 784
1576390 783
1576400 783
1576410 783
1576420 783
1576430 783
1576440 782
1576450 782
1576460 782
1576470 781
1576480 781
1576490 781
1576500 779
1576510 778
1576520 778
1576530 778
1576540 778
1576550 777
1576560 777
1576570 777
1576580 776
1576590 776
1576600 776
1576610 775
1576620 775
1576630 775
1576640 775
1576650 774
1576660 774
1576670 774
1576680 774
1576690 774
1576700 773
1576710 773
1576720 773
1576730 772
1576740 772
1576750 772
1576760 771
1576770 770
1576780 770
1576790 770
1576800 770
1576810 770
1576820 769
1576830 769
1576840 769
1576850 768
1576860 768
1576870 768
1576880 767
1576890 767
1576900 767
1576910 766
1576920 766
1576930 766
1576940 765
1576950 764
1576960 764
1576970 764
1576980 764
1576990 764
1577000 763
1577010 763
1577020 763
1577030 762
1577040 761
1577050 761
1577060 761
1577070 760
1577080 760
1577090 759
1577100 759
1577110 759
1577120 758
1577130 757
1577140 757
1577150 755
1577160 755
1577170 755
1577180 754
1577190 752
1577200 752
1577210 750
1577220 748
1577230 748
1577240 747
1577250 745
1577260 745
1577270 744
1577280 743
1577290 743
1577300 743
1577310 742
1577320 742
1577330 742
1577340 741
1577350 741
1577360 741
1577370 740
1577380 740
1577390 740
1577400 740
1577410 740
1577420 740
1577430 740
1577440 740
1577450 741
1577460 741
1577470 741
1577480 742
1577490 742
1577500 742
1577510 743
1577520 743
1577530 743
1577540 743
1577550 743
1577560 744
1577570 744
1577580 744
1577590 744
1577600 744
1577610 744
1577620 744
1577630 744
1577640 744
1577650 744
1577660 744
1577670 744
1577680 744
1577690 744
1577700 744
1577710 744
1577720 744
1577730 744
1577740 744
1577750 744
1577760 744
1577770 744
1577780 744
1577790 744
1577800 745
1577810 745
1577820 745
1577830 745
1577840 744
1577850 744
1577860 744
1577870 744
1577880 744
1577890 744
1577900 745
1577910 744
1577920 744
1577930 744
1577940 744
1577950 744
1577960 745
1577970 745
1577980 745
1577990 745
1578000 745
1578010 745
1578020 745
1578030 745
1578040 745
1578050 745
1578060 745
1578070 745
1578080 745
1578090 745
1578100 744
1578110 743
1578120 743
1578130 742
1578140 741
1578150 741
1578160 739
1578170 737
1578180 737
1578190 733
1578200 729
1578210 729
1578220 726
1578230 726
1578240 722
1578250 717
1578260 717
1578270 713
1578280 709
1578290 709
1578300 706
1578310 701
1578320 701
1578330 697
1578340 694
1578350 694
1578360 692
1578370 689
1578380 689
1578390 687
1578400 684
1578410 684
1578420 684
1578430 684
1578440 684
1578450 684
1578460 687
1578470 687
1578480 693
1578490 697
1578500 697
1578510 700
1578520 702
1578530 702
1578540 703
1578550 703
1578560 703
1578570 704
1578580 706
1578590 706
1578600 707
1578610 709
1578620 709
1578630 710
1578640 711
1578650 711
1578660 712
1578670 713
1578680 713
1578690 714
1578700 714
1578710 714
1578720 714
1578730 714
1578740 714
1578750 714
1578760 714
1578770 714
1578780 714
1578790 713
1578800 713
1578810 712
1578820 712
1578830 712
1578840 714
1578850 715
1578860 715
1578870 716
1578880 716
1578890 716
1578900 717
1578910 718
1578920 718
1578930 719
1578940 720
1578950 720
1578960 721
1578970 721
1578980 721
1578990 722
1579000 722
1579010 722
1579020 723
1579030 723
1579040 723
1579050 723
1579060 724
1579070 724
1579080 724
1579090 724
1579100 725
1579110 726
1579120 726
1579130 727
1579140 728
1579150 728
1579160 729
1579170 729
1579180 729
1579190 730
1579200 730
1579210 730
1579220 731
1579230 732
1579240 732
1579250 732
1579260 733
1579270 733
1579280 734
1579290 734
1579300 734
1579310 735
1579320 736
1579330 736
1579340 737
1579350 738
1579360 738
1579370 739
1579380 740
1579390 740
1579400 740
1579410 741
1579420 741
1579430 741
1579440 742
1579450 742
1579460 743
1579470 744
1579480 744
1579490 745
1579500 746
1579510 746
1579520 747
1579530 748
1579540 748
1579550 749
1579560 750
1579570 750
1579580 751
1579590 752
1579600 752
1579610 753
1579620 755
1579630 755
1579640 756
1579650 757
1579660 757
1579670 758
1579680 759
1579690 759
1579700 760
1579710 761
1579720 761
1579730 762
1579740 764
1579750 764
1579760 765
1579770 768
1579780 768
1579790 770
1579800 772
1579810 772
1579820 774
1579830 776
1579840 776
1579850 778
1579860 780
1579870 780
1579880 782
1579890 783
1579900 783
1579910 785
1579920 785
1579930 787
1579940 789
1579950 789
1579960 791
1579970 792
1579980 792
1579990 794
