1560000 537
1560010 537
1560020 537
1560030 538
1560040 539
1560050 539
1560060 540
1560070 541
1560080 541
1560090 542
1560100 542
1560110 542
1560120 542
1560130 543
1560140 543
1560150 543
1560160 543
1560170 543
1560180 543
1560190 544
1560200 544
1560210 544
1560220 544
1560230 544
1560240 545
1560250 545
1560260 545
1560270 545
1560280 545
1560290 545
1560300 545
1560310 545
1560320 545
1560330 545
1560340 545
1560350 545
1560360 545
1560370 545
1560380 545
1560390 545
1560400 545
1560410 544
1560420 543
1560430 543
1560440 543
1560450 542
1560460 542
1560470 540
1560480 538
1560490 538
1560500 536
1560510 533
1560520 533
1560530 530
1560540 527
1560550 527
1560560 524
1560570 521
1560580 521
1560590 519
1560600 518
1560610 518
1560620 517
1560630 516
1560640 516
1560650 517
1560660 518
1560670 518
1560680 520
1560690 522
1560700 522
1560710 523
1560720 524
1560730 524
1560740 524
1560750 525
1560760 525
1560770 525
1560780 525
1560790 525
1560800 525
1560810 525
1560820 525
1560830 525
1560840 525
1560850 525
1560860 526
1560870 526
1560880 526
1560890 526
1560900 526
1560910 526
1560920 526
1560930 526
1560940 526
1560950 526
1560960 526
1560970 526
1560980 526
1560990 525
1561000 525
1561010 524
1561020 524
1561030 524
1561040 523
1561050 522
1561060 522
1561070 521
1561080 519
1561090 519
1561100 517
1561110 515
1561120 515
1561130 513
1561140 513
1561150 510
1561160 507
1561170 507
1561180 503
1561190 500
1561200 500
1561210 499
1561220 499
1561230 499
1561240 499
1561250 498
1561260 498
1561270 498
1561280 498
1561290 498
1561300 498
1561310 499
1561320 499
1561330 499
1561340 499
1561350 499
1561360 499
1561370 499
1561380 499
1561390 499
1561400 499
1561410 499
1561420 500
1561430 500
1561440 500
1561450 500
1561460 501
1561470 501
1561480 501
1561490 502
1561500 502
1561510 502
1561520 503
1561530 503
1561540 503
1561550 505
1561560 505
1561570 506
1561580 507
1561590 507
1561600 509
1561610 512
1561620 512
1561630 515
1561640 518
1561650 518
1561660 521
1561670 523
1561680 523
1561690 527
1561700 527
1561710 527
1561720 527
1561730 526
1561740 526
1561750 525
1561760 524
1561770 524
1561780 525
1561790 526
1561800 526
1561810 527
1561820 527
1561830 527
1561840 527
1561850 526
1561860 526
1561870 525
1561880 524
1561890 524
1561900 522
1561910 520
1561920 520
1561930 518
1561940 517
1561950 517
1561960 515
1561970 515
1561980 514
1561990 513
1562000 513
1562010 513
1562020 514
1562030 514
1562040 514
1562050 514
1562060 514
1562070 515
1562080 515
1562090 515
1562100 515
1562110 516
1562120 516
1562130 517
1562140 518
1562150 518
1562160 518
1562170 518
1562180 518
1562190 519
1562200 519
1562210 519
1562220 520
1562230 522
1562240 522
1562250 523
1562260 524
1562270 524
1562280 525
1562290 526
1562300 526
1562310 528
1562320 529
1562330 529
1562340 530
1562350 531
1562360 531
1562370 532
1562380 533
1562390 533
1562400 534
1562410 535
1562420 535
1562430 535
1562440 535
1562450 535
1562460 536
1562470 536
1562480 536
1562490 536
1562500 536
1562510 536
1562520 536
1562530 534
1562540 534
1562550 533
1562560 532
1562570 532
1562580 532
1562590 533
1562600 533
1562610 536
1562620 537
1562630 537
1562640 538
1562650 540
1562660 540
1562670 542
1562680 543
1562690 543
1562700 544
1562710 546
1562720 546
1562730 548
1562740 549
1562750 549
1562760 551
1562770 551
1562780 553
1562790 554
1562800 554
1562810 556
1562820 558
1562830 558
1562840 560
1562850 561
1562860 561
1562870 563
1562880 564
1562890 564
1562900 566
1562910 568
1562920 568
1562930 570
1562940 571
1562950 571
1562960 573
1562970 575
1562980 575
1562990 577
1563000 578
1563010 578
1563020 580
1563030 582
1563040 582
1563050 584
1563060 586
1563070 586
1563080 589
1563090 591
1563100 591
1563110 594
1563120 596
1563130 596
1563140 598
1563150 600
1563160 600
1563170 603
1563180 606
1563190 606
1563200 608
1563210 611
1563220 611
1563230 614
1563240 616
1563250 616
1563260 618
1563270 620
1563280 620
1563290 621
1563300 623
1563310 623
1563320 625
1563330 626
1563340 626
1563350 627
1563360 628
1563370 627
1563380 628
1563390 628
1563400 628
1563410 629
1563420 629
1563430 629
1563440 630
1563450 630
1563460 630
1563470 631
1563480 632
1563490 632
1563500 633
1563510 633
1563520 633
1563530 634
1563540 635
1563550 635
1563560 635
1563570 636
1563580 636
1563590 638
1563600 638
1563610 639
1563620 641
1563630 641
1563640 642
1563650 643
1563660 643
1563670 645
1563680 646
1563690 646
1563700 648
1563710 649
1563720 649
1563730 650
1563740 651
1563750 651
1563760 653
1563770 655
1563780 655
1563790 656
1563800 657
1563810 657
1563820 658
1563830 658
1563840 658
1563850 659
1563860 659
1563870 659
1563880 659
1563890 659
1563900 659
1563910 659
1563920 659
1563930 659
1563940 659
1563950 658
1563960 658
1563970 657
1563980 656
1563990 656
1564000 655
1564010 653
1564020 653
1564030 651
1564040 650
1564050 650
1564060 648
1564070 647
1564080 647
1564090 646
1564100 645
1564110 645
1564120 644
1564130 644
1564140 644
1564150 643
1564160 642
1564170 642
1564180 642
1564190 642
1564200 642
1564210 641
1564220 640
1564230 640
1564240 639
1564250 638
1564260 638
1564270 636
1564280 635
1564290 635
1564300 633
1564310 631
1564320 631
1564330 630
1564340 629
1564350 629
1564360 628
1564370 627
1564380 627
1564390 626
1564400 626
1564410 625
1564420 624
1564430 624
1564440 624
1564450 623
1564460 623
1564470 623
1564480 622
1564490 622
1564500 622
1564510 622
1564520 622
1564530 622
1564540 622
1564550 622
1564560 621
1564570 621
1564580 621
1564590 620
1564600 621
1564610 621
1564620 621
1564630 621
1564640 621
1564650 621
1564660 621
1564670 621
1564680 621
1564690 621
1564700 621
1564710 621
1564720 621
1564730 621
1564740 621
1564750 621
1564760 621
1564770 621
1564780 621
1564790 621
1564800 621
1564810 621
1564820 621
1564830 622
1564840 622
1564850 622
1564860 621
1564870 621
1564880 621
1564890 620
1564900 620
1564910 620
1564920 619
1564930 618
1564940 618
1564950 618
1564960 618
1564970 618
1564980 619
1564990 619
1565000 619
1565010 620
1565020 621
1565030 621
1565040 621
1565050 621
1565060 621
1565070 621
1565080 621
1565090 621
1565100 621
1565110 622
1565120 622
1565130 622
1565140 622
1565150 622
1565160 622
1565170 622
1565180 622
1565190 622
1565200 622
1565210 621
1565220 621
1565230 621
1565240 621
1565250 621
1565260 621
1565270 621
1565280 621
1565290 621
1565300 620
1565310 620
1565320 620
1565330 621
1565340 622
1565350 622
1565360 621
1565370 617
1565380 617
1565390 612
1565400 607
1565410 607
1565420 603
1565430 601
1565440 601
1565450 601
1565460 603
1565470 603
1565480 606
1565490 610
1565500 610
1565510 613
1565520 618
1565530 618
1565540 621
1565550 625
1565560 625
1565570 629
1565580 633
1565590 633
1565600 636
1565610 640
1565620 640
1565630 644
1565640 646
1565650 646
1565660 649
1565670 651
1565680 651
1565690 654
1565700 657
1565710 657
1565720 659
1565730 662
1565740 662
1565750 665
1565760 668
1565770 668
1565780 670
1565790 671
1565800 671
1565810 673
1565820 674
1565830 674
1565840 675
1565850 676
1565860 676
1565870 677
1565880 677
1565890 677
1565900 677
1565910 676
1565920 676
1565930 676
1565940 675
1565950 675
1565960 674
1565970 673
1565980 673
1565990 672
1566000 672
1566010 672
1566020 672
1566030 672
1566040 673
1566050 673
1566060 673
1566070 674
1566080 675
1566090 675
1566100 677
1566110 680
1566120 680
1566130 682
1566140 683
1566150 683
1566160 685
1566170 686
1566180 686
1566190 688
1566200 690
1566210 690
1566220 691
1566230 693
1566240 693
1566250 694
1566260 696
1566270 696
1566280 697
1566290 699
1566300 699
1566310 701
1566320 703
1566330 703
1566340 704
1566350 706
1566360 706
1566370 708
1566380 709
1566390 709
1566400 711
1566410 712
1566420 712
1566430 714
1566440 715
1566450 715
1566460 716
1566470 717
1566480 717
1566490 718
1566500 719
1566510 719
1566520 720
1566530 721
1566540 721
1566550 722
1566560 723
1566570 723
1566580 724
1566590 724
1566600 724
1566610 724
1566620 724
1566630 724
1566640 724
1566650 724
1566660 724
1566670 723
1566680 723
1566690 723
1566700 722
1566710 721
1566720 721
1566730 721
1566740 720
1566750 720
1566760 718
1566770 716
1566780 716
1566790 714
1566800 712
1566810 712
1566820 710
1566830 710
1566840 709
1566850 708
1566860 708
1566870 709
1566880 709
1566890 709
1566900 710
1566910 711
1566920 711
1566930 712
1566940 713
1566950 713
1566960 714
1566970 715
1566980 715
1566990 716
1567000 716
1567010 716
1567020 717
1567030 717
1567040 717
1567050 718
1567060 719
1567070 719
1567080 720
1567090 721
1567100 721
1567110 722
1567120 722
1567130 722
1567140 723
1567150 724
1567160 724
1567170 725
1567180 725
1567190 725
1567200 726
1567210 726
1567220 726
1567230 726
1567240 726
1567250 726
1567260 725
1567270 723
1567280 723
1567290 720
1567300 717
1567310 717
1567320 713
1567330 709
1567340 709
1567350 705
1567360 700
1567370 700
1567380 697
1567390 693
1567400 693
1567410 691
1567420 690
1567430 690
1567440 690
1567450 691
1567460 691
1567470 692
1567480 697
1567490 697
1567500 701
1567510 705
1567520 705
1567530 710
1567540 715
1567550 715
1567560 720
1567570 725
1567580 725
1567590 730
1567600 734
1567610 734
1567620 738
1567630 738
1567640 741
1567650 744
1567660 744
1567670 746
1567680 748
1567690 748
1567700 750
1567710 752
1567720 752
1567730 754
1567740 757
1567750 757
1567760 760
1567770 762
1567780 762
1567790 765
1567800 767
1567810 767
1567820 769
1567830 771
1567840 771
1567850 773
1567860 774
1567870 774
1567880 775
1567890 777
1567900 777
1567910 779
1567920 781
1567930 781
1567940 782
1567950 783
1567960 783
1567970 785
1567980 786
1567990 786
1568000 788
1568010 789
1568020 789
1568030 791
1568040 793
1568050 793
1568060 795
1568070 797
1568080 797
1568090 799
1568100 801
1568110 801
1568120 802
1568130 804
1568140 804
1568150 805
1568160 806
1568170 806
1568180 807
1568190 806
1568200 806
1568210 807
1568220 807
1568230 807
1568240 807
1568250 808
1568260 808
1568270 808
1568280 809
1568290 809
1568300 809
1568310 809
1568320 809
1568330 809
1568340 809
1568350 809
1568360 809
1568370 809
1568380 809
1568390 809
1568400 809
1568410 809
1568420 809
1568430 809
1568440 809
1568450 809
1568460 809
1568470 810
1568480 810
1568490 810
1568500 811
1568510 811
1568520 811
1568530 812
1568540 812
1568550 812
1568560 813
1568570 814
1568580 814
1568590 815
1568600 816
1568610 816
1568620 817
1568630 818
1568640 818
1568650 819
1568660 820
1568670 820
1568680 820
1568690 821
1568700 821
1568710 822
1568720 823
1568730 823
1568740 824
1568750 825
1568760 825
1568770 825
1568780 826
1568790 826
1568800 827
1568810 828
1568820 828
1568830 829
1568840 829
1568850 829
1568860 830
1568870 831
1568880 831
1568890 831
1568900 832
1568910 832
1568920 833
1568930 833
1568940 833
1568950 833
1568960 834
1568970 834
1568980 835
1568990 837
1569000 837
1569010 838
1569020 839
1569030 839
1569040 840
1569050 841
1569060 841
1569070 842
1569080 843
1569090 843
1569100 844
1569110 844
1569120 844
1569130 845
1569140 846
1569150 846
1569160 847
1569170 848
1569180 848
1569190 849
1569200 850
1569210 850
1569220 850
1569230 851
1569240 851
1569250 851
1569260 851
1569270 851
1569280 851
1569290 851
1569300 851
1569310 851
1569320 851
1569330 852
1569340 852
1569350 852
1569360 852
1569370 851
1569380 851
1569390 851
1569400 851
1569410 851
1569420 851
1569430 852
1569440 852
1569450 852
1569460 852
1569470 852
1569480 852
1569490 852
1569500 852
1569510 852
1569520 853
1569530 853
1569540 853
1569550 853
1569560 853
1569570 854
1569580 854
1569590 854
1569600 854
1569610 855
1569620 855
1569630 855
1569640 856
1569650 856
1569660 856
1569670 857
1569680 857
1569690 857
1569700 858
1569710 858
1569720 858
1569730 857
1569740 857
1569750 858
1569760 858
1569770 858
1569780 858
1569790 858
1569800 858
1569810 858
1569820 859
1569830 859
1569840 859
1569850 859
1569860 859
1569870 860
1569880 860
1569890 860
1569900 860
1569910 860
1569920 860
1569930 860
1569940 860
1569950 860
1569960 861
1569970 860
1569980 860
1569990 860
1570000 860
1570010 860
1570020 860
1570030 860
1570040 860
1570050 860
1570060 860
1570070 860
1570080 860
1570090 860
1570100 859
1570110 859
1570120 859
1570130 859
1570140 858
1570150 858
1570160 858
1570170 858
1570180 858
1570190 857
1570200 857
1570210 857
1570220 857
1570230 856
1570240 856
1570250 856
1570260 855
1570270 855
1570280 854
1570290 854
1570300 854
1570310 853
1570320 852
1570330 852
1570340 851
1570350 851
1570360 851
1570370 850
1570380 849
1570390 849
1570400 849
1570410 848
1570420 848
1570430 847
1570440 847
1570450 847
1570460 846
1570470 846
1570480 846
1570490 845
1570500 844
1570510 844
1570520 843
1570530 843
1570540 843
1570550 843
1570560 842
1570570 842
1570580 842
1570590 843
1570600 843
1570610 844
1570620 845
1570630 845
1570640 846
1570650 846
1570660 846
1570670 846
1570680 846
1570690 846
1570700 847
1570710 847
1570720 847
1570730 847
1570740 847
1570750 847
1570760 847
1570770 846
1570780 846
1570790 846
1570800 846
1570810 846
1570820 846
1570830 846
1570840 846
1570850 846
1570860 847
1570870 847
1570880 847
1570890 847
1570900 847
1570910 847
1570920 847
1570930 848
1570940 848
1570950 848
1570960 848
1570970 849
1570980 849
1570990 849
1571000 849
1571010 849
1571020 849
1571030 849
1571040 849
1571050 849
1571060 849
1571070 849
1571080 849
1571090 848
1571100 848
1571110 848
1571120 847
1571130 847
1571140 847
1571150 846
1571160 846
1571170 845
1571180 844
1571190 844
1571200 844
1571210 843
1571220 843
1571230 842
1571240 840
1571250 839
1571260 838
1571270 837
1571280 837
1571290 835
1571300 833
1571310 833
1571320 831
1571330 830
1571340 830
1571350 829
1571360 828
1571370 828
1571380 828
1571390 828
1571400 828
1571410 828
1571420 828
1571430 828
1571440 828
1571450 827
1571460 827
1571470 827
1571480 827
1571490 827
1571500 827
1571510 827
1571520 827
1571530 827
1571540 827
1571550 827
1571560 827
1571570 827
1571580 827
1571590 828
1571600 828
1571610 828
1571620 828
1571630 828
1571640 828
1571650 828
1571660 828
1571670 828
1571680 828
1571690 828
1571700 828
1571710 828
1571720 828
1571730 828
1571740 829
1571750 829
1571760 829
1571770 829
1571780 829
1571790 829
1571800 829
1571810 829
1571820 830
1571830 830
1571840 830
1571850 831
1571860 831
1571870 831
1571880 831
1571890 831
1571900 831
1571910 832
1571920 832
1571930 832
1571940 832
1571950 832
1571960 832
1571970 832
1571980 832
1571990 832
1572000 832
1572010 831
1572020 831
1572030 831
1572040 831
1572050 831
1572060 831
1572070 830
1572080 830
1572090 830
1572100 831
1572110 831
1572120 831
1572130 832
1572140 832
1572150 832
1572160 832
1572170 832
1572180 832
1572190 833
1572200 833
1572210 833
1572220 833
1572230 833
1572240 834
1572250 834
1572260 834
1572270 834
1572280 834
1572290 834
1572300 834
1572310 834
1572320 834
1572330 835
1572340 834
1572350 834
1572360 834
1572370 834
1572380 834
1572390 834
1572400 834
1572410 834
1572420 834
1572430 834
1572440 834
1572450 834
1572460 833
1572470 833
1572480 833
1572490 833
1572500 833
1572510 833
1572520 833
1572530 833
1572540 833
1572550 833
1572560 833
1572570 833
1572580 833
1572590 833
1572600 833
1572610 833
1572620 833
1572630 833
1572640 833
1572650 832
1572660 832
1572670 832
1572680 832
1572690 833
1572700 833
1572710 833
1572720 833
1572730 833
1572740 833
1572750 832
1572760 832
1572770 832
1572780 832
1572790 832
1572800 833
1572810 833
1572820 833
1572830 833
1572840 833
1572850 833
1572860 833
1572870 834
1572880 834
1572890 834
1572900 834
1572910 834
1572920 834
1572930 834
1572940 834
1572950 834
1572960 834
1572970 834
1572980 834
1572990 835
1573000 835
1573010 835
1573020 835
1573030 835
1573040 835
1573050 835
1573060 835
1573070 835
1573080 835
1573090 835
1573100 835
1573110 835
1573120 835
1573130 835
1573140 835
1573150 835
1573160 835
1573170 835
1573180 835
1573190 835
1573200 835
1573210 835
1573220 836
1573230 836
1573240 836
1573250 837
1573260 837
1573270 837
1573280 838
1573290 838
1573300 838
1573310 839
1573320 839
1573330 839
1573340 839
1573350 839
1573360 840
1573370 840
1573380 840
1573390 840
1573400 841
1573410 841
1573420 841
1573430 842
1573440 842
1573450 842
1573460 842
1573470 842
1573480 843
1573490 843
1573500 843
1573510 843
1573520 843
1573530 843
1573540 843
1573550 844
1573560 844
1573570 843
1573580 843
1573590 843
1573600 842
1573610 842
1573620 842
1573630 841
1573640 841
1573650 841
1573660 840
1573670 840
1573680 840
1573690 839
1573700 839
1573710 839
1573720 838
1573730 838
1573740 838
1573750 837
1573760 836
1573770 836
1573780 836
1573790 835
1573800 835
1573810 835
1573820 834
1573830 834
1573840 833
1573850 831
1573860 831
1573870 830
1573880 828
1573890 828
1573900 826
1573910 824
1573920 824
1573930 823
1573940 821
1573950 821
1573960 820
1573970 819
1573980 819
1573990 818
1574000 817
1574010 817
1574020 816
1574030 815
1574040 815
1574050 814
1574060 813
1574070 813
1574080 813
1574090 812
1574100 812
1574110 812
1574120 812
1574130 811
1574140 811
1574150 811
1574160 811
1574170 810
1574180 810
1574190 810
1574200 810
1574210 810
1574220 808
1574230 808
1574240 808
1574250 807
1574260 807
1574270 807
1574280 807
1574290 807
1574300 807
1574310 807
1574320 806
1574330 806
1574340 806
1574350 806
1574360 806
1574370 806
1574380 805
1574390 805
1574400 805
1574410 805
1574420 805
1574430 805
1574440 804
1574450 804
1574460 804
1574470 803
1574480 803
1574490 803
1574500 803
1574510 803
1574520 802
1574530 802
1574540 802
1574550 802
1574560 802
1574570 802
1574580 802
1574590 802
1574600 802
1574610 803
1574620 803
1574630 803
1574640 803
1574650 802
1574660 802
1574670 802
1574680 801
1574690 801
1574700 801
1574710 801
1574720 801
1574730 800
1574740 800
1574750 800
1574760 799
1574770 799
1574780 799
1574790 799
1574800 798
1574810 798
1574820 797
1574830 796
1574840 796
1574850 796
1574860 794
1574870 794
1574880 794
1574890 793
1574900 793
1574910 791
1574920 791
1574930 790
1574940 789
1574950 789
1574960 789
1574970 788
1574980 788
1574990 788
1575000 787
1575010 787
1575020 786
1575030 786
1575040 786
1575050 785
1575060 783
1575070 783
1575080 782
1575090 781
1575100 781
1575110 779
1575120 777
1575130 777
1575140 776
1575150 775
1575160 775
1575170 774
1575180 773
1575190 773
1575200 774
1575210 774
1575220 774
1575230 774
1575240 773
1575250 773
1575260 773
1575270 774
1575280 774
1575290 774
1575300 774
1575310 774
1575320 774
1575330 775
1575340 775
1575350 775
1575360 776
1575370 776
1575380 776
1575390 777
1575400 777
1575410 777
1575420 778
1575430 778
1575440 778
1575450 779
1575460 779
1575470 779
1575480 779
1575490 779
1575500 779
1575510 778
1575520 778
1575530 779
1575540 778
1575550 778
1575560 778
1575570 778
1575580 778
1575590 778
1575600 778
1575610 778
1575620 777
1575630 777
1575640 777
1575650 777
1575660 776
1575670 776
1575680 776
1575690 775
1575700 775
1575710 775
1575720 775
1575730 775
1575740 774
1575750 774
1575760 774
1575770 773
1575780 773
1575790 773
1575800 772
1575810 772
1575820 772
1575830 772
1575840 772
1575850 772
1575860 772
1575870 772
1575880 772
1575890 771
1575900 771
1575910 771
1575920 771
1575930 771
1575940 771
1575950 771
1575960 771
1575970 771
1575980 771
1575990 771
1576000 771
1576010 771
1576020 771
1576030 771
1576040 771
1576050 771
1576060 771
1576070 770
1576080 770
1576090 770
1576100 770
1576110 770
1576120 769
1576130 768
1576140 768
1576150 768
1576160 767
1576170 767
1576180 767
1576190 767
1576200 767
1576210 767
1576220 766
1576230 766
1576240 766
1576250 765
1576260 765
1576270 764
1576280 764
1576290 764
1576300 763
1576310 762
1576320 762
1576330 761
1576340 760
1576350 760
1576360 759
1576370 757
1576380 757
1576390 756
1576400 754
1576410 754
1576420 750
1576430 748
1576440 748
1576450 746
1576460 744
1576470 744
1576480 743
1576490 741
1576500 741
1576510 740
1576520 738
1576530 738
1576540 737
1576550 737
1576560 734
1576570 732
1576580 732
1576590 730
1576600 728
1576610 728
1576620 725
1576630 723
1576640 723
1576650 722
1576660 721
1576670 721
1576680 720
1576690 719
1576700 719
1576710 719
1576720 719
1576730 719
1576740 720
1576750 721
1576760 721
1576770 720
1576780 720
1576790 720
1576800 719
1576810 719
1576820 719
1576830 719
1576840 719
1576850 719
1576860 719
1576870 719
1576880 719
1576890 719
1576900 720
1576910 720
1576920 720
1576930 720
1576940 720
1576950 720
1576960 720
1576970 720
1576980 720
1576990 721
1577000 721
1577010 721
1577020 721
1577030 721
1577040 722
1577050 722
1577060 722
1577070 722
1577080 722
1577090 723
1577100 723
1577110 723
1577120 723
1577130 724
1577140 724
1577150 724
1577160 724
1577170 725
1577180 725
1577190 725
1577200 726
1577210 726
1577220 726
1577230 727
1577240 727
1577250 727
1577260 728
1577270 728
1577280 729
1577290 730
1577300 730
1577310 731
1577320 731
1577330 731
1577340 732
1577350 733
1577360 733
1577370 734
1577380 734
1577390 734
1577400 735
1577410 735
1577420 736
1577430 737
1577440 737
1577450 737
1577460 738
1577470 738
1577480 739
1577490 739
1577500 739
1577510 740
1577520 741
1577530 741
1577540 741
1577550 742
1577560 742
1577570 742
1577580 743
1577590 743
1577600 744
1577610 745
1577620 745
1577630 746
1577640 747
1577650 747
1577660 747
1577670 748
1577680 748
1577690 749
1577700 750
1577710 750
1577720 750
1577730 751
1577740 751
1577750 751
1577760 752
1577770 752
1577780 752
1577790 753
1577800 753
1577810 753
1577820 753
1577830 753
1577840 754
1577850 754
1577860 754
1577870 754
1577880 754
1577890 754
1577900 754
1577910 754
1577920 754
1577930 754
1577940 754
1577950 754
1577960 753
1577970 753
1577980 753
1577990 752
1578000 752
1578010 752
1578020 751
1578030 751
1578040 751
1578050 751
1578060 750
1578070 750
1578080 750
1578090 750
1578100 750
1578110 749
1578120 749
1578130 749
1578140 749
1578150 748
1578160 748
1578170 748
1578180 748
1578190 748
1578200 748
1578210 748
1578220 747
1578230 747
1578240 747
1578250 746
1578260 745
1578270 745
1578280 744
1578290 743
1578300 743
1578310 742
1578320 741
1578330 741
1578340 739
1578350 738
1578360 738
1578370 738
1578380 738
1578390 738
1578400 738
1578410 739
1578420 739
1578430 742
1578440 744
1578450 744
1578460 747
1578470 749
1578480 749
1578490 751
1578500 753
1578510 753
1578520 755
1578530 756
1578540 756
1578550 758
1578560 760
1578570 760
1578580 762
1578590 764
1578600 764
1578610 766
1578620 768
1578630 768
1578640 770
1578650 771
1578660 771
1578670 772
1578680 774
1578690 774
1578700 776
1578710 778
1578720 778
1578730 779
1578740 781
1578750 781
1578760 782
1578770 784
1578780 784
1578790 786
1578800 787
1578810 787
1578820 788
1578830 790
1578840 790
1578850 791
1578860 793
1578870 793
1578880 795
1578890 796
1578900 796
1578910 798
1578920 799
1578930 799
1578940 801
1578950 802
1578960 802
1578970 804
1578980 804
1578990 805
1579000 806
1579010 806
1579020 808
1579030 809
1579040 809
1579050 811
1579060 812
1579070 812
1579080 814
1579090 816
1579100 816
1579110 818
1579120 820
1579130 820
1579140 822
1579150 824
1579160 824
1579170 826
1579180 828
1579190 828
1579200 830
1579210 833
1579220 833
1579230 835
1579240 838
1579250 838
1579260 840
1579270 843
1579280 843
1579290 845
1579300 848
1579310 848
1579320 851
1579330 853
1579340 853
1579350 856
1579360 859
1579370 859
1579380 861
1579390 863
1579400 863
1579410 865
1579420 866
1579430 866
1579440 866
1579450 867
1579460 867
1579470 867
1579480 867
1579490 867
1579500 868
1579510 868
1579520 868
1579530 868
1579540 869
1579550 869
1579560 869
1579570 869
1579580 869
1579590 869
1579600 868
1579610 868
1579620 868
1579630 868
1579640 868
1579650 867
1579660 867
1579670 867
1579680 867
1579690 866
1579700 866
1579710 866
1579720 866
1579730 866
1579740 866
1579750 865
1579760 865
1579770 865
1579780 864
1579790 864
1579800 864
1579810 864
1579820 863
1579830 862
1579840 862
1579850 861
1579860 861
1579870 858
1579880 858
1579890 857
1579900 857
1579910 856
1579920 855
1579930 855
1579940 854
1579950 854
1579960 854
1579970 853
1579980 853
1579990 853
