1560000 602
1560010 602
1560020 600
1560030 598
1560040 598
1560050 596
1560060 594
1560070 594
1560080 592
1560090 590
1560100 590
1560110 587
1560120 584
1560130 584
1560140 582
1560150 579
1560160 579
1560170 576
1560180 573
1560190 573
1560200 571
1560210 568
1560220 568
1560230 566
1560240 563
1560250 563
1560260 561
1560270 561
1560280 559
1560290 556
1560300 556
1560310 554
1560320 552
1560330 552
1560340 550
1560350 547
1560360 547
1560370 545
1560380 542
1560390 542
1560400 540
1560410 539
1560420 539
1560430 538
1560440 536
1560450 536
1560460 534
1560470 533
1560480 533
1560490 531
1560500 529
1560510 529
1560520 526
1560530 524
1560540 524
1560550 521
1560560 519
1560570 519
1560580 517
1560590 515
1560600 515
1560610 514
1560620 513
1560630 513
1560640 512
1560650 512
1560660 512
1560670 511
1560680 510
1560690 510
1560700 509
1560710 508
1560720 508
1560730 507
1560740 507
1560750 507
1560760 507
1560770 506
1560780 506
1560790 506
1560800 506
1560810 506
1560820 506
1560830 506
1560840 506
1560850 506
1560860 506
1560870 506
1560880 506
1560890 506
1560900 506
1560910 506
1560920 506
1560930 506
1560940 505
1560950 505
1560960 505
1560970 505
1560980 505
1560990 505
1561000 505
1561010 505
1561020 505
1561030 506
1561040 506
1561050 506
1561060 506
1561070 506
1561080 506
1561090 506
1561100 506
1561110 505
1561120 505
1561130 505
1561140 505
1561150 505
1561160 505
1561170 506
1561180 506
1561190 506
1561200 506
1561210 506
1561220 506
1561230 506
1561240 506
1561250 506
1561260 507
1561270 507
1561280 507
1561290 507
1561300 508
1561310 508
1561320 508
1561330 509
1561340 509
1561350 509
1561360 510
1561370 510
1561380 511
1561390 512
1561400 512
1561410 513
1561420 513
1561430 513
1561440 514
1561450 514
1561460 514
1561470 514
1561480 515
1561490 515
1561500 515
1561510 515
1561520 515
1561530 516
1561540 516
1561550 516
1561560 517
1561570 517
1561580 517
1561590 518
1561600 518
1561610 518
1561620 518
1561630 517
1561640 517
1561650 517
1561660 516
1561670 516
1561680 516
1561690 517
1561700 517
1561710 520
1561720 520
1561730 520
1561740 521
1561750 523
1561760 523
1561770 523
1561780 524
1561790 524
1561800 525
1561810 525
1561820 525
1561830 526
1561840 526
1561850 527
1561860 527
1561870 527
1561880 528
1561890 529
1561900 529
1561910 529
1561920 530
1561930 530
1561940 531
1561950 532
1561960 532
1561970 533
1561980 533
1561990 533
1562000 534
1562010 535
1562020 535
1562030 536
1562040 537
1562050 537
1562060 538
1562070 538
1562080 538
1562090 539
1562100 540
1562110 540
1562120 541
1562130 542
1562140 542
1562150 542
1562160 543
1562170 543
1562180 544
1562190 544
1562200 544
1562210 545
1562220 546
1562230 546
1562240 546
1562250 547
1562260 547
1562270 547
1562280 548
1562290 548
1562300 548
1562310 549
1562320 549
1562330 549
1562340 549
1562350 549
1562360 550
1562370 550
1562380 550
1562390 550
1562400 551
1562410 551
1562420 551
1562430 551
1562440 551
1562450 551
1562460 552
1562470 552
1562480 553
1562490 553
1562500 553
1562510 552
1562520 551
1562530 551
1562540 551
1562550 550
1562560 550
1562570 548
1562580 547
1562590 547
1562600 546
1562610 545
1562620 545
1562630 545
1562640 545
1562650 544
1562660 543
1562670 543
1562680 542
1562690 541
1562700 541
1562710 540
1562720 540
1562730 540
1562740 539
1562750 538
1562760 538
1562770 538
1562780 536
1562790 536
1562800 536
1562810 536
1562820 536
1562830 536
1562840 536
1562850 536
1562860 536
1562870 536
1562880 536
1562890 536
1562900 537
1562910 537
1562920 540
1562930 542
1562940 542
1562950 545
1562960 547
1562970 547
1562980 549
1562990 550
1563000 550
1563010 552
1563020 553
1563030 553
1563040 555
1563050 557
1563060 557
1563070 559
1563080 560
1563090 560
1563100 561
1563110 563
1563120 563
1563130 565
1563140 566
1563150 566
1563160 568
1563170 570
1563180 570
1563190 571
1563200 573
1563210 573
1563220 575
1563230 576
1563240 576
1563250 578
1563260 580
1563270 580
1563280 581
1563290 583
1563300 583
1563310 584
1563320 586
1563330 586
1563340 588
1563350 590
1563360 590
1563370 592
1563380 593
1563390 593
1563400 595
1563410 595
1563420 597
1563430 599
1563440 599
1563450 601
1563460 603
1563470 603
1563480 604
1563490 606
1563500 606
1563510 608
1563520 610
1563530 610
1563540 612
1563550 614
1563560 614
1563570 616
1563580 618
1563590 618
1563600 619
1563610 620
1563620 620
1563630 622
1563640 624
1563650 624
1563660 626
1563670 628
1563680 628
1563690 630
1563700 632
1563710 632
1563720 635
1563730 638
1563740 638
1563750 641
1563760 644
1563770 644
1563780 648
1563790 651
1563800 651
1563810 655
1563820 659
1563830 659
1563840 662
1563850 665
1563860 665
1563870 669
1563880 671
1563890 671
1563900 674
1563910 676
1563920 676
1563930 678
1563940 680
1563950 680
1563960 683
1563970 685
1563980 685
1563990 687
1564000 688
1564010 688
1564020 690
1564030 692
1564040 692
1564050 694
1564060 697
1564070 697
1564080 698
1564090 702
1564100 702
1564110 703
1564120 704
1564130 704
1564140 704
1564150 705
1564160 705
1564170 706
1564180 706
1564190 707
1564200 707
1564210 707
1564220 708
1564230 708
1564240 708
1564250 708
1564260 710
1564270 710
1564280 711
1564290 712
1564300 712
1564310 712
1564320 713
1564330 713
1564340 714
1564350 715
1564360 715
1564370 716
1564380 717
1564390 717
1564400 718
1564410 719
1564420 719
1564430 720
1564440 721
1564450 721
1564460 722
1564470 722
1564480 722
1564490 723
1564500 725
1564510 725
1564520 726
1564530 727
1564540 727
1564550 728
1564560 729
1564570 729
1564580 730
1564590 730
1564600 730
1564610 731
1564620 732
1564630 732
1564640 732
1564650 732
1564660 732
1564670 732
1564680 732
1564690 732
1564700 732
1564710 732
1564720 732
1564730 733
1564740 734
1564750 734
1564760 734
1564770 735
1564780 735
1564790 736
1564800 737
1564810 737
1564820 738
1564830 739
1564840 739
1564850 741
1564860 742
1564870 742
1564880 743
1564890 744
1564900 744
1564910 745
1564920 745
1564930 745
1564940 746
1564950 746
1564960 747
1564970 747
1564980 747
1564990 748
1565000 749
1565010 749
1565020 749
1565030 749
1565040 749
1565050 749
1565060 750
1565070 750
1565080 750
1565090 751
1565100 751
1565110 752
1565120 752
1565130 752
1565140 753
1565150 754
1565160 754
1565170 755
1565180 756
1565190 756
1565200 756
1565210 757
1565220 757
1565230 758
1565240 759
1565250 759
1565260 760
1565270 760
1565280 760
1565290 761
1565300 761
1565310 761
1565320 762
1565330 762
1565340 762
1565350 762
1565360 763
1565370 763
1565380 763
1565390 763
1565400 763
1565410 763
1565420 763
1565430 763
1565440 763
1565450 763
1565460 763
1565470 763
1565480 764
1565490 764
1565500 764
1565510 764
1565520 764
1565530 765
1565540 765
1565550 765
1565560 766
1565570 767
1565580 767
1565590 768
1565600 769
1565610 769
1565620 770
1565630 771
1565640 771
1565650 772
1565660 773
1565670 773
1565680 773
1565690 774
1565700 774
1565710 776
1565720 777
1565730 777
1565740 778
1565750 778
1565760 780
1565770 781
1565780 781
1565790 783
1565800 784
1565810 784
1565820 786
1565830 788
1565840 788
1565850 790
1565860 792
1565870 792
1565880 794
1565890 795
1565900 795
1565910 797
1565920 799
1565930 799
1565940 800
1565950 801
1565960 801
1565970 803
1565980 805
1565990 805
1566000 807
1566010 809
1566020 809
1566030 811
1566040 813
1566050 813
1566060 815
1566070 817
1566080 817
1566090 818
1566100 819
1566110 819
1566120 820
1566130 821
1566140 821
1566150 822
1566160 823
1566170 823
1566180 824
1566190 825
1566200 825
1566210 825
1566220 825
1566230 825
1566240 826
1566250 826
1566260 826
1566270 826
1566280 825
1566290 825
1566300 825
1566310 824
1566320 824
1566330 823
1566340 823
1566350 823
1566360 821
1566370 820
1566380 820
1566390 819
1566400 817
1566410 817
1566420 815
1566430 812
1566440 812
1566450 810
1566460 808
1566470 808
1566480 806
1566490 805
1566500 805
1566510 804
1566520 804
1566530 803
1566540 802
1566550 802
1566560 801
1566570 798
1566580 798
1566590 795
1566600 795
1566610 795
1566620 794
1566630 793
1566640 793
1566650 792
1566660 791
1566670 791
1566680 791
1566690 791
1566700 791
1566710 791
1566720 791
1566730 791
1566740 791
1566750 791
1566760 791
1566770 790
1566780 790
1566790 790
1566800 789
1566810 788
1566820 788
1566830 787
1566840 787
1566850 787
1566860 785
1566870 783
1566880 783
1566890 783
1566900 786
1566910 786
1566920 788
1566930 789
1566940 789
1566950 789
1566960 790
1566970 790
1566980 790
1566990 792
1567000 792
1567010 792
1567020 791
1567030 791
1567040 792
1567050 792
1567060 792
1567070 792
1567080 792
1567090 792
1567100 793
1567110 793
1567120 793
1567130 793
1567140 793
1567150 793
1567160 794
1567170 794
1567180 794
1567190 794
1567200 794
1567210 794
1567220 795
1567230 795
1567240 795
1567250 796
1567260 796
1567270 796
1567280 796
1567290 796
1567300 798
1567310 799
1567320 799
1567330 799
1567340 799
1567350 799
1567360 799
1567370 799
1567380 799
1567390 799
1567400 800
1567410 800
1567420 801
1567430 802
1567440 802
1567450 803
1567460 804
1567470 804
1567480 805
1567490 806
1567500 806
1567510 806
1567520 807
1567530 807
1567540 808
1567550 808
1567560 808
1567570 809
1567580 810
1567590 810
1567600 811
1567610 812
1567620 812
1567630 813
1567640 814
1567650 814
1567660 814
1567670 815
1567680 815
1567690 815
1567700 816
1567710 816
1567720 817
1567730 818
1567740 818
1567750 819
1567760 820
1567770 820
1567780 820
1567790 821
1567800 821
1567810 822
1567820 823
1567830 823
1567840 825
1567850 826
1567860 826
1567870 828
1567880 829
1567890 829
1567900 831
1567910 832
1567920 832
1567930 834
1567940 836
1567950 836
1567960 838
1567970 840
1567980 840
1567990 841
1568000 842
1568010 842
1568020 843
1568030 836
1568040 836
1568050 836
1568060 837
1568070 837
1568080 837
1568090 837
1568100 833
1568110 832
1568120 832
1568130 832
1568140 833
1568150 833
1568160 833
1568170 834
1568180 834
1568190 835
1568200 835
1568210 835
1568220 836
1568230 837
1568240 837
1568250 837
1568260 837
1568270 837
1568280 836
1568290 835
1568300 835
1568310 835
1568320 835
1568330 835
1568340 835
1568350 835
1568360 835
1568370 835
1568380 835
1568390 835
1568400 835
1568410 835
1568420 835
1568430 836
1568440 835
1568450 835
1568460 834
1568470 833
1568480 833
1568490 834
1568500 836
1568510 836
1568520 836
1568530 836
1568540 836
1568550 834
1568560 832
1568570 832
1568580 828
1568590 826
1568600 826
1568610 825
1568620 825
1568630 825
1568640 824
1568650 823
1568660 823
1568670 822
1568680 821
1568690 821
1568700 820
1568710 818
1568720 818
1568730 816
1568740 815
1568750 815
1568760 813
1568770 814
1568780 814
1568790 827
1568800 841
1568810 841
1568820 848
1568830 849
1568840 849
1568850 845
1568860 844
1568870 836
1568880 827
1568890 827
1568900 826
1568910 833
1568920 833
1568930 841
1568940 841
1568950 841
1568960 839
1568970 838
1568980 838
1568990 837
1569000 836
1569010 836
1569020 835
1569030 834
1569040 834
1569050 833
1569060 832
1569070 832
1569080 831
1569090 830
1569100 830
1569110 829
1569120 828
1569130 828
1569140 827
1569150 826
1569160 826
1569170 826
1569180 826
1569190 826
1569200 826
1569210 826
1569220 826
1569230 827
1569240 828
1569250 828
1569260 829
1569270 829
1569280 829
1569290 830
1569300 831
1569310 831
1569320 831
1569330 832
1569340 832
1569350 833
1569360 834
1569370 834
1569380 836
1569390 838
1569400 838
1569410 840
1569420 841
1569430 841
1569440 842
1569450 843
1569460 843
1569470 844
1569480 845
1569490 845
1569500 846
1569510 847
1569520 847
