1560000 573
1560010 573
1560020 573
1560030 572
1560040 571
1560050 571
1560060 570
1560070 569
1560080 569
1560090 568
1560100 567
1560110 567
1560120 566
1560130 565
1560140 565
1560150 565
1560160 564
1560170 564
1560180 564
1560190 564
1560200 564
1560210 563
1560220 563
1560230 563
1560240 563
1560250 563
1560260 563
1560270 563
1560280 563
1560290 563
1560300 563
1560310 563
1560320 563
1560330 563
1560340 563
1560350 563
1560360 563
1560370 563
1560380 564
1560390 564
1560400 564
1560410 565
1560420 566
1560430 566
1560440 567
1560450 567
1560460 567
1560470 568
1560480 569
1560490 569
1560500 570
1560510 571
1560520 571
1560530 571
1560540 572
1560550 572
1560560 573
1560570 573
1560580 573
1560590 574
1560600 574
1560610 574
1560620 574
1560630 574
1560640 574
1560650 574
1560660 573
1560670 573
1560680 573
1560690 572
1560700 572
1560710 571
1560720 569
1560730 569
1560740 568
1560750 567
1560760 567
1560770 566
1560780 565
1560790 565
1560800 563
1560810 561
1560820 561
1560830 560
1560840 558
1560850 558
1560860 556
1560870 554
1560880 554
1560890 551
1560900 548
1560910 548
1560920 546
1560930 544
1560940 544
1560950 542
1560960 541
1560970 541
1560980 540
1560990 539
1561000 539
1561010 538
1561020 536
1561030 536
1561040 535
1561050 534
1561060 534
1561070 534
1561080 535
1561090 535
1561100 535
1561110 536
1561120 536
1561130 536
1561140 536
1561150 537
1561160 537
1561170 537
1561180 538
1561190 539
1561200 539
1561210 540
1561220 541
1561230 541
1561240 542
1561250 543
1561260 543
1561270 544
1561280 545
1561290 545
1561300 546
1561310 547
1561320 547
1561330 548
1561340 549
1561350 549
1561360 550
1561370 550
1561380 550
1561390 551
1561400 552
1561410 552
1561420 553
1561430 554
1561440 554
1561450 555
1561460 556
1561470 556
1561480 557
1561490 558
1561500 558
1561510 559
1561520 561
1561530 561
1561540 562
1561550 563
1561560 563
1561570 564
1561580 565
1561590 565
1561600 566
1561610 567
1561620 567
1561630 568
1561640 569
1561650 569
1561660 569
1561670 570
1561680 570
1561690 570
1561700 570
1561710 570
1561720 570
1561730 570
1561740 570
1561750 568
1561760 566
1561770 566
1561780 563
1561790 561
1561800 561
1561810 558
1561820 557
1561830 557
1561840 557
1561850 557
1561860 557
1561870 557
1561880 560
1561890 560
1561900 562
1561910 562
1561920 563
1561930 564
1561940 564
1561950 565
1561960 566
1561970 566
1561980 567
1561990 568
1562000 568
1562010 570
1562020 571
1562030 571
1562040 572
1562050 573
1562060 573
1562070 574
1562080 575
1562090 575
1562100 576
1562110 577
1562120 577
1562130 578
1562140 580
1562150 580
1562160 581
1562170 582
1562180 582
1562190 583
1562200 585
1562210 585
1562220 586
1562230 587
1562240 587
1562250 589
1562260 590
1562270 590
1562280 591
1562290 593
1562300 593
1562310 594
1562320 596
1562330 596
1562340 597
1562350 598
1562360 598
1562370 599
1562380 599
1562390 599
1562400 598
1562410 598
1562420 598
1562430 596
1562440 594
1562450 594
1562460 591
1562470 587
1562480 587
1562490 583
1562500 579
1562510 579
1562520 575
1562530 571
1562540 571
1562550 568
1562560 565
1562570 565
1562580 562
1562590 559
1562600 559
1562610 555
1562620 554
1562630 554
1562640 555
1562650 555
1562660 555
1562670 555
1562680 555
1562690 555
1562700 555
1562710 555
1562720 559
1562730 564
1562740 564
1562750 569
1562760 574
1562770 574
1562780 578
1562790 583
1562800 583
1562810 587
1562820 590
1562830 590
1562840 591
1562850 593
1562860 593
1562870 595
1562880 596
1562890 596
1562900 598
1562910 599
1562920 599
1562930 600
1562940 601
1562950 601
1562960 602
1562970 602
1562980 602
1562990 603
1563000 603
1563010 603
1563020 603
1563030 604
1563040 604
1563050 604
1563060 604
1563070 604
1563080 605
1563090 605
1563100 605
1563110 606
1563120 607
1563130 607
1563140 607
1563150 608
1563160 608
1563170 608
1563180 609
1563190 609
1563200 610
1563210 611
1563220 611
1563230 612
1563240 613
1563250 613
1563260 614
1563270 616
1563280 616
1563290 618
1563300 620
1563310 620
1563320 621
1563330 623
1563340 623
1563350 624
1563360 626
1563370 626
1563380 628
1563390 630
1563400 630
1563410 632
1563420 634
1563430 634
1563440 637
1563450 637
1563460 639
1563470 641
1563480 641
1563490 644
1563500 646
1563510 646
1563520 647
1563530 649
1563540 649
1563550 652
1563560 654
1563570 654
1563580 655
1563590 657
1563600 657
1563610 658
1563620 660
1563630 660
1563640 661
1563650 662
1563660 662
1563670 662
1563680 662
1563690 662
1563700 662
1563710 663
1563720 663
1563730 663
1563740 663
1563750 663
1563760 663
1563770 662
1563780 662
1563790 662
1563800 662
1563810 662
1563820 661
1563830 661
1563840 661
1563850 662
1563860 663
1563870 663
1563880 664
1563890 665
1563900 665
1563910 666
1563920 667
1563930 667
1563940 668
1563950 669
1563960 669
1563970 671
1563980 673
1563990 673
1564000 674
1564010 676
1564020 676
1564030 678
1564040 680
1564050 680
1564060 683
1564070 685
1564080 685
1564090 687
1564100 689
1564110 689
1564120 691
1564130 692
1564140 692
1564150 694
1564160 695
1564170 695
1564180 696
1564190 697
1564200 697
1564210 699
1564220 699
1564230 700
1564240 701
1564250 701
1564260 702
1564270 703
1564280 703
1564290 704
1564300 705
1564310 705
1564320 706
1564330 707
1564340 707
1564350 708
1564360 709
1564370 709
1564380 711
1564390 712
1564400 712
1564410 714
1564420 716
1564430 716
1564440 717
1564450 718
1564460 718
1564470 720
1564480 721
1564490 721
1564500 722
1564510 723
1564520 723
1564530 724
1564540 726
1564550 726
1564560 727
1564570 728
1564580 728
1564590 729
1564600 730
1564610 730
1564620 731
1564630 732
1564640 732
1564650 732
1564660 733
1564670 733
1564680 733
1564690 734
1564700 734
1564710 735
1564720 736
1564730 736
1564740 736
1564750 735
1564760 735
1564770 734
1564780 735
1564790 735
1564800 735
1564810 736
1564820 736
1564830 737
1564840 738
1564850 738
1564860 739
1564870 739
1564880 739
1564890 741
1564900 742
1564910 742
1564920 743
1564930 744
1564940 744
1564950 747
1564960 748
1564970 748
1564980 749
1564990 749
1565000 751
1565010 752
1565020 752
1565030 754
1565040 756
1565050 756
1565060 758
1565070 760
1565080 760
1565090 762
1565100 764
1565110 764
1565120 766
1565130 768
1565140 768
1565150 770
1565160 771
1565170 771
1565180 773
1565190 777
1565200 777
1565210 778
1565220 780
1565230 780
1565240 782
1565250 784
1565260 784
1565270 785
1565280 786
1565290 786
1565300 786
1565310 786
1565320 786
1565330 787
1565340 788
1565350 788
1565360 789
1565370 789
1565380 789
1565390 790
1565400 791
1565410 791
1565420 792
1565430 793
1565440 793
1565450 794
1565460 795
1565470 795
1565480 796
1565490 798
1565500 798
1565510 799
1565520 800
1565530 800
1565540 801
1565550 802
1565560 802
1565570 803
1565580 804
1565590 804
1565600 804
1565610 805
1565620 805
1565630 806
1565640 806
1565650 806
1565660 806
1565670 806
1565680 806
1565690 806
1565700 807
1565710 807
1565720 807
1565730 807
1565740 808
1565750 808
1565760 808
1565770 809
1565780 809
1565790 809
1565800 810
1565810 810
1565820 810
1565830 811
1565840 811
1565850 811
1565860 812
1565870 812
1565880 812
1565890 813
1565900 813
1565910 813
1565920 814
1565930 814
1565940 814
1565950 815
1565960 816
1565970 816
1565980 817
1565990 818
1566000 818
1566010 819
1566020 820
1566030 820
1566040 821
1566050 822
1566060 822
1566070 822
1566080 823
1566090 823
1566100 823
1566110 823
1566120 823
1566130 823
1566140 824
1566150 824
1566160 824
1566170 824
1566180 824
1566190 824
1566200 824
1566210 824
1566220 825
1566230 825
1566240 825
1566250 826
1566260 826
1566270 826
1566280 826
1566290 825
1566300 825
1566310 824
1566320 824
1566330 824
1566340 822
1566350 821
1566360 821
1566370 820
1566380 819
1566390 819
1566400 817
1566410 816
1566420 816
1566430 815
1566440 814
1566450 814
1566460 814
1566470 814
1566480 814
1566490 814
1566500 814
1566510 815
1566520 815
1566530 815
1566540 817
1566550 818
1566560 818
1566570 820
1566580 822
1566590 822
1566600 824
1566610 826
1566620 826
1566630 828
1566640 831
1566650 831
1566660 833
1566670 835
1566680 835
1566690 836
1566700 838
1566710 838
1566720 840
1566730 841
1566740 841
1566750 842
1566760 843
1566770 843
1566780 844
1566790 844
1566800 844
1566810 844
1566820 844
1566830 844
1566840 843
1566850 842
1566860 842
1566870 841
1566880 840
1566890 840
1566900 838
1566910 836
1566920 836
1566930 835
1566940 833
1566950 833
1566960 831
1566970 828
1566980 828
1566990 827
1567000 826
1567010 826
1567020 824
1567030 822
1567040 822
1567050 820
1567060 820
1567070 820
1567080 820
1567090 820
1567100 820
1567110 819
1567120 819
1567130 819
1567140 819
1567150 819
1567160 819
1567170 820
1567180 820
1567190 820
1567200 820
1567210 821
1567220 821
1567230 821
1567240 822
1567250 822
1567260 822
1567270 822
1567280 822
1567290 822
1567300 822
1567310 822
1567320 823
1567330 823
1567340 823
1567350 823
1567360 823
1567370 822
1567380 821
1567390 821
1567400 820
1567410 819
1567420 819
1567430 818
1567440 817
1567450 817
1567460 815
1567470 814
1567480 814
1567490 812
1567500 810
1567510 810
1567520 809
1567530 807
1567540 807
1567550 805
1567560 803
1567570 803
1567580 801
1567590 799
1567600 799
1567610 798
1567620 796
1567630 796
1567640 794
1567650 793
1567660 793
1567670 792
