1560000 563
1560010 562
1560020 561
1560030 561
1560040 560
1560050 558
1560060 558
1560070 557
1560080 555
1560090 555
1560100 554
1560110 553
1560120 553
1560130 552
1560140 550
1560150 550
1560160 550
1560170 549
1560180 549
1560190 548
1560200 546
1560210 546
1560220 543
1560230 541
1560240 541
1560250 539
1560260 537
1560270 537
1560280 534
1560290 531
1560300 531
1560310 528
1560320 526
1560330 526
1560340 524
1560350 522
1560360 522
1560370 520
1560380 518
1560390 518
1560400 518
1560410 517
1560420 517
1560430 515
1560440 514
1560450 514
1560460 513
1560470 512
1560480 512
1560490 511
1560500 509
1560510 509
1560520 508
1560530 507
1560540 507
1560550 507
1560560 506
1560570 506
1560580 505
1560590 505
1560600 505
1560610 506
1560620 506
1560630 507
1560640 508
1560650 508
1560660 508
1560670 510
1560680 510
1560690 513
1560700 518
1560710 518
1560720 523
1560730 524
1560740 524
1560750 525
1560760 526
1560770 526
1560780 526
1560790 526
1560800 526
1560810 526
1560820 526
1560830 526
1560840 526
1560850 526
1560860 526
1560870 526
1560880 526
1560890 526
1560900 526
1560910 526
1560920 526
1560930 526
1560940 526
1560950 526
1560960 526
1560970 525
1560980 525
1560990 525
1561000 525
1561010 525
1561020 524
1561030 524
1561040 524
1561050 523
1561060 523
1561070 523
1561080 523
1561090 523
1561100 523
1561110 522
1561120 522
1561130 522
1561140 521
1561150 521
1561160 521
1561170 521
1561180 520
1561190 520
1561200 520
1561210 519
1561220 519
1561230 519
1561240 519
1561250 519
1561260 518
1561270 517
1561280 517
1561290 516
1561300 515
1561310 515
1561320 514
1561330 514
1561340 514
1561350 514
1561360 514
1561370 514
1561380 514
1561390 514
1561400 515
1561410 515
1561420 515
1561430 515
1561440 516
1561450 516
1561460 516
1561470 516
1561480 516
1561490 517
1561500 517
1561510 517
1561520 518
1561530 520
1561540 520
1561550 521
1561560 522
1561570 522
1561580 523
1561590 524
1561600 524
1561610 525
1561620 526
1561630 526
1561640 526
1561650 527
1561660 527
1561670 528
1561680 528
1561690 528
1561700 529
1561710 529
1561720 529
1561730 530
1561740 530
1561750 530
1561760 531
1561770 532
1561780 532
1561790 532
1561800 533
1561810 533
1561820 533
1561830 534
1561840 534
1561850 535
1561860 535
1561870 535
1561880 536
1561890 536
1561900 536
1561910 537
1561920 537
1561930 537
1561940 538
1561950 539
1561960 539
1561970 539
1561980 540
1561990 540
1562000 541
1562010 541
1562020 541
1562030 542
1562040 542
1562050 542
1562060 543
1562070 544
1562080 544
1562090 544
1562100 545
1562110 545
1562120 545
1562130 545
1562140 545
1562150 546
1562160 546
1562170 547
1562180 548
1562190 548
1562200 548
1562210 549
1562220 549
1562230 550
1562240 551
1562250 551
1562260 551
1562270 552
1562280 552
1562290 553
1562300 554
1562310 554
1562320 555
1562330 555
1562340 555
1562350 556
1562360 557
1562370 557
1562380 557
1562390 558
1562400 558
1562410 559
1562420 559
1562430 559
1562440 559
1562450 560
1562460 560
1562470 561
1562480 561
1562490 561
1562500 562
1562510 562
1562520 562
1562530 562
1562540 562
1562550 562
1562560 560
1562570 558
1562580 558
1562590 556
1562600 553
1562610 553
1562620 552
1562630 549
1562640 549
1562650 547
1562660 545
1562670 545
1562680 544
1562690 544
1562700 544
1562710 542
1562720 541
1562730 541
1562740 541
1562750 541
1562760 541
1562770 541
1562780 541
1562790 541
1562800 541
1562810 541
1562820 541
1562830 541
1562840 541
1562850 541
1562860 542
1562870 543
1562880 543
1562890 545
1562900 547
1562910 547
1562920 549
1562930 549
1562940 552
1562950 554
1562960 554
1562970 556
1562980 557
1562990 557
1563000 559
1563010 561
1563020 561
1563030 563
1563040 565
1563050 565
1563060 567
1563070 570
1563080 570
1563090 572
1563100 574
1563110 574
1563120 576
1563130 578
1563140 578
1563150 580
1563160 582
1563170 582
1563180 584
1563190 586
1563200 586
1563210 588
1563220 590
1563230 590
1563240 592
1563250 595
1563260 595
1563270 597
1563280 600
1563290 600
1563300 602
1563310 605
1563320 605
1563330 608
1563340 611
1563350 611
1563360 613
1563370 616
1563380 616
1563390 618
1563400 620
1563410 620
1563420 623
1563430 625
1563440 625
1563450 627
1563460 629
1563470 629
1563480 631
1563490 634
1563500 634
1563510 637
1563520 640
1563530 640
1563540 642
1563550 645
1563560 645
1563570 648
1563580 650
1563590 650
1563600 653
1563610 655
1563620 655
1563630 658
1563640 660
1563650 660
1563660 663
1563670 666
1563680 666
1563690 668
1563700 671
1563710 671
1563720 674
1563730 674
1563740 677
1563750 679
1563760 679
1563770 681
1563780 683
1563790 683
1563800 684
1563810 685
1563820 685
1563830 686
1563840 688
1563850 688
1563860 690
1563870 692
1563880 692
1563890 693
1563900 694
1563910 694
1563920 695
1563930 696
1563940 696
1563950 697
1563960 699
1563970 699
1563980 700
1563990 701
1564000 701
1564010 702
1564020 704
1564030 704
1564040 705
1564050 706
1564060 706
1564070 707
1564080 708
1564090 708
1564100 710
1564110 711
1564120 711
1564130 712
1564140 712
1564150 712
1564160 713
1564170 714
1564180 714
1564190 714
1564200 714
1564210 714
1564220 715
1564230 715
1564240 715
1564250 716
1564260 716
1564270 716
1564280 717
1564290 717
1564300 717
1564310 717
1564320 718
1564330 718
1564340 717
1564350 717
1564360 717
1564370 716
1564380 714
1564390 714
1564400 712
1564410 709
1564420 707
1564430 704
1564440 702
1564450 702
1564460 701
1564470 700
1564480 700
1564490 703
1564500 703
1564510 707
1564520 710
1564530 710
1564540 713
1564550 714
1564560 714
1564570 716
1564580 717
1564590 717
1564600 718
1564610 719
1564620 719
1564630 721
1564640 722
1564650 722
1564660 724
1564670 725
1564680 725
1564690 726
1564700 728
1564710 728
1564720 729
1564730 730
1564740 730
1564750 730
1564760 731
1564770 731
1564780 732
1564790 733
1564800 733
1564810 733
1564820 733
1564830 733
1564840 734
1564850 734
1564860 734
1564870 734
1564880 734
1564890 734
1564900 734
1564910 734
1564920 734
1564930 733
1564940 733
1564950 733
1564960 733
1564970 733
1564980 733
1564990 732
1565000 732
1565010 732
1565020 731
1565030 730
1565040 730
1565050 728
1565060 725
1565070 725
1565080 725
1565090 725
1565100 725
1565110 726
1565120 727
1565130 727
1565140 728
1565150 729
1565160 729
1565170 730
1565180 732
1565190 732
1565200 733
1565210 734
1565220 734
1565230 736
1565240 738
1565250 738
1565260 739
1565270 739
1565280 741
1565290 743
1565300 743
1565310 744
1565320 746
1565330 746
1565340 747
1565350 749
1565360 749
1565370 750
1565380 752
1565390 752
1565400 754
1565410 756
1565420 756
1565430 758
1565440 759
1565450 759
1565460 761
1565470 763
1565480 763
1565490 765
1565500 767
1565510 767
1565520 769
1565530 771
1565540 771
1565550 773
1565560 775
1565570 775
1565580 777
1565590 778
1565600 778
1565610 780
1565620 781
1565630 781
1565640 783
1565650 784
1565660 784
1565670 786
1565680 788
1565690 788
1565700 790
1565710 791
1565720 791
1565730 793
1565740 796
1565750 796
1565760 798
1565770 800
1565780 800
1565790 802
1565800 804
1565810 804
1565820 806
1565830 809
1565840 809
1565850 811
1565860 814
1565870 814
1565880 815
1565890 817
1565900 817
1565910 819
1565920 820
1565930 820
1565940 822
1565950 823
1565960 823
1565970 825
1565980 827
1565990 827
1566000 828
1566010 830
1566020 830
1566030 832
1566040 831
1566050 832
1566060 832
1566070 832
1566080 833
1566090 834
1566100 834
1566110 835
1566120 836
1566130 836
1566140 836
1566150 837
1566160 837
1566170 837
1566180 838
1566190 838
1566200 838
1566210 838
1566220 838
1566230 839
1566240 839
1566250 839
1566260 839
1566270 839
1566280 839
1566290 839
1566300 839
1566310 839
1566320 839
1566330 839
1566340 839
1566350 839
1566360 839
1566370 839
1566380 839
1566390 839
1566400 839
1566410 839
1566420 839
1566430 839
1566440 839
1566450 838
1566460 838
1566470 838
1566480 838
1566490 838
1566500 838
1566510 839
1566520 839
1566530 839
1566540 839
1566550 839
1566560 839
1566570 839
1566580 839
1566590 839
1566600 838
1566610 838
1566620 838
1566630 838
1566640 838
1566650 838
1566660 837
1566670 837
1566680 837
1566690 836
1566700 836
1566710 836
1566720 835
1566730 835
1566740 834
1566750 832
1566760 832
1566770 830
1566780 828
1566790 828
1566800 827
1566810 827
1566820 826
1566830 826
1566840 826
1566850 825
1566860 824
1566870 824
1566880 823
1566890 824
1566900 824
1566910 824
1566920 825
1566930 825
1566940 826
1566950 826
1566960 826
1566970 826
1566980 826
1566990 826
1567000 827
1567010 827
1567020 827
1567030 827
1567040 828
1567050 828
1567060 829
1567070 830
1567080 830
1567090 830
1567100 831
1567110 831
1567120 832
1567130 832
1567140 832
1567150 832
1567160 833
1567170 833
1567180 833
1567190 833
1567200 833
1567210 833
1567220 833
1567230 833
1567240 833
1567250 833
1567260 833
1567270 832
1567280 832
1567290 832
1567300 832
1567310 831
1567320 831
1567330 831
1567340 831
1567350 831
1567360 830
1567370 830
1567380 830
1567390 830
1567400 829
1567410 829
1567420 829
1567430 828
1567440 828
1567450 828
1567460 827
1567470 827
1567480 826
1567490 826
1567500 826
1567510 826
1567520 825
1567530 825
1567540 825
1567550 825
1567560 825
1567570 825
1567580 825
1567590 825
1567600 825
1567610 825
1567620 825
1567630 825
1567640 825
1567650 825
1567660 825
1567670 825
1567680 824
1567690 824
1567700 824
1567710 824
1567720 823
1567730 823
1567740 823
1567750 822
1567760 822
1567770 822
1567780 822
1567790 822
1567800 821
1567810 821
1567820 821
1567830 820
1567840 820
1567850 820
1567860 820
1567870 819
1567880 819
1567890 819
1567900 818
1567910 818
1567920 818
1567930 817
1567940 817
1567950 817
1567960 816
1567970 816
1567980 816
1567990 816
1568000 816
1568010 816
1568020 816
1568030 816
1568040 816
1568050 816
1568060 816
1568070 816
1568080 816
1568090 816
1568100 816
1568110 816
1568120 816
1568130 816
1568140 816
1568150 816
1568160 816
1568170 816
1568180 816
1568190 815
1568200 815
1568210 815
1568220 815
1568230 814
1568240 814
1568250 814
1568260 814
1568270 814
1568280 814
1568290 814
1568300 814
1568310 814
1568320 814
1568330 814
1568340 813
1568350 813
1568360 813
1568370 813
1568380 813
1568390 814
1568400 815
1568410 815
1568420 815
1568430 816
1568440 816
1568450 816
1568460 816
1568470 816
1568480 817
1568490 817
1568500 817
1568510 818
1568520 818
1568530 818
1568540 818
1568550 818
1568560 818
1568570 818
1568580 819
1568590 819
1568600 820
1568610 821
1568620 821
1568630 821
1568640 823
1568650 823
1568660 824
1568670 825
1568680 825
1568690 826
1568700 826
1568710 826
1568720 827
1568730 827
1568740 827
1568750 828
1568760 829
1568770 829
1568780 829
1568790 830
1568800 830
1568810 830
1568820 831
1568830 831
1568840 831
1568850 830
1568860 830
1568870 829
1568880 829
1568890 829
1568900 828
1568910 828
1568920 828
1568930 828
1568940 829
1568950 829
1568960 831
1568970 833
1568980 833
1568990 835
1569000 837
1569010 837
1569020 838
1569030 837
1569040 837
1569050 837
1569060 837
1569070 837
1569080 837
1569090 842
1569100 842
1569110 848
1569120 848
1569130 853
1569140 858
1569150 858
1569160 862
1569170 864
1569180 865
1569190 866
1569200 866
1569210 866
1569220 867
