1560000 548
1560010 548
1560020 549
1560030 550
1560040 550
1560050 550
1560060 551
1560070 551
1560080 551
1560090 551
1560100 551
1560110 551
1560120 551
1560130 551
1560140 550
1560150 550
1560160 550
1560170 550
1560180 550
1560190 549
1560200 548
1560210 548
1560220 547
1560230 546
1560240 546
1560250 545
1560260 544
1560270 544
1560280 544
1560290 543
1560300 543
1560310 542
1560320 541
1560330 541
1560340 541
1560350 540
1560360 540
1560370 540
1560380 539
1560390 539
1560400 539
1560410 538
1560420 538
1560430 538
1560440 539
1560450 539
1560460 540
1560470 541
1560480 541
1560490 542
1560500 543
1560510 543
1560520 543
1560530 543
1560540 543
1560550 543
1560560 543
1560570 543
1560580 543
1560590 543
1560600 543
1560610 543
1560620 544
1560630 544
1560640 544
1560650 544
1560660 544
1560670 544
1560680 544
1560690 544
1560700 544
1560710 545
1560720 545
1560730 546
1560740 548
1560750 548
1560760 548
1560770 549
1560780 549
1560790 549
1560800 550
1560810 550
1560820 550
1560830 551
1560840 551
1560850 552
1560860 552
1560870 553
1560880 554
1560890 554
1560900 555
1560910 556
1560920 556
1560930 557
1560940 558
1560950 558
1560960 559
1560970 560
1560980 560
1560990 561
1561000 561
1561010 561
1561020 562
1561030 562
1561040 562
1561050 563
1561060 563
1561070 563
1561080 563
1561090 563
1561100 563
1561110 563
1561120 561
1561130 561
1561140 560
1561150 559
1561160 559
1561170 559
1561180 560
1561190 560
1561200 560
1561210 561
1561220 561
1561230 562
1561240 563
1561250 563
1561260 564
1561270 565
1561280 565
1561290 567
1561300 568
1561310 568
1561320 569
1561330 570
1561340 570
1561350 572
1561360 573
1561370 573
1561380 574
1561390 576
1561400 576
1561410 578
1561420 580
1561430 580
1561440 581
1561450 582
1561460 582
1561470 583
1561480 584
1561490 584
1561500 586
1561510 588
1561520 588
1561530 589
1561540 590
1561550 590
1561560 592
1561570 593
1561580 593
1561590 594
1561600 595
1561610 595
1561620 596
1561630 596
1561640 597
1561650 598
1561660 598
1561670 599
1561680 600
1561690 600
1561700 600
1561710 601
1561720 601
1561730 602
1561740 603
1561750 603
1561760 605
1561770 606
1561780 606
1561790 607
1561800 608
1561810 608
1561820 610
1561830 611
1561840 611
1561850 612
1561860 614
1561870 614
1561880 615
1561890 616
1561900 616
1561910 616
1561920 618
1561930 618
1561940 620
1561950 621
1561960 621
1561970 622
1561980 623
1561990 623
1562000 625
1562010 626
1562020 626
1562030 628
1562040 630
1562050 630
1562060 631
1562070 633
1562080 633
1562090 635
1562100 636
1562110 636
1562120 638
1562130 640
1562140 640
1562150 642
1562160 644
1562170 644
1562180 646
1562190 648
1562200 648
1562210 650
1562220 651
1562230 651
1562240 653
1562250 654
1562260 654
1562270 656
1562280 657
1562290 657
1562300 658
1562310 658
1562320 658
1562330 659
1562340 659
1562350 659
1562360 659
1562370 659
1562380 658
1562390 658
1562400 658
1562410 657
1562420 656
1562430 656
1562440 655
1562450 655
1562460 655
1562470 654
1562480 654
1562490 654
1562500 652
1562510 651
1562520 651
1562530 649
1562540 647
1562550 647
1562560 645
1562570 642
1562580 642
1562590 639
1562600 635
1562610 635
1562620 632
1562630 629
1562640 629
1562650 628
1562660 626
1562670 626
1562680 625
1562690 624
1562700 624
1562710 623
1562720 623
1562730 623
1562740 622
1562750 621
1562760 621
1562770 620
1562780 618
1562790 618
1562800 616
1562810 615
1562820 615
1562830 613
1562840 610
1562850 610
1562860 608
1562870 608
1562880 608
1562890 609
1562900 610
1562910 610
1562920 610
1562930 611
1562940 611
1562950 611
1562960 611
1562970 611
1562980 611
1562990 611
1563000 611
1563010 610
1563020 610
1563030 610
1563040 609
1563050 609
1563060 609
1563070 608
1563080 607
1563090 607
1563100 606
1563110 605
1563120 605
1563130 603
1563140 603
1563150 602
1563160 601
1563170 601
1563180 599
1563190 598
1563200 598
1563210 596
1563220 592
1563230 592
1563240 589
1563250 586
1563260 586
1563270 583
1563280 581
1563290 581
1563300 579
1563310 578
1563320 578
1563330 577
1563340 576
1563350 576
1563360 576
1563370 577
1563380 577
1563390 578
1563400 579
1563410 579
1563420 581
1563430 582
1563440 582
1563450 584
1563460 587
1563470 587
1563480 590
1563490 594
1563500 594
1563510 598
1563520 602
1563530 602
1563540 605
1563550 609
1563560 609
1563570 612
1563580 616
1563590 616
1563600 621
1563610 624
1563620 624
1563630 628
1563640 633
1563650 633
1563660 636
1563670 639
1563680 639
1563690 643
1563700 646
1563710 646
1563720 649
1563730 652
1563740 652
1563750 655
1563760 659
1563770 659
1563780 661
1563790 665
1563800 665
1563810 668
1563820 671
1563830 671
1563840 674
1563850 677
1563860 677
1563870 679
1563880 679
1563890 681
1563900 683
1563910 683
1563920 685
1563930 687
1563940 687
1563950 688
1563960 689
1563970 689
1563980 691
1563990 693
1564000 693
1564010 695
1564020 697
1564030 697
1564040 698
1564050 700
1564060 700
1564070 701
1564080 702
1564090 702
1564100 703
1564110 704
1564120 704
1564130 705
1564140 706
1564150 706
1564160 707
1564170 708
1564180 708
1564190 708
1564200 709
1564210 709
1564220 709
1564230 710
1564240 710
1564250 711
1564260 711
1564270 711
1564280 712
1564290 712
1564300 712
1564310 713
1564320 713
1564330 713
1564340 714
1564350 714
1564360 714
1564370 715
1564380 716
1564390 716
1564400 716
1564410 717
1564420 717
1564430 717
1564440 717
1564450 717
1564460 718
1564470 718
1564480 718
1564490 718
1564500 718
1564510 718
1564520 718
1564530 718
1564540 718
1564550 719
1564560 719
1564570 719
1564580 719
1564590 720
1564600 720
1564610 720
1564620 720
1564630 720
1564640 720
1564650 720
1564660 720
1564670 720
1564680 720
1564690 719
1564700 719
1564710 719
1564720 719
1564730 720
1564740 720
1564750 720
1564760 719
1564770 719
1564780 719
1564790 719
1564800 719
1564810 719
1564820 719
1564830 719
1564840 718
1564850 718
1564860 718
1564870 718
1564880 717
1564890 717
1564900 717
1564910 716
1564920 715
1564930 714
1564940 714
1564950 714
1564960 713
1564970 713
1564980 713
1564990 712
1565000 712
1565010 712
1565020 711
1565030 711
1565040 711
1565050 710
1565060 710
1565070 710
1565080 710
1565090 709
1565100 709
1565110 709
1565120 708
1565130 708
1565140 708
1565150 708
1565160 708
1565170 708
1565180 707
1565190 707
1565200 707
1565210 707
1565220 707
1565230 708
1565240 708
1565250 708
1565260 708
1565270 708
1565280 708
1565290 708
1565300 709
1565310 709
1565320 709
1565330 709
1565340 709
1565350 708
1565360 708
1565370 708
1565380 708
1565390 708
1565400 708
1565410 708
1565420 708
1565430 708
1565440 708
1565450 708
1565460 708
1565470 708
1565480 708
1565490 708
1565500 708
1565510 708
1565520 708
1565530 708
1565540 708
1565550 708
1565560 708
1565570 708
1565580 708
1565590 708
1565600 708
1565610 707
1565620 707
1565630 707
1565640 707
1565650 708
1565660 708
1565670 708
1565680 708
1565690 708
1565700 708
1565710 709
1565720 709
1565730 709
1565740 710
1565750 710
1565760 711
1565770 712
1565780 712
1565790 713
1565800 714
1565810 714
1565820 715
1565830 716
1565840 716
1565850 717
1565860 718
1565870 718
1565880 719
1565890 720
1565900 720
1565910 720
1565920 721
1565930 721
1565940 721
1565950 721
1565960 721
1565970 722
1565980 722
1565990 722
1566000 722
1566010 723
1566020 723
1566030 723
1566040 723
1566050 723
1566060 723
1566070 724
1566080 724
1566090 724
1566100 724
1566110 724
1566120 724
1566130 724
1566140 725
1566150 725
1566160 725
1566170 725
1566180 725
1566190 725
1566200 725
1566210 725
1566220 725
1566230 725
1566240 725
1566250 725
1566260 725
1566270 725
1566280 725
1566290 724
1566300 724
1566310 724
1566320 724
1566330 724
1566340 724
1566350 724
1566360 724
1566370 724
1566380 724
1566390 725
1566400 725
1566410 725
1566420 725
1566430 725
1566440 724
1566450 724
1566460 724
1566470 723
1566480 723
1566490 723
1566500 723
1566510 723
1566520 723
1566530 722
1566540 723
1566550 723
1566560 723
1566570 724
1566580 724
1566590 724
1566600 725
1566610 725
1566620 725
1566630 726
1566640 726
1566650 726
1566660 727
1566670 727
1566680 727
1566690 727
1566700 727
1566710 727
1566720 728
1566730 728
1566740 728
1566750 728
1566760 728
1566770 728
1566780 729
1566790 729
1566800 729
1566810 729
1566820 729
1566830 729
1566840 729
1566850 729
1566860 729
1566870 729
1566880 729
1566890 729
1566900 729
1566910 730
1566920 730
1566930 730
1566940 730
1566950 730
1566960 730
1566970 730
1566980 731
1566990 731
1567000 731
1567010 731
1567020 731
1567030 731
1567040 732
1567050 732
1567060 733
1567070 733
1567080 733
1567090 733
1567100 732
1567110 732
1567120 733
