1560000 536
1560010 538
1560020 541
1560030 541
1560040 542
1560050 542
1560060 542
1560070 542
1560080 542
1560090 543
1560100 543
1560110 543
1560120 544
1560130 544
1560140 544
1560150 545
1560160 545
1560170 545
1560180 546
1560190 546
1560200 546
1560210 547
1560220 547
1560230 547
1560240 548
1560250 548
1560260 548
1560270 548
1560280 548
1560290 548
1560300 549
1560310 549
1560320 549
1560330 549
1560340 549
1560350 549
1560360 550
1560370 551
1560380 551
1560390 551
1560400 552
1560410 552
1560420 553
1560430 554
1560440 554
1560450 555
1560460 555
1560470 555
1560480 556
1560490 556
1560500 556
1560510 557
1560520 557
1560530 557
1560540 558
1560550 559
1560560 559
1560570 560
1560580 561
1560590 561
1560600 561
1560610 562
1560620 562
1560630 563
1560640 564
1560650 564
1560660 564
1560670 565
1560680 565
1560690 566
1560700 566
1560710 566
1560720 567
1560730 568
1560740 568
1560750 569
1560760 569
1560770 569
1560780 570
1560790 571
1560800 571
1560810 571
1560820 571
1560830 572
1560840 572
1560850 572
1560860 573
1560870 574
1560880 574
1560890 574
1560900 575
1560910 575
1560920 576
1560930 576
1560940 576
1560950 576
1560960 577
1560970 577
1560980 578
1560990 579
1561000 579
1561010 579
1561020 580
1561030 580
1561040 581
1561050 582
1561060 582
1561070 583
1561080 583
1561090 583
1561100 584
1561110 585
1561120 585
1561130 585
1561140 586
1561150 586
1561160 587
1561170 588
1561180 588
1561190 589
1561200 589
1561210 589
1561220 590
1561230 590
1561240 590
1561250 591
1561260 591
1561270 591
1561280 591
1561290 592
1561300 592
1561310 592
1561320 592
1561330 592
1561340 592
1561350 593
1561360 593
1561370 594
1561380 595
1561390 595
1561400 596
1561410 596
1561420 596
1561430 597
1561440 598
1561450 598
1561460 599
1561470 600
1561480 600
1561490 602
1561500 603
1561510 603
1561520 605
1561530 607
1561540 607
1561550 609
1561560 609
1561570 610
1561580 612
1561590 612
1561600 613
1561610 615
1561620 615
1561630 616
1561640 618
1561650 618
1561660 619
1561670 620
1561680 620
1561690 620
1561700 621
1561710 621
1561720 622
1561730 624
1561740 624
1561750 626
1561760 629
1561770 629
1561780 632
1561790 632
1561800 632
1561810 633
1561820 635
1561830 635
1561840 636
1561850 637
1561860 637
1561870 639
1561880 642
1561890 642
1561900 644
1561910 645
1561920 645
1561930 647
1561940 649
1561950 649
1561960 652
1561970 654
1561980 654
1561990 657
1562000 659
1562010 659
1562020 662
1562030 665
1562040 665
1562050 667
1562060 669
1562070 669
1562080 671
1562090 673
1562100 673
1562110 673
1562120 673
1562130 673
1562140 673
1562150 673
1562160 673
1562170 672
1562180 672
1562190 672
1562200 671
1562210 670
1562220 670
1562230 669
1562240 671
1562250 671
1562260 671
1562270 671
1562280 671
1562290 672
1562300 672
1562310 672
1562320 672
1562330 672
1562340 671
1562350 671
1562360 671
1562370 670
1562380 670
1562390 670
1562400 670
1562410 670
1562420 670
1562430 670
1562440 670
1562450 670
1562460 670
1562470 670
1562480 670
1562490 670
1562500 669
1562510 669
1562520 669
1562530 668
1562540 668
1562550 668
1562560 667
1562570 667
1562580 667
1562590 666
1562600 666
1562610 665
1562620 664
1562630 664
1562640 663
1562650 662
1562660 662
1562670 661
1562680 660
1562690 660
1562700 659
1562710 658
1562720 658
1562730 657
1562740 656
1562750 656
1562760 655
1562770 654
1562780 654
1562790 653
1562800 651
1562810 651
1562820 650
1562830 648
1562840 648
1562850 647
1562860 645
1562870 645
1562880 643
1562890 641
1562900 641
1562910 638
1562920 636
1562930 636
1562940 633
1562950 630
1562960 630
1562970 628
1562980 625
1562990 625
1563000 623
1563010 622
1563020 622
1563030 624
1563040 627
1563050 627
1563060 629
1563070 629
1563080 631
1563090 631
1563100 631
1563110 632
1563120 632
1563130 632
1563140 631
1563150 631
1563160 631
1563170 630
1563180 630
1563190 630
1563200 630
1563210 630
1563220 630
1563230 630
1563240 631
1563250 631
1563260 631
1563270 631
1563280 631
1563290 632
1563300 632
1563310 632
1563320 632
1563330 633
1563340 633
1563350 633
1563360 633
1563370 633
1563380 633
1563390 633
1563400 633
1563410 633
1563420 633
1563430 633
1563440 632
1563450 632
1563460 632
1563470 631
1563480 630
1563490 630
1563500 628
1563510 626
1563520 626
1563530 625
1563540 622
1563550 622
1563560 620
1563570 617
1563580 617
1563590 613
1563600 609
1563610 609
1563620 605
1563630 601
1563640 601
1563650 598
1563660 596
1563670 596
1563680 596
1563690 596
1563700 596
1563710 597
1563720 599
1563730 599
1563740 601
1563750 605
1563760 605
1563770 608
1563780 611
1563790 611
1563800 614
1563810 614
1563820 616
1563830 618
1563840 618
1563850 622
1563860 626
1563870 626
1563880 629
1563890 632
1563900 632
1563910 636
1563920 638
1563930 638
1563940 641
1563950 644
1563960 644
1563970 647
1563980 650
1563990 650
1564000 653
1564010 656
1564020 656
1564030 658
1564040 661
1564050 661
1564060 663
1564070 666
1564080 666
1564090 668
1564100 671
1564110 671
1564120 673
1564130 675
1564140 675
1564150 677
1564160 679
1564170 679
1564180 681
1564190 683
1564200 683
1564210 684
1564220 686
1564230 686
1564240 688
1564250 690
1564260 690
1564270 692
1564280 693
1564290 693
1564300 695
1564310 696
1564320 696
1564330 697
1564340 699
1564350 699
1564360 700
1564370 701
1564380 701
1564390 702
1564400 702
1564410 702
1564420 703
1564430 702
1564440 702
1564450 701
1564460 701
1564470 701
1564480 700
1564490 699
1564500 699
1564510 698
1564520 696
1564530 696
1564540 694
1564550 694
1564560 691
1564570 689
1564580 689
1564590 686
1564600 684
1564610 684
1564620 682
1564630 680
1564640 680
1564650 679
1564660 678
1564670 678
1564680 677
1564690 677
1564700 677
1564710 678
1564720 678
1564730 678
1564740 680
1564750 682
1564760 682
1564770 684
1564780 687
1564790 687
1564800 690
1564810 693
1564820 693
1564830 697
1564840 700
1564850 700
1564860 703
1564870 705
1564880 705
1564890 708
1564900 710
1564910 710
1564920 712
1564930 714
1564940 714
1564950 716
1564960 718
1564970 718
1564980 719
1564990 721
1565000 721
1565010 723
1565020 724
1565030 724
1565040 726
1565050 728
1565060 728
1565070 729
