1560000 664
1560010 666
1560020 666
1560030 667
1560040 668
1560050 668
1560060 669
1560070 670
1560080 670
1560090 671
1560100 672
1560110 672
1560120 673
1560130 674
1560140 674
1560150 676
1560160 677
1560170 677
1560180 678
1560190 679
1560200 679
1560210 680
1560220 682
1560230 682
1560240 683
1560250 685
1560260 685
1560270 686
1560280 688
1560290 688
1560300 690
1560310 691
1560320 691
1560330 693
1560340 695
1560350 695
1560360 697
1560370 698
1560380 698
1560390 699
1560400 700
1560410 700
1560420 703
1560430 704
1560440 704
1560450 705
1560460 706
1560470 706
1560480 708
1560490 709
1560500 709
1560510 711
1560520 712
1560530 712
1560540 713
1560550 715
1560560 716
1560570 718
1560580 719
1560590 719
1560600 719
1560610 720
1560620 720
1560630 720
1560640 720
1560650 720
1560660 720
1560670 720
1560680 719
1560690 718
1560700 718
1560710 719
1560720 719
1560730 719
1560740 718
1560750 718
1560760 718
1560770 719
1560780 719
1560790 719
1560800 721
1560810 723
1560820 723
1560830 725
1560840 728
1560850 728
1560860 731
1560870 734
1560880 734
1560890 736
1560900 738
1560910 738
1560920 740
1560930 742
1560940 742
1560950 744
1560960 746
1560970 746
1560980 747
1560990 749
1561000 749
1561010 751
1561020 752
1561030 752
1561040 754
1561050 755
1561060 755
1561070 756
1561080 758
1561090 758
1561100 759
1561110 760
1561120 760
1561130 762
1561140 763
1561150 763
1561160 765
1561170 766
1561180 766
1561190 767
1561200 769
1561210 769
1561220 770
1561230 771
1561240 771
1561250 772
1561260 773
1561270 773
1561280 774
1561290 775
1561300 775
1561310 776
1561320 777
1561330 777
1561340 778
1561350 778
1561360 778
1561370 779
1561380 779
1561390 780
1561400 780
1561410 780
1561420 781
1561430 782
1561440 782
1561450 783
1561460 783
1561470 783
1561480 784
1561490 784
1561500 784
1561510 785
1561520 785
1561530 785
1561540 786
1561550 786
1561560 786
1561570 787
1561580 787
1561590 787
1561600 788
1561610 788
1561620 788
1561630 789
1561640 789
1561650 789
1561660 790
1561670 790
1561680 790
1561690 791
1561700 791
1561710 791
1561720 792
1561730 793
1561740 793
1561750 793
1561760 794
1561770 794
1561780 795
1561790 795
1561800 795
1561810 796
1561820 797
1561830 797
1561840 798
1561850 799
1561860 799
1561870 799
1561880 800
1561890 800
1561900 801
1561910 801
1561920 801
1561930 802
1561940 803
1561950 803
1561960 804
1561970 804
1561980 804
1561990 805
1562000 806
1562010 806
1562020 806
1562030 807
1562040 807
1562050 807
1562060 807
1562070 808
1562080 808
1562090 808
1562100 809
1562110 809
1562120 809
1562130 809
