1560000 769
1560010 771
1560020 772
1560030 772
1560040 774
1560050 775
1560060 775
1560070 777
1560080 778
1560090 778
1560100 780
1560110 782
1560120 782
1560130 784
1560140 786
1560150 786
1560160 787
1560170 789
1560180 789
1560190 790
1560200 791
1560210 791
1560220 792
1560230 793
1560240 793
1560250 793
1560260 794
1560270 794
1560280 794
1560290 795
1560300 795
1560310 795
1560320 795
1560330 795
1560340 796
1560350 796
1560360 796
1560370 796
1560380 797
1560390 797
1560400 798
1560410 798
1560420 798
1560430 799
1560440 800
1560450 800
1560460 800
1560470 800
1560480 801
1560490 802
1560500 802
1560510 802
1560520 803
1560530 803
1560540 803
1560550 804
1560560 804
1560570 804
1560580 805
1560590 805
1560600 805
1560610 806
1560620 806
1560630 806
1560640 807
1560650 807
1560660 807
1560670 808
1560680 808
1560690 808
1560700 809
1560710 809
1560720 810
1560730 810
1560740 810
1560750 811
1560760 812
1560770 812
1560780 812
1560790 813
1560800 813
1560810 813
1560820 814
1560830 814
1560840 815
1560850 816
1560860 816
1560870 816
1560880 817
1560890 817
1560900 817
1560910 818
1560920 819
1560930 819
1560940 820
1560950 820
1560960 820
1560970 821
1560980 821
1560990 822
1561000 822
1561010 822
1561020 822
1561030 823
1561040 823
1561050 823
1561060 824
1561070 824
1561080 825
1561090 826
1561100 826
1561110 826
1561120 827
1561130 827
1561140 827
1561150 827
1561160 827
1561170 828
1561180 828
1561190 828
1561200 828
1561210 828
1561220 828
1561230 829
1561240 829
1561250 829
1561260 829
1561270 829
1561280 829
1561290 829
1561300 829
1561310 830
1561320 830
1561330 830
1561340 830
1561350 830
1561360 830
1561370 830
1561380 830
1561390 830
1561400 829
1561410 828
1561420 828
1561430 828
1561440 828
1561450 828
1561460 828
1561470 829
1561480 829
1561490 830
1561500 830
1561510 830
1561520 831
1561530 831
1561540 831
1561550 832
1561560 833
1561570 833
1561580 833
1561590 834
1561600 834
1561610 834
1561620 834
1561630 834
1561640 835
1561650 835
1561660 835
1561670 836
1561680 836
1561690 836
1561700 836
1561710 836
1561720 836
1561730 837
1561740 837
1561750 837
1561760 837
1561770 838
1561780 838
1561790 838
1561800 838
1561810 838
1561820 838
1561830 839
1561840 839
1561850 839
1561860 839
1561870 839
1561880 839
1561890 839
1561900 840
1561910 840
1561920 840
1561930 840
1561940 840
1561950 840
1561960 840
1561970 840
1561980 840
1561990 839
1562000 839
1562010 839
1562020 839
1562030 839
1562040 839
1562050 839
1562060 838
1562070 838
1562080 838
1562090 838
1562100 838
1562110 838
1562120 838
1562130 838
1562140 838
1562150 837
1562160 837
1562170 837
1562180 837
1562190 837
1562200 836
1562210 836
1562220 836
1562230 835
1562240 834
1562250 834
1562260 833
1562270 833
1562280 833
1562290 832
1562300 831
1562310 831
1562320 830
1562330 829
1562340 829
1562350 828
1562360 827
1562370 827
1562380 826
1562390 825
1562400 825
1562410 824
1562420 823
1562430 823
1562440 823
1562450 822
1562460 822
1562470 821
1562480 821
1562490 821
1562500 820
1562510 819
1562520 819
1562530 819
1562540 819
1562550 819
1562560 818
1562570 818
1562580 817
1562590 817
1562600 817
1562610 816
1562620 815
1562630 815
1562640 815
1562650 814
1562660 814
1562670 814
1562680 813
1562690 813
1562700 812
1562710 811
1562720 811
1562730 810
1562740 810
1562750 810
1562760 809
1562770 808
1562780 808
1562790 808
1562800 808
1562810 808
1562820 807
1562830 807
1562840 807
1562850 807
1562860 807
1562870 807
1562880 807
1562890 807
1562900 807
1562910 808
1562920 808
1562930 808
1562940 807
1562950 805
1562960 805
1562970 803
1562980 800
1562990 800
1563000 799
1563010 799
1563020 799
1563030 799
1563040 800
1563050 800
1563060 801
1563070 802
1563080 802
1563090 802
1563100 802
1563110 802
1563120 801
1563130 801
1563140 801
1563150 801
1563160 801
1563170 801
1563180 801
1563190 801
1563200 801
1563210 800
1563220 800
1563230 800
1563240 802
1563250 802
1563260 803
1563270 804
1563280 804
1563290 803
1563300 803
1563310 803
1563320 802
1563330 802
1563340 802
1563350 802
1563360 802
1563370 802
1563380 802
1563390 801
1563400 801
1563410 800
1563420 799
1563430 799
1563440 799
1563450 799
1563460 799
1563470 798
1563480 798
1563490 798
1563500 798
1563510 798
1563520 798
1563530 799
1563540 800
1563550 800
1563560 801
1563570 802
1563580 802
1563590 802
1563600 801
1563610 801
1563620 800
1563630 799
1563640 799
1563650 798
1563660 797
1563670 797
1563680 796
1563690 795
1563700 795
1563710 794
1563720 793
1563730 793
1563740 792
1563750 791
1563760 791
1563770 790
1563780 789
1563790 789
1563800 789
1563810 788
1563820 788
1563830 788
1563840 787
1563850 787
1563860 787
1563870 786
1563880 786
1563890 786
1563900 785
1563910 785
1563920 785
1563930 785
1563940 784
1563950 783
1563960 783
1563970 783
1563980 783
1563990 783
1564000 783
1564010 783
1564020 783
1564030 783
1564040 783
1564050 783
1564060 783
1564070 783
1564080 783
1564090 782
1564100 782
1564110 782
1564120 782
1564130 782
1564140 782
1564150 782
1564160 782
1564170 782
1564180 783
1564190 783
1564200 783
1564210 783
1564220 783
1564230 783
1564240 783
1564250 783
1564260 783
1564270 782
1564280 782
1564290 782
1564300 782
1564310 782
1564320 782
1564330 782
1564340 782
1564350 782
1564360 783
1564370 783
1564380 783
1564390 783
1564400 782
1564410 782
1564420 782
1564430 782
1564440 782
1564450 782
