1560000 836
1560010 836
1560020 836
1560030 836
1560040 836
1560050 835
1560060 835
1560070 835
1560080 835
1560090 835
1560100 835
1560110 835
1560120 834
1560130 834
1560140 834
1560150 833
1560160 833
1560170 833
1560180 833
1560190 833
1560200 832
1560210 831
1560220 831
1560230 831
1560240 830
1560250 830
1560260 829
1560270 829
1560280 829
1560290 828
1560300 827
1560310 827
1560320 825
1560330 825
1560340 825
1560350 824
1560360 823
1560370 823
1560380 822
1560390 821
1560400 821
1560410 821
1560420 820
1560430 820
1560440 820
1560450 819
1560460 819
1560470 819
1560480 818
1560490 818
1560500 818
1560510 817
1560520 817
1560530 817
1560540 816
1560550 816
1560560 816
1560570 815
1560580 815
1560590 815
1560600 814
1560610 814
1560620 814
1560630 814
1560640 814
1560650 814
1560660 813
1560670 813
1560680 813
1560690 813
1560700 812
1560710 812
1560720 812
1560730 812
1560740 812
1560750 812
1560760 811
1560770 811
1560780 811
1560790 811
1560800 810
1560810 810
1560820 810
1560830 810
1560840 810
1560850 809
1560860 809
1560870 809
1560880 808
1560890 808
1560900 808
1560910 807
1560920 807
1560930 807
1560940 807
1560950 806
1560960 806
1560970 806
1560980 806
1560990 806
1561000 806
1561010 805
1561020 805
1561030 805
1561040 805
1561050 805
1561060 805
1561070 805
1561080 805
1561090 804
1561100 804
1561110 804
1561120 804
1561130 804
1561140 804
1561150 804
1561160 803
1561170 803
1561180 803
1561190 803
1561200 803
1561210 802
1561220 802
1561230 802
1561240 802
1561250 802
1561260 802
1561270 802
1561280 801
1561290 801
1561300 801
1561310 801
1561320 801
1561330 801
1561340 800
1561350 800
1561360 801
1561370 801
1561380 801
1561390 801
1561400 801
1561410 800
1561420 801
1561430 801
1561440 801
1561450 801
1561460 801
1561470 800
1561480 800
1561490 800
1561500 800
1561510 800
1561520 800
1561530 800
1561540 800
1561550 800
1561560 800
1561570 800
1561580 800
1561590 800
1561600 800
1561610 800
1561620 800
1561630 800
1561640 800
1561650 800
1561660 800
1561670 800
1561680 800
1561690 800
1561700 800
1561710 801
1561720 801
1561730 801
1561740 801
1561750 801
1561760 801
1561770 801
1561780 801
1561790 801
1561800 801
1561810 801
1561820 801
1561830 801
1561840 802
1561850 802
1561860 802
1561870 802
1561880 802
1561890 802
1561900 802
1561910 802
1561920 802
1561930 803
1561940 803
1561950 803
1561960 803
1561970 803
1561980 803
1561990 803
1562000 803
1562010 803
1562020 804
1562030 803
1562040 803
1562050 803
1562060 803
1562070 804
1562080 804
1562090 804
1562100 804
1562110 804
1562120 804
1562130 805
1562140 805
1562150 805
1562160 805
1562170 805
1562180 805
1562190 805
1562200 805
1562210 806
1562220 806
1562230 806
1562240 806
1562250 806
1562260 806
1562270 806
1562280 806
1562290 806
1562300 806
1562310 806
1562320 806
1562330 807
1562340 807
1562350 807
1562360 807
1562370 808
1562380 808
1562390 808
1562400 808
1562410 808
1562420 808
1562430 808
1562440 808
1562450 808
1562460 808
1562470 808
1562480 808
1562490 808
1562500 808
1562510 808
1562520 808
1562530 808
1562540 809
1562550 809
1562560 809
1562570 809
1562580 809
1562590 809
1562600 809
1562610 809
1562620 809
1562630 809
1562640 809
1562650 809
1562660 808
1562670 808
1562680 808
1562690 808
1562700 807
1562710 807
1562720 806
1562730 806
1562740 806
1562750 805
1562760 805
1562770 804
1562780 803
1562790 803
1562800 803
1562810 802
1562820 802
1562830 801
1562840 801
1562850 801
1562860 800
1562870 799
1562880 799
1562890 799
1562900 798
1562910 798
1562920 798
1562930 797
1562940 797
1562950 797
1562960 796
1562970 796
1562980 796
1562990 796
1563000 796
1563010 796
1563020 795
1563030 795
1563040 795
1563050 795
1563060 795
1563070 795
1563080 795
1563090 795
1563100 795
1563110 795
1563120 795
1563130 795
1563140 795
1563150 795
1563160 795
1563170 795
1563180 795
1563190 795
1563200 795
1563210 795
1563220 795
1563230 795
1563240 795
1563250 795
1563260 795
1563270 795
1563280 794
1563290 793
1563300 793
1563310 793
1563320 793
1563330 793
1563340 793
1563350 793
1563360 793
1563370 793
1563380 793
1563390 793
1563400 792
1563410 792
1563420 792
1563430 792
1563440 792
1563450 791
1563460 791
1563470 791
1563480 791
1563490 790
1563500 790
1563510 790
1563520 790
1563530 790
1563540 790
1563550 789
1563560 789
1563570 789
1563580 789
1563590 789
1563600 788
1563610 788
1563620 788
1563630 787
1563640 786
1563650 786
1563660 786
1563670 785
1563680 785
1563690 785
1563700 783
1563710 783
1563720 783
1563730 782
1563740 782
1563750 781
1563760 780
1563770 780
1563780 780
1563790 779
1563800 779
1563810 778
1563820 777
1563830 777
1563840 776
1563850 775
1563860 775
1563870 774
1563880 774
1563890 774
1563900 773
1563910 772
1563920 772
1563930 771
1563940 771
1563950 771
1563960 770
1563970 770
1563980 770
1563990 769
1564000 769
1564010 769
1564020 768
1564030 768
1564040 768
1564050 767
1564060 767
1564070 767
1564080 766
1564090 766
1564100 765
1564110 765
1564120 765
1564130 764
1564140 763
1564150 763
1564160 763
1564170 763
1564180 763
1564190 763
1564200 762
1564210 762
1564220 762
1564230 762
1564240 762
1564250 762
1564260 762
1564270 762
1564280 761
1564290 761
1564300 761
1564310 761
1564320 761
1564330 761
1564340 761
1564350 761
1564360 761
1564370 762
1564380 762
1564390 762
1564400 762
1564410 762
1564420 762
1564430 762
1564440 762
1564450 762
1564460 762
1564470 763
1564480 763
1564490 763
1564500 763
1564510 763
1564520 764
1564530 764
1564540 764
1564550 765
1564560 765
1564570 765
1564580 766
1564590 766
1564600 766
1564610 767
1564620 768
1564630 768
1564640 768
1564650 768
1564660 768
1564670 769
1564680 770
1564690 770
1564700 770
1564710 771
1564720 771
