1560000 816
1560010 815
1560020 814
1560030 814
1560040 813
1560050 811
1560060 811
1560070 810
1560080 809
1560090 809
1560100 809
1560110 809
1560120 809
1560130 809
1560140 809
1560150 809
1560160 810
1560170 810
1560180 810
1560190 810
1560200 810
1560210 810
1560220 811
1560230 811
1560240 811
1560250 811
1560260 811
1560270 811
1560280 811
1560290 812
1560300 812
1560310 812
1560320 812
1560330 812
1560340 813
1560350 813
1560360 813
1560370 814
1560380 814
1560390 814
1560400 815
1560410 815
1560420 815
1560430 815
1560440 815
1560450 815
1560460 815
1560470 815
1560480 815
1560490 815
1560500 815
1560510 814
1560520 814
1560530 814
1560540 814
1560550 814
1560560 814
1560570 813
1560580 813
1560590 813
1560600 813
1560610 813
1560620 813
1560630 813
1560640 813
1560650 813
1560660 814
1560670 815
1560680 815
1560690 815
1560700 816
1560710 816
1560720 817
1560730 817
1560740 817
1560750 818
1560760 819
1560770 819
1560780 819
1560790 820
1560800 820
1560810 821
1560820 821
1560830 821
1560840 822
1560850 823
1560860 823
1560870 823
1560880 824
1560890 824
1560900 824
1560910 825
1560920 825
1560930 825
1560940 826
1560950 826
1560960 826
1560970 826
1560980 826
1560990 827
1561000 827
1561010 827
1561020 827
1561030 827
1561040 827
1561050 827
1561060 827
1561070 827
1561080 827
1561090 827
1561100 827
1561110 827
1561120 827
1561130 827
1561140 827
1561150 827
1561160 827
1561170 827
1561180 827
1561190 826
1561200 826
1561210 826
1561220 826
1561230 825
1561240 825
1561250 825
1561260 824
1561270 824
1561280 824
1561290 823
1561300 823
1561310 822
1561320 821
1561330 821
1561340 821
1561350 820
1561360 820
1561370 820
1561380 819
1561390 819
1561400 818
1561410 818
1561420 818
1561430 817
1561440 817
1561450 817
1561460 816
1561470 815
1561480 815
1561490 815
1561500 814
1561510 814
1561520 813
1561530 813
1561540 813
1561550 812
1561560 812
1561570 812
1561580 811
1561590 811
1561600 811
1561610 811
1561620 810
1561630 810
1561640 810
1561650 809
1561660 809
1561670 809
1561680 808
1561690 808
1561700 808
1561710 807
1561720 807
1561730 807
1561740 807
1561750 806
1561760 806
1561770 806
1561780 806
1561790 806
1561800 806
1561810 806
1561820 806
1561830 806
1561840 806
1561850 806
1561860 806
1561870 805
1561880 805
1561890 805
1561900 805
1561910 805
1561920 805
1561930 805
1561940 805
1561950 805
1561960 805
1561970 806
1561980 806
1561990 806
1562000 806
1562010 806
1562020 807
1562030 807
1562040 807
1562050 807
1562060 808
1562070 808
1562080 808
1562090 808
1562100 808
1562110 808
1562120 808
1562130 808
1562140 809
1562150 809
1562160 809
1562170 809
1562180 809
1562190 809
1562200 809
1562210 809
1562220 809
1562230 808
1562240 808
1562250 808
1562260 808
1562270 807
1562280 807
1562290 807
1562300 806
1562310 806
1562320 805
1562330 804
1562340 804
1562350 802
1562360 801
1562370 801
1562380 800
1562390 800
1562400 799
1562410 798
1562420 798
1562430 798
1562440 797
1562450 797
1562460 795
1562470 794
1562480 794
1562490 792
1562500 790
1562510 790
1562520 789
1562530 788
1562540 788
1562550 787
1562560 786
1562570 786
1562580 784
1562590 781
1562600 781
1562610 780
1562620 778
1562630 778
1562640 778
1562650 777
1562660 777
1562670 776
1562680 775
1562690 775
1562700 775
1562710 775
1562720 775
1562730 775
1562740 774
1562750 774
1562760 773
1562770 772
1562780 772
1562790 772
1562800 771
1562810 771
1562820 770
1562830 770
1562840 770
1562850 769
1562860 769
1562870 769
1562880 769
1562890 768
1562900 768
1562910 768
1562920 769
1562930 769
1562940 769
1562950 769
1562960 769
1562970 769
1562980 769
1562990 769
1563000 769
1563010 769
1563020 769
1563030 768
1563040 768
1563050 769
1563060 769
1563070 769
1563080 769
1563090 769
1563100 769
1563110 769
1563120 769
1563130 769
1563140 768
1563150 768
1563160 768
1563170 768
1563180 767
1563190 767
1563200 767
1563210 767
1563220 767
1563230 766
1563240 766
1563250 766
1563260 765
1563270 765
1563280 765
1563290 765
1563300 764
1563310 764
1563320 764
1563330 764
1563340 764
1563350 763
1563360 763
1563370 763
1563380 763
1563390 763
1563400 763
1563410 762
1563420 762
1563430 762
1563440 762
1563450 762
1563460 762
1563470 762
1563480 761
1563490 761
1563500 761
1563510 761
1563520 761
1563530 761
1563540 761
1563550 761
1563560 761
1563570 761
1563580 761
1563590 760
1563600 760
1563610 760
1563620 760
1563630 759
1563640 759
1563650 759
1563660 758
1563670 758
1563680 758
1563690 758
1563700 758
1563710 758
1563720 758
1563730 757
1563740 757
1563750 757
1563760 757
1563770 756
1563780 756
1563790 756
1563800 756
1563810 756
1563820 755
1563830 755
1563840 755
1563850 755
1563860 755
1563870 755
1563880 755
1563890 755
1563900 755
1563910 754
1563920 754
1563930 754
1563940 754
1563950 754
1563960 754
1563970 753
1563980 753
1563990 753
1564000 752
1564010 751
1564020 751
1564030 751
1564040 750
1564050 750
1564060 749
1564070 747
1564080 747
1564090 745
1564100 744
1564110 744
1564120 744
1564130 744
1564140 744
1564150 744
1564160 743
1564170 743
1564180 743
1564190 744
1564200 744
1564210 744
1564220 744
1564230 744
1564240 743
1564250 743
1564260 743
1564270 743
1564280 743
1564290 743
1564300 743
1564310 743
1564320 743
1564330 743
1564340 743
1564350 743
1564360 743
1564370 743
1564380 743
1564390 744
1564400 744
1564410 744
1564420 743
1564430 743
1564440 743
1564450 742
1564460 742
1564470 742
1564480 742
1564490 742
1564500 742
1564510 742
1564520 742
1564530 742
1564540 742
1564550 742
1564560 742
1564570 742
1564580 742
1564590 743
1564600 742
1564610 742
1564620 742
1564630 742
1564640 742
1564650 742
1564660 742
1564670 742
1564680 742
1564690 742
1564700 742
1564710 741
1564720 741
1564730 741
1564740 741
1564750 741
1564760 741
1564770 741
1564780 740
1564790 740
1564800 740
1564810 739
1564820 739
1564830 738
1564840 737
1564850 737
1564860 736
1564870 735
1564880 735
1564890 734
1564900 733
1564910 733
1564920 732
1564930 732
1564940 732
1564950 730
1564960 730
1564970 730
1564980 729
1564990 729
1565000 730
1565010 730
1565020 730
1565030 730
1565040 730
1565050 730
1565060 730
1565070 730
1565080 730
1565090 730
1565100 730
1565110 730
1565120 730
1565130 730
1565140 730
1565150 731
1565160 732
1565170 732
1565180 735
1565190 736
1565200 736
1565210 738
1565220 740
1565230 740
1565240 741
1565250 743
1565260 743
1565270 745
1565280 747
1565290 747
1565300 748
1565310 750
1565320 750
1565330 751
1565340 753
1565350 753
1565360 754
1565370 755
1565380 755
1565390 757
1565400 758
1565410 758
1565420 759
1565430 761
1565440 761
1565450 761
1565460 762
1565470 762
1565480 762
1565490 763
1565500 763
1565510 764
1565520 765
1565530 765
1565540 766
1565550 767
1565560 767
1565570 767
1565580 768
1565590 768
1565600 769
1565610 770
1565620 770
1565630 770
1565640 770
1565650 771
1565660 772
1565670 772
1565680 773
1565690 774
1565700 774
1565710 774
1565720 775
1565730 775
1565740 776
1565750 777
1565760 777
1565770 777
1565780 777
1565790 777
1565800 778
1565810 778
1565820 778
1565830 778
1565840 778
1565850 778
1565860 779
1565870 779
1565880 779
1565890 780
1565900 780
1565910 780
1565920 780
1565930 780
1565940 780
1565950 779
1565960 779
1565970 779
1565980 778
1565990 778
1566000 778
1566010 779
1566020 778
1566030 778
1566040 777
1566050 777
1566060 777
1566070 776
1566080 776
1566090 776
1566100 776
1566110 776
1566120 776
1566130 775
1566140 775
1566150 775
1566160 774
1566170 772
1566180 772
1566190 769
1566200 768
1566210 768
1566220 768
1566230 768
1566240 768
1566250 768
1566260 768
1566270 768
1566280 768
1566290 767
1566300 767
1566310 767
1566320 767
1566330 766
1566340 766
1566350 766
1566360 765
1566370 764
1566380 764
1566390 764
1566400 763
1566410 763
1566420 763
1566430 762
1566440 762
1566450 761
