1560000 820
1560010 820
1560020 819
1560030 818
1560040 817
1560050 817
1560060 817
1560070 816
1560080 815
1560090 815
1560100 814
1560110 814
1560120 814
1560130 813
1560140 812
1560150 812
1560160 811
1560170 810
1560180 810
1560190 808
1560200 807
1560210 807
1560220 806
1560230 805
1560240 805
1560250 804
1560260 804
1560270 804
1560280 803
1560290 802
1560300 802
1560310 801
1560320 799
1560330 799
1560340 798
1560350 797
1560360 797
1560370 796
1560380 795
1560390 795
1560400 795
1560410 794
1560420 794
1560430 793
1560440 792
1560450 792
1560460 792
1560470 791
1560480 791
1560490 790
1560500 790
1560510 790
1560520 789
1560530 788
1560540 788
1560550 787
1560560 787
1560570 787
1560580 786
1560590 786
1560600 786
1560610 786
1560620 785
1560630 785
1560640 784
1560650 784
1560660 784
1560670 783
1560680 783
1560690 783
1560700 783
1560710 783
1560720 782
1560730 782
1560740 782
1560750 781
1560760 781
1560770 781
1560780 780
1560790 780
1560800 780
1560810 780
1560820 779
1560830 779
1560840 779
1560850 778
1560860 778
1560870 778
1560880 777
1560890 777
1560900 777
1560910 777
1560920 777
1560930 777
1560940 777
1560950 777
1560960 777
1560970 776
1560980 776
1560990 776
1561000 776
1561010 776
1561020 776
1561030 775
1561040 775
1561050 775
1561060 775
1561070 775
1561080 775
1561090 775
1561100 775
1561110 774
1561120 774
1561130 774
1561140 774
1561150 774
1561160 774
1561170 774
1561180 774
1561190 774
1561200 774
1561210 774
1561220 774
1561230 774
1561240 774
1561250 774
1561260 774
1561270 774
1561280 774
1561290 774
1561300 774
1561310 774
1561320 773
1561330 773
1561340 773
1561350 773
1561360 773
1561370 773
1561380 773
1561390 773
1561400 773
1561410 772
1561420 772
1561430 771
1561440 771
1561450 771
1561460 771
1561470 770
1561480 770
1561490 770
1561500 769
1561510 769
1561520 769
1561530 768
1561540 768
1561550 768
1561560 767
1561570 767
1561580 767
1561590 767
1561600 767
1561610 766
1561620 766
1561630 766
1561640 765
1561650 765
1561660 765
1561670 764
1561680 764
1561690 764
1561700 763
1561710 763
1561720 763
1561730 762
1561740 762
1561750 761
1561760 761
1561770 760
1561780 760
1561790 760
1561800 760
1561810 760
1561820 759
1561830 759
1561840 759
1561850 759
1561860 759
1561870 759
1561880 759
1561890 759
1561900 759
1561910 758
1561920 758
1561930 758
1561940 758
1561950 758
1561960 757
1561970 757
1561980 757
1561990 757
1562000 757
1562010 757
1562020 757
1562030 758
1562040 758
1562050 758
1562060 759
1562070 759
1562080 760
1562090 760
1562100 760
1562110 761
1562120 761
1562130 761
1562140 761
1562150 762
1562160 762
1562170 762
1562180 762
1562190 762
1562200 762
1562210 762
1562220 762
1562230 762
1562240 761
1562250 761
1562260 761
1562270 761
1562280 761
1562290 760
1562300 760
1562310 760
1562320 760
1562330 759
1562340 759
1562350 759
1562360 758
1562370 758
1562380 758
1562390 758
1562400 758
1562410 757
1562420 757
1562430 757
1562440 756
1562450 756
1562460 756
1562470 756
1562480 755
1562490 755
1562500 755
1562510 754
1562520 754
1562530 754
1562540 753
1562550 753
1562560 753
1562570 752
1562580 752
1562590 752
1562600 752
1562610 751
1562620 751
1562630 751
1562640 751
1562650 750
1562660 750
1562670 750
1562680 749
1562690 749
1562700 749
1562710 748
1562720 748
1562730 748
1562740 747
1562750 747
1562760 746
1562770 746
1562780 746
1562790 746
1562800 746
1562810 746
1562820 745
1562830 745
1562840 745
1562850 745
1562860 745
1562870 745
1562880 744
1562890 743
1562900 743
1562910 743
1562920 743
1562930 743
1562940 742
1562950 742
1562960 742
1562970 742
1562980 741
1562990 741
1563000 741
1563010 741
1563020 741
1563030 741
1563040 740
1563050 740
1563060 740
1563070 740
1563080 740
1563090 739
1563100 739
1563110 739
1563120 739
1563130 738
1563140 738
1563150 738
1563160 738
1563170 738
1563180 737
1563190 737
1563200 737
1563210 737
1563220 737
1563230 737
1563240 737
1563250 737
1563260 737
1563270 736
1563280 736
1563290 736
1563300 736
1563310 736
1563320 736
1563330 735
1563340 735
1563350 735
1563360 735
1563370 735
1563380 735
1563390 735
1563400 735
1563410 735
1563420 735
1563430 735
1563440 734
1563450 734
1563460 734
1563470 734
1563480 734
1563490 734
1563500 734
1563510 734
1563520 734
1563530 733
1563540 733
1563550 733
1563560 733
1563570 733
1563580 733
1563590 733
1563600 732
1563610 732
1563620 732
1563630 732
1563640 732
1563650 732
1563660 731
1563670 731
1563680 731
1563690 731
1563700 731
1563710 731
1563720 731
1563730 731
1563740 731
1563750 731
1563760 731
1563770 731
1563780 731
1563790 731
1563800 731
1563810 731
1563820 731
1563830 731
1563840 731
1563850 731
1563860 731
1563870 731
1563880 731
1563890 731
1563900 731
1563910 731
1563920 731
1563930 731
1563940 731
1563950 730
1563960 730
1563970 730
1563980 730
1563990 730
1564000 730
1564010 730
1564020 730
1564030 730
1564040 730
1564050 730
1564060 730
1564070 730
1564080 730
1564090 730
1564100 730
1564110 730
1564120 730
1564130 730
1564140 730
1564150 730
1564160 730
1564170 730
1564180 730
1564190 730
1564200 730
1564210 730
1564220 730
1564230 730
1564240 730
1564250 730
1564260 730
1564270 729
1564280 729
1564290 729
1564300 729
1564310 729
1564320 729
1564330 729
1564340 729
1564350 729
1564360 729
1564370 729
1564380 729
1564390 730
1564400 729
1564410 729
1564420 729
1564430 729
1564440 729
1564450 728
1564460 728
1564470 728
1564480 728
1564490 727
1564500 727
1564510 727
1564520 727
1564530 727
1564540 727
1564550 727
1564560 727
1564570 727
1564580 727
1564590 727
1564600 727
1564610 727
1564620 727
1564630 727
1564640 727
1564650 727
1564660 727
1564670 727
1564680 727
1564690 726
1564700 726
1564710 727
1564720 727
1564730 727
1564740 727
1564750 727
1564760 727
1564770 726
1564780 726
1564790 726
1564800 726
1564810 727
1564820 727
1564830 727
1564840 727
1564850 727
1564860 727
1564870 727
1564880 727
1564890 727
1564900 727
1564910 727
1564920 727
1564930 727
1564940 727
1564950 727
1564960 727
1564970 727
1564980 727
1564990 727
1565000 727
1565010 726
1565020 726
1565030 726
1565040 726
1565050 726
1565060 726
1565070 726
1565080 726
1565090 726
1565100 726
1565110 726
1565120 726
1565130 726
1565140 726
1565150 726
1565160 725
1565170 725
1565180 725
1565190 725
1565200 725
1565210 725
1565220 725
1565230 725
1565240 725
1565250 725
1565260 725
1565270 724
1565280 724
1565290 724
1565300 724
1565310 724
1565320 724
1565330 725
1565340 725
1565350 725
1565360 725
1565370 725
1565380 725
1565390 725
1565400 725
1565410 725
1565420 725
1565430 725
1565440 725
1565450 724
1565460 724
1565470 724
1565480 724
1565490 724
1565500 724
1565510 724
1565520 724
1565530 724
1565540 724
1565550 724
1565560 724
1565570 724
1565580 724
1565590 724
1565600 724
1565610 724
1565620 724
1565630 724
1565640 724
1565650 724
1565660 724
1565670 724
1565680 724
1565690 724
1565700 724
1565710 724
1565720 724
1565730 724
1565740 724
1565750 724
1565760 724
1565770 724
1565780 724
1565790 724
1565800 724
1565810 724
1565820 724
1565830 724
1565840 724
1565850 724
1565860 724
1565870 724
1565880 724
1565890 724
1565900 724
1565910 724
1565920 724
1565930 724
1565940 724
1565950 724
1565960 724
1565970 724
1565980 724
1565990 724
1566000 724
1566010 724
1566020 724
1566030 724
1566040 724
1566050 724
1566060 724
1566070 724
1566080 724
1566090 724
1566100 724
1566110 724
1566120 724
1566130 724
1566140 724
1566150 724
1566160 724
1566170 724
1566180 724
1566190 724
1566200 724
1566210 724
1566220 724
1566230 724
1566240 724
1566250 724
1566260 724
1566270 724
1566280 724
1566290 724
1566300 724
1566310 724
1566320 724
1566330 724
1566340 724
1566350 724
1566360 724
1566370 724
1566380 724
1566390 724
1566400 724
1566410 724
1566420 724
1566430 724
1566440 724
1566450 724
1566460 724
1566470 724
1566480 724
1566490 724
1566500 724
1566510 724
1566520 724
1566530 724
1566540 724
1566550 724
1566560 724
1566570 724
1566580 724
1566590 724
1566600 724
1566610 724
1566620 724
1566630 724
1566640 724
1566650 724
