1560000 836
1560010 836
1560020 836
1560030 835
1560040 835
1560050 835
1560060 834
1560070 834
1560080 832
1560090 830
1560100 830
1560110 829
1560120 828
1560130 828
1560140 827
1560150 825
1560160 825
1560170 823
1560180 821
1560190 821
1560200 819
1560210 818
1560220 818
1560230 816
1560240 816
1560250 815
1560260 813
1560270 813
1560280 812
1560290 810
1560300 810
1560310 809
1560320 808
1560330 808
1560340 807
1560350 805
1560360 805
1560370 804
1560380 802
1560390 802
1560400 801
1560410 799
1560420 799
1560430 798
1560440 797
1560450 797
1560460 796
1560470 795
1560480 795
1560490 794
1560500 793
1560510 793
1560520 791
1560530 790
1560540 790
1560550 789
1560560 789
1560570 789
1560580 788
1560590 788
1560600 788
1560610 787
1560620 787
1560630 787
1560640 786
1560650 786
1560660 786
1560670 785
1560680 784
1560690 784
1560700 784
1560710 783
1560720 783
1560730 782
1560740 782
1560750 782
1560760 781
1560770 780
1560780 780
1560790 780
1560800 778
1560810 778
1560820 777
1560830 777
1560840 777
1560850 776
1560860 775
1560870 775
1560880 773
1560890 773
1560900 773
1560910 772
1560920 772
1560930 772
1560940 771
1560950 771
1560960 771
1560970 770
1560980 770
1560990 770
1561000 769
1561010 769
1561020 768
1561030 768
1561040 768
1561050 767
1561060 767
1561070 767
1561080 766
1561090 765
1561100 765
1561110 765
1561120 764
1561130 764
1561140 764
1561150 763
1561160 763
1561170 763
1561180 762
1561190 762
1561200 761
1561210 761
1561220 761
1561230 760
1561240 760
1561250 760
1561260 759
1561270 759
1561280 759
1561290 758
1561300 758
1561310 758
1561320 757
1561330 756
1561340 756
1561350 756
1561360 755
1561370 755
1561380 755
1561390 754
1561400 754
1561410 754
1561420 753
1561430 753
1561440 753
1561450 752
1561460 752
1561470 752
1561480 751
1561490 751
1561500 751
1561510 751
1561520 751
1561530 750
1561540 750
1561550 750
1561560 749
1561570 749
1561580 749
1561590 749
1561600 749
1561610 749
1561620 748
1561630 748
1561640 748
1561650 747
1561660 747
1561670 747
1561680 747
1561690 747
1561700 747
1561710 746
1561720 746
1561730 746
1561740 746
1561750 746
1561760 745
1561770 745
1561780 745
1561790 745
1561800 744
1561810 744
1561820 744
1561830 744
1561840 744
1561850 743
1561860 743
1561870 743
1561880 743
1561890 742
1561900 742
1561910 742
1561920 742
1561930 742
1561940 741
1561950 741
1561960 741
1561970 740
1561980 740
1561990 740
1562000 739
1562010 738
1562020 738
1562030 737
1562040 737
1562050 737
1562060 737
1562070 737
1562080 737
1562090 737
1562100 736
1562110 736
1562120 736
1562130 736
1562140 736
1562150 736
1562160 736
1562170 736
1562180 736
1562190 736
1562200 735
1562210 735
1562220 735
1562230 735
1562240 735
1562250 735
1562260 735
1562270 735
1562280 735
1562290 735
1562300 735
1562310 735
1562320 735
1562330 735
1562340 735
1562350 735
1562360 735
1562370 735
1562380 736
1562390 735
1562400 735
1562410 735
1562420 735
1562430 735
1562440 735
1562450 735
1562460 735
1562470 735
1562480 734
1562490 734
1562500 734
1562510 734
1562520 734
1562530 733
1562540 733
1562550 733
1562560 733
1562570 733
1562580 733
1562590 733
1562600 732
1562610 732
1562620 732
1562630 732
1562640 732
1562650 732
1562660 732
1562670 732
1562680 732
1562690 732
1562700 732
1562710 732
1562720 732
1562730 732
1562740 732
1562750 732
1562760 732
1562770 732
1562780 732
1562790 732
1562800 732
1562810 732
1562820 732
1562830 732
1562840 732
1562850 732
1562860 732
1562870 732
1562880 732
1562890 732
1562900 732
1562910 732
1562920 732
1562930 732
1562940 732
1562950 732
1562960 732
1562970 732
1562980 732
1562990 732
1563000 732
1563010 732
1563020 732
1563030 732
1563040 732
1563050 732
1563060 732
1563070 732
1563080 732
1563090 732
1563100 732
1563110 732
1563120 731
1563130 731
1563140 731
1563150 732
1563160 732
1563170 732
1563180 732
1563190 732
1563200 732
1563210 732
1563220 732
1563230 732
1563240 732
1563250 732
1563260 732
1563270 732
1563280 731
1563290 731
1563300 731
1563310 731
1563320 731
1563330 731
1563340 731
1563350 731
1563360 731
1563370 731
1563380 731
1563390 731
1563400 731
1563410 731
1563420 731
1563430 731
1563440 731
1563450 731
1563460 731
1563470 731
1563480 731
1563490 731
1563500 731
1563510 731
1563520 731
1563530 732
1563540 732
1563550 732
1563560 732
1563570 732
1563580 732
1563590 732
1563600 732
1563610 732
1563620 732
1563630 733
1563640 733
1563650 733
1563660 733
1563670 733
1563680 733
1563690 733
1563700 733
1563710 733
1563720 733
1563730 733
1563740 733
1563750 733
1563760 733
1563770 733
1563780 733
1563790 733
1563800 733
1563810 733
1563820 733
1563830 733
1563840 733
1563850 733
1563860 733
1563870 733
1563880 733
1563890 733
1563900 733
1563910 733
1563920 734
1563930 734
1563940 734
1563950 734
1563960 734
1563970 734
1563980 734
1563990 734
1564000 734
1564010 734
1564020 734
1564030 735
1564040 735
1564050 735
1564060 735
1564070 735
1564080 735
1564090 735
1564100 735
1564110 735
1564120 735
1564130 735
1564140 735
