1560000 760
1560010 760
1560020 761
1560030 761
1560040 761
1560050 762
1560060 762
1560070 762
1560080 763
1560090 764
1560100 764
1560110 764
1560120 765
1560130 765
1560140 765
1560150 766
1560160 766
1560170 767
1560180 767
1560190 767
1560200 768
1560210 768
1560220 768
1560230 769
1560240 770
1560250 770
1560260 771
1560270 771
1560280 771
1560290 772
1560300 773
1560310 773
1560320 774
1560330 775
1560340 775
1560350 776
1560360 776
1560370 776
1560380 777
1560390 778
1560400 778
1560410 778
1560420 779
1560430 779
1560440 779
1560450 780
1560460 780
1560470 780
1560480 780
1560490 780
1560500 780
1560510 780
1560520 780
1560530 781
1560540 781
1560550 781
1560560 781
1560570 781
1560580 781
1560590 780
1560600 780
1560610 780
1560620 780
1560630 780
1560640 780
1560650 780
1560660 780
1560670 780
1560680 780
1560690 780
1560700 779
1560710 779
1560720 779
1560730 779
1560740 779
1560750 779
1560760 779
1560770 779
1560780 779
1560790 778
1560800 778
1560810 778
1560820 778
1560830 777
1560840 777
1560850 777
1560860 776
1560870 776
1560880 775
1560890 775
1560900 775
1560910 774
1560920 774
1560930 774
1560940 773
1560950 772
1560960 772
1560970 772
1560980 771
1560990 771
1561000 771
1561010 770
1561020 770
1561030 770
1561040 769
1561050 769
1561060 769
1561070 769
1561080 769
1561090 768
1561100 768
1561110 768
1561120 767
1561130 767
1561140 767
1561150 765
1561160 763
1561170 763
1561180 763
1561190 762
1561200 762
1561210 762
1561220 762
1561230 761
1561240 761
1561250 761
1561260 761
1561270 760
1561280 760
1561290 760
1561300 760
1561310 760
1561320 760
1561330 760
1561340 760
1561350 760
1561360 760
1561370 760
1561380 759
1561390 759
1561400 758
1561410 758
1561420 758
1561430 758
1561440 757
1561450 757
1561460 757
1561470 757
1561480 757
1561490 757
1561500 756
1561510 755
1561520 755
1561530 755
1561540 754
1561550 754
1561560 753
1561570 752
1561580 752
1561590 751
1561600 750
1561610 750
1561620 749
1561630 748
1561640 748
1561650 748
1561660 747
1561670 747
1561680 746
1561690 746
1561700 746
1561710 745
1561720 745
1561730 745
1561740 744
1561750 744
1561760 744
1561770 744
1561780 743
1561790 743
1561800 743
1561810 743
1561820 743
1561830 742
1561840 742
1561850 742
1561860 742
1561870 742
1561880 741
1561890 741
1561900 741
1561910 741
1561920 740
1561930 740
1561940 740
1561950 739
1561960 739
1561970 739
1561980 739
1561990 739
1562000 738
1562010 738
1562020 738
1562030 737
1562040 737
1562050 737
1562060 737
1562070 736
1562080 736
1562090 736
1562100 736
1562110 736
1562120 736
1562130 735
1562140 735
1562150 735
1562160 735
1562170 735
1562180 735
1562190 735
1562200 735
1562210 734
1562220 734
1562230 734
1562240 734
1562250 734
1562260 734
1562270 733
1562280 733
1562290 733
1562300 733
1562310 732
1562320 732
1562330 732
1562340 732
1562350 732
1562360 731
1562370 731
1562380 731
1562390 730
1562400 730
1562410 730
1562420 730
1562430 729
1562440 729
1562450 729
1562460 729
1562470 728
1562480 728
1562490 728
1562500 728
1562510 727
1562520 727
1562530 727
1562540 726
1562550 726
1562560 726
1562570 726
1562580 726
1562590 725
1562600 725
1562610 725
1562620 725
1562630 725
1562640 725
1562650 725
