1560000 779
1560010 779
1560020 779
1560030 778
1560040 778
1560050 778
1560060 777
1560070 777
1560080 777
1560090 776
1560100 776
1560110 776
1560120 776
1560130 775
1560140 775
1560150 775
1560160 775
1560170 775
1560180 774
1560190 774
1560200 774
1560210 774
1560220 773
1560230 773
1560240 773
1560250 773
1560260 773
1560270 772
1560280 772
1560290 772
1560300 772
1560310 772
1560320 772
1560330 771
1560340 771
1560350 771
1560360 771
1560370 771
1560380 771
1560390 771
1560400 771
1560410 771
1560420 771
1560430 771
1560440 771
1560450 771
1560460 771
1560470 771
1560480 771
1560490 771
1560500 771
1560510 771
1560520 771
1560530 771
1560540 772
1560550 772
1560560 772
1560570 772
1560580 773
1560590 773
1560600 773
1560610 773
1560620 773
1560630 773
1560640 773
1560650 774
1560660 774
1560670 774
1560680 774
1560690 775
1560700 775
1560710 775
